111.2274433767048
96.52226397788341
74.95928996671523
55.74475044759129
40.89364571863383
29.46219984435651
20.322723619623375
13.789364994327537
8.517745772030384
5.786240308869009
4.607040285698032
3.884918644952059
3.3367715801646023
2.7344150699503236
2.4452606931532674
2.043158566599846
1.8384713752837272
1.7056723704810637
1.4878751047618544
1.338155254100682
1.2529746799582626
1.1862816126965907
1.0843811628145257
1.0324784279097428
0.9838280448813782
0.9137422412653989
0.8763468068596811
0.8331461881528087
0.7789618568722211
0.7698297428676748
0.7402374336923846
0.7216023037466419
0.6550457359147195
0.6368978134547991
0.6200315327969481
0.5876228618451048
0.567709492396037
0.5299088415979182
0.5275525811796007
0.501112396021111
0.48410375256874577
0.48300816471854346
0.4437909095319132
0.44866193684225364
0.4088514349759677
0.42785593994776855
0.3717393984113425
0.38432469694540183
0.34648626194512716
0.3642892393481279
0.34209945795137003
0.3491043212565179
0.3361995398326743
0.34611854284013455
0.33006665473400554
0.3288587994067169
0.31974736997483055
0.3164609397846715
0.3028000698256069
0.3057155249669156
0.294381348959856
0.33257675440662754
0.2790284394535669
0.3334276861533139
0.2819040702434174
0.3194763020723627
0.28472707729732494
0.32794825982773657
0.2902387877291122
0.2953350505019333
0.2729785101471273
0.27476176548282566
0.2699391355451397
0.31993217160789195
0.27041525996049953
0.3009184780479362
0.2700242560918035
0.30759002734914925
0.302835318930107
0.3000030393546418
0.30570206970129143
0.2867959858632701
0.2727175688951419
0.30384604975932056
0.3132052755918069
0.29195422526410875
0.2943999220287812
0.3170308758768872
0.29350561416142207
0.3166449430296488
0.29617888575608914
0.30567983991333014
0.26642260877324836
0.34767518627281835
0.32079862901182976
0.31611692272232866
0.3168285504319036
0.3022852834004492
0.331456492710787
0.3155460770660736
0.3150492308241314
0.30413864486992903
0.3112293254119024
0.338854492761383
0.3510067022488617
0.3338640532207907
0.3210777481956633
0.3552348434263079
0.34096227235080645
0.33297140358377864
0.3206112074002784
0.30662602898754776
0.3089749200529601
0.3203703878448914
0.321543576624747
0.30534001599546023
0.3269949594944442
0.31251628978117
0.30709602052494867
0.3400582883334847
0.3051144932186322
0.3280980621280767
0.32537151200482745
0.3307898566197639
0.3179521126541705
0.33555620559480137
0.313763742119188
0.3146962326750122
0.2957792246264447
0.3333358930962773
0.29727088381951283
0.3238065994831945
0.32533724749266024
0.3192320529643017
0.30434088274995663
0.32088339950761785
0.2994575301008918
0.3089328805183399
0.31673866696861747
0.3155059438901376
0.2758408382650137
0.30877185932485407
0.30233831005358597
0.34343501419908257
0.2978092314359751
0.31370028542168654
0.3132130582580203
0.29762091639834065
0.2891515705836024
0.2905211567320863
0.2927059145483438
0.2953209186277288
0.2700777764400592
0.33978509960082987
0.2894743367504634
0.2902641703591676
0.33708606351836845
0.3090760740565357
0.28376246699730145
0.27130147772021296
0.2927548323069948
0.2833291403244691
0.27090413633842714
0.3165879869089473
0.2705958770676658
0.28621714743031407
0.31977222397202115
0.2880067261627845
0.2782873221106157
0.2853883417044633
0.30249667779652645
0.290396512942825
0.2945302920656525
0.3402421425052304
0.27878403227859705
0.29891834304702986
0.2918424690535873
0.30989113828881976
0.2713082328311136
0.2903362449331804
0.27495727247450163
0.2941648338374402
0.2714921400211792
0.29724171952625505
0.27923264548836074
0.28660286099989596
0.26888770963949354
0.2993533948995173
0.2726092780077455
0.27238200876120827
0.23937526742679152
0.2928128607142868
0.2536017068679709
0.25958072822081224
0.30443253993188696
0.28902118298656204
0.252177676511102
0.27726753205315213
0.2740744417182477
0.28191390210843364
0.24348985271677057
0.29394551179986567
0.24262094038418458
0.27542043088374335
0.27607094533149173
0.2768273898303403
0.2772173019106259
0.2689029445039806
0.2774183777357314
0.2585834578496054
0.2605437505693657
0.27731595328164316
0.23839953640156453
0.26755176076467385
0.2459022425215416
0.27394790414531556
0.24369024329006111
0.28113332453180334
0.2550865077845937
0.25861129148390866
0.27134843732388014
0.25969596361097586
0.24802789820421972
0.24584906665428338
0.25497699984549954
0.2557813477770871
0.2359159764711965
0.2652342676130676
0.21360830467953487
0.2662918170076431
0.26494571753809204
0.23154689994893443
0.2506813236438496
0.24468221840488497
0.24723516185003308
0.23795528946213146
0.25867166256298
0.25916360585282905
0.22175220478979343
0.2513453778018134
0.2553649880363636
0.23164038158709113
0.24830716965818447
0.2653991996921442
0.24482942297377483
0.2475339320425409
0.25196241079985754
0.2408032149703025
0.23440097045612845
0.24118464693567862
0.24565904972673483
0.21583889985951385
0.23507877746104047
0.24201673088787945
0.23436946498076788
0.23915505517089725
0.21925147522525235
0.2387896391839162
0.22397630304272542
0.2169278654845697
0.24276839434213274
0.22765629295329698
0.24550836313306945
0.22970446976685552
0.21642672537337812
0.22026745109555507
0.20027522103221937
0.24795412525517857
0.20944521561712076
0.21201630742973304
0.23329009117715366
0.23677163058985148
0.22526100012021483
0.22081690740406817
0.2132056854332675
0.23482815670574925
0.203003315134372
0.23168715742766835
0.21472479339224299
0.20847923825176432
0.23228710394405397
0.23848309113815172
0.2267384327684101
0.21949772004873894
0.22091794568363327
0.23863433284113678
0.2117491929866952
0.21804190603720316
0.21985700774070882
0.20640748916312557
0.24341628412338254
0.22595467491108726
0.2106983014412802
0.24865242543486574
0.19229645110908833
0.2318656046153015
0.2130245652758343
0.21200143223999668
0.2155908556803097
0.2087311409849866
0.22270826291985335
0.19759788634956293
0.20252198389459047
0.2329277577574845
0.1784376708767057
0.24368308203137856
0.19206525150034873
0.19963151253557868
0.20228811061563062
0.21922965193716698
0.21364376988024164
0.21879991633660448
0.1885908118141165
0.22519406779179643
0.18087493375652303
0.22377088202196585
0.18948420335781874
0.19874786744044654
0.2250171192506703
0.2222275800656539
0.20371351527446746
0.22760778912689913
0.19074808677463356
0.23653816394050728
0.19107107968083112
0.23545189115115445
0.2034119291748756
0.20153070390213923
0.21766346226067668
0.22693266324458358
0.19743246191054692
0.22242237072591423
0.17968280597715114
0.21683442271390085
0.18900748001803988
0.21784705497872855
0.20878266162653875
0.20063451893214126
0.21427018654002608
0.2068260317696743
0.18539553868988018
0.2150081262547906
0.17030909259791824
0.23513578243622818
0.18378968874944704
0.20902682508598835
0.21435953326461044
0.20519741345837278
0.22683906913382285
0.20024416678616713
0.18261902521340956
0.2004015872398693
0.17084840262318726
0.22395507469537004
0.18907331333905444
0.20258538082187708
0.19777313989181725
0.21140501160808695
0.19486705632476922
0.19952489600128795
0.19376462050766172
0.22268678734267955
0.18077677138218706
0.21423736097811827
0.1968497167967437
0.19040060139416393
0.21038035042297376
0.20154392399719306
0.1935020771369627
0.21210141664171667
0.17323473803015718
0.22556394592795254
0.18474149952414404
0.21061931593611205
0.18898887192820862
0.19260716593600685
0.20372184542090668
0.19036307992266102
0.19323347653519707
0.20689357412751908
0.16335273036693732
0.23256656012591623
0.17580545938593167
0.19862628440497557
0.18831007891343088
0.2072570827366036
0.20494556817823434
0.18842486064982522
0.19301418708119322
0.19948333931380238
0.16691520056418188
0.2064954233349037
0.17758681844308738
0.1989436351445437
0.1943426603713875
0.20294280906132306
0.17528507035056726
0.20374058373548026
0.19813586845705553
0.21552788799476008
0.1725660614012274
0.2081330489313868
0.17491948051637804
0.19577116066234315
0.20276941651926894
0.20170962875045836
0.17022197439384948
0.19661136175803695
0.18269637580508316
0.2038010372625493
0.16814763616549305
0.22431446026991983
0.18213927748533126
0.18590841904873437
0.20006164103517438
0.1864092887613296
0.1903338647539305
0.19129844887203823
0.1573266076126798
0.21588972319954824
0.15950851971600233
0.21319035064307945
0.17409860198943852
0.17840253424754302
0.2044113964739245
0.18231713855705728
0.1821850280654113
0.1766696985637357
0.16860515786620695
0.20885961246901166
0.1648736137091043
0.1955436589218523
0.16948080398048035
0.19425171896563415
0.17693957460007076
0.16960876742967626
0.17861741475022805
0.18863125545952314
0.1661888331192268
0.20769391328247244
0.17524059098642356
0.18325683900351178
0.1857712714559082
0.2041896961057971
0.1926571064899788
0.18263531072236236
0.17775439082373812
0.1861255511768174
0.17725984537907746
0.2081132747463938
0.1796676293028757
0.1896282927665395
0.1897702420596767
0.20393606416399007
0.18725074578545198
0.18677996432934568
0.16496483824888605
0.20348270078482852
0.16888580925089264
0.20366129358706717
0.1751923944155074
0.19505006619187987
0.19734515181313406
0.19151486673130327
0.1878500161973149
0.1684030531291875
0.16510760586525253
0.19935839383930357
0.16009868917630166
0.19216020457922078
0.17570164826489731
0.1989727672542113
0.17635436963359571
0.19864854368200194
0.1870185739280949
0.1796720660498169
0.1730631206331735
0.19134434112032586
0.1587273895400154
0.18856254081526969
0.1797458489799701
0.19389112924987936
0.16892032246987487
0.19680555295312122
0.17087765615737469
0.17740012890145476
0.17177581500448125
0.19863028711003838
0.16697879559714593
0.17371098810909638
0.18914460423716323
0.18675750349640377
0.1776387285213756
0.17335599360965256
0.15806997533419787
0.18171348012963842
0.15951180410652474
0.21400004900301542
0.16972099286892375
0.18772525656169217
0.18832426698479748
0.1772475268971265
0.17978749494512877
0.15186709545649474
0.15607835578056334
0.17859812673158512
0.1597371634707301
0.21320982848174244
0.1641277528367661
0.18327872421717029
0.16943941493179848
0.18600389757654193
0.18741497725182532
0.17044448501322765
0.16329184761004228
0.15741693876044796
0.162536280368259
0.1912513170750629
0.17421083276429006
0.19177575310704273
0.16551552401057254
0.1859271637498497
0.16946156262258025
0.1880140387879081
0.1643277234303585
0.17427480257064726
0.16870626028645186
0.16569825056063367
0.17731879595527408
0.17461996255759968
0.17755673279278716
0.18500551752514685
0.1660698921961926
0.19111300184450564
0.1628163192990451
0.18997191323789533
0.1714361283005885
0.1803798577283773
0.1691877878820622
0.165232480940806
0.17230078671956534
0.16698310924548124
0.16586761813194878
0.1751463303506008
0.15568496929131134
0.1789059545609927
0.16904428181651346
0.18790441584452852
0.16728174396999976
0.17791652000898853
0.1738547806474564
0.17019373453956993
0.1749942237806065
0.15328943528076075
0.16139813719362786
0.1783996296215875
0.18827220252050142
0.1848668746362311
0.15573615843770527
0.19363701358304025
0.16192081360074698
0.17359333304054986
0.17112009066430317
0.16058186940899788
0.1762964678799002
0.15865586474950122
0.19099186807563365
0.16712876515118918
0.17222293560074822
0.17839221143419204
0.1581349199282901
0.18548234552477558
0.15316902743089847
0.18492078068214438
0.16187217972118953
0.1852068112767999
0.18605389502169895
0.16432364210156558
0.19025700694562772
0.1376420719042119
0.15838660359472678
0.15746156793661278
0.1567751566781316
0.19859750164228954
0.16660829055615933
0.19308457203221857
0.1734842653247306
0.18275702349427356
0.18786002629780701
0.153952945815239
0.17649462001742547
0.14334875489429974
0.1772323127360133
0.18927357730862823
0.1729304220692184
0.17948248103491546
0.15422530795277145
0.1786131928532489
0.17743670809944612
0.17341918585228347
0.1715799979366613
0.14487717649630094
0.18315162152578954
0.15972638957486873
0.18612613370016698
0.16789258327999396
0.17687567963871056
0.17328760554044023
0.15505231772508615
0.1883341005578791
0.15366568707422673
0.1696089585602222
0.17248233915746833
0.17538731256574405
0.18442069973330497
0.15977587324520356
0.18198037460098213
0.1563252010966238
0.1680639642831198
0.16529549917781636
0.14569983811877293
0.1745284377636888
0.15345472920207215
0.19307806784147358
0.1745757737908854
0.1765885222193427
0.18207274506017618
0.15425792235496666
0.17928149874193305
0.14342015942173425
0.1697522834992767
0.16292977226893474
0.17106854604567157
0.1829791991419787
0.15801694286840973
0.19098049830548092
0.1824123411370659
0.16690428440420518
0.18714138021293822
0.13835751713353808
0.17899862389585766
0.15519718579671873
0.18921420602912115
0.16105184654245375
0.17066916807924923
0.17160515844177704
0.15498216960053726
0.17373275230158372
0.16102170432128618
0.16668712100143226
0.17609607182252054
0.1703258376025891
0.18349218925217117
0.16132818543499297
0.18772490483668722
0.14556101382731979
0.1678103582546191
0.15533320802665546
0.14631289341382644
0.18215489629994708
0.16311496714232918
0.18197626732145109
0.16741052107768595
0.16886179991168096
0.18146493226767346
0.1461541618597981
0.1781510222918425
0.14610519960829943
0.1744293948903749
0.15561628777826128
0.15926299266908606
0.17316385579024957
0.1561071322567023
0.174783468237995
0.17807926897645815
0.16200408592636506
0.1705023316828857
0.14030365386198876
0.1778443795588272
0.15459625357933107
0.16650530979880407
0.1785616483678784
0.1654700296686114
0.1579066239949551
0.15506600180865357
0.1797068767337967
0.1568428677487159
0.1585231188733829
0.16826016660121826
0.1702187416648838
0.1675428298731287
0.16411683906959063
0.18213082261298186
0.16916744449993154
0.16138151708734094
0.17276827837882702
0.13785998856082077
0.16061957415998113
0.15866019321982947
0.18985638418541792
0.18078746497559028
0.16347563195166087
0.17587624574112184
0.15552815603803555
0.16653845376441134
0.14327499693882903
0.15450912315261334
0.1502571970657161
0.15955041910064738
0.18186587394956857
0.16070724670516542
0.17302499093556076
0.17339134987232832
0.16277262261151598
0.1802847135237637
0.14551786432718808
0.16468456662290942
0.14563349277644172
0.16258329741390606
0.16584283799792351
0.15698551676573927
0.1730172469225894
0.15410354996376815
0.1608914925765864
0.17254161590955658
0.15745641216556686
0.16230363222176766
0.1535984221090793
0.16023727835447077
0.16504048831129564
0.18344838845049313
0.15933570574423075
0.15946434761558415
0.1465514312433272
0.13517631348538703
0.16136949711474644
0.14775047019237542
0.172981785041505
0.15081262782051022
0.15218577299996955
0.1646966140773766
0.1305138894355042
0.17478955990976638
0.12591265258226614
0.15105098539942996
0.13855523552064022
0.1325916685511493
0.1667001293309575
0.13444781254832025
0.16272892280404772
0.1616739964705546
0.1437798802933764
0.17101836314828064
0.12298984235390667
0.16701720677675594
0.13267280273586962
0.15120131515921756
0.16469715323782255
0.1319145550630061
0.14765844044714235
0.13633388630809257
0.1626354690220852
0.1510540855426522
0.14230141877030958
0.15658873575853044
0.1436187008007731
0.14227601610996965
0.16013830951964803
0.16239896760368405
0.14320429320021946
0.1465739842854581
0.14904479037041346
0.13039276367858213
0.14661215688112866
0.13679401493086313
0.1570492304052588
0.13860103166472443
0.16067683569268634
0.16160100797181817
0.13589129725830887
0.16617042435292345
0.11583554392225738
0.14157201115737342
0.1455165889697552
0.1171330753370115
0.16183617150938212
0.12667453479651455
0.17592597926895698
0.1537497902293873
0.14174900057665063
0.15983798031351243
0.10935177264493946
0.1624828875492102
0.12708322726021476
0.13555941996589962
0.15163530860446556
0.11926416182046243
0.1637347703176081
0.13338212608008818
0.14348910475514837
0.16120163613686522
0.13211900335574756
0.14417103165275294
0.131717409115425
0.13412104305118677
0.15245010078145196
0.1517056548330878
0.14847497349202246
0.14098625540190943
0.1492501261396077
0.13158563403213686
0.15001054468705258
0.1329985463969741
0.1632367556619203
0.12972662629925955
0.15972690413303162
0.15218566898148053
0.12610193815337922
0.15808683203195983
0.11417213039511122
0.13748004826520516
0.148011653105679
0.11491655838284653
0.1628025597491838
0.11835961371241802
0.16964864490979445
0.1447355741064422
0.13941164405167394
0.16228416384521177
0.11509075984182297
0.16817964394755283
0.1389683149397988
0.13614267939261404
0.16081075622957305
0.11445660023074543
0.16329190964945958
0.13246069498215693
0.15913057743443676
0.1619833122289758
0.13034189490459225
0.1569703498265238
0.1286799209326367
0.1369169693506034
0.1521591144698897
0.1451054453604065
0.15343772702183864
0.1298991610685499
0.16018010739635347
0.13264361013487364
0.14847203109627188
0.13334251331085098
0.15238817668289167
0.13384588600990938
0.15526950507301215
0.15220981493536218
0.14280208724684823
0.15276575547140697
0.1208849892377205
0.1340466704275314
0.1516777883982603
0.12043535256112999
0.16853903260251973
0.1194156628848146
0.18112664719530877
0.14062025166709244
0.14726445046841302
0.15749033430627427
0.11364320464035434
0.16350770812789564
0.13998057592445892
0.1336880980121978
0.16574317805354535
0.11049736268458936
0.1806557273969429
0.13346516840276468
0.15508121102317493
0.16206471549420948
0.12833800677399365
0.15042004384257412
0.12747921302423357
0.1406992234487711
0.15585744048540076
0.13672938088351944
0.16855035038066363
0.11665387352281464
0.15838605314422088
0.13091094042614476
0.15155459904161758
0.14190957698029288
0.14151164571779729
0.13545189947592431
0.1498836363106562
0.1401581948747672
0.14681266586155886
0.1458164993478416
0.13072369227511726
0.1260302907397024
0.15040760767695183
0.12374447534034258
0.16127156761118028
0.11716743652423543
0.16283372853970862
0.13472658342376445
0.14423253839109454
0.15597710029228865
0.11509475155849948
0.16153227026500813
0.13286804541257893
0.12493637469284427
0.16013407121054582
0.11048340384092684
0.168620993499936
0.1360925142154417
0.1581319328903052
0.16282031215138393
0.12397047146436206
0.16360347982465015
0.11966231668482571
0.14188380643864154
0.15406329153448212
0.13054647414694814
0.15699947792395283
0.10435836524857264
0.1720496992330608
0.13410538623172186
0.14238354923968777
0.13937297164463097
0.13660479074143647
0.1352334879891223
0.1377804888688467
0.15389500107843213
0.15221738136785418
0.1413617956606424
0.13342319567279104
0.1165150945131369
0.14432807019766825
0.11765520078188269
0.15846905195895217
0.11612086876882852
0.16360901889687243
0.13935495647035964
0.14082157410627147
0.13632087296968873
0.11300046055763155
0.14527606258334955
0.13063382868807136
0.12030088063595376
0.15738212070952512
0.10489574590645478
0.18049822866166237
0.1319819743372017
0.14247965106884344
0.14820740204286345
0.1211316957206049
0.1601212556764088
0.1275410395034786
0.14065817865483765
0.14965591472741374
0.12943429100525397
0.1675419984833149
0.1041760664647972
0.1563395819677723
0.13117353799078643
0.1452131379497085
0.14163439811939652
0.1226873529766588
0.13974291215842277
0.14276320252149802
0.14039480150190156
0.15275679343911805
0.13948631641856984
0.14544135612285625
0.12196977957753087
0.155547779622377
0.12393099572197248
0.15641856870036605
0.11621835620705594
0.15204050153641757
0.1378987553431987
0.13934900008708528
0.13959127606165794
0.12227015193016444
0.15192370642657949
0.13796843003784917
0.12084763189518499
0.14807093031949614
0.1037678389040171
0.16760337114548365
0.12537266363910002
0.16076849186383577
0.1419543418863576
0.12450818444225006
0.15370684092422052
0.12423371523170315
0.13149994749520802
0.1426217763443082
0.11982814165489096
0.16126918208838062
0.10615579339182794
0.16982802712493922
0.1251057322054618
0.14199161724399664
0.144337798742591
0.12787859354420492
0.1333395221650138
0.13716197660560353
0.13842285207409785
0.14448334957450235
0.1337572204765672
0.15206021093481825
0.11203953266844197
0.15256260840177335
0.1224272902783614
0.15461809737254753
0.11882217543909696
0.1580340540511479
0.14244422115424382
0.13645234796249245
0.13898177699202088
0.11960154010097898
0.13633572572000702
0.13540940283989608
0.1236476618036559
0.15491375099372698
0.10541185988855764
0.17632472651728734
0.12569597535267701
0.1504841812241344
0.13195819301927125
0.11900101017569441
0.15265705785538747
0.12658537325881322
0.1406041124600194
0.14152506117112337
0.11823465897876659
0.16697262856622977
0.10729603268519647
0.1588254583412433
0.12627383199210462
0.14048326919228543
0.13927460235556444
0.12301179671757864
0.13486627549523658
0.14040277743011118
0.13526688596093533
0.14950683273510315
0.13040425402707723
0.15646596975928598
0.11509712436175294
0.15443062492078705
0.1259022408768465
0.13892634226171324
0.11694248236625573
0.1476229231730946
0.12924507145049705
0.13468041205310277
0.14078867700510816
0.1174173102613918
0.1387541841726753
0.13660473834240064
0.11943776792211844
0.14587646614224203
0.10923142424888681
0.16235902597731583
0.11667851785012356
0.15572395453689636
0.13372772662278365
0.11750562795659113
0.13612532512127765
0.12310119461364684
0.13111102255875642
0.14002160244183734
0.11529097046036792
0.16252972609575694
0.11099394622417819
0.1739111762442095
0.12998814845560236
0.12988014338872492
0.14329201816649606
0.11689442775027276
0.13254397416474367
0.13713743713475374
0.13771472973782653
0.14476392053260403
0.12761966799678473
0.16568648162207186
0.11197730282958782
0.14431778444830748
0.13210524914575691
0.1421181699423183
0.1235212775902653
0.1401247317361248
0.1355534890042056
0.12625468984802393
0.14052740080818493
0.12247132109518163
0.13345639432720452
0.13426089075039066
0.1186147702153637
0.15228509102575483
0.1093037669712321
0.16576021830481644
0.12095489510205447
0.14601796595107427
0.1271318920468354
0.11593762187844257
0.14237495657330468
0.1257487762766926
0.13368137867495092
0.1414425637322061
0.10408868769179762
0.15923997917272004
0.11076780159389445
0.1526999684174307
0.12862104801461072
0.13150637704760448
0.14923695801132164
0.116690302060785
0.14335372877846425
0.12880187924907666
0.1310768951056023
0.15508281371200044
0.11986830299822906
0.15929100702892324
0.11044901924414233
0.15367643607654857
0.12164081507734321
0.1275649933873723
0.11932733547484309
0.1340847449283361
0.12056024537315682
0.1292275954513074
0.1430285501381679
0.12264257803364208
0.12917328989360333
0.13917050373354395
0.10586031236234825
0.1502094401902891
0.10356289798733535
0.15007279322212924
0.11452128473700338
0.1457767229727001
0.12464128630432955
0.11338649532865354
0.13057142270163632
0.11666833515810264
0.11790661846630282
0.14573897615309797
0.10140121503662637
0.15415850935244416
0.11089709017279999
0.1526510369681494
0.12306780327635032
0.12272777157838695
0.1346557547676514
0.11132700360020387
0.12480256091031419
0.12926130439363087
0.11816957077528743
0.13979636736539902
0.11571419340247892
0.1564069795179273
0.1096847890052774
0.135134389023776
0.1290831989884627
0.1275490476343018
0.10988805671934482
0.12429652414587349
0.1258475196624333
0.1177569414508302
0.14126786834525862
0.12597641833595608
0.11403531041711701
0.13440750895690037
0.1139343882938347
0.15205566550242447
0.09538570184012554
0.14985337875186153
0.12042505185317753
0.13292424150359386
0.1259574946307923
0.10921177250676381
0.1295224867374087
0.11936539346549126
0.12166041928889526
0.14675958229146716
0.09178276303351045
0.15545566196869268
0.11006101429223597
0.14282437394663128
0.12199045901924294
0.11960742587956187
0.13443252942105113
0.12041097253476858
0.13400651636150598
0.12052497258733168
0.112106459804838
0.14398922184953503
0.11104976313970223
0.13927904548412448
0.11693922847407487
0.1411763262156924
0.12757321387022563
0.11434246333295488
0.12139694147746262
0.11314291269986103
0.11144688930239917
0.12980837679851412
0.1343651282165373
0.12264302173024144
0.11456643464753732
0.14049028242363765
0.10751932221425667
0.1465460534502242
0.10523919632310581
0.14345241263243472
0.11846805724530342
0.13333995270295332
0.12937837883060552
0.11077969610199125
0.13105469805095069
0.11728634668166056
0.11352647905918718
0.14563289451351083
0.09994434757205672
0.15651778488014448
0.10968429706052608
0.1445789553923078
0.12608058247122403
0.11824887626543638
0.13100750404180536
0.1065014823161058
0.1317623425040349
0.12767785649826285
0.11036273379839047
0.14537275408098418
0.10341703725432945
0.15144047316223386
0.11835933694729667
0.12696331044431317
0.13398073908404076
0.11165688073481908
0.11223253429055548
0.1169775780450233
0.11676406639246874
0.12719220026456896
0.11987419136197693
0.13832696092658742
0.10995612536755682
0.13207906211352533
0.11898534654751794
0.13546370373824876
0.10189317443320939
0.13632445992942982
0.11638779751747479
0.12297001972952123
0.1277627139520493
0.109247332621986
0.12809556050526266
0.1256083438140975
0.11285223781496893
0.1389419981727598
0.09556328838554273
0.15642230396984613
0.10293186304204083
0.14049305450788155
0.133598519023352
0.11729375866509745
0.13077792615700765
0.11440757563044689
0.12830255804843738
0.12339015000740874
0.10297420871494668
0.14532940115908277
0.1001392093839071
0.13225935767528063
0.12324162016308486
0.12639007560889293
0.13441630063103657
0.10809441355402698
0.1442326515457153
0.10970886063714917
0.11516515943103638
0.1347740164622241
0.11391445025319712
0.13290646524288
0.10391980450383875
0.14476064258762705
0.11207257796155135
0.125994053464914
0.10926743972272909
0.13126383324994156
0.12056878422816246
0.12492342853304693
0.13137473489973778
0.10888655718664945
0.126082460503297
0.12415161337451862
0.10108390491875141
0.13974040912215713
0.10088040501679574
0.150328638736339
0.10793060855993068
0.14589493087165292
0.12781018457579923
0.1121535400289458
0.12572091390147005
0.10777390838692111
0.123603024189607
0.12947031024728933
0.10317443309539728
0.14457296134173978
0.09877368727377975
0.14683831269588224
0.11853601015222334
0.12169480378589859
0.12515096636881498
0.10906299940301817
0.13345742973666397
0.11557280353345727
0.12108775825049492
0.12723285189628208
0.11066125956848695
0.14701387480865222
0.1067978917031169
0.13289161338385944
0.12030832616160961
0.12787634684938615
0.10823973988098826
0.12229140989037582
0.12113128322643965
0.1130564542789527
0.12774325409103313
0.11181679071705233
0.11616965921122221
0.1321031766858063
0.10966812751316787
0.1385696865201383
0.0931514738620265
0.14008038486393143
0.10640128625873567
0.13623100169078534
0.12295696698939475
0.12099546924267691
0.12143365740327672
0.11514482583239173
0.11855940479179027
0.1255437540297041
0.09435209091001015
0.12983050091048973
0.09362837207171107
0.13822300931115175
0.11896703362260591
0.12415950018813149
0.11980545299009758
0.10913399366934659
0.12934702739486606
0.11873690349129422
0.10971698726763063
0.13367606231678023
0.1084697977758816
0.14040850451852088
0.10654134192024302
0.14028645044719953
0.11541300561225946
0.11990101192753481
0.1139993191998102
0.1218167687606523
0.10400081061026097
0.11978304723488731
0.12202081820501028
0.10930884824026108
0.10972069127735988
0.13201332654064793
0.1043575861865322
0.13663879722729216
0.09704149676935994
0.1340247154638228
0.10038993817782228
0.13753852808570816
0.12095877437218436
0.11370784116262606
0.11722014116720776
0.10698543609624299
0.11387577185178195
0.125541535122877
0.09704259870794729
0.13910099279230348
0.09697194004940385
0.14268202371400493
0.1185319974663922
0.11900985136680609
0.11304039686253015
0.1019458769092092
0.12095424853495242
0.11572932128311031
0.10529907277434761
0.12910683822587515
0.10095264874865638
0.14383598021501018
0.10512473861162348
0.12688677170929452
0.11701245386624055
0.11648356471926702
0.11624297694918777
0.11168526221806563
0.10647589538067022
0.11494168665581277
0.11678424339236552
0.11969605136621575
0.10745171643695364
0.13053203194928417
0.10911593092638736
0.1374635291771988
0.09935524117569582
0.1281455574209912
0.09809210673134947
0.1258846534284394
0.11921349713200573
0.11244184434696172
0.1221749067298986
0.11199331668838948
0.1158207441645315
0.12829571814461616
0.09661833068270219
0.13559968500245714
0.09292114644747256
0.1292497448148477
0.11837357693895402
0.12224214333823309
0.11515969150672749
0.10714742096365337
0.1282336616253108
0.1122135256782213
0.10029786930034865
0.12426121162709909
0.09678126636682287
0.13157805240623308
0.10558602503652552
0.13525570459134686
0.11280473467689978
0.10676784483375616
0.12342959220315472
0.11180738506110019
0.09927536231724114
0.11793367330908457
0.10881674216362279
0.11333527852846423
0.10837317260116047
0.13733846002258754
0.10376275193618995
0.12976951215087834
0.10532289571178911
0.1295802886253662
0.10226051207734853
0.12939655895557206
0.12188774690959123
0.10379002087619588
0.12090397229632834
0.11330139308761047
0.10907703638072526
0.12892554077828355
0.10049782959225775
0.13778336184866596
0.09658004730234782
0.1427668174755563
0.1180745879646172
0.1147196104431329
0.11265716282875109
0.09635214781307007
0.12135421375416168
0.1132603234055469
0.09999089211276363
0.13198996312437708
0.09369745545719138
0.1459449296063059
0.11098002351955218
0.11760958176164771
0.10798374817341809
0.10515301272569533
0.12261351869388196
0.1009030847953213
0.10933308776109335
0.10852928267307117
0.10374943507713304
0.13005572568579754
0.10770524370191313
0.12171825387953321
0.10185905005821533
0.1270183767660413
0.10800591091609711
0.11723540613371693
0.10479935628455218
0.11718868685523487
0.11438133681894048
0.1060572072204521
0.11960314982324978
0.11955459359620355
0.11189689863626624
0.13429730488714414
0.09314461705610565
0.13492366210873546
0.09134996414105843
0.1329858986439508
0.11380120339645726
0.11046350681426394
0.11924023050206257
0.10251123098540138
0.12733709382272043
0.1116223356120313
0.0849583234875307
0.1251963600006424
0.08989060043168125
0.133499229882441
0.11387218742125613
0.12449315159499526
0.11446003485669483
0.10729292133166105
0.12624029136464232
0.1035476923825566
0.09502211054757936
0.10488466071253061
0.10061348877986082
0.1264735034154399
0.10288376765507845
0.13093323673532198
0.10358308339527059
0.12404584487389869
0.11219846789379037
0.12166702704727836
0.09692908484594503
0.11548860750760909
0.1187828289783491
0.10090138557736535
0.11374747494861913
0.11341511111160621
0.10286427980761138
0.12733472074016255
0.09727596383360561
0.13100160823581422
0.08778033782886956
0.13403337223806078
0.11747723106057573
0.10342574867536053
0.1195358470209409
0.08717617770968884
0.11877570246033595
0.11446398158056152
0.08945154655914864
0.13101260337379786
0.09375186036149348
0.13804119915980972
0.10897396561343106
0.1097481238905778
0.11432575152022534
0.09941569070831263
0.13077923670833896
0.10718632094758133
0.09935900625573803
0.10707173070618492
0.09459351468082726
0.12918971231863993
0.10059653617270153
0.10898822080026516
0.09984462789141971
0.12131569595072493
0.11303318880941277
0.10888638045349924
0.09949656109859326
0.10635291341494055
0.10666248017900373
0.10907397624743055
0.10972579671733292
0.11088636577217846
0.10574027065051611
0.12064573749815527
0.09410753369729177
0.12124289451086984
0.08838686893574459
0.12976700365466248
0.11473059140056266
0.1078982418914101
0.12550503206320274
0.09451893506289538
0.12069114488254107
0.10662467678170068
0.08534350726043378
0.12452750979234986
0.0879353993336478
0.13803630930375513
0.10483108125255469
0.12334995946718703
0.12115205036046271
0.10089129125281393
0.12822314713678185
0.10051528154143759
0.09645013598907777
0.1101030316848739
0.0911154687786591
0.13014460757919058
0.09952845840155661
0.13619030652743375
0.09880156169405431
0.11122538354859993
0.12144009008307868
0.11320891139437761
0.09641999378030307
0.1041850163306559
0.11394691521185683
0.10273628557093359
0.11048133688948249
0.12272913160826585
0.10397256548924791
0.11720609519858481
0.0964434547010549
0.12764828856166915
0.08656731904219683
0.13134436944062014
0.10856538404532719
0.09963949889246938
0.12543040018522045
0.09111344880900407
0.11426880834926079
0.10716919202862962
0.09187032205133779
0.13233574014594668
0.08598568102522965
0.1434230700447502
0.09996059017143866
0.11400555836682326
0.11596315066218346
0.09398772185200899
0.13159520404835956
0.09619681306644273
0.1032793444141381
0.11822083530904014
0.08673033671562239
0.1350435995987247
0.09221183805237333
0.1197508735126302
0.09823399531818679
0.11036092034670171
0.12157202176488437
0.10176420716806552
0.10097201145694522
0.09955445507617151
0.10724117818150236
0.11234960495991403
0.10317858850747699
0.11449488495020166
0.09834323360596352
0.1214793790709654
0.09287951310030695
0.11987119882802655
0.09248318810716129
0.12631987975219877
0.10454244740448744
0.1081568175982862
0.1250172302425388
0.09626687384328038
0.11609688231941342
0.11000348484504724
0.0852625898358641
0.1266450319830484
0.08504266466230176
0.13803647196433363
0.10062169078424085
0.1225363965455022
0.12425560332469592
0.0977161828478425
0.12268530115455761
0.09323001290319863
0.0945840130453532
0.11634798232456683
0.08107243856597182
0.13769940078433213
0.0936552449917905
0.13855404670339372
0.10754894917787974
0.1034342310734886
0.12755310930464056
0.1009661844587996
0.0990678073362744
0.10154982482172385
0.10690724430910233
0.10909008016869258
0.09640185097890461
0.12604396019608424
0.0951726981943678
0.11078430333187735
0.09788321057099113
0.1203722929129954
0.0899867277091255
0.11954725807030295
0.10845850549142266
0.09838703309980452
0.12013667782389166
0.10038785170889399
0.10885804471089679
0.11801077800600591
0.08557444888408974
0.13061193746518243
0.08054417873420243
0.13352835072600072
0.09541218609825645
0.11114836910473108
0.1180387539055723
0.09173693770030814
0.13142776153538188
0.09037339727103079
0.09770287046518247
0.12394709573643306
0.07903375650025651
0.13172293189649958
0.0932310877602828
0.12377622109195309
0.1012671455369501
0.09995416041294436
0.12876860703460585
0.0958048743055009
0.1070115599007987
0.10109953299362474
0.09725185995438065
0.11817558087173484
0.09816675973160942
0.11697258921051526
0.09266275738168984
0.11919883312935818
0.09903156270864233
0.10476820672585672
0.09692615677123428
0.11685510818899231
0.10573268827064712
0.10430231677162975
0.10813878787052626
0.09726625299579283
0.10536979287033663
0.11803123521400126
0.08459924282574717
0.1219838269934287
0.08187180358286522
0.12475003575804328
0.0940869437009036
0.11408269642094669
0.12036787483886593
0.08712105880319121
0.1179891988776136
0.08631957345287977
0.08913626153898618
0.11892636907087496
0.07832938180137525
0.13593969320332955
0.09020839762949667
0.1319099547917817
0.10523150574858672
0.09705846288689778
0.12037639815416189
0.0944993175724614
0.10346079808599092
0.10163515420291816
0.08764292811621957
0.11081327800657859
0.09545829949389736
0.12750958416020153
0.09434113669679133
0.10488706731559683
0.10174274072307604
0.10336113278497727
0.09465255398287833
0.10746455165734854
0.1058248799632331
0.0918643716382378
0.10553776854097281
0.1055160307586006
0.10136763996992422
0.12017889797231975
0.08944354358029588
0.12463255853217127
0.0763684324119456
0.12137136477379984
0.09530974799365911
0.10118926042083169
0.11727457469238092
0.08781171081727489
0.12443444666758814
0.0899940780468311
0.09813009275343543
0.12226070019057739
0.07801562062712887
0.12925667618647296
0.08918823395176738
0.11672211411197142
0.09898445212017286
0.09762884429421542
0.12548167749351283
0.0900215223616859
0.10804803721997203
0.10274244092100948
0.07958377177446482
0.11762814763558938
0.08668213094781581
0.1133567720420003
0.09422157415451987
0.11275450224569955
0.09868999703005533
0.09155926242624886
0.10606314812399983
0.10606834714023039
0.09679845211800485
0.100736819721957
0.09466420707670405
0.09508312795776022
0.09477851417141173
0.12130055704237086
0.08854289160503613
0.11150245371314384
0.08232071703519045
0.12084461780567976
0.09859899686761256
0.10716030041352118
0.11268124297210565
0.0834015646174242
0.11275141643736347
0.09302796504776105
0.08714945745506035
0.11773689742796412
0.08327614891721621
0.13478977150042212
0.0893249861572147
0.12764472967324358
0.0995655694097933
0.09567870815390071
0.11238937843279671
0.08476987779309865
0.10256967851188396
0.10215874919894838
0.07807688548914682
0.12155136598785846
0.08306364941109823
0.12760807467961813
0.09288722386394731
0.0992944906128374
0.10361359877147056
0.09376176184700112
0.10075049114466483
0.10058902237292636
0.1010216608060342
0.09327883608042184
0.08819638895032596
0.11208644268023184
0.09524514416857022
0.11412465131309288
0.0898861178215121
0.10979319464084442
0.07873150650367818
0.11517843141249189
0.10018587694166681
0.09938088119762668
0.10523541544180817
0.08483265983654599
0.11788898130799393
0.10000822035618959
0.09782477931551281
0.11544297745071566
0.076986524102866
0.1286036237776651
0.08649121366346038
0.11297889055987498
0.09774317983120213
0.09918466243674871
0.12051133219698654
0.08933028392485584
0.10657136960871909
0.10228212765313875
0.0725833671873968
0.11925767650574423
0.08794551424802159
0.11734156191777585
0.09071220415305711
0.10682337275552506
0.10235563512747937
0.09125248713462439
0.10681288857389676
0.09567616259101773
0.0934921479027877
0.1008560492987934
0.08284758236407563
0.10464314208553965
0.0906506925125958
0.11890770815721505
0.08754296858610387
0.10384909288499596
0.08599156453741665
0.1177332942074218
0.09840027150937374
0.10476945275276882
0.10755626331485979
0.08650676921209491
0.10987082253047133
0.10023377467771036
0.08902279073914568
0.11481035158644215
0.08091024423684715
0.13039884101078233
0.08586162484018346
0.11730002189709009
0.10080290162301514
0.0938811304854987
0.11441350099206182
0.08650342083723059
0.10091775658563724
0.1033984193214776
0.07473456712616017
0.11933434900403843
0.08981499936999368
0.12700486816995246
0.09283831879990616
0.09817396708915546
0.09998133432096615
0.09360397338626007
0.10581971699341768
0.09769783258915034
0.0964036282862464
0.0960340044471039
0.08120748299067365
0.11452006690284751
0.08945480974276177
0.10938442562569699
0.09141469757234774
0.10167535459159295
0.0763011426395111
0.10414341516812696
0.09872267328291519
0.10144121971370972
0.09798088259909964
0.08598437738045903
0.1017943379049882
0.11058447135194509
0.09738848288273652
0.11229133448828009
0.07638867102654932
0.12505583764597852
0.08580174279464287
0.10669262812238
0.10253906057768902
0.08975559529368694
0.11646115070330752
0.08936228567774024
0.10486973557192196
0.10212379119956835
0.06971916619993594
0.11489389437686891
0.09055845229995022
0.11940928231173732
0.09150959980670785
0.11016009595760065
0.10758018640006521
0.0968654691367
0.10848358481897959
0.09466453867989175
0.09219934741604616
0.09938290137444435
0.08500839155797883
0.11217634447329532
0.08647088250368266
0.11924787222293953
0.09000623350361875
0.09866979496952068
0.08964312845396681
0.1028117814624918
0.09436401990903288
0.10179134556965123
0.10464789398563008
0.08476290468674486
0.0950818586063502
0.11415295155453724
0.09098027666376803
0.10887366109989202
0.0768658798688628
0.12093217296028495
0.08733767447284431
0.11436789033042757
0.10080795147123543
0.08281999453410127
0.11588056410186692
0.08520898982195235
0.09980774169711297
0.10575504564029613
0.07318816703526941
0.1272584829190866
0.09132042293191601
0.12911563635024867
0.09221738319860416
0.10125592323974755
0.10511674216258127
0.09278476992281538
0.11099043548821755
0.09705536916357066
0.09120448123110436
0.10149135861641428
0.08433872325820045
0.12018202738267557
0.08901162032981355
0.10367560136127109
0.09086093763279059
0.09888224551902637
0.0895065849525298
0.09325372569319453
0.09598605165943704
0.09791163652834398
0.09224873728962703
0.0925359220312712
0.08995344001913357
0.11983527981735956
0.08826177124723847
0.10979173165270797
0.07445686947932767
0.1137743230689977
0.08606006885241402
0.10829987984738047
0.10169955132180837
0.08647950254403987
0.11859200430441368
0.08805313005044409
0.10692702264083975
0.10396830894817591
0.07030052999358366
0.12380882548174957
0.08577664231631504
0.12689071655653275
0.09089608581908984
0.10698070737574417
0.10428042901747933
0.09973698958027535
0.11131163835195339
0.09005963087038954
0.08578749384691206
0.10511029269251686
0.08038228689190496
0.11077079306399722
0.08931543151802537
0.11855819110616639
0.08904106881756654
0.09824282187711314
0.10257439048739435
0.08934801843625961
0.09081770530480542
0.09827378030859348
0.0971863797683577
0.09071301146008873
0.09386074235864131
0.1175371133869
0.08720712992544048
0.1093766214796934
0.07990418287845179
0.10952280485910075
0.08760732738676029
0.10879564012728521
0.10544463761726885
0.08133847163740532
0.12039306263132663
0.08555128516032379
0.10213307715557106
0.10796671542144155
0.07210764740179611
0.12438524769378655
0.08210431686777064
0.13493981956216017
0.08812937612019625
0.10099273099991923
0.10466153393451988
0.08966602397631579
0.11481445625703116
0.090567754808949
0.08265619513295298
0.11081994474406291
0.08287928615954016
0.12169010668256426
0.09165157268019274
0.10598977226869497
0.0887981668062207
0.09453274516108252
0.10572591549166037
0.08622288633722143
0.0976993540583961
0.09025655376676546
0.0904917859769971
0.10070944470913358
0.09246952533432005
0.11425067393015896
0.08736820278920869
0.1105188962668194
0.08076015485374989
0.10641629672478442
0.09069906343428313
0.10572046242799625
0.09883658098248453
0.08519559492428383
0.11304584074084864
0.08970979209984932
0.10136413470112549
0.10484867569211048
0.07094454270733205
0.12579646841505474
0.07960355751314374
0.12802435510778618
0.09060025130318529
0.10148853430165397
0.10628559800076642
0.09259143382197263
0.1113699609612284
0.08611730699696477
0.07906382416804332
0.11359787526674126
0.07951023222193489
0.12509235734588878
0.08875071258565609
0.12014263386760246
0.09689668640054873
0.0943097851802626
0.1077491932821592
0.08673426307159096
0.093343806195933
0.09677069306834742
0.08693806868598312
0.09807380812638355
0.08549402430812715
0.12161142280130113
0.09156384819689395
0.10614351780736923
0.08346755030395897
0.10459325641310442
0.08817680773078306
0.09728402331885326
0.10174692635010639
0.08039789980579534
0.10593526021998288
0.0914843248043121
0.0916374926536804
0.10708316212332139
0.07108196792742186
0.12361407677442789
0.07230553072252628
0.12123584458919007
0.08810814232381521
0.09339109597173707
0.10541428848209156
0.0819742217186373
0.10592895117048545
0.09178140915337893
0.07611860405487293
0.1083876171593363
0.07439766031500382
0.11615654525616141
0.08012384524538436
0.1051063229241141
0.09238739977652717
0.09114894151951745
0.10493975538417104
0.08959402066982881
0.09662107742660712
0.08683609835861936
0.0785968480264546
0.10550040512280487
0.08224120172123535
0.10868366039613044
0.09236285007152902
0.11084299817230998
0.07914869883106977
0.09367570086185258
0.09525627459988878
0.09863942184852102
0.09333861055782314
0.09077865187416208
0.09730311903753397
0.09425326106590376
0.09415845333162491
0.11447623981211237
0.0756302137991645
0.12075959447219518
0.07199250798989931
0.12000421865252872
0.10273845307671539
0.09363591663277193
0.10756307117018847
0.0841526058492957
0.10248592980415452
0.09227416462077148
0.07507616181793232
0.12076444396148786
0.07498670957130647
0.12761006276442194
0.08664986261247233
0.11340284827947451
0.09284646366547018
0.08872206823141916
0.10548949829238216
0.0837333800129805
0.09129273718604332
0.10079180705775158
0.07007725014552002
0.10421126610205475
0.08458401082483559
0.1245660296926334
0.08946505513385968
0.10135835819672763
0.08602125382363512
0.08938340066716763
0.08973139828715389
0.09704427138692819
0.09668594133816207
0.08544931904847533
0.09451059893531494
0.1069999756113041
0.08429839365129092
0.11047784959601804
0.07655253899329544
0.11283073625994874
0.07069551174456085
0.11740596599608843
0.09935447519661776
0.08751621235430748
0.11129187169274887
0.07773699827366258
0.09693512322460883
0.10674038810825921
0.07667217442139808
0.11679663900209804
0.07323202691536243
0.12805235820991998
0.07555535088234093
0.10968050224974821
0.09999349280772256
0.08852420505962572
0.10536387794545785
0.09847388758757494
0.09008068966007426
0.09292957137052357
0.06815900359832416
0.10132867324602536
0.08124492074904362
0.1110326003761856
0.09570775626816493
0.10280112330457886
0.08221187177276953
0.08630741472382002
0.09960897855996861
0.08974869291415002
0.09166523013058393
0.0942108237996065
0.07974134306795752
0.10083091950480397
0.08678420728422725
0.11790021388487448
0.07673855294979942
0.10655519427872724
0.07517763041427544
0.10880807098770645
0.10568242259806242
0.09119486166250919
0.10565845419424325
0.072760172066802
0.10020501612036004
0.10057309023196657
0.07594427636516651
0.11460603302777884
0.07341494050755026
0.12155742879152266
0.08370535382650673
0.110704915767658
0.10052440850661691
0.08418862012373501
0.10629815731301406
0.08214412684186861
0.08712486412920133
0.09761616050685638
0.06265966287215607
0.10699688489583854
0.08381424089021558
0.1230457086140648
0.08746934309661811
0.09613808689901436
0.0876516573818057
0.08673528609228819
0.09750344725171613
0.09255969207962685
0.09108092434396906
0.084865099648111
0.08163947412131872
0.11486792362152051
0.07611866839473376
0.10335361919843097
0.08118376013281409
0.09866724135005658
0.07571593720105405
0.09973963585569284
0.10254014840697702
0.0835829049526397
0.10574043686469417
0.07732751239585287
0.09649818229480167
0.10724544247430931
0.0778030097907062
0.10935721730585773
0.06546735001168975
0.11562107418146912
0.07764139693486741
0.10933606629437664
0.10634039315385382
0.08388916420384208
0.10609403595460458
0.09014186891023286
0.08482042386563296
0.10088261706892415
0.060540870769881135
0.10321028595501934
0.08246733712981
0.11236586411505635
0.09798572532907313
0.09754405820073347
0.09409246570189402
0.09030298733082454
0.10402483216771277
0.08668190466008079
0.08544609336124076
0.08787567601560486
0.07948375384656031
0.11232379318776393
0.0801027187013999
0.11555748981265873
0.08146475536061604
0.09268756429226971
0.08456663567867252
0.09827334997593277
0.09765306594301067
0.08929591054505547
0.09925334303876833
0.0752529182940144
0.09148799844858656
0.10972191439215816
0.07609575721367205
0.10988773899125233
0.06902560858218483
0.11476516943144012
0.0849692164707827
0.11275407690911274
0.10113348504868852
0.07988997000002532
0.10750363513609265
0.08509608714035304
0.0844622661472637
0.10256980573283336
0.0624218318828897
0.11274282114283624
0.08044199115402019
0.10725806935095769
0.08992822197592149
0.08933521204631013
0.0983104432699441
0.08694397260384777
0.10374865122366617
0.09298760623319074
0.08047364464290625
0.09040996574173282
0.08043628224855043
0.12260900115059256
0.07813982717584601
0.10234197490897187
0.08123132512525126
0.09012824412651946
0.082411301963247
0.09478280424893952
0.09535229128094153
0.08097976567939945
0.0963985854373706
0.08771604809322206
0.08307580886369308
0.10957717584379494
0.07542373330530762
0.10419559255243915
0.06828612401951159
0.11331828456732787
0.08756369294131414
0.10470744216631624
0.10368353678627296
0.08290851199086838
0.10887519390600514
0.08843667766024327
0.08821562104477092
0.10061909642155847
0.06339265314368409
0.11514644088233604
0.07507004426056783
0.108362746787678
0.09296627543033427
0.09731691412632747
0.1016117989970805
0.09364311083918583
0.10817474501200512
0.08935136313761448
0.07633462757428476
0.08666842217849437
0.07651978061168604
0.12103296555089217
0.08692454659110799
0.10411058519702635
0.08252142683451232
0.0877518758197843
0.09765621051304973
0.0890626601030653
0.09205387834198053
0.08336855754281292
0.08996433843436291
0.08506769519197839
0.08409895641002264
0.11688015930092402
0.07443347627208587
0.1022545158654538
0.07843495137707868
0.10531754328374826
0.0925542184284775
0.1037300159660226
0.09864773621013508
0.07929741081555583
0.11065547087084289
0.08920780742853715
0.08948323639585783
0.10577642708904944
0.06712471988744408
0.11740242667578929
0.07660358151745704
0.12459823209280353
0.08651649576337336
0.08746431573615278
0.10404725727704348
0.08882562346315216
0.10767443754823681
0.09000074659238337
0.07586650947963419
0.10143448238516171
0.07596919062190953
0.12498459608167127
0.09076157228564395
0.09839144386301792
0.08358753926586879
0.08535109845097426
0.10094469189061916
0.08648625687214441
0.09137466099729359
0.07872676706076637
0.08464052928755142
0.09396980568361339
0.07979943576969814
0.10955557423251587
0.07446277749918115
0.09580106664361823
0.07677418459426663
0.1057691303907732
0.09137403788304191
0.09274492916872873
0.09553954814977553
0.08272774138334262
0.09809938150607465
0.09696374632581631
0.09196118883071336
0.10331172145067884
0.07054454722668232
0.11671089329564469
0.07492355335440096
0.11748320960178607
0.09455557445497635
0.09660004500273231
0.10461266494074244
0.0931508107805067
0.10987945480062884
0.08780076303848695
0.07469429548956341
0.10153107986140726
0.07275290297321199
0.12189572738855135
0.09580263808520047
0.11302472720951061
0.08911021044598073
0.08527980478711386
0.10600631248024327
0.08285725993376117
0.08811850889839891
0.08782445948457074
0.08104677474174718
0.09573787369229655
0.08018729607028524
0.11971678940071187
0.07240432395189378
0.09664427331908018
0.07979426206562125
0.09187012478585148
0.09003038418916352
0.09298477125124871
0.09694364691175243
0.07852888461202323
0.10201511699332352
0.09889414805361699
0.08105699370378172
0.10996187497278032
0.07383034774029158
0.1079674513496433
0.07354899983451045
0.11627564768587295
0.08684631855643062
0.09002052891247622
0.10689566332878957
0.08413143980758443
0.10785476974391799
0.08840137996143718
0.08018678563228121
0.11106674735290079
0.07124031720567635
0.12263164192897182
0.08848630150247982
0.10602538623372153
0.09136100638049834
0.08460337884197017
0.1147737492592526
0.08299988395152641
0.09284908862393446
0.08388865413460085
0.07605015750480354
0.10043637848733591
0.07761540157318421
0.10298765916217995
0.07469121504908029
0.09576955558555535
0.0780308718953835
0.09224473840027618
0.09322594941184134
0.08280819949463819
0.09577402487490143
0.08409600017922617
0.08837052963468135
0.09544409089335523
0.08057317853912271
0.10782250873364732
0.0747135376445482
0.11173583206244629
0.0740617382278519
0.10529152324889793
0.09579029302213629
0.088290579070256
0.10572381847556507
0.08559668875395735
0.10385287088317191
0.08967522103517583
0.07586792951176252
0.10976932819867212
0.07355601951781048
0.1215824488033908
0.08801152885218906
0.11688188965958227
0.09391567075563993
0.08816795479726305
0.11449351711611662
0.08386015777804855
0.0930073849293884
0.0948790974787615
0.07307236829925505
0.10397247232989233
0.07945661730307124
0.12110676584482682
0.07472107042243298
0.09364446243347398
0.0859334433119055
0.08182124083076522
0.08904374556955907
0.08676223563926767
0.0997864675857414
0.07857603856033578
0.08762498641925033
0.10388089929967739
0.07242309845370974
0.10662922229418094
0.07760528897502826
0.10025244418839073
0.06872312581137921
0.10605802728917973
0.09470594509929992
0.08508158715098048
0.11149892741287479
0.07717862294681037
0.09641523822178384
0.09492682547766959
0.07744504819343781
0.11012196492666979
0.07666554692435291
0.12226447590990552
0.07572958480264058
0.10419447409344464
0.10032492555217276
0.08538473484612408
0.11685276882026831
0.0840096573041832
0.0980780114472296
0.09339050876382508
0.07323260248754541
0.10953527357494916
0.07286266799353604
0.11019586004979487
0.0795420015925413
0.0904846503367797
0.08673759665215569
0.08273571091277304
0.0944886437628433
0.07611058842172792
0.09801946514957578
0.08791377069878824
0.07713925798221911
0.09630990990481264
0.07783615446756473
0.10487622922734045
0.07317308594176618
0.10518200012625063
0.07326485007043318
0.1034921339522642
0.09865705492385116
0.0872736812077101
0.10505659372139654
0.08036161423288647
0.09556416390348313
0.09961404544211797
0.07324519497049975
0.1139405307349865
0.0753725117684108
0.11875023691172608
0.08375790719476879
0.11306393569567598
0.09762142780316119
0.09144236687954437
0.11512947221857736
0.08039203306360411
0.08839374172485433
0.10208634143092116
0.06915361194690928
0.11032902129453001
0.07800718725175879
0.1324820101085857
0.08186317217246232
0.09008665160619211
0.09539619668121439
0.0820520940267658
0.09470890493325418
0.08513338782037871
0.09798306729257698
0.08307548805249546
0.07808595946548691
0.11189511946449156
0.06773038444855155
0.10145381241014924
0.08287167033588203
0.0916529146137913
0.07020627980925051
0.10148436499659752
0.09976414029054449
0.08246041529111499
0.10883104702703673
0.08063324476669442
0.08914245546009893
0.10786314804041074
0.07619279249686259
0.11017186139168081
0.06395091891880146
0.12159055057240108
0.07717686356586158
0.09857682209709716
0.10232264053672764
0.08305436485425016
0.1120408478202226
0.0815204330989314
0.09031970957317387
0.10246699772102065
0.06645705455669948
0.11021037281134605
0.07787611185513121
0.11282222976647942
0.08691481374620497
0.08797476510888515
0.097407835171835
0.08359909139903275
0.09964373171182404
0.078658141144425
0.0917270195607322
0.08798089552486399
0.07259142213630508
0.10121617611622188
0.07040046157632429
0.10285428038405939
0.07665946430752467
0.0930237460580946
0.07827079919055022
0.09647160579627899
0.0968268249570108
0.08891911644856805
0.10263592975393568
0.07919926724689867
0.08854733694610067
0.10864249122799503
0.06940686688243734
0.10933465731237416
0.065577961766229
0.11204231585472642
0.0816617349391211
0.10661106399454062
0.10277159230731696
0.08323488316260873
0.11264728993747297
0.07901043890744641
0.08409338663785541
0.10465069299696649
0.06414946548554619
0.1111772245921999
0.08024475369726305
0.12967164039693593
0.0914758609446747
0.0886546245619862
0.1021190857692029
0.08160148628148349
0.10104789164936955
0.09252127140239863
0.08301504859630983
0.08555363778358184
0.07607886746999795
0.11617642587260306
0.06648872843906985
0.09995010624476479
0.08422482023272568
0.07966782278128007
0.07981498987720045
0.09157727960725982
0.09930434458525178
0.07972767664629474
0.10284234017385453
0.09024678094896908
0.08058004448752598
0.11266686573753756
0.07849981440591852
0.10070944485196258
0.06027181273405422
0.116734798373369
0.08126871766936969
0.09662910333563722
0.10577273599975462
0.07576510750833251
0.10957475425499541
0.08227727568502922
0.08880601607345347
0.10578491790769616
0.06300970351690607
0.11410773475702789
0.07621157491302458
0.11526757760607674
0.096039264159226
0.08952274889138022
0.10379243215473825
0.08348299009805701
0.10210804859616443
0.08849177739425769
0.07667519708188343
0.09160520050714721
0.07370512915691424
0.10906080058590897
0.07442187231587216
0.09895932100724197
0.08213375602322016
0.08220234529923338
0.08205578469783555
0.08523411813375965
0.0932598706577092
0.08369572801254248
0.09409815508540521
0.08655320315307653
0.08069086721342583
0.11074572246166021
0.07235173587430896
0.10423855877225777
0.0660987427840265
0.1078650916200735
0.08809041895551326
0.10098986184003095
0.10311008182757805
0.0763465799694199
0.11331421805075417
0.08331589247691051
0.0892590559863443
0.10735865873627977
0.06311731449889836
0.11339527693461238
0.07720151908454131
0.12548305012080094
0.09463274195810485
0.08799534269523139
0.1037498901193724
0.07896917115312743
0.10606135824140593
0.0988321731251033
0.06981598450144112
0.09791071563828047
0.07643853716563241
0.11772019326796014
0.07687679164940066
0.0942471993501388
0.08613177403079116
0.07496730555132299
0.08924566733536782
0.08273612405804551
0.09226730763262889
0.07826933293455463
0.08565039451561816
0.09370588036398515
0.07355542161455922
0.10904750019146234
0.07719635164594287
0.09396890362397868
0.06945687935740778
0.10442316045044267
0.08900248201733348
0.09300448764486705
0.10028985531928586
0.07380788384151953
0.10550646835110015
0.08998644826220396
0.08942419387320626
0.10479271599650025
0.06464537415611331
0.11991416515711124
0.07187699143537916
0.11381169031166945
0.09722372920729741
0.0869012002107038
0.10679769769707116
0.08562988457064082
0.10445209324264194
0.09661978814154075
0.06649970312457666
0.10096790825376437
0.07259496084730448
0.11964936940061942
0.0845813419877369
0.09518407066606666
0.08645089544679824
0.08011692064156929
0.0960146197455853
0.07814673151607295
0.08721634983307518
0.08189921709031425
0.07813048882653029
0.0938512978341585
0.07432705756762414
0.10850294760089621
0.07358185938472617
0.09849609258404556
0.07171978228371366
0.0992786249726561
0.08995460025177245
0.08806797135783434
0.10308341064662628
0.07605709774898838
0.09855676187156777
0.08990964263301457
0.08835784148116535
0.10574127104355553
0.06499964963886803
0.1119167783950074
0.07551901244050811
0.11666369272939818
0.09764992502507963
0.09285344184360587
0.11064208839639082
0.08151666074812879
0.10535959446365122
0.10141487396179909
0.0649295580685644
0.10796720340319155
0.07696678166216919
0.12363092111733467
0.08459175741447668
0.09312032972838996
0.09508241196892159
0.08123996028663788
0.10195322793484009
0.0863908764910929
0.0908324184145642
0.0873643713037406
0.07796899801113256
0.09978688480621749
0.07177744582956264
0.1015888430300013
0.07600965165649054
0.08776249772029066
0.07435972149675345
0.08869260260091952
0.08962773038915912
0.08827416227906586
0.09778154664372235
0.0818672956420499
0.08622214421166957
0.10051573858732986
0.08192260940003485
0.10341841262247688
0.0662765909458586
0.11475763300366025
0.07222480227638088
0.10706086210825683
0.10048169329408502
0.08499728867406818
0.10929791233574994
0.08084392335465815
0.10572567486858467
0.09558830678015452
0.06728114646352285
0.10691919442108645
0.07492131879280368
0.1238557252101594
0.09070477945721346
0.10415300749027134
0.0997429347742113
0.08513167293196588
0.10673349023978271
0.07946614861700173
0.08916872558613353
0.08986750198431746
0.0776197864098075
0.10186629243673598
0.07491771306519474
0.1070879066874881
0.07570432764429119
0.09186820677990493
0.07951815247362824
0.08656307046267636
0.08762474963911475
0.0808681705277914
0.10231300125958338
0.08474696647450426
0.08090395556748384
0.10110641090807725
0.08167443815873211
0.10543921819105287
0.06613295670365281
0.10052642544468483
0.07359363479073874
0.1077502345059313
0.09857096738722249
0.08635309990395328
0.10887914941313445
0.0763219559009304
0.09844297162102442
0.10343994267955385
0.06734793656697383
0.10895795650678566
0.075559064328908
0.13146621598755015
0.08323161171753606
0.10169490872017196
0.10685891704929287
0.08284626899551605
0.10934501983502604
0.09084258796170216
0.08702646979319183
0.0930819090898216
0.07788642327137904
0.10947640206064045
0.07228362346672339
0.09838105290711115
0.08438518446888893
0.08374290776836932
0.07924045804432528
0.08292846619042596
0.0907001642878762
0.07910258257048536
0.09585614010239779
0.08942396740903082
0.07736284784587319
0.10577135836184194
0.0756675040305064
0.10007946354157715
0.06951548527821755
0.09960320600679098
0.070232993669043
0.10275025062760314
0.10027474030670852
0.07922060466214727
0.1060983518392858
0.07851840174386834
0.09414168074895622
0.10289825853473747
0.0705217644989727
0.1094487350572327
0.07082562353362835
0.12690763530615778
0.09021872537241982
0.10826188595252056
0.1035400804285768
0.08868958484348236
0.11130617665518883
0.0818738585053104
0.08691413703728837
0.10029822723774677
0.07323505352018567
0.11347632323978808
0.07474934948110479
0.11224137480937636
0.08284028292420226
0.0875746864538552
0.08732249080682243
0.08229244108198044
0.09022656467548039
0.08032564774973236
0.10073046689929245
0.08323553194570134
0.07511735816212771
0.10948955102798508
0.07572167571254856
0.10398577070048286
0.07279107471448538
0.09155510514167856
0.07427996062176022
0.09762958496621463
0.10062142749213498
0.08047907131601752
0.10800598720499441
0.07352087558938131
0.08967811998977726
0.10852445369197336
0.0633487250825262
0.10676026461563295
0.06969987952039715
0.1285418263156845
0.0806286307355724
0.10750213214241536
0.10611871656982337
0.07988826310397652
0.10706938506380026
0.08997022012981214
0.08142519635095527
0.10355147153761708
0.07206527142581123
0.11681722388175564
0.07450812123272554
0.10231274988209292
0.09543713886623262
0.08177267296419875
0.08960156831224497
0.08190204000827268
0.0916047980823802
0.07538361975803087
0.09208055567666339
0.09118891618527449
0.07219457787950793
0.1086157176582767
0.07204078204797545
0.09826100769202158
0.0712684458884628
0.0925211084378831
0.07540923520302374
0.0949377576657763
0.10063979356097656
0.08029650592869128
0.10439871697728953
0.0825755209268809
0.08527197625068024
0.10449708653877396
0.06849587567076068
0.10936582583649762
0.06412258701684238
0.1185121052797759
0.089556480605079
0.1046114842176753
0.10254033474510878
0.0861014187791052
0.11070926843970151
0.08201498198166707
0.08330706924171752
0.10533357555376464
0.06463446179995656
0.1215067377415466
0.07617768831433255
0.11693204675450145
0.09194643309242723
0.08528271967103383
0.09780702233200743
0.07878318492851444
0.09504873267795777
0.08393829779578237
0.08683564435833374
0.08765515141477284
0.07278419343140383
0.11377717393062944
0.07381020454814294
0.10107240829122968
0.0771081246439664
0.08570492733812358
0.08005293967210851
0.0898127267037461
0.10422265289636368
0.07662266178420221
0.10188610164445482
0.08204568879333364
0.08344659910218193
0.10952694266217274
0.06529009191249903
0.10232846781661085
0.061859760612927424
0.11793768005423126
0.08612792321223653
0.10635981673110544
0.10496948481610026
0.07286366225017775
0.10817620492395394
0.09452651546959538
0.07552572073624926
0.10738959400926248
0.06717499654391192
0.12279355194174209
0.0694600803375373
0.10809747090201724
0.10060562698259987
0.08092181283861961
0.1010419562840093
0.08294604877197252
0.09728311293753786
0.08254651719674184
0.07997683170783765
0.09725742646239736
0.07272728274361746
0.10967893092718234
0.07482536722746551
0.09569086322063373
0.07752847988463411
0.08272702060936961
0.0839726135022707
0.08744388649102301
0.09826943040338698
0.08005100883848527
0.09383649427942971
0.08756635119208474
0.0810862793905868
0.11451663424425243
0.06955040860815745
0.11432954771755378
0.06237788498495767
0.11488276862230119
0.0940665323419605
0.09712819550654732
0.10513013464251145
0.07698089867291781
0.10658010313750929
0.09025416086492083
0.07886111258177166
0.11820527576947155
0.06130719438697937
0.12862785478188823
0.07534278648551311
0.11405033862399198
0.09855594634935394
0.08378330477702715
0.10331757135855218
0.08056411248515052
0.09851105071701433
0.09554682817553636
0.07320863355458666
0.10414863028580339
0.07246885321775844
0.1180432642533611
0.07705999228394943
0.09603126034975284
0.0799173055574786
0.0864651454440975
0.08827182453561995
0.08334782070774319
0.09874456527033054
0.07748467570801927
0.08755375997162858
0.0965202144325016
0.07667300510393679
0.1108659100704726
0.0684008419374585
0.10104993378462346
0.06530354410944272
0.11520287466725189
0.09040163087257813
0.09369973213647774
0.10424988070058275
0.06871579773469726
0.10032062649310393
0.10279034694486208
0.07261376071423958
0.11214742033592173
0.06335555151967057
0.12918208786331972
0.07233171962932768
0.11156988325325076
0.09825575934833013
0.0807559650683014
0.09954089481513063
0.08742321496615017
0.09536069747879618
0.09220362408357496
0.0696553197563844
0.10636690926399851
0.06949306148474356
0.1118455885766931
0.0816122256972872
0.0906017106283831
0.08152686819277653
0.08209983367720788
0.09125868988180914
0.08281125351139379
0.09318249449393158
0.08554378300223582
0.07737433546235072
0.09667772316854165
0.07446476579570857
0.11173286445208173
0.06775983608748781
0.10417738539254943
0.06915541031888452
0.10829973139349904
0.09956907948460468
0.08658521413665665
0.10322714389807736
0.07185737296625248
0.09158908034887951
0.0967952756510162
0.07600392531331968
0.11569524867112453
0.06370239607360881
0.12177191949194327
0.07780397307083543
0.11099740640996632
0.0970565524664571
0.08272542928917537
0.10175563555052042
0.07654605365349344
0.09613826493867124
0.10055088151227216
0.06354594175821222
0.1148129566223787
0.07305276419199842
0.11739449293804241
0.08261595861321933
0.09143650818038511
0.08737559961419059
0.0798743462265562
0.09749615946573525
0.08263104100850907
0.09281451015234911
0.08597712168069564
0.07815582262611834
0.1035933998286546
0.07247711907877351
0.10754937578539182
0.06951223168730616
0.09125171839843511
0.07160592661844545
0.10345497075560055
0.09826893511408782
0.08025709928477091
0.10866961178962664
0.07460169481138919
0.08482980029230841
0.10947001838036047
0.07032789444974381
0.10849246226396274
0.06221008181823166
0.1221435000704242
0.07332383246702281
0.11214626891263153
0.10358541845470193
0.08112255958039023
0.10145632268664494
0.0879897713575264
0.08746063099882273
0.09925479085010136
0.06422419244100663
0.11167855684088847
0.06997672616428777
0.11157933078684547
0.09109155397816919
0.09428292198938228
0.09326129042666784
0.08509284292158048
0.097190134220227
0.08186156393891825
0.08908496219158661
0.09468547296549733
0.07338005027970307
0.10358091635037177
0.07181016416661165
0.10839174402722565
0.07212708838171553
0.09549858514296539
0.07527322537915193
0.09712687960331268
0.09813614414803853
0.08170772173581639
0.10390222078673525
0.07813195659998672
0.08073128831225113
0.1050316816030231
0.07476231721705673
0.11422512327551612
0.06334084265636522
0.11122652068036876
0.07567783483683141
0.11042370520500315
0.09810516679719462
0.08382983577999709
0.10478198370820806
0.0769738475988293
0.0916738158850018
0.10348507709525727
0.06221038990646649
0.11894781557785306
0.07052278147536659
0.11791533205538132
0.087323785050922
0.09304686611718486
0.09497509497396188
0.0789520144915071
0.10295932745372878
0.08499831777247975
0.08168805536075392
0.09691097316878229
0.07740274954305552
0.1109362543162416
0.0711654352744444
0.10320853466013856
0.07526582143491135
0.08563496979389038
0.07949111016585526
0.08838851789623961
0.09314232944429637
0.07352685510098812
0.10112139784735745
0.08393159995928792
0.07567774103006249
0.10475028587699182
0.07163177529576918
0.10334061234912895
0.06449044695418801
0.11162613384758645
0.07111071832111143
0.10689850036799557
0.10063406274562879
0.07774978168743049
0.10170571780943524
0.08283182063466203
0.08595364735014921
0.1035186152625189
0.06574319714268553
0.11494687900443726
0.0663123672136908
0.11203022521009844
0.08966910010499039
0.09639332466386669
0.09565631686289318
0.08409382443727854
0.10168005443296452
0.08208663648306305
0.07992780796399972
0.1016641196411666
0.07443353135058747
0.10899618659543697
0.07556884102398059
0.10710086931699775
0.07765361110549626
0.09029238149961186
0.08491420125664416
0.08387975946258318
0.09288320486677519
0.07753638581805397
0.09374993323320592
0.08144528356231659
0.07068675945448569
0.10750375752998548
0.06946038434477451
0.10850142831870392
0.06820536027142268
0.09772682330928477
0.07665622122799971
0.1032547560763598
0.09669254949046856
0.07567493945506386
0.09995362083886
0.07895618893028669
0.08848652740318771
0.1111718247236458
0.06276403318735732
0.11256775452327139
0.06415446188724433
0.11848731584711612
0.08446346862251954
0.0901225998206264
0.09727804240773989
0.07473792839299839
0.10671655135823392
0.08635051598123089
0.07725719078203336
0.10649227569841249
0.0713997997391458
0.11277211687014245
0.07908985674504472
0.1002684602622351
0.0839579948504105
0.08664978531248167
0.08996017586006924
0.08036084884390579
0.09194157197821112
0.07213106258338402
0.09084292520071992
0.08968826195368704
0.06961348755819066
0.10495364137921549
0.06719864172322187
0.09989310722448104
0.07001457238640771
0.09883356762109986
0.077477854671464
0.09510984291095761
0.09901578626853946
0.07325585511269363
0.09190779308640763
0.08981159003263564
0.08103652716499204
0.10935804666054809
0.06852211751102373
0.11268898623774395
0.06247969738088673
0.11554963427627461
0.089533109881851
0.09359724803154332
0.09372676893835055
0.08319027560613672
0.10715577812117665
0.08297167841653405
0.07570110678903687
0.10155789402669112
0.06702267159480188
0.11574996126516438
0.08055604848940884
0.10779549800482173
0.08449086729795745
0.08612347842253054
0.09457816831796953
0.07742382375422552
0.09275784194365093
0.08341430658254353
0.0854307246571001
0.0876558730267764
0.06970362515440948
0.1140597664525432
0.06636626389467042
0.09940070562948145
0.07381485040946005
0.090322818139853
0.08024407157933255
0.09202976043436584
0.10278656263585978
0.0730378187228161
0.0889623672831179
0.08900771159445695
0.08001925263262978
0.11467989189474141
0.06539473032699077
0.1054724412593738
0.06167819802905944
0.11586209622030406
0.08618922970325422
0.09117659333482439
0.09854447153286255
0.07216618451487505
0.10856746343344675
0.08888214027967718
0.0771003555412383
0.10873667563523147
0.06461381657410088
0.12133416823248024
0.07750203373982407
0.10354114405981503
0.08977477508949692
0.08026356687783895
0.10352854240986388
0.07810214140924913
0.09429570010070704
0.08117863903881377
0.07922208682189895
0.09590100793581008
0.06980515423176677
0.10461712529339061
0.06424310799235015
0.09540363645069529
0.07199129730005263
0.09046305634742746
