103.79076878727533
90.15623384859936
71.85124256232521
54.610835022685
39.53496927090437
29.212785112844198
21.073344590378305
13.991823643591262
9.156499801288504
6.108902623154008
4.781163830003969
4.253236616214874
3.517946858655397
2.9539953469470315
2.4801697284094675
2.1798261974447892
1.9029958089773165
1.7191616114919097
1.4640566362182301
1.3644246625265535
1.1603030749534229
1.0161333397630092
0.884247441533014
0.8364935273198715
0.7206641308876772
0.648925506381343
0.5985715953307525
0.5726817161705755
0.5000198348563013
0.47757616963509353
0.4478306588116473
0.4239641966752354
0.4317812657453615
0.38771930068998606
0.44327328346392403
0.39852520791526336
0.4342423853853001
0.39409294073709716
0.42071919907505795
0.39003559683272143
0.45545098508241993
0.44319864183965973
0.4448358785446149
0.4148565514230083
0.47203928245296173
0.4429037492261379
0.5109534725877547
0.496214568508569
0.49226537946420046
0.47050679583557453
0.49828037514340845
0.5052936738570202
0.4970838310471636
0.5499671261214266
0.5633626957217353
0.5423823472332024
0.5405457169199218
0.5404973314579277
0.5642489582218254
0.5551900495507098
0.5454090498912236
0.5714489292863015
0.6012986673767303
0.5976050555861688
0.614794119370926
0.6202549550004172
0.6183013326335124
0.5969991364156334
0.628163389813659
0.6198178961838962
0.6216690099818497
0.6057756502705645
0.6058535086470255
0.6225351191557472
0.6458917541323719
0.6354736728549213
0.6362414315041337
0.6758905969151272
0.6048151562277171
0.6526607360182517
0.6508029312820377
0.6336773314152795
0.6657719765674408
0.6520544448130485
0.6365833452908684
0.6432206683184306
0.6582477601851813
0.7021115324757669
0.664832214962634
0.6423910918668021
0.6857332437641072
0.6607567936876803
0.6814126359029288
0.6737985780295496
0.6658340356799973
0.6684441511762356
0.6900940366802528
0.6901726653590018
0.6730169684051706
0.7006209504144494
0.6997513525406394
0.695169317868137
0.6869017609080537
0.7041582680994873
0.6797409458810569
0.6714364280330843
0.6986815646993255
0.7030940760245545
0.6913651189692996
0.6729774738442943
0.6992346228550573
0.6539440089161539
0.6713248823112901
0.6733140261887074
0.7063355530700632
0.6368165316832239
0.6532333392717471
0.6581140967039822
0.7016386150333492
0.6650022987200263
0.6735492133491361
0.6745472163403141
0.6830127664132077
0.7378046144746785
0.6572213091564011
0.709347410558354
0.6814416180138259
0.7928967546931666
0.6904345711592694
0.7169053712468187
0.6652934756378923
0.6757527985212965
0.6294956117942326
0.6191290652017913
0.6367158691777738
0.6675405162512965
0.6772353996282663
0.6855255335035442
0.7028489353967923
0.6973824806458522
0.6859623097554823
0.6748882953763446
0.7059935743018805
0.7170068148690817
0.702452323467735
0.6947394378467369
0.7090348921855764
0.717811921265405
0.6969874516517589
0.6760239924338972
0.6853833662399159
0.6663590041578371
0.7258717712953231
0.6602962265325856
0.7092458650564238
0.6859313014789584
0.6999222409867359
0.6951281922939103
0.7278367998141662
0.6855211666979159
0.7323816038506294
0.6819748129553382
0.7027730128686974
0.7162597071153934
0.7179324338486917
0.732037806398205
0.6930339822398804
0.7147053458653384
0.7241568985531214
0.7078943138183884
0.7806441349295794
0.698727332748949
0.7250424797754047
0.6944095569857498
0.7150754417231197
0.6931155961608837
0.7346956900922811
0.711665175669129
0.702590627492913
0.6909105309489114
0.7319641854953908
0.6959313344509879
0.7154234146977948
0.6492131897279038
0.6895928692202472
0.7653128641461512
0.644183659551603
0.7188028627680496
0.7191763786277245
0.7612097115646966
0.700987183453862
0.7248773905793368
0.693628889899698
0.7306720134272602
0.7205573432560561
0.7120733335639168
0.7085156574602979
0.7076344440621289
0.7189094687159927
0.6928497424292398
0.7343227364379722
0.7113661273911707
0.7267339251418756
0.6975284247105809
0.7336560073652023
0.6577908412109417
0.6987957917779241
0.6904964374398801
0.7453185455985829
0.6896618719982935
0.7133120589570214
0.682782545137361
0.6662265625628966
0.7020061167670105
0.7295144127587686
0.6759480496441953
0.6730629770125371
0.6865431064848478
0.6921036320055594
0.7230777961879418
0.6846536082862604
0.7554594719117814
0.6659068452928442
0.7039058417431682
0.6825431473732622
0.7340503610823513
0.7248388224571796
0.6815050274652958
0.678878678038081
0.7069048317964775
0.7405169235368586
0.7146857423513934
0.7088495130233136
0.7216846277419328
0.7476711298546906
0.7326608196099339
0.7290096593326753
0.7007939944176305
0.7272684167446534
0.7296328917607839
0.7484919602363762
0.7317331250192277
0.7363399583370782
0.705929340361723
0.7075458634596029
0.7751463067843356
0.7813663676993231
0.68847982904727
0.6849101743868818
0.7262579778363637
0.7543351952621563
0.708509773005585
0.7330566636025009
0.711930116566488
0.7403986957029487
0.6863763232114289
0.7399730971527563
0.6717764597541566
0.683090026189477
0.6508698673437407
0.7081187128353617
0.6589362865869436
0.697824205773401
0.6916594967165395
0.683404909917258
0.7015044636174119
0.6801602671696354
0.6648550352656055
0.7006074591507307
0.6910306785243571
0.7291086383684618
0.6546451108839737
0.7214974087398922
0.6454197615669932
0.6835965193830782
0.7016941772697348
0.7407515126617181
0.6803733425516298
0.6996501973846881
0.7081379752189458
0.6980004599311924
0.7303401715575248
0.7097268345358306
0.6903254218810763
0.7138516923224644
0.6904495272958466
0.7080829007131839
0.6448645925154868
0.6805323338250587
0.7104241712674746
0.7091872671386962
0.698983301485739
0.6779835035931852
0.7138092942227915
0.6936831745048655
0.6636723639872508
0.7088442234415591
0.72523510650384
0.7207604620173467
0.6952254500105923
0.6871836483796915
0.7158642317117825
0.6713382528670935
0.7498649578004538
0.7205949928184526
0.7186506224463218
0.7196816644830141
0.7520083860479078
0.6817700806101527
0.6855628737054102
0.6963468893797433
0.7398266431855846
0.6846590510306395
0.7313018929111718
0.6880771965498941
0.7535565961459112
0.6996623772924281
0.7335095054222237
0.6617616678833785
0.7024850465073439
0.7086270432840732
0.6773837872479037
0.6847913908405516
0.7125156516994752
0.7159642474640218
0.7051168585573492
0.6902549992539255
0.726543684384492
0.7089237700676505
0.7311720450536253
0.7015955859235975
0.7248945490210608
0.741289357352341
0.7329625602095179
0.7000610700250675
0.7468962910307273
0.7036297088419582
0.680067533414305
0.7146001500053849
0.688736534986225
0.6741782491660941
0.7085784441659243
0.6626810972394942
0.7341796244731084
0.7147706682841066
0.7351990573363716
0.6640041870372811
0.7137904451923401
0.6847859324782815
0.7530757500882526
0.693081791017326
0.7057456819648409
0.7213078224536796
0.7078949289602413
0.6911949905375687
0.6845696427807316
0.6868281263254619
0.7057661575454869
0.6919059604385327
0.7365371357795714
0.7234578794658124
0.6731767118822735
0.69412058287819
0.7095780967355099
0.7076585825994616
0.7161661538233743
0.6768897841243288
0.7246973421542781
0.7270808270052529
0.7138519395532975
0.7010384266010659
0.7418493762160776
0.673672908139094
0.7106124225106435
0.6888798548808747
0.7227674336051816
0.6866913604245996
0.7201530397695702
0.6845881025617038
0.6937825217057854
0.7337661118092575
0.724607024910512
0.7361333086637599
0.689245182653763
0.7154672833110457
0.7030822941054236
0.7048886853544154
0.682872541918411
0.721794455668515
0.7117363662712923
0.6684573723648835
0.6877085764194285
0.6921005578321044
0.7304852832608555
0.7347599484079023
0.7562551172527878
0.7269299862241596
0.725098197662252
0.6873650704128432
0.7126914850912097
0.7169889537174271
0.7200188587203978
0.679137895782288
0.7228058953937256
0.7225010150864758
0.6954836897854718
0.6531400798832331
0.757432984502905
0.6881377123819976
0.7241045076169266
0.7008781457235598
0.7070190383798604
0.7252803865391765
0.7259161978068636
0.7573506415561571
0.7573077206844401
0.6961825616428615
0.7101664703622129
0.7044833714397686
0.7648395583210408
0.6805970681939382
0.6827008090933656
0.7299026510866313
0.7568634148338743
0.698066798424886
0.7067946892639604
0.6963102060971216
0.7489807558812533
0.7360505133487575
0.6691531282630955
0.7302564584225791
0.7196799393564863
0.7274402898343517
0.755713159224252
0.7044130778877066
0.6751602724315319
0.7652332704093142
0.7255825038864976
0.7622319013302699
0.7390754571108409
0.7287373156843072
0.720545429429523
0.6940671136831738
0.7058890205069243
0.7145506733999336
0.7535214033278796
0.6946657066139107
0.7092668793401443
0.736622819768493
0.6863383942546855
0.6939016614018149
0.740256413428078
0.7221721538139396
0.6973033479621288
0.6859168613621345
0.7152297750739824
0.7324131096246613
0.717622585284907
0.7105352703181954
0.7220523912834976
0.6641489058661058
0.7262536449036959
0.7527051845693844
0.7088634517271679
0.7075802882142466
0.7158263848213232
0.7158702616329982
0.713791371970442
0.6692093312283918
0.6894564759546301
0.7249603174628616
0.7153952966162943
0.7119876973087014
0.7364084661682514
0.6832796374986002
0.6814227131076941
0.6677402402509243
0.7266096792721434
0.7273483799542346
0.6866804454466766
0.7419250349082582
0.7124552515531447
0.6778340565386082
0.727812556174724
0.7064982342169676
0.7007812643211903
0.7163970822166692
0.7396635550996302
0.7158612187013339
0.7547498798021162
0.7137247414854337
0.7659273550586133
0.7543846580432334
0.745033332961922
0.6937028641794456
0.7009496584254727
0.726770726852794
0.7611031068675056
0.7229412661941997
0.7311786351716199
0.712021297960635
0.7253729682908241
0.6807733594116644
0.6893001051475157
0.6950113234752012
0.7086881782109257
0.6921141139647154
0.7389894235052247
0.6707898325752795
0.715704096672631
0.7117645858906769
0.7391474845914019
0.7019172878060348
0.7107753889320396
0.6886794619712162
0.7423158941990071
0.6926156072148524
0.6839748874002873
0.6958537018267436
0.6649668046406548
0.7044625430946877
0.7382742512521058
0.6539923111578473
0.7060909552577346
0.7312165932223275
0.7144189543435667
0.678443302935423
0.6673526243238778
0.7140720120034182
0.7305126212730313
0.7469610224598954
0.7404237677406622
0.6748120086098954
0.7012369143211395
0.7261432576735125
0.7079183618889627
0.6900074260816856
0.7276383409735541
0.7434658379245579
0.6908290893860909
0.6846287305732355
0.7123896849502424
0.7345302761787206
0.6847927884999505
0.7259225490325529
0.6960693302798566
0.7269023692044785
0.6959097467223132
0.7112463312616901
0.7397003098682244
0.710264917138546
0.7076997860970731
0.7331291926887836
0.7696841862697695
0.6641915193989878
0.7293522592750519
0.7224848823880766
0.7097183784418674
0.7058848800997893
0.7520619649207804
0.6882181568550484
0.6903936881539149
0.7465088051795513
0.7754250331973794
0.7314804744829861
0.7068640759365531
0.724623420937309
0.7265398450006226
0.7115135666136017
0.742749103805372
0.7047760669234068
0.7185032893097524
0.7042861644646674
0.7074788417215504
0.7351518770523329
0.6493298197931764
0.7090021893133477
0.6978036065856068
0.7468506451889378
0.721429888131021
0.7225125244135714
0.6903569607888735
0.7139100166345356
0.7195658373147098
0.7167870942062741
0.6819407068763081
0.7031622990823609
0.6976527622923354
0.7322457722831458
0.7095057028258926
0.7323046790268487
0.6559597258638614
0.7358022521434062
0.6925208650466245
0.6796662127970096
0.69991186449252
0.7243587861583586
0.6805487389945035
0.744037755333186
0.7098939317744779
0.6922222203875109
0.6918777027856884
0.6872543523828026
0.747957848712402
0.6885636152107528
0.7297312201690903
0.6984359982063323
0.732574200170549
0.7146368517410788
0.7270378747614354
0.7113287183448271
0.7359644269544152
0.7227799062587013
0.7115936636471548
0.7051201146817881
0.7126415426135588
0.7064306590204381
0.7148176311405297
0.7361276678893373
0.7084577479348028
0.7449215991931126
0.7149033011384699
0.7367894098366364
0.7290255510964649
0.7101049087968655
0.6998362319980785
0.7420156952496598
0.6947697148134764
0.7062478557478
0.7070309881412989
0.6787293508885102
0.6722105643644227
0.691671176183238
0.7225879840232365
0.7040908674365157
0.6827592962397921
0.7758361193080279
0.6846702179064057
0.7457029430612335
0.7224723893283005
0.7659178509664011
0.6669542636635124
0.7379947499174844
0.7522164432584023
0.7623187198217263
0.7122171835656826
0.6860970249251427
0.7376125155553813
0.7261109866445147
0.7455824783931756
0.6959431677707208
0.7178271980726806
0.7124361913198312
0.6742682263982415
0.7298502746164062
0.691880642539552
0.703547573058471
0.6740134406759766
0.717270449094053
0.7034968233437416
0.6849392025452495
0.7112608628312711
0.7305413111121064
0.7047946588813448
0.7229304141568154
0.7104076207970345
0.7296697359857035
0.7210105270922785
0.725384961601428
0.7189901665705081
0.7119308912614914
0.6562868388410693
0.7478507022148883
0.6857655013223791
0.7586337796827105
0.6951923486530199
0.7418985195984432
0.7116000694228082
0.7146343947378951
0.7016633107421536
0.7174973511261762
0.7203895076750587
0.7464436641316878
0.7185740202130197
0.7031216490157632
0.7256388418332808
0.7260035288519336
0.7120438714158412
0.7356671532170153
0.6831279560836514
0.7228475838380498
0.7107315685123052
0.7349944628282116
0.7074728055513237
0.7433198163601268
0.704146066354156
0.7252694208908673
0.7424501768993457
0.7525219132715393
0.6834633228790479
0.6846385190349039
0.6861446735445198
0.673421259242775
0.7239670457850427
0.6664609402768501
0.686861514560577
0.735004950483854
0.6914565020781845
0.7204877906536169
0.7157178958275191
0.7149439446508585
0.7319370691775007
0.7149839314430604
0.701639658199691
0.7222085439648263
0.7249955547926417
0.7281377795013468
0.7296529728674371
0.7103056630339654
0.7124067506096154
0.6869645736728469
0.7223007675176014
0.7044898077181098
0.7406077831599527
0.6970678012283194
0.7275219031939021
0.6755712499298445
0.6862886485513526
0.73243953371101
0.7209349210516015
0.6686129061868606
0.7093684053973387
0.7418189950736643
0.7229816223802411
0.696498174209666
0.7225774905245249
0.7125714145762639
0.7471357228898401
0.6804604630703798
0.7101852884010647
0.6821610186349025
0.6990438221349156
0.7406497980847516
0.7019266382830285
0.7044748355746884
0.690923737516814
0.7206914207305924
0.6676255227428131
0.6956555626814943
0.746134282091695
0.7138010280751208
0.6992462337621095
0.6996182542843049
0.6880470972794593
0.7135827177193611
0.6982931555224
0.7243758275769631
0.6978977511595479
0.6886653943839719
0.7038686716218882
0.753471562786464
0.6970168169247579
0.6882607018330268
0.7314901941549462
0.7142261863722437
0.7105039818218701
0.6942905375534114
0.7263704617399783
0.7011207670449179
0.7200718664426052
0.7170067736318118
0.7054846962905055
0.6989885652605978
0.6908990959966791
0.678133336726444
0.7190954424001796
0.7217844401471302
0.7559796122071228
0.7082229747185146
0.7119879893274063
0.7048073839922454
0.7444419363121894
0.7636775476864462
0.749214501696314
0.6596523901671313
0.7037211888707129
0.7088902003340274
0.7028241428174076
0.6451346665855109
0.7370033161358348
0.6983343913455946
0.6787607592626861
0.7180766538513186
0.6988191334976905
0.6932637729473307
0.6822845804398363
0.7182643532568925
0.7022155602007372
0.7657271820632965
0.7340210441124484
0.7172860501339369
0.7131904932873472
0.7115432740519964
0.658561332489235
0.6913079778679059
0.6939647651916458
0.7061405288867241
0.7189528807043384
0.7144322450847637
0.680645701706885
0.6815032925058
0.7109332144975713
0.6967672650264152
0.7023877131969924
0.700422366527746
0.7148226643788336
0.6725916687790939
0.711775829501996
0.7311444120300559
0.7201468627254598
0.7041813986259434
0.7229823084434632
0.6878246319169656
0.6926004582727953
0.673062239781942
0.7343020956923109
0.7038015769610126
0.733293023321865
0.7493895723360287
0.7359725867183284
0.6578721822722708
0.7138580956229041
0.7230976718245414
0.7339194373686191
0.659474168437718
0.69297796155796
0.727945292197515
0.6696185635939277
0.709532366785966
0.6409593121729898
0.720141822373249
0.7116953988080585
0.7465897965367864
0.6851126085384651
0.7191978776840673
0.6674567061205611
0.7193690367979308
0.6766068784809809
0.7298822667090507
0.7399768661373494
0.7247949998631218
0.6963563257378108
0.7518258628273591
0.7274775541977179
0.7367760921702201
0.7258019479701132
0.691782231006244
0.7321272484813853
0.7138840300579021
0.66976566036077
0.6988880557567285
0.665607441442445
0.7329688602621912
0.6598084636114868
0.6908615283839472
0.7005505941809147
0.7286827000344592
0.6919722790153882
0.7200648552462695
0.7197444056152907
0.7496541773662088
0.6780239444135867
0.6886525608600911
0.736683199243596
0.7040801665885911
0.7241328852072904
0.7156348256659412
0.7338890312653715
0.7081264149117844
0.6990328643407299
0.7248463857828771
0.7081003915068538
0.7052998904172971
0.7061296585095599
0.6992072169506505
0.712760428456699
0.6939090621748413
0.7487252004678205
0.6969941189203558
0.7044363087561367
0.702939358160729
0.7445030073607691
0.724901431632988
0.7205519305201692
0.7212843295095105
0.7286147225779356
0.724207546272173
0.749312644848438
0.6807139452655722
0.7859384696250449
0.7019398065077026
0.7123059656901922
0.7006670501410837
0.7242691469298186
0.7088774058466101
0.7384099668147432
0.7036944451269096
0.709235380341429
0.7169869277690231
0.7251172297518368
0.6931154863344996
0.704132387314624
0.6861089002722315
0.7094162390484455
0.6992811422533842
0.6896086864405498
0.7385423192313135
0.6862590877432122
0.6892057880044408
0.6597416129266852
0.6893876411765641
0.6683065807927759
0.7162077144029134
0.6740035596710321
0.7329498753961322
0.7199986878746617
0.7519681088306408
0.7294725486597567
0.7189425643461934
0.7133450354759663
0.6844765948014598
0.7223227845878484
0.6949785616603766
0.7170656654731624
0.6912442509252288
0.6985345685008167
0.7244914838818561
0.7550751760226411
0.7130203570518706
0.6728042373160634
0.729801248335525
0.6970317463558342
0.7069347060165695
0.7040079574061905
0.7314493197284847
0.6792322903876558
0.6712054060563456
0.7225036368765186
0.7205001641325165
0.6884422668556575
0.6802657458994261
0.7083285921229701
0.6792857895854675
0.6975614642422043
0.6905234607830057
0.7030563491922824
0.6926481874629983
0.729330760178105
0.7233151363918776
0.7284094315002244
0.7057752444646106
0.728184511401054
0.7112757467137689
0.7166177284547439
0.7199802217864062
0.7040230287433825
0.7064794013720795
0.6979008057557
0.6509063836559401
0.7277469581042497
0.6933876108054143
0.7067542545079512
0.7109136597885475
0.7424676877747449
0.6808262840765559
0.7093476892795061
0.7031969322134533
0.7015833548386824
0.7306239390960012
0.7206140488190793
0.6919363849475837
0.694373344098293
0.6747086533206197
0.6931095234835922
0.7521130209556738
0.6753373542615397
0.7222750064366504
0.6816150405666044
0.7207595018977747
0.6593928317854761
0.7349104487699342
0.7229326770509401
0.7086621434660137
0.6838774790613966
0.7250182604039711
0.7461046921248093
0.7181411536327479
0.7408869209685521
0.730162537533529
0.7755302152738827
0.726799250915492
0.7314785257015421
0.7238170554246169
0.7042660951396663
0.6966842078716049
0.7347310972893758
0.6907440786431772
0.707235388442343
0.7143646701178205
0.7474488751316267
0.7001551464673785
0.7069928236717368
0.7071959231824937
0.7417953016156573
0.6746564855654646
0.7162658395584952
0.6435380052562184
0.7127616338642552
0.7212326863866666
0.6934523341714216
0.6967164813295474
0.6975514120435464
0.6742702537078132
0.6892695997351451
0.734483279087555
0.6908820372701183
0.728350768435023
0.6971201481866671
0.7524535192243875
0.7221758368316809
0.7090809185646839
0.6734408044003419
0.7045634025204659
0.7021324185582648
0.6976624568724749
0.7033576735112304
0.7177712937035022
0.7211545219028854
0.7303271170535106
0.6462180531924087
0.7180078676712978
0.6758750406427297
0.6995530940508081
0.6456870126644134
0.7184149910371562
0.6699102848655778
0.721318755338291
0.6879152878157888
0.7228610314245986
0.6591877684311935
0.71913633574362
0.6649299864743682
0.6849886091214068
0.680775879604516
0.7222235349728777
0.6399190756713964
0.6678802254457097
0.6990307972147045
0.7389859588896243
0.7348177899782933
0.7383000247599637
0.7015079813339153
0.7189089091488239
0.6948839521344466
0.727916361569171
0.714935936402942
0.7023011223204064
0.7177513305185104
0.7242853755535617
0.7063246542531337
0.7277705139496846
0.7239918306677019
0.6592048519691039
0.6572133973117482
0.7431771288744533
0.672518777554764
0.7317127336751226
0.6656694563125278
0.7357878461148162
0.6806577128017129
0.7277721795346295
0.679681611423283
0.7052407206255161
0.7071232074688225
0.6948760850757375
0.7146248054654666
0.6921853382690842
0.7042761246358131
0.6990229309876629
0.6945849539276897
0.7211060481436382
0.7123355906523833
0.7262797135930746
0.7163915814905729
0.7173481624252905
0.6702160943264861
0.7298437885405294
0.703624005357806
0.70394374495557
0.6875520940203439
0.719982654668177
0.7405205117318489
0.6958192899948884
0.6940664023377383
0.7157246477578977
0.6994189147692452
0.7394145891653485
0.7486560137580967
0.7230547685530587
0.6900375327430452
0.7193551072920984
0.713910157651944
0.7315946067298688
0.7185226164525913
0.6947629905751652
0.702380597093432
0.6840833747067162
0.6922336771491476
0.7368008594629708
0.748034957169822
0.727388072000035
0.7116150739258872
0.7142089708123677
0.7162617436173596
0.7144342971602965
0.6846473405958199
0.695377198289895
0.6744483883044862
0.7136220937458025
0.7356459528164624
0.6876961394918026
0.6750955091655767
0.6972395190716938
0.7321616999809906
0.7468921503812179
0.6907361428408286
0.7115509915652477
0.7076259464182175
0.6921690878803971
0.7211618882610656
0.6681910397331505
0.7324312400299469
0.696704458882772
0.6962188873939109
0.6667071937957423
0.7132522699763014
0.6958604710078705
0.6953008647475931
0.6717974065681399
0.7382661561354446
0.7149396164204511
0.7411011417593193
0.6863057221403024
0.7039123833257573
0.697816366862539
0.7360794249879151
0.6982764182333953
0.6757793152572824
0.7156072060396481
0.713326791587766
0.6803075872031575
0.6895210500073761
0.7311301005332164
0.7199859817426741
0.6899332219294985
0.6893089210556346
0.6546134320446604
0.7010331163090796
0.7068350619740718
0.6890796764348611
0.6683329421852382
0.7103275149318032
0.6605292105387847
0.6944808998669759
0.7349104967048101
0.6979930096511607
0.6838719413327874
0.7061010509472874
0.736150798530012
0.6904951816138539
0.652285776741671
0.7109679034292599
0.6900272136516973
0.7052014933448196
0.6885208127999318
0.7123779592032446
0.7238586824054093
0.7001027622903063
0.7143218548905576
0.6833567730380204
0.7090201443898567
0.6681267500754338
0.736157022179761
0.6933918680597698
0.6898169428452742
0.7162754488786941
0.7173735181827205
0.6847409753806125
0.6775618190009107
0.6749412373269322
0.7208844482117283
0.7250923068723475
0.6624342094786585
0.7162582113249579
0.7154321971414543
0.6748006925060311
0.6835176414654804
0.6875017054749641
0.7176994316235308
0.7198411293450953
0.7161784665507223
0.7079907819182285
0.7423752034812574
0.7112839030262231
0.7034867257063372
0.7413027718266891
0.7128599517678376
0.6891730167068203
0.7296137522371996
0.7049798567562214
0.7027839967708029
0.6993088450143691
0.6990840336381794
0.7340531729036865
0.7162217047610383
0.6869981254813162
0.702970308985976
0.7442619534943816
0.698442517386255
0.7020357271300419
0.7152799991033956
0.6960295874426513
0.6980332849378317
0.6719185662443663
0.7293806201871967
0.6879421948995035
0.7208951623358373
0.7119855579112911
0.7024784820561351
0.7147105963923533
0.6805048481221543
0.7163984898551192
0.7255056005803195
0.7019519208101073
0.704364334010659
0.7386476909451153
0.6871200071128283
0.6796105646447294
0.7009664511063114
0.6962304260639995
0.7113961122318079
0.7025666120641573
0.7109400626926657
0.7135699992803493
0.7031578060020561
0.7374248493223339
0.7007274311880115
0.7473016980184275
0.7411847288970795
0.7281880959127549
0.7191092980781503
0.753960063229956
0.717555754926912
0.7286851551125446
0.6934886236003239
0.6590360288473195
0.7079132811024468
0.7371771471751023
0.7133844695332925
0.6864091234503624
0.6836489072173109
0.6948415665062881
0.7159903937260048
0.7077535338453704
0.6996809409247018
0.6739604944087363
0.7262601189258712
0.6743498003970283
0.703884120650268
0.6624566820366486
0.7043952805764565
0.6830701140535587
0.7142311006586087
0.6579030122699616
0.7005868112350572
0.7222274653374243
0.7119893229148766
0.684743848578887
0.7157252954166929
0.6836799236785887
0.7195555224156587
0.7107968419381593
0.7050685397054309
0.694860550794305
0.7004298670406698
0.7151312850067971
0.735079180010631
0.7222037386588689
0.7091028113844394
0.7143628929017625
0.7158959046254741
0.6952796169151426
0.6979572541003533
0.7181640221276866
0.7215843736994665
0.7099932378364686
0.6824770746180636
0.7194920977570284
0.7136633130469429
0.6688631158803816
0.7319559018609704
0.6938990250671581
0.6640850244846476
0.7655096466815489
0.6844602600661893
0.7113169598276026
0.7359736421593708
0.7136944083772774
0.7212952479870952
0.7221243541325171
0.70991642813249
0.6879969429688219
0.665928519792319
0.6932425320627946
0.7040655804360118
0.7072229472188665
0.6941051099035243
0.7100558778122524
0.6751567204982355
0.7392822457339789
0.7614821253248277
0.6973710752906798
0.6925131727012879
0.7087527129034696
0.7124046366901832
0.7086441082123526
0.6707151277035401
0.6671895375504601
0.727079791325949
0.7093521123965288
0.6987225258172958
0.6983424088833903
0.704220586113413
0.706576447483521
0.7084899202156772
0.7332526735288454
0.683740831177338
0.7043568351879863
0.7136275477291419
0.7518582195354357
0.7216766509182115
0.7091449079149548
0.7153956010269763
0.741621111508922
0.6917652758181938
0.736342449203434
0.6793473403757064
0.7182034813990086
0.6905269028306066
0.7314807856500709
0.6910985461734985
0.6871925950593538
0.6635065337640983
0.6955634946087598
0.6921018300757522
0.6939866882391152
0.680138083488245
0.6903883463732218
0.7090946660516412
0.6918904992793936
0.7259145440404572
0.7237810751475158
0.7503135357396266
0.7030927697469316
0.7062157766325726
0.6998976266310777
0.7269016639046871
0.7083516179063127
0.7087205985445243
0.6650272648504337
0.691045350599927
0.6842763876668552
0.6807663086776724
0.6699421724918266
0.6530495655644525
0.6871784821229254
0.7489605162073497
0.7081424417311448
0.70892142513559
0.7181646114115071
0.7590698111613434
0.6966983435944104
0.6973761871903452
0.6772992031555957
0.7187261379379342
0.6872827050720353
0.7214087352563414
0.6838513250329576
0.7107919328638334
0.6601671307137114
0.7344660032522935
0.6786922903844861
0.7216852436662413
0.6902683254259724
0.7210367861398669
0.7046654435781992
0.7132150628220885
0.6947116278825968
0.7398047100268582
0.6559758531950632
0.7237318279335628
0.7106848021288131
0.7526155592367717
0.6926774624146484
0.7141237118257479
0.6908121515779676
0.7132659353244225
0.6962001111262522
0.6925242892641662
0.7506739894792616
0.7190119544411886
0.7123924524765988
0.704915018394861
0.7134377310342279
0.7199248869091033
0.7279875179856773
0.7221673638672794
0.7088863352392051
0.7504840341775016
0.677224047140195
0.743474153532101
0.708884353085579
0.6895830752924085
0.7225328037156
0.7241310883071786
0.7280224185938597
0.7249879958141118
0.7145621563032567
0.732900999592576
0.7011850788422935
0.7007281082529656
0.7116417350174773
0.6911349873866357
0.7375152877531567
0.7359920444587972
0.7524126095346193
0.7271968790580137
0.6741808185997812
0.7229383018803873
0.6734559552267823
0.7179803560834775
0.6928625857661033
0.716694839410699
0.7137681346144459
0.7010726446299498
0.7008774544427917
0.6697738596349309
0.6757658709540327
0.7164817921980356
0.708172378187112
0.7150320023113236
0.6811614572430047
0.7186585114920124
0.6966036621498392
0.6972366523790258
0.7208169586285686
0.7404746154786
0.7157725778720976
0.6586907330347986
0.7181012411459371
0.6949155693077651
0.7010576613132423
0.7033060607116878
0.7106414116645052
0.7198743241829495
0.6828991081079636
0.7463019508823072
0.6881600080237378
0.6911651398843376
0.7289962197053781
0.7391794160799557
0.7061621148566045
0.7030583739844195
0.7325995196080639
0.6975060067078362
0.7100982485766839
0.7456526506329733
0.7083892381645445
0.6799012295223972
0.7101773619770076
0.7256424211807783
0.6900432435424229
0.70401577303902
0.7017399362078188
0.6588944544098694
0.7231157581480255
0.6617723775536959
0.7233479150022541
0.7118972475399329
0.7233460849325413
0.703099141328873
0.678636220365143
0.7192923833326226
0.6725871695369026
0.7142173482645279
0.7263316930050967
0.6785080478918272
0.6986065184726112
0.707624827410795
0.7000806604844949
0.702192291316314
0.6726925336578374
0.7207304778324003
0.695629909287243
0.6838315659410119
0.685194866833596
0.697764465392971
0.7072477318467794
0.7270094782112865
0.7019659274292286
0.6925641103479088
0.6921794437014069
0.6901480003282224
0.7042779926439939
0.6999372809002481
0.6893143253334613
0.70614374285718
0.6961489231181969
0.6988460564160257
0.6898431548469786
0.7316696172798803
0.7022761302864383
0.7128891281946538
0.6962155336154078
0.728516985541776
0.7061003787636886
0.7358725910191222
0.7169449599944103
0.7301387375233765
0.679093498275761
0.7153576027656163
0.7066608010698571
0.7119529488196256
0.6853714551692683
0.7054881710220129
0.7434931240870393
0.7142626426237708
0.7290845706338085
0.6983617902694056
0.7135519386339678
0.7119667745401242
0.7351051727029113
0.6912680714430237
0.6724903651968241
0.7043040794963469
0.7334356378326993
0.6993207192657546
0.7224514242313669
0.7181949418221599
0.6886900866039548
0.691225237484347
0.6635651019336747
0.7136913249657306
0.6860817741091445
0.7091799409540648
0.711056720862553
0.6834190055223388
0.7523775897970018
0.7133630059056296
0.705063769572392
0.7141204729446343
0.7269954446092134
0.7066954177025782
0.6714779605190752
0.7156768796350971
0.7072795733796376
0.7000619650823527
0.684125487824467
0.7438621928134503
0.700354543136525
0.7258111675564802
0.728553449985626
0.7274747592661043
0.6869708588738964
0.7416733446188857
0.7168986621807463
0.7794550101659431
0.752582327593214
0.7119843171835528
0.6838861088940573
0.7623842909714008
0.7105549359429232
0.7325901704738609
0.7159174642116489
0.7219477281243327
0.7123637883575284
0.687602725202684
0.7441667892566779
0.7166150091202454
0.7099976197546518
0.6892326878238982
0.6827159299114731
0.6698761731910616
0.6943377174272998
0.728564965059258
0.6838023358487552
0.7081677179611159
0.7315446909025758
0.7356838248386753
0.7169638847856395
0.6977796436547952
0.7164591398993895
0.7266523670242172
0.6653263312402887
0.7261102253916345
0.7003037892799189
0.7151010512024073
0.7215668682138225
0.7142029219269609
0.7190184629921479
0.6772377693476263
0.6861814750041539
0.7093398901151649
0.7089593622161668
0.6727252213371374
0.7394852525979804
0.722065043410582
0.7061214934989942
0.7170512745206484
0.696451683648771
0.668557859353951
0.7313153770004701
0.7246349072236193
0.7286771467388846
0.7026392156169436
0.6856262387441225
0.6833494470899308
0.7689777301293186
0.7499079869146185
0.698346884266606
0.7397849911163686
0.7267403801544352
0.7157086616179801
0.712999056494798
0.6844368771405978
0.7392373195505761
0.7422774607228244
0.7554462357221834
0.7308401593669911
0.7203128553549756
0.7278223557373438
0.7096945845146307
0.6901302986572881
0.6798034540705784
0.6955755218572042
0.7183377238119583
0.7021683678891644
0.7166163600041733
0.7026772803177062
0.7069828961294673
0.7179410479727676
0.7114807586112603
0.6756613923059093
0.6760349675566992
0.7135759690545118
0.6932138609149724
0.6689861637000815
0.7042798129904386
0.6822254088827041
0.6728197778954303
0.7275498990170655
0.6840327072193769
0.6978420950222227
0.7172416600673198
0.7099204071969921
0.7075215532531639
0.7023675477864749
0.7187741262289719
0.6969791398950673
0.7065888813736301
0.7105594103194643
0.7572266396031931
0.6899129761422006
0.6812942442918404
0.7005249682728033
0.7152814878410976
0.6878389209735851
0.7077152231200221
0.716142002057623
0.6972779178529477
0.6551899883859313
0.7046734723749328
0.6447764346129244
0.7605632265025025
0.6789421609871399
0.7175876526158858
0.6801454969277047
0.7215866870249047
0.689434675223684
0.71998850397956
0.6946419098302669
0.6994380582053988
0.6948255858307533
0.7001849282948368
0.6998073447694052
0.7018998673076128
0.7050813157843695
0.6935715898125107
0.6745830723683383
0.7185233638571638
0.7111543566912161
0.7354564609583402
0.694614609958198
0.6828258049529163
0.7225454709737357
0.7377101578718189
0.7378414559610301
0.7004778885348757
0.7130973479887597
0.7132079342185286
0.7397301974663156
0.7205000820742739
0.6993300631413548
0.7094988228132156
0.7048937730019073
0.718966842126328
0.729513291722715
0.7044669574404825
0.7105497108247478
0.7112507627192021
0.7021217988507454
0.7025191145449867
0.6967900215582274
0.7185363504480945
0.7011223382125753
0.7351675014800522
0.732650583714195
0.7085115681091078
0.6895987340528057
0.6691489347343652
0.6916584410970403
0.6965370722122886
0.7155217217888734
0.6737305235406703
0.7021458164257391
0.6954501328876247
0.7099512923671464
0.7010618418923812
0.6769293056867483
0.7124815815100499
0.7057168665204708
0.7051535507294748
0.6976628877096933
0.7146497079584759
0.717090979532902
0.7028750688339014
0.7178588046907255
0.703099768279126
0.7169286901370978
0.7040231258124329
0.6966675633999615
0.7170980038547062
0.7100992252770122
0.6697335181584246
0.6996572139395737
0.7063833215139985
0.7027030921811932
0.7283947026437821
0.6613001017461363
0.721583456434635
0.6719797528582052
0.7151228475586809
0.6825003464438335
0.7020372626188498
0.7088848986830943
0.709503780735464
0.6600079707303055
0.7000923798811562
0.6768094124114079
0.6631411734560081
0.7025021130086796
0.7019001387355149
0.7202764678359326
0.6773010186812458
0.7069314476419629
0.7302502777069063
0.7177244564722987
0.6700471665575928
0.6949234755248326
0.6996294584633083
0.7103105848758612
0.6998813071886055
0.7331620751797694
0.6953446559263704
0.7298690821473471
0.7285870113154855
0.688446553420609
0.6856533983699604
0.7069857927864754
0.7166625589850588
0.7011028706065883
0.7463309050568192
0.6875893858121341
0.7030389264103943
0.71269119884601
0.7094236970083443
0.6845553985160764
0.7388807458801703
0.7447623056163162
0.710521500531933
0.7146134624572085
0.6790932659782747
0.7140952639029955
0.736850615395163
0.7466726478915626
0.7001144898143383
0.6741293024571564
0.6807826162513997
0.7416975005566008
0.7174074384693813
0.7151305909810926
0.7244719205231364
0.722811788508143
0.7348902673891627
0.6830597684098683
0.7104775871224274
0.6757786404909855
0.7239085736855297
0.724969690464523
0.7313489906994252
0.7385598747047032
0.7033420259622016
0.7219246463224398
0.6749297123173772
0.6911846144917992
0.7154477524574496
0.6933254664204875
0.7128700089911715
0.7000287912209173
0.7348221015659071
0.6749037317397742
0.7039747201563404
0.7299472133648147
0.6592847651126539
0.6700549642533499
0.6730568831825658
0.7109243402323852
0.7202412052839747
0.6633861813410594
0.6935350474252562
0.7170317597890121
0.6677774858910182
0.7134928080810744
0.7216105214166931
0.7099336368947499
0.7189094389514918
0.7221434804228716
0.6801695651182583
0.7286496593601334
0.6901955224910388
0.7182292386856066
0.6668124803212895
0.7064837862493921
0.6917317044118058
0.7331091756969373
0.7117533824539573
0.7021890214207547
0.7341192035058123
0.7225784953666518
0.7217022479435314
0.6797763537934988
0.7409335057762767
0.7160677499054691
0.6836691360994683
0.6940885102673792
0.7698896866702664
0.7128896178318013
0.7325753106044128
0.7005774157121576
0.7157306211447958
0.7047716695589411
0.7208989668622531
0.7064995779804284
0.6923942521300762
0.6860668254633437
0.6686814529879376
0.7096292346208358
0.740600196512805
0.7206419890741972
0.6914659347717043
0.7109299937533579
0.6964244494579349
0.7084124350886909
0.7372473351691406
0.689340083684225
0.7074477004752632
0.7174275241379224
0.7305655587675649
0.7289904423004017
0.700052652697644
0.6798993061507524
0.6743609593932521
0.7426112143254051
0.7231690889163783
0.6851325704579452
0.711311377057279
0.7382696102405649
0.7063523367861281
0.7240702706443298
0.733326222326513
0.6944944159486438
0.714333460955372
0.7056734898269601
0.6695174342895448
0.6907448690283078
0.7209289414767864
0.6766667274007924
0.6695627932347582
0.7414078048699826
0.7004082595222659
0.713496261978393
0.6846893126227475
0.7215327677911748
0.7114750188977329
0.7160592561024328
0.6946753002414304
0.7066205187641165
0.6831436347262491
0.6934585523309584
0.6661072755775842
0.6968853271282587
0.6800608674150901
0.7422392312038337
0.6956325484121139
0.7130990474037453
0.7120655557452428
0.7480662131982958
0.7283401694267321
0.7092873237638749
0.6932781721375741
0.7217049069697858
0.7230720682706205
0.6891498544850889
0.6877650374442794
0.691405793830525
0.6920228280103036
0.6896402572403102
0.6826809696097532
0.667669366392718
0.7438867088968683
0.6823720869427875
0.7458079628595164
0.6943448422012192
0.7399360498770836
0.7312774435460861
0.7129950777156084
0.6989924699429827
0.6946147333396219
0.7103041951591464
0.7349842104622195
0.6687262685607163
0.7058096469308143
0.6730757782992511
0.7212037818594632
0.6806887681309229
0.7016978350440207
0.6878952925726279
0.6806674570112781
0.7217527468887418
0.7115199826902033
0.6555313149231247
0.6958307496144881
0.6856372963003428
0.7184858385082986
0.6666714356103027
0.7049313666908953
0.7149545423122672
0.7290419072343366
0.6903138866101122
0.7140430491770292
0.7110517076622453
0.7514564777770836
0.721817291984142
0.7205955659050706
0.7273118888478343
0.7098417241970879
0.7125400760675991
0.7344449267531827
0.7176012968722357
0.7056184808120547
0.7273490684682851
0.7338744039449379
0.732981545594361
0.6988656177957481
0.7574592053145351
0.6988532522272592
0.7335738674032679
0.7201783959033039
0.7418751648085895
0.7374169446059459
0.7379935520280333
0.7220604868846661
0.7032459804143454
0.7179467887603518
0.7327682916221694
0.7369912388760411
0.7163230492858556
0.6885307549921623
0.7271037212238353
0.7284507321872307
0.7020473843466178
0.7016898875735191
0.6820285851505793
0.723959191821442
0.7042200326450253
0.706970191835587
0.703670900828474
0.7021878354413441
0.7104481478973611
0.6530163959892463
0.7374823588082444
0.7008033348979804
0.7203803230405555
0.698662292122137
0.7311070838270309
0.7181678161136871
0.6982491129020011
0.6930154494663485
0.7124730596364152
0.7071286550402406
0.7247992629107118
0.7034331206580742
0.7173315682962527
0.6838881748027158
0.724412913351249
0.723166614971804
0.719845759364578
0.7313038811533326
0.722405100911026
0.6829338565006038
0.7140483915198641
0.6724925499740493
0.7046535156890217
0.6691106849267557
0.7539018805748107
0.67708981017295
0.7022218278051033
0.6988098696543388
0.6985293202055404
0.7459361038103998
0.6773376401504045
0.6975016460443727
0.717516330984186
0.7359129613854167
0.7133620389905309
0.7032600980447613
0.6886135514298306
0.7021468950872954
0.7062391524452818
0.7037375313406726
0.7128899301682154
0.7040943151748813
0.6850848294505334
0.6806326587702636
0.6889691063995061
0.7030772813384025
0.727767945129109
0.7153672993643592
0.6518697499334557
0.6940860421138453
0.702287939977805
0.7448829739669657
0.6994774590648626
0.7363714688385975
0.7246693382666308
0.7519533262458894
0.6912737524528386
0.6893014077498812
0.717269070629629
0.7318745543416472
0.6942125208631684
0.7070073303642953
0.7184457496948212
0.7163633683610212
0.6797610224045029
0.7135326836239672
0.6815996532361781
0.7246075885347835
0.7040796112826115
0.7057287344038334
0.7255304516754499
0.6937909532359752
0.6557354961493427
0.7318615166014584
0.7182169790065246
0.697059903373528
0.6964228706173664
0.7191265518364616
0.699852278781357
0.7331342885336231
0.7013044952594867
0.6754291529569133
0.682172914837188
0.7220817278008922
0.6778228906909141
0.7241487905561326
0.6938033502402634
0.7123653235567108
0.7155145751044277
0.6834196311437142
0.7066298432292235
0.7130050582468794
0.6628950874320022
0.671515151294447
0.705815845459904
0.7013098775032865
0.6794381723023043
0.7163295119957652
0.7099067578528647
0.6855166460880081
0.7066783802302383
0.6997173989828057
0.7234193847052862
0.6827137514293007
0.7033224062182913
0.7240448746414141
0.7086426440540271
0.7161050540878315
0.6955246878291397
0.7197550944445289
0.7044656129512463
0.7040212027304814
0.7180036491796772
0.7778961712257827
0.698552357271816
0.7060236106817102
0.6958010311728783
0.7364893412358053
0.7060535633637248
0.7047552381519528
0.7177818827112292
0.7038593202450218
0.6742874250064025
0.6950186590572989
0.6799950754856114
0.7204067229531781
0.7001705536980298
0.730679328166742
0.679891637358806
0.6945529723537919
0.7179714473775409
0.7099735766259143
0.6932266638619623
0.6819250532258203
0.6770578180142813
0.6899112339020671
0.7090975859300405
0.707361476963173
0.7039574882193121
0.668063205779259
0.6946077557678558
0.7446098475989217
0.6909069539446141
0.6843172866859908
0.7351577226795079
0.7197440025126018
0.7509539752478686
0.6878908980277131
0.725870117534903
0.7071020935092976
0.69654837267288
0.7316565973155449
0.7024414531040324
0.687679271545115
0.6875524068750907
0.725301175951963
0.7102459745131838
0.7150192263394827
0.7167667242860414
0.742187081191807
0.7323059058248931
0.7070447217091913
0.7134672706342068
0.6808418132069973
0.7078475325059747
0.6980013642980333
0.7100271863955288
0.7008230174112773
0.7411300371994018
0.7171905784372472
0.7349523678166645
0.7081815616894502
0.714640904543556
0.6801423161235222
0.7098912519062038
0.6916778509948003
0.7413244325636249
0.7417485901992212
0.7366562064967701
0.7092362271596269
0.6918748991865614
0.7108400845267694
0.6988421673414912
0.7030198579215207
0.6924132446688377
0.700156462087526
0.684074999680039
0.6894446322044264
0.6777786391010832
0.6821278325852048
0.709396503379764
0.7335160303186438
0.7550141570585078
0.6930532647998713
0.7068938005526614
0.6910280412228857
0.7393407273784854
0.7026741402535446
0.7023233353734952
0.7009850643707636
0.6941086496040224
0.7398813757806677
0.6812449515582502
0.6896622912704393
0.692660687275532
0.683628836056408
0.7062573208798367
0.7066510904118041
0.7185420944625346
0.6861485772413437
0.6993720655256204
0.6788186655926303
0.7039748015015475
0.671384705669041
0.7355256944525157
0.6801353776273455
0.7022945381091684
0.6698721069522144
0.7022782567420114
0.700678281800196
0.684007487075541
0.7060975501517205
0.6860869451214385
0.708498529016223
0.7279736788247845
0.6894254963499128
0.7191877451651799
0.7482167902607426
0.715384767865614
0.7010136938441996
0.727670685787403
0.7237516507675359
0.754515785384907
0.7310684024365381
0.7131375367586514
0.7221012503384078
0.7080364465537349
0.7278672969230068
0.7306532017732463
0.717780293048252
0.7021810836284541
0.6868524741782595
0.7015365697868019
0.7030415105317326
0.7192550111760582
0.6883919251382069
0.6890221838856999
0.7055316877103771
0.6612831560951844
0.7083189964367934
0.7383675886265441
0.7354575196735528
0.7141992400754411
0.7181569529877349
0.695656627002832
0.726980114280331
0.7348064962263544
0.7217066779625999
0.7017123773334835
0.727034136105257
0.7217567562975952
0.7077646217521633
0.7213345397433507
0.7058872673751102
0.6985751935917891
0.6949350827662646
0.6766091831917591
0.7210011014100202
0.7203448704217377
0.7014996006011555
0.6909166855581035
0.6924353416856799
0.7504025591618607
0.6674033884567543
0.7175774020546878
0.7313071878604404
0.7081071419858977
0.7058469469352976
0.6808618714548721
0.6906035005787791
0.6593067844926106
0.6870138365986407
0.7125511240937763
0.7073123712948266
0.673731085356866
0.6860086000309978
0.6758909620044041
0.7243888879891931
0.7267488113858335
0.6951077597816333
0.7007182744332643
0.718552659171843
0.6935369042237087
0.6915440168696927
0.7300177201289252
0.7074894616343682
0.7063723760181321
0.7009867357990953
0.734495434760613
0.6733965404566488
0.7190041847499832
0.6973068173758217
0.702081925771717
0.6628981129778398
0.6789821174731849
0.671486018835843
0.726557003462375
0.7115282680973586
0.6802112427452125
0.7004289867197138
0.7115231667413274
0.7438285596550456
0.7287589242250255
0.6793707786229815
0.6786557083911348
0.7262975141995399
0.6960526715138149
0.7105091424205835
0.7078771703761289
0.694764510547735
0.7073442839573789
0.6814640859717281
0.6935500847926734
0.7215962387407815
0.7097536104216664
0.6876203614093124
0.6671740422484398
0.7070824155634807
0.691075606174066
0.6850905685066924
0.7616590557392052
0.6756872749520771
0.7117784322456242
0.6977881606546107
0.74144137865286
0.7203287774909624
0.685784325387893
0.6911271185206076
0.6934106703695562
0.6986343833543993
0.7446452909613284
0.6784018280134722
0.7312835532837655
0.6770614264128495
0.7245100985373312
0.7326841207175727
0.7256199535068732
0.6584679242632986
0.6734078450702178
0.6288278377868678
0.7326715644470501
0.7128718273733218
0.7149688578141449
0.6739617029164301
0.7491863634404436
0.7051239030804356
0.7116514719586795
0.6609353979781595
0.7101578652615937
0.6821054263805605
0.7561803421859473
0.7171869612697248
0.7416650148422608
0.7257846096189029
0.7660974851251288
0.656806838878898
0.6650513937049641
0.7083365056516199
0.7463577028369148
0.6847090358257045
0.7854028044280089
0.707473415147392
0.7132317620878634
0.6948166213870282
0.6949403299592302
0.6954181992629247
0.6938835330190415
0.722388627010651
0.7124331167060519
0.6950149524429653
0.685041466240616
0.697554149224068
0.696251017735439
0.7344927473520344
0.6665403873572826
0.7020525397054914
0.6683150789189803
0.6970415754175251
0.7098581099201747
0.7129306336354865
0.6595289406833467
0.708884264254898
0.7140217825410872
0.7070099020754012
0.686346385385858
0.6908522179359081
0.7289455311009501
0.712177029784458
0.6790802031099612
0.7227983571010255
0.7224562808565527
0.7316247556123632
0.7108729149108293
0.684333308892858
0.6967135939016847
0.6896302747861426
0.6978263153591666
0.7005049963786735
0.6964112717023686
0.716235651598454
0.7116062504779114
0.7280841627693866
0.6980221325242573
0.7063464471311972
0.7148300389663214
0.703771371165327
0.743111348682553
0.7345298933512822
0.7227771194958938
0.6683557038770189
0.7407404128468377
0.7063229327182382
0.7349017847785675
0.7099996046108279
0.7086733916162941
0.7198951849134633
0.7277070078066747
0.7247492356512664
0.6970607168275177
0.7209571794735448
0.7157983666324333
0.7055156443881522
0.6711705179700463
0.6937191290377732
0.7156141759284617
0.7019615395307791
0.7325086799375014
0.6930556373628787
0.7246692549646095
0.7522052948871624
0.6982698935916419
0.7089876308068178
0.7173190775059656
0.6919121663553891
0.7278083002686969
0.6909538629168475
0.7008442997653012
0.7079333757236684
0.7396903205462493
0.7251298342698792
0.7080810797358426
0.7601176930773885
0.6831235394117673
0.6937930958795562
0.7517481334108781
0.7038068772960757
0.6940594710599715
0.7518269606938912
0.7421664029770884
0.7538561435117817
0.7350298553104527
0.7105091155801646
0.6880229795128784
0.7014015329722162
0.7189088746594524
0.6920695917929216
0.7048651017753129
0.7214914127018855
0.7218475625661875
0.7224470327348165
0.723324111291234
0.6978939762891184
0.6753791626140561
0.7475356228676213
0.6745651359206429
0.7102489695906964
0.7280392726669658
0.6775959788469632
0.7336046015373153
0.7028799080730564
0.7453423299061647
0.6851296823364703
0.7065059615877612
0.7177751830340333
0.7274656459594905
0.7074781298385763
0.7465917801085038
0.6719200313194801
0.7420805564849727
0.7166153496724524
0.7472545806315333
0.7210840159377573
0.7124414438679408
0.7191325319933696
0.723275351576498
0.6784360064321207
0.7032785821916592
0.7131102442906243
0.7227648264261378
0.6836880536948942
0.6944496961528879
0.6784468680057982
0.6880126101266832
0.6838001344382633
0.7011637672512957
0.6927395716181856
0.7025249539323785
0.7383032519716873
0.6826398149516217
0.6974719900641272
0.7316962306428381
0.7048123796898894
0.7071617076761483
0.7084479687229711
0.7148026690159326
0.691275610404711
0.6884610396496856
0.6968622235125068
0.6977211595379589
0.7422809658187587
0.7094911706202511
0.6978754076047261
0.6963646876343655
0.7321307975847007
0.7203927090371611
0.6861189089664271
0.758647524238696
0.6929654903311234
0.7319044100857979
0.7217778858703592
0.7019549454578451
0.7339730554891476
0.6963169077691201
0.7314927898371342
0.7243092940038722
0.7159507605077318
0.6967248067150834
0.738601444927586
0.738329336149486
0.6974567853138844
0.6420312802435939
0.7237849034903169
0.6905808848486712
0.6904303615849077
0.6999546477587932
0.7151964870779359
0.6879416144202545
0.7361761286878556
0.728494815548335
0.706779566967941
0.7593885456962265
0.6594768159025972
0.7291848742630577
0.7313860805728265
0.7010467021468938
0.7022018889975994
0.6702433514536505
0.739655081517579
0.7419155285678392
0.7236520441573999
0.7267421228827806
0.6951999203687018
0.7233919826855146
0.7199259630768091
0.7311417691937268
0.6676582045914722
0.6461401495181173
0.6589698061150953
0.6671293778046944
0.721555238175301
0.7000352839127293
0.6812771381376896
0.7092600835745846
0.7124669971374873
0.7677653308204846
0.7225238957131143
0.7288770690371303
0.7165129170084763
0.7218370773450995
0.7479563085308086
0.7341507071488982
0.741397888247617
0.7299972592525845
0.7166835536145527
0.7456154315775347
0.7004356822339629
0.7347030717332489
0.7379885354442167
0.7264554838724783
0.7012768516921314
0.7308079371905368
0.6887102029860948
0.6822862028847485
0.697089820094966
0.6928037129228566
0.6868752869476976
0.73094021061729
0.7062926506027283
0.688349823261815
0.688610323268007
0.6871013975717208
0.6852285638791696
0.7089317607551804
0.7138959887590449
0.6977433563331173
0.7024780385377964
0.734430063388667
0.6671979224810828
0.7354029319651064
0.7180909678543403
0.6766707663591733
0.7302574196172771
0.702578744344475
0.7118119888777734
0.6890394236073447
0.737201339577398
0.728394456121357
0.7199675446765792
0.6883128070617687
0.7143351731550984
0.7000489142506531
0.7055448906855464
0.7284959563621536
0.7015987869097614
0.7067117242483993
0.6477627665873424
0.7095153173858296
0.6892301109209745
0.7341015210892686
0.637965282008768
0.689747077957746
0.6972509826176122
0.7042331694487253
0.6644688747974484
0.7160588274050523
0.7677024212927329
0.6827061030938988
0.71278035806096
0.6659788891825825
0.7195786214380575
0.6884231211879888
0.7308511608008884
0.6931277204781735
0.7687034860751352
0.6880819108133985
0.7191801241465667
0.7077674525976687
0.7416023810666991
0.6770764715822343
0.7269918653161962
0.7410542421904031
0.7213071507663256
0.6900717807811555
0.6978281669308654
0.673365932106573
0.71625534066912
0.6528475470722048
0.735827657089722
0.6914004904342038
0.7066670863923478
0.6948973559665526
0.7328607947529837
0.7014798121425964
0.724118401282988
0.7202488254807278
0.6943637259587548
0.6850093666514592
0.7091108772408836
0.7465755052538334
0.7274364277829206
0.6754467996121193
0.707372721761534
0.7209008133619544
0.7053438716001205
0.692159737755094
0.7178728795903169
0.6901775690643518
0.7192941004978552
0.693997691777531
0.6991217184554962
0.7136242855024431
0.7116380052094733
0.6712001519432917
0.6940153066126156
0.6822378319208889
0.7291900214536919
0.6837865569004796
0.6947826272889924
0.7237682955927268
0.7033772764775896
0.7048768321442833
0.6899036035633317
0.713874646433106
0.6905788210241361
0.6921011529341446
0.7296223514914283
0.7023248368624365
0.7295332837316304
0.7231254057605215
0.697758192410912
0.7403027352508311
0.6934972222667227
0.7086997711633495
0.7122175113955669
0.6871662824567238
0.7122222606195081
0.675380269041811
0.6646965674145038
0.7150906590308127
0.7252825921340643
0.6978264231882484
0.6546780671665439
0.7221351958166725
0.6835667145026778
0.7047168521071787
0.6615545367509411
0.694142239865846
0.7043617980437978
0.735208585765949
0.6899557858189329
0.7198240753380442
0.681240198329214
0.7321817157869775
0.7062126948001034
0.6725788156283204
0.6889523390322839
0.7140502552777402
0.6704214011861938
0.6947906408493488
0.6974318180826408
0.7174784207884937
0.7046441351112062
0.6963148117690516
0.7002553286669236
0.6818889412493413
0.7084408510989039
0.6770196810354864
0.7328588564330211
0.674963295729404
0.7143092284076332
0.6563806540868437
0.7353304422374907
0.7311051520452639
0.7159053025946797
0.7103154853937622
0.7171472006306303
0.7309054927410459
0.7293556804405947
0.6590416393508065
0.7046337738111157
0.6848362007975353
0.6994940164285364
0.6885554953841164
0.7299913042207554
0.7122160163021775
0.7492525119743948
0.7370984441743889
0.715727191587985
0.6733326209656483
0.7479864487190496
0.6891583260073101
0.7143533334225032
0.690151227353458
0.7067719635838836
0.7031565841353195
0.7376780636069802
0.6783852003242522
0.7480693178318191
0.6545933047326703
0.7179754841498749
0.7231330447642482
0.7193162698850554
0.7040656700328172
0.6960317294971049
0.7195151958421461
0.6833616401418917
0.6732392325575519
0.6788036287684329
0.7304884806290236
0.681510512211546
0.6957688676275061
0.708414012227772
0.7195930808469673
0.7263824300962659
0.7242976846296414
0.741611953566845
0.7207360308389255
0.7028703532167346
0.7140367530276426
0.6959332162253806
0.7172289766589574
0.6582572841505188
0.7224902627443495
0.686416110145803
0.6800815233518335
0.6421701048725771
0.7329479024466627
0.7014531752828193
0.6471697868426781
0.7266381447015552
0.7171284197626084
0.6907108091969528
0.7246929748154441
0.6746646494565984
0.7292536388509958
0.7028687321767603
0.7041864825161648
0.725754801404259
0.7504240397761333
0.6670498044948031
0.7368984602855466
0.6918056997887132
0.7120562629598644
0.7265947282279976
0.7249062937865272
0.7281990978691163
0.716369899152742
0.7492983020365694
0.745592021484828
0.7199410159480547
0.670327036766323
0.7140929915639828
0.6960196504275514
0.704257634024924
0.6976439797508749
0.7043121977772757
0.6834563595104237
0.7107034972037387
0.718341882431336
0.6823686010576865
0.7011502501397094
0.7362529795351815
0.7009088420297529
0.7385459075507415
0.7027309788004136
0.6938384965378275
0.6834645278677715
0.7092050222619083
0.6967750581313646
0.6943770363270987
0.685944510043373
0.7295043897740815
0.7049793969301991
0.7084013163759919
0.7120173652899291
0.7021132881114367
0.7079148626931333
0.7187086145580406
0.7127019155838995
0.6937895289745446
0.7350925314899895
0.6925087613188332
0.676326394073596
0.7004083325609729
0.6927429612961487
0.7180751958269683
0.7020323094049541
0.6951933342612887
0.7082087737932239
0.7367668546492531
0.7043775524769222
0.7094990814173143
0.7187817471226193
0.6934948358968662
0.716906264894911
0.7003595044633883
0.7054920443648616
0.6909798605509597
0.7165844930372235
0.6486467862348673
0.6700693493308549
0.6988049173504425
0.6835837547757418
0.7132346158472006
0.7149040264962312
0.704693963458315
0.7077209067595643
0.6884737147002213
0.7206705849087677
0.6834461214822185
0.752402643871059
0.7339950399946633
0.6831553264380972
0.6748860104343104
0.7126633149118465
0.725053968194386
0.7344221014103426
0.691853451996708
0.7211805363944296
0.7308707599340756
0.7108590183770419
0.685739481868076
0.7178537490205376
0.6920074824978937
0.7518080547854639
0.6529390679106619
0.7268956799768771
0.6644274021283415
0.733971437455803
0.6800764280711933
0.7449064557163544
0.7004734617391982
0.7351647287560437
0.6924555820876919
0.7408681245965751
0.7241517414533336
0.704867989153873
0.6977822698765787
0.7623472523588717
0.7136143868185113
0.697160821022144
0.6503817864441949
0.7010140986780026
0.7004478310900057
0.7509037877979688
0.6802798356000694
0.7175473270520221
0.7019064372995112
0.7610859981154523
0.6760110310961601
0.7133891917567369
0.7130318189088433
0.7222198666033111
0.7031679439725848
0.7267294081199629
0.68163933328932
0.7150689743961556
0.7135192586037713
0.7381172553933888
0.6963239097743624
0.7228892162372468
0.7191260902420514
0.7234144809738243
0.7181788064238385
0.7159550803865267
0.7654531010047098
0.7015190207758931
0.6751056608545084
0.6998370751325645
0.7199768678124373
0.7216787110751423
0.7165468512008932
0.6795989259980556
0.7211660439964984
0.7258495865280573
0.6820602219127244
0.7084708332822951
0.6908993014902529
0.7098897329624673
0.7002059032052028
0.68589280921331
0.685074208923722
0.694526224085615
0.7198110939783243
0.7215721387306183
0.7336136459420599
0.7306683072676284
0.6960486471661973
0.693967923118217
0.7203908605884595
0.6977941825760495
0.6946612137005084
0.6737927958324219
0.6743753087034995
0.7236315868767139
0.7056134505419381
0.7233124187593107
0.7155431954472211
0.6955530537542021
0.6575943415039445
0.6981562856635256
0.7194991750297203
0.7325201151229455
0.6919518594836778
0.690564549324891
0.6792892586163711
0.6756522074650994
0.7104575027892778
0.6778458378783381
0.7244212699513424
0.7199999024063954
0.7382419307390629
0.6947184766147245
0.7063829291407613
0.7196369232752445
0.7152491385956301
0.7124826829055011
0.6856776390731341
0.7225990002640388
0.6994829819702764
0.6936522835296804
0.6639179045737532
0.734070738473065
0.6914648093622767
0.7051343746416003
0.7000367463046551
0.7463771038697944
0.6992386505943656
0.7115774106169543
0.6942981756321013
0.7166905835319984
0.7042308422606891
0.7325135641018293
0.7166352092827997
0.694080591892147
0.7433858167605972
0.750566707954526
0.6887150073583436
0.7263753578366531
0.702021602450934
0.7352271269997582
0.7068668405116565
0.6899336226710515
0.6943336792836524
0.7227562314207733
0.6926495262432288
0.7175528237534582
0.7275621216642779
0.7030048791505521
0.6593397662720741
0.7070202181600556
0.6947089419441486
0.6960188071373955
0.7402675895497114
0.7075809998834143
0.6839072105704607
0.6749629339907129
0.7102251168661387
0.6722097812597738
0.6979369055892192
0.7182961079509856
0.7129279287104809
0.7281765439538541
0.7173234406664312
0.6887212315085232
0.7119397560979702
0.700639142261746
0.7110939295896297
0.6617006191437729
0.6948283414020131
0.7410164421310561
0.7192482005096321
0.701246007657124
0.7040284636202617
0.7196174156789977
0.6757225979466077
0.6979547387547422
0.6926320379931256
0.6973344839811215
0.723212811778416
0.6898471861350399
0.6825251931177619
0.7197809512805209
0.6888870006186122
0.750164241310089
0.6791388056798329
0.7210960637942909
0.6804341763796725
0.7221540603781729
0.6652205548256531
0.7007259179777802
0.701203589912419
0.6547087833954152
0.7085144689155795
0.7184107452408659
0.6996194870598542
0.7309078871679914
0.7087375286212491
0.7207162776660118
0.7172939566506285
0.7097289789191263
0.6933315210361859
0.7274798454577964
0.7048427312572579
0.7411807557573781
0.6946739803993959
0.6980177443577408
0.690844504875963
0.7384335172131312
0.6820842975335982
0.6958842137438457
0.7286503181567185
0.7363624709648829
0.7237692640562793
0.7068333728730214
0.7443498855412405
0.698524332311842
0.7068527350916294
0.6676008316535846
0.7298400714447012
0.714906946276815
0.7531500156247865
0.7589133927669042
0.7411978110780113
0.6793674196863262
0.7135447218498097
0.6614564308540263
0.7414287008605894
0.690221689961524
0.711417295484753
0.6726189571396577
0.7004991105341849
0.709478790781901
0.7180781920297622
0.7086972292384501
0.7225407231398929
0.697769634575109
0.7593937059597073
0.6968139837023671
0.7001501445509678
0.7057134709478008
0.7439202412319833
0.7079066091200152
0.6913097634559199
0.7095225735697681
0.6816028735468954
0.7110226091076012
0.7519548131250755
0.7138670625126221
0.7379868203921909
0.7051332509827672
0.6935553973891105
0.7306994398879325
0.6921749857385903
0.6839995721603078
0.6876422792719317
0.7285495313835909
0.6983722706587618
0.7058436165267022
0.6905025206612025
0.7175196923686328
0.6792186042105619
0.7087965328194475
0.7104744602106864
0.6998691827027347
0.702397585388385
0.7257155020958121
0.6898770979521374
0.6949655189612733
0.7057301105528264
0.6617785597535668
0.6971259332702745
0.6929264782455785
0.7270695829471873
0.7166686395173587
0.7312504340674877
0.6822309383230624
0.6942543310714778
0.7096528353656039
0.709948838037588
0.7486095778284427
0.699139012684071
0.7342677504964706
0.6912532498589014
0.6973811545147833
0.6939127112978614
0.7055948992523918
0.7294854508921212
0.7118293761789452
0.6837628984855758
0.7314137354024575
0.7158759972351563
0.680346284305491
0.6977934136052277
0.6845998629935888
0.7325543139175651
0.7032252948618514
0.7147294679891694
0.7002732774828022
0.7161496464269094
0.6751042058683273
0.6967204806025011
0.701130597060089
0.7220223757379894
0.6376824416730931
0.6695530995054358
0.7181224126575146
0.7286593093902518
0.6720018616224167
0.7077400793274294
0.7153629864222895
0.6966082970648521
0.6970614172914129
0.7044440069980218
0.7389171066803585
0.7247067966010579
0.6995693610662354
0.7353982581466088
0.6881610413016024
0.6914723776962259
0.6998466695928106
0.7369367516265354
0.6699227355865196
0.704036040990351
0.670362503413762
0.7405550729725491
0.6984610977242024
0.7183466729819487
0.7114944178767938
0.6999796536837752
0.6677530001378701
0.6968585951009183
0.6972485528484114
0.685302032577236
0.7058281559736274
0.6689407160293735
0.68057974699512
0.7103516847917133
0.698717760756312
0.6928922689098265
0.732944117476548
0.7398269451729343
0.6543717914731719
0.7059987038989579
0.6986229732949546
0.7097280958299159
0.6917199399314504
0.7034371599546898
0.7124006934751618
0.69844163210973
0.6584703739938917
0.7105876602153561
0.6594033118691387
0.7133491978010814
0.6535186894178142
0.7051076688686041
0.7409307125112777
0.7008313681566872
0.6921948505039717
0.6988248977011267
0.6862875594860094
0.6649351502815658
0.733943486426444
0.7204405770337847
0.7169132442557771
0.7039865046413906
0.7327046383866654
0.7400153416569059
0.6955719836287476
0.6907329410773856
0.6979168203390131
0.6977191581154074
0.6926775740240634
0.7193928734803112
0.7099731105632927
0.6817167393853563
0.6843449131047826
0.6637254189722523
0.7134577498938166
0.7194258186097608
0.7268872412622697
0.6956465658299422
0.6942078838965884
0.6908478881764625
0.6905274314445461
0.7484100412305388
0.7317432003857857
0.6861440815452701
0.6964967638033176
0.7195202385176211
0.7298653693423451
0.7068173607013077
0.7290754665370933
0.7088945642407251
0.7390939369325297
0.6933850879497252
0.6728531867985172
0.6943016599687329
0.695169386591917
0.7247759480135127
0.7439136577471556
0.7124148430954287
0.7163982097275213
0.6625392290054866
0.6894618168665552
0.6914047764461597
0.7014273472916571
0.7036350161513765
0.6943261026331233
0.6934674551371777
0.7076608810475102
0.6984944069813119
0.6998652497523389
0.6826780254244871
0.6750418106807747
0.6879819237743262
0.7142418043135019
0.7000950438503942
0.7316365128905423
0.692794216555776
0.7095467733469797
0.7035608867692856
0.7014507257682256
0.6879373273370877
0.7056080646424938
0.7131994735995669
0.7277557296984463
0.6839215684056009
0.6987096339321426
0.7321506757214808
0.7371812191543362
0.7380934734815615
0.7188948120102909
0.7351613113215658
0.7052354533414589
0.7640486122279746
0.6891787238437215
0.6906276746816441
0.6707018643884488
0.7283075177057177
0.6623223504264731
0.6603265981054042
0.6404375294545547
0.6961332361013591
0.6866758937330651
0.6896855738669496
0.679222527603459
0.6978329508323461
0.7300158359595197
0.6803873693113782
0.7243958293275546
0.7371372118343383
0.7179421482714554
0.6860525193232156
0.7096508762923365
0.6845615576285846
0.708153027930874
0.6955849057448207
0.6889132153011782
0.6748483640818825
0.729196211130455
0.6995027170987101
0.6943368328876133
0.6798853541619624
0.7398570167930704
0.7128873564197387
0.7098232433628022
0.7519562458718785
0.7308043278490406
0.7243200423997328
0.6977262329072563
0.7152288747524885
0.7129207779592173
0.7002892245363901
0.6839672814276315
0.6878025578499903
0.7072220011776608
0.7287143954179207
0.6987370687116647
0.6478415034507867
0.6746733821092488
0.6472096500609625
0.695962297668296
0.7136000212658566
0.7363510170499931
0.6926022447875161
0.7100969667563685
0.7014561131739678
0.7079355954854404
0.6966903186838067
0.7071626918890813
0.7065901366438345
0.700541985453238
0.7169360347525435
0.686231720456985
0.6886331213958364
0.6747051944109512
0.6651891591076035
0.6855980311871599
0.6888299361776845
0.7183922158907847
0.6700541946416563
0.732313519192329
0.6871587673219172
0.7113138615147769
0.6734485432019293
0.7330713514612022
0.7098682011179555
0.6965060114462029
0.7016723914410892
0.6933383643579693
0.7062767871010005
0.7054731068143656
0.7144521569425529
0.659184731656553
0.7123028872435058
0.6765047163620319
0.7035516100805635
0.6982152293782172
0.6970975562674284
0.6706670688467706
0.7083474449433818
0.6868746247962132
0.683551951455144
0.6734532591356887
0.6755023198541407
0.641560447074661
0.6875618959552684
0.6754606082664003
0.6923406651201411
0.6878087611857111
0.6987992813077973
0.7193245417768827
0.7026660279886278
0.6938683587839334
0.7060705289576421
0.7190081640193825
0.6847430432563416
0.7199070485736891
0.6962486198015562
0.7132451441639978
0.7131660874361376
0.7072648148732483
0.7060911742281938
0.707769028879065
0.691207385152957
0.6976966379988252
0.6916892393940096
0.688325506622002
0.6952114326172983
0.7237147230609259
0.7155450803011135
0.7112966568363283
0.7097065297491715
0.6910962777044044
0.7002319209545892
0.7102116919218516
0.6774742009645852
0.7586535859397421
0.7047784000860641
0.6962915808147483
0.7134237079477243
0.716128570331099
0.6918630993120043
0.7201487220430066
0.6726492766106804
0.751438099817202
0.6694762780390735
0.6997428129933291
0.6973624932917011
0.6978300987950659
0.7221882505935708
0.7065961528735554
0.6979251805483904
0.7381836408954507
0.7293614027858809
0.688766076784878
0.6939635231644886
0.7221959822536305
0.6863316766721141
0.6989627603327713
0.712490199477173
0.7124739291382444
0.7100558190295214
0.7126737677949279
0.7260394269593726
0.7169119562660711
0.7185333422966576
0.7051847411442914
0.690281416096103
0.7290145777967731
0.7241821559173696
0.6974170991312246
0.6850455973207291
0.7279112743932102
0.7233131177346022
0.6717852733138677
0.7132365639085345
0.6640905722269996
0.7057448287253565
0.685814481924102
0.7196563113643852
0.7164598381422428
0.6739385728538019
0.6941267454255572
0.7061546359639652
0.6899035296133323
0.6766308339228914
0.6520644524527156
0.6677825533347784
