108.48927831709797
92.33277464696049
72.64710105916629
55.53165970031486
42.65507567851964
31.24604809766217
21.66097599357273
14.064122018751245
9.11245156450595
5.637356104218574
4.239819117290262
3.5984099722909995
2.889460163345604
2.4204786544355708
1.9425926148273824
1.693422953290114
1.3979951821431271
1.2734412818303027
1.1430121182536217
0.9997069414748638
0.9057399910526659
0.8343985757425686
0.7560254648340397
0.6903762562519062
0.636243147685116
0.6002507745120478
0.5598775644548613
0.5452831823809806
0.49260268109392297
0.5031458950824893
0.4428146975481249
0.4892284094439303
0.4185534317577826
0.4731680658569802
0.39954246040598573
0.47214993627528856
0.370891033241634
0.5269464620789063
0.35604957597165865
0.5437725135945314
0.3482489416406436
0.6048315242273342
0.34861370191426394
0.6351166034825773
0.3519706237439109
0.7016664927303942
0.37502351946729967
0.7219171938014475
0.38307178701494116
0.8228852611086658
0.38259028986716986
0.7298774076479837
0.4147625239539391
0.8844743797915904
0.3989658189815381
0.8886274564086153
0.395227343561826
0.949668002130549
0.415834026495475
0.99813886200752
0.4119435757195638
0.978278525408216
0.43107433861867944
1.0413932405148947
0.4555927033243067
1.009795097570405
0.500366317917448
1.0600674299955124
0.5096504472171779
1.0783868814311786
0.47886128714876647
1.0341166166513824
0.4986600217365138
1.1014118973315774
0.5002282770425887
1.03191592815555
0.5527360248861971
1.1115827554227795
0.5425560575907855
1.0346299545111453
0.513213107964942
1.0589597482342696
0.5423835194467984
1.0339982579555926
0.5207137906202202
1.0428218448135687
0.5592305951259005
1.0269169401403513
0.550113626647302
1.035266647730797
0.524276559911363
0.9958542684135145
0.5394977148102008
1.0506230592847579
0.509141716573183
1.0073723310857665
0.5566786318102993
1.0603460972792804
0.5486603363661742
1.0253590104447794
0.5671957895986008
1.0761275466653857
0.5577726268818766
1.0218366498426839
0.5696059965284543
1.0737032904971908
0.5812134159455365
1.0639624634208524
0.5994480409938588
1.0825709962158472
0.5647409390680483
1.0410274944767512
0.5904811315737185
1.0833230366815807
0.5561477629267721
1.0372817704659445
0.6033174623808776
1.0858705388538057
0.5750931683470876
1.0648338470963141
0.5847908520623631
1.1099142036476377
0.5709528447261483
1.0474250197630914
0.5830133709881222
1.076180795515974
0.5710766832264902
1.0948545245452603
0.6026027218342368
1.1035650635376897
0.5661842546785967
1.0826982133237233
0.5744647011842561
1.1151809877123322
0.5394708808163603
1.075808742836167
0.5900028691239881
1.1233672203662615
0.5775887181198677
1.0786119134304115
0.6019168679700193
1.1268098595050118
0.589833005991883
1.079180604029474
0.5818199205036096
1.088516064299758
0.5590484598792913
1.0844816247060571
0.6022547056720715
1.1113956483617056
0.5816972520043845
1.0812378455376597
0.5992851825177323
1.1198095319601353
0.5528533541972052
1.0734603484813519
0.5844284353614441
1.1407923869529843
0.5828646082682489
1.0701372729235865
0.6197208313303268
1.1273989025156275
0.6119246783497087
1.0815545824932133
0.5955088257081613
1.1030825317626964
0.5603766855425097
1.0749584251389204
0.605483284201539
1.1117586202565521
0.6028521142973082
1.087099786556581
0.6266280568119672
1.114230901930373
0.5810100316803319
1.0694329788692383
0.6026059907552533
1.1377734612330337
0.586197968446486
1.0670582035107008
0.6407677669892785
1.1187419469368616
0.6151100672389045
1.0793921737721575
0.6191320089190954
1.1184464923751773
0.5883098274381411
1.0628992591837592
0.6136149076164409
1.101948471530189
0.6128967635179534
1.085781638843941
0.6404291318145328
1.1071665815646994
0.5972921690456511
1.0720308975127961
0.6162230805315266
1.1248592814610454
0.57502898436772
1.0691081215203184
0.6341347450243534
1.1169195474402913
0.6112046581330309
1.0773530914016156
0.6345522186040925
1.1306098382310044
0.6053299319281249
1.0666314907413306
0.6221709422238626
1.094757943499934
0.6104054639412666
1.0857372257958278
0.6470748781777412
1.1079202930942327
0.607562403107267
1.0744181565070356
0.6222838777909876
1.116689589507037
0.5727332828346023
1.0733766171464183
0.6213035913284418
1.1310307441716307
0.6089149412174356
1.0765573767893655
0.652548483345537
1.1317787944209732
0.6178061357192373
1.0769801732638444
0.6273556957629017
1.0975834907567865
0.5882647954391096
1.0816586970955269
0.6403173346241795
1.1119258225475133
0.6129277125791123
1.0802775220403618
0.6229553869806651
1.117673466251743
0.5813382534294738
1.072332956486089
0.6063461765795423
1.1448490327913898
0.5993594660687452
1.0761151941909968
0.6566996991203395
1.1317504037160573
0.6248247380416319
1.0805879431248548
0.6272097742366204
1.1051917578203885
0.5841532475834924
1.0732253489956562
0.6226657571925001
1.1174582963670983
0.6235502968489613
1.0917713346816464
0.6379721630401748
1.1145362608883616
0.5956703202293551
1.0713412570190108
0.6093410191343948
1.1360563999106135
0.5850751410297711
1.0768474073117462
0.6505702980961766
1.1241060268800194
0.6172403111117298
1.079973040636876
0.633555515500743
1.119179434294601
0.5939935625253425
1.0630161035419579
0.6150526497752489
1.1048529084811527
0.6179398299162984
1.091650967835002
0.6447130397627832
1.1117955498648797
0.5993016593408164
1.0728130706173593
0.6205464498442596
1.1232820583335477
0.5739178971741977
1.0780146142595306
0.6363170946067251
1.124379177429364
0.6116715069849441
1.0809074839991526
0.6462328723276834
1.1320245800151019
0.6099433780868053
1.067086191353666
0.625222906383112
1.0960770870531968
0.6011723694637005
1.0909860814927903
0.6473793571859319
1.1165221395152096
0.6065459702041958
1.0762290698741332
0.6267144565775187
1.115653989712199
0.573644871785429
1.0793590531621553
0.6164239189955014
1.1375038928902088
0.6082645441162537
1.0805840952685524
0.6526405527076531
1.1357760010404636
0.6188292173968375
1.077661298664017
0.6280020241445322
1.0986212022349404
0.5858397659451227
1.0854563743584265
0.6372175555921283
1.117661851029959
0.6145223406966982
1.0849129602255738
0.6333594264148701
1.116059495734553
0.5833093164810256
1.0743048096473575
0.6049562001576341
1.1442258932882543
0.5971981068438226
1.0762721174110434
0.6569604199562786
1.1293873324684875
0.6244338072827368
1.0799771685105295
0.6276813793732805
1.106556293448971
0.584753957862192
1.0703018153739805
0.620029985797754
1.1166778836043942
0.6227498447727723
1.0914734943896987
0.6385028282020897
1.1135935916518793
0.5967454419891447
1.0710685967068927
0.6107486607970437
1.1333799765275672
0.5823953339319248
1.0765387720806405
0.648092233024993
1.1226181450543704
0.6161488392768388
1.0792796213644298
0.6348164779875952
1.1212690701337522
0.5962343573140724
1.0623804436363338
0.6156087018681523
1.1030771031371744
0.6163370322719663
1.0909802476535404
0.645377372848578
1.1118528283039137
0.6000766146049868
1.0726499511296048
0.6215405662329709
1.1203122586927816
0.5730552098612607
1.0779798728162802
0.6326492176933795
1.125479770966015
0.6107226222291102
1.0805575127316724
0.6470964276744956
1.1327085215111539
0.6113964635800636
1.06815234267836
0.6257209900773086
1.0948826554136133
0.5981218323424669
1.0898960886939324
0.6466936060118459
1.1172631170519192
0.6069907416899973
1.076943052758365
0.6272392457170232
1.1152644279487225
0.574632004676408
1.0785063080606758
0.6139314496883197
1.1385214479354646
0.6073830794008693
1.0797885040271467
0.6530577786064685
1.1353801181282275
0.6202195740776851
1.0779728380448776
0.6281792761306881
1.0986974696029765
0.58456153334538
1.084155292561325
0.6342257109243269
1.1169237448681921
0.6161444154859241
1.0863980610196609
0.6336944560162109
1.116052224810164
0.5855490133811488
1.0732829434767541
0.6046162848569355
1.1435767301582065
0.5949764757711166
1.0754221054044317
0.6568051395760481
1.1281633143363576
0.6226646612693368
1.0796221196867395
0.6283543011504965
1.1088973511942453
0.5853475414444909
1.068024961752461
0.618155050367548
1.1141066676632028
0.6215677900423866
1.0909224206340076
0.6394044135491601
1.1126496933064098
0.5978031861724995
1.0712639193003728
0.612548978951846
1.1312554490083262
0.5802278080781728
1.076430198617088
0.645870316394957
1.1217929611020612
0.6152039632750199
1.0787284172788305
0.636551061026623
1.1229521650393137
0.5981579944317882
1.0623703454595812
0.6166584033261064
1.1016482414912758
0.6144543698991799
1.0904728466178877
0.6458150438517681
1.1121108238144612
0.6011793835663621
1.0727506348913476
0.6223968041998594
1.11826886433628
0.5725559929013561
1.0782878559397384
0.6293972124418679
1.127084866174621
0.609998634705008
1.0806102585094817
0.6479168107446814
1.1331686912219494
0.6120763811985523
1.0696459090653572
0.6259593349477955
1.094521775429767
0.5956050544773162
1.0890850149033033
0.6462441840254005
1.1177843468318263
0.6077474565488185
1.0778010767393507
0.6281433964035454
1.1153012357172913
0.5755916938216554
1.077971600618379
0.6117378215255669
1.1397158185224696
0.6054702586062142
1.0789497922271123
0.6537432600492833
1.135048453384098
0.621816854098407
1.0785438235111373
0.6277329839928514
1.099072685534469
0.5838605249686665
1.0821020042178884
0.6316473356565131
1.116520433535255
0.617691196038242
1.0880369800125578
0.6343829601385219
1.1160790146534514
0.5881218490573771
1.072597684117045
0.6049348266319108
1.1426471686035715
0.5924524989052538
1.0749976085907496
0.656092341751137
1.1272482803543564
0.6210724722251466
1.0796318998669698
0.6292000453004764
1.110698020309597
0.5864127911819592
1.0661253791225764
0.6167775561780663
1.111390652881708
0.6203827693134794
1.0908047163095909
0.640662079518674
1.1118672441329458
0.5977835137475845
1.0715306968959617
0.6143857116161099
1.12951229629153
0.5783880171251577
1.0760965373668794
0.6438482551060828
1.1214686237296299
0.6144241815783473
1.0786393413727915
0.6385177749205098
1.124869011952943
0.6004897056638646
1.0627643173551333
0.6181986257309625
1.1002022207528364
0.6119185281848267
1.0904303900205683
0.6463092679203459
1.1126033012595433
0.6024038709285781
1.072756194272023
0.6234896334088165
1.116701169081766
0.572454713580119
1.0799607518292187
0.6257665866359491
1.128841513311937
0.6093389583447104
1.0804300315236914
0.6480574266941314
1.1335888080950982
0.6141678268838571
1.0714129252321845
0.6268716894645494
1.0961738660545306
0.5912183635529472
1.08836658436812
0.6448986807358357
1.1183127159956971
0.6079436941030054
1.0789985262577664
0.6304971740101367
1.1148056379605407
0.5772174704381346
1.0781642809402667
0.6086424515910244
1.1409850262959538
0.6035481212451312
1.0780911903122035
0.6539169604696325
1.134271034869539
0.6242991936691707
1.078829882007737
0.6279288108618358
1.1009533618530056
0.5824029039377605
1.07954032983991
0.6269526590833903
1.1176295679825665
0.6177562731881802
1.088644056081273
0.6361371304290087
1.1147884303005404
0.593189711264858
1.0723485242751958
0.6062364116631106
1.1402460272126584
0.5868373359682988
1.0756245429116562
0.6555826613112901
1.1265038213129257
0.6201675989553089
1.0794499886867512
0.6316759609235076
1.11338393313458
0.588869845374729
1.064174346306951
0.6132804866512552
1.110563233710748
0.6190222784389227
1.09033176055604
0.641564764550055
1.1107974795903393
0.5976918435664751
1.0718796934916197
0.6179890221044181
1.1270643299743774
0.5748886921533192
1.079596793849734
0.6390443683324958
1.1212863084509206
0.6133157324972535
1.0784692560601563
0.6400332364822919
1.126951099435644
0.607258762101217
1.0620543630141677
0.6203277271049352
1.101844886429694
0.6039044484022854
1.0900984489179184
0.6459642714814887
1.1152128504364316
0.6027351721457793
1.072260538306103
0.6281520694757075
1.1140776941619708
0.5739426739097743
1.0820142303826186
0.6199707907987426
1.13100932657817
0.608264864220417
1.0606758015661994
0.6487426518933066
1.1200219493571617
0.6173927382992258
1.0526504661443965
0.6300806442347229
1.0818144104112652
0.5872559057758537
1.0725578647741076
0.63874239821201
1.1171944725810927
0.6080039322736062
1.0707657421213135
0.6330134854752606
1.116576432425284
0.5820291952410558
1.0528357369481323
0.6073202490119644
1.1297333159728005
0.5953990086033943
1.0577257075830044
0.6536517617362916
1.131298767997334
0.6258151182780655
1.0596840523133175
0.6301313177720421
1.0947427818195334
0.5850093708738395
1.0712144151971144
0.6202549030210079
1.114888209667423
0.6188027937983474
1.0918427931120727
0.6374566348940445
1.1092859758313685
0.5950418558653822
1.0658149675746702
0.6110667524702731
1.1407783377923342
0.582686228922152
1.0679906867170206
0.6479673260493347
1.1331300289117578
0.6197726586157004
1.0693388307264138
0.6311490656795234
1.119128990007185
0.5975589534423033
1.061490846058499
0.6122671050724446
1.1073166968879877
0.6112072932788303
1.0944886908017095
0.6424799011172214
1.1046850192962745
0.5963659757329116
1.0665967367172344
0.623747597452872
1.1249002217073896
0.5756123756156836
1.0687538770809062
0.6335589698630388
1.1288815877240204
0.6121595344224352
1.0679917456024421
0.6410383570210948
1.1335419352648353
0.6102486405616748
1.0579447018033665
0.6254256332484018
1.098936211192592
0.5997324777747423
1.094677456995228
0.6455883822772162
1.1089572223691615
0.6029567224069141
1.0697488110015214
0.6297918513992151
1.1105122372923346
0.5764078857191506
1.0720172345047396
0.6180314050996678
1.1397045318230847
0.6056500747333694
1.0694070116805674
0.6486264897040145
1.1390872173755588
0.6195346024502164
1.064131725022321
0.6311351062116377
1.0986790836234568
0.5873096233993091
1.0890011922622478
0.6336524002179335
1.114630511287487
0.6091647191379633
1.0803072973978103
0.6344182477593371
1.1091025873108915
0.5834250965502998
1.068576316909761
0.6089803803129762
1.147067217911636
0.5923286069802596
1.0678134222240905
0.6535233320188382
1.1374888326692982
0.6261815791016053
1.0675018613134977
0.6294584106177413
1.1048339185784655
0.5885434268562084
1.0743604968014218
0.6175849612864519
1.1152962638367558
0.6167436255356732
1.0918960344551603
0.6378565924406355
1.1065735081295274
0.5946941624195441
1.063652224271753
0.61440987272206
1.1374348165127586
0.5813076173349909
1.070828233782682
0.6467999849929875
1.132218134128256
0.6166165674486627
1.0685282003250116
0.6298845472115002
1.1199009132798892
0.5948932200222972
1.0571328211267919
0.6127343660447648
1.1082081170559122
0.6118823150579253
1.0947020039020008
0.641675392610042
1.1052914652629295
0.5953928791122574
1.0657461938075201
0.6221227380192927
1.1204879070947704
0.57499198025109
1.070462620092457
0.6327934933969732
1.1295338347754325
0.6104593489439328
1.069857601194231
0.6421990085309138
1.1341281293839682
0.6094097122636891
1.0553382263313695
0.6267040417255099
1.0985605908664198
0.5975846675215406
1.0940910716415675
0.6432413691417761
1.1119147680314692
0.6031157651996893
1.0709316717117552
0.6263411817658724
1.1084310035362157
0.5765535982639126
1.0717387300285532
0.6148106265065173
1.1401804333606922
0.6017247206591823
1.0721937992839279
0.6495889530191942
1.1400850735642563
0.6177295456683375
1.0635487103777301
0.6311947420013699
1.0997179601935578
0.5841499512928987
1.0861730646657246
0.6303314157935268
1.1167174698539615
0.610937516696804
1.0825900889440578
0.6323930909283639
1.1082524826805733
0.5846600058519014
1.066736974224283
0.6045824213294145
1.1453903773998295
0.5901485082746065
1.069806058824279
0.6547042178037424
1.1364825725308958
0.6241298898466764
1.0674269768165507
0.6290722225956085
1.1064174614350104
0.5847577460758724
1.0685771172588887
0.6155911032124148
1.1170923412310065
0.6179879514255769
1.093225478165433
0.636329661314073
1.1066231290318993
0.5943073081329169
1.062843183187707
0.6110811281654567
1.132873373798821
0.5799120172223324
1.0697625516548108
0.644652938414574
1.1298550815971669
0.6156158965778344
1.068667221933204
0.6308793937859435
1.1218882864513409
0.5972904972554347
1.054765412436477
0.613686497179229
1.105331291578393
0.6110179818149325
1.094520964758349
0.6426229884568975
1.106133854197
0.596168945311055
1.06603233421611
0.6231494375925082
1.1170179563544504
0.5747737745012275
1.0704060634432557
0.6304509241252546
1.130199617442967
0.6096228518853875
1.0702638218292533
0.6436816057628305
1.1356730897871614
0.6113624357625341
1.055673188818961
0.6288634949090238
1.0969257282532185
0.5952076282039798
1.0931016978673462
0.6418299642764858
1.1134097034860424
0.6037352612407646
1.0725819430939874
0.6266594182341153
1.10813832662013
0.5773430276077032
1.0710268218917696
0.6126380668116194
1.141407132032831
0.6000409613435829
1.072068871180962
0.6505123422813799
1.1406690070811707
0.6190410798229746
1.0642008915951662
0.631482913941139
1.100025602083228
0.5833236857320099
1.0849470220991349
0.6276304768103509
1.1162939707699073
0.6127574002919507
1.0848109823464147
0.6325124144732847
1.1081876954933718
0.5865684389032166
1.0655189490588726
0.6044020967955724
1.1448163643044502
0.5885808436439006
1.069297986478699
0.6542255183156936
1.1353319105310786
0.6233677770757537
1.0674638781949493
0.6287622451463285
1.1088315579396453
0.5860047964950869
1.0656326990106055
0.6141438416531169
1.1167367901353922
0.6171404028587034
1.093653733602652
0.6370912738312647
1.106313185122937
0.5943720626467969
1.063138763528942
0.6129689572406398
1.1303716760784146
0.578408524916212
1.070082511646826
0.6425190845852421
1.1289143707253255
0.6147170067107239
1.0685724523821716
0.6323709539544627
1.1243359371030197
0.5997547255691241
1.053991137153446
0.6151504878111457
1.1040200284189778
0.6096778824575175
1.094286363105703
0.6434628170496197
1.1069292024527286
0.5972036306392408
1.0666589015315429
0.6242233113312214
1.1144188781032216
0.574889644484822
1.070939679259738
0.6272498672488678
1.131385999198893
0.6089358397048137
1.0707291766226463
0.6447044756369177
1.1367719494986737
0.6121387406173644
1.0566740104110566
0.6297512709240171
1.0962821028208807
0.5929664107863283
1.0921694557962267
0.6402870547981554
1.1147087887386418
0.6045262155539056
1.0741351290693917
0.6273085681711388
1.108032367562281
0.57845921682978
1.0703920334234334
0.6108661978466972
1.1422345750106175
0.5983080878448882
1.0720750115045306
0.6511581555746928
1.140731781671017
0.6205548347401569
1.0646114815943695
0.6314973361288321
1.1003875912771992
0.5828945319782681
1.083328560180857
0.6252906627452484
1.1160883185978359
0.6146477889378201
1.0871008920101752
0.6329422586936488
1.1084104330270128
0.5887973240331528
1.0647790072206649
0.6047482654150496
1.1439536726827337
0.5870056089529224
1.0689642677734628
0.6530855682498364
1.134453038569197
0.6217449610555168
1.067760010676498
0.6284965498299551
1.1113470227696416
0.5872138536034313
1.0630271425394968
0.6131276321042244
1.1142754964388761
0.6157635162375201
1.0936904931834774
0.63811913617063
1.1058774451598612
0.5946780267877058
1.063770513413191
0.6151072056413134
1.128011475790774
0.5771795369661643
1.0700897115196149
0.6404282550155824
1.1283437696233771
0.6139508121263514
1.068566343359489
0.6342465971298364
1.12634148435982
0.6020426273068015
1.0536008853150605
0.6170984014016555
1.10274855425164
0.6080315370178082
1.0940312887557184
0.6439214724181471
1.107628242138366
0.5985027096209928
1.0673327739472807
0.6251240049942195
1.1122694563172029
0.5753241483641505
1.0713893178168967
0.6243812176224809
1.1329920067069725
0.6079366533007153
1.0714616711671117
0.6456420609688303
1.1375056514235617
0.6129664726531885
1.057967255637643
0.6300169211332208
1.096158409644924
0.5909295508947319
1.0912092377125757
0.6388364468181846
1.115558409377835
0.6055055651073997
1.0758311537465126
0.628250640787552
1.1079852300019952
0.5793200615855296
1.0699592578886659
0.609132044473185
1.143176091263729
0.5965105269326556
1.0715872120424113
0.6520543931584106
1.140894636386769
0.6222193232318984
1.0651942999253579
0.6307495829639235
1.100953284590184
0.5828175177349307
1.080782530640224
0.6233322947511869
1.1161490673412284
0.6163254506439357
1.089244543158192
0.6336547542733785
1.108704798880205
0.5910297477563123
1.0643245280384475
0.6055998404728237
1.1423314314393624
0.5851859999820092
1.0665332881616656
0.6492412991674119
1.133344534584777
0.6212236057475825
1.0666367148943783
0.6288685744766277
1.1139102625218482
0.5949059708139621
1.0608254150089238
0.6127787969850209
1.110055023996701
0.611351640628616
1.0934924829485122
0.6403421641438729
1.1032492553948856
0.5947955015434794
1.0649464504233124
0.6207675029379329
1.1259336518367824
0.5767269317955266
1.0683147215815858
0.6359462642932123
1.1275922070277578
0.6135670126588194
1.0663260772101901
0.6361839159667195
1.1289149480433736
0.6063811514758999
1.0536237176760834
0.6204064221403338
1.100588184969527
0.6039588928409826
1.0904100646290158
0.6442812317473036
1.1058149660575134
0.6001546552495194
1.0659694954060965
0.6267753996123533
1.1100978081029855
0.5774130244472993
1.071489985710123
0.6219527576452308
1.1319168611790527
0.6032560122576037
1.0685117624455405
0.6465560830193331
1.1352456486209026
0.614575763119743
1.0589633225458877
0.6320495536844579
1.0961216820810518
0.5917333298507568
1.0871636226234633
0.6338394061193363
1.1132046176277786
0.6070797774990982
1.0746259923562593
0.6297812863585049
1.1071299065216949
0.5819606135884389
1.0690068109494317
0.6126342242621992
1.1421921017585417
0.5935275617114687
1.0682415831666812
0.653339170148195
1.136710219442813
0.6241912929972278
1.0648743632251436
0.6314772728528721
1.101368408391284
0.5904918603077896
1.0763926032462259
0.6213869994336305
1.1140562612901301
0.6135805771592091
1.0869576757468187
0.6349181212860477
1.106361464945983
0.59231348858673
1.0632105927515787
0.6129561349703552
1.1389261767707572
0.586474430283853
1.066710508609487
0.6456959849587761
1.1297349861880228
0.6192726392905157
1.0667350605485846
0.6287016458095227
1.1146704885491823
0.5959111650333851
1.0578200989237156
0.6171076419495546
1.1081101008160787
0.6093512080520646
1.0902836881883253
0.6402945272758697
1.102678167383195
0.5946594604625762
1.0639020179787189
0.6232188981582163
1.1233262993505075
0.5796722714957409
1.0683159670733202
0.6333362091124675
1.1248558485527034
0.6125711449189792
1.0663718913643694
0.6381012824052245
1.1290253479775305
0.6077891439835295
1.0534744257537685
0.6250561961352622
1.0995233931828217
0.6017155428036235
1.0908304945736846
0.6414598395978997
1.106933516390586
0.601660486372821
1.0666677443957147
0.625835464503026
1.1087869949529723
0.5771295231561934
1.0718470574930692
0.6201565647635592
1.1342043294359136
0.6015991295692736
1.0687458326132102
0.6478015576308431
1.1357275474692772
0.6154474347391626
1.0605897595764053
0.6320103828252603
1.0970329721124328
0.5905507073210253
1.0857900022282942
0.6318018473373289
1.1136898079187287
0.6085048351318313
1.076171743955395
0.6312014100420866
1.1072116152337204
0.5833479054107056
1.0684059876767933
0.6119773904538052
1.1432051757664858
0.5924921156157801
1.0679678098192935
0.6523012834559071
1.13547861948608
0.6245059436698753
1.0652648029111875
0.6303975611683124
1.1025796290335634
0.5913538399393099
1.0729750998461935
0.6201381716728285
1.1146203272095092
0.6135370825465211
1.08778179968593
0.6358688077337162
1.105545082247328
0.593021307055163
1.0625590215756626
0.6141233812869477
1.136300305236544
0.5858514221079477
1.0671085380108096
0.643961585445824
1.1285084020441867
0.6180161939685608
1.0667559004587581
0.6290484689272345
1.1166381846795226
0.5974654538662979
1.0562034592295715
0.6177205915488506
1.106371727928638
0.6087771046937026
1.0903171681976376
0.6410548846996288
1.1025525457620426
0.5949909930898905
1.0640054064550841
0.62462874591815
1.1210919435879556
0.578844250001204
1.0684719360053456
0.6317803208835502
1.125440343717337
0.6115568842171917
1.0667978140379661
0.6402990620574925
1.1307767458324007
0.6094231160034213
1.0541220998698315
0.6273267280124595
1.0983379816481271
0.5995245490021573
1.090701736130499
0.6403764658015387
1.1079732415890604
0.6027270494281911
1.0676280772314788
0.6263000425805901
1.107920624581359
0.5773642484155865
1.0713173970737129
0.618583772434786
1.1363529022846146
0.600099953767856
1.0691285562011297
0.6488142617980427
1.1363702136540659
0.6168491001655354
1.0617527176684343
0.6320880565949651
1.0984289913977106
0.5896931580510157
1.0845990130523833
0.6299836990901031
1.1141941069194108
0.610055767977693
1.0777886888745714
0.6321500249626191
1.1070896660074545
0.5847106649779658
1.0673397310778312
0.6116250396469044
1.1437437824208319
0.5913256803488354
1.0675214502955332
0.6511676654163963
1.133865502665783
0.6245822636047123
1.0657272329966367
0.6293098710641268
1.1041670914620216
0.5921324318529846
1.0696928029793402
0.6186063910974454
1.114963012891461
0.6137327803998879
1.0887222589017191
0.6361171104423156
1.104833402295224
0.5937600551031248
1.0622224675625838
0.6151377127727397
1.1338993369093944
0.5853828361639335
1.0674679290049263
0.6418643481780176
1.1270632581243842
0.6168720057787598
1.066488400709195
0.6298078978853625
1.1186924942604144
0.599075363310579
1.0549226088364947
0.6179257072375648
1.1049243541258413
0.6084788643573861
1.0904553451996117
0.6420346047653824
1.1028615015983878
0.5955608374775386
1.0641921219256045
0.6250805329376575
1.1187861813007711
0.5780093471505588
1.0688588585702055
0.6305318964936664
1.1262013070854158
0.6097556786655534
1.0671931911862558
0.6424971772131811
1.1321281837981148
0.6104769409756335
1.0545999523766258
0.6288634883666355
1.0970518866665628
0.5976501586311099
1.0905621570706676
0.6395198131964615
1.1092315890246103
0.6035673542099593
1.0688305616079656
0.6263631604357189
1.1074720384412584
0.5779071070015381
1.070942036678553
0.6168671223158846
1.1379965353361414
0.5986160462358635
1.0691369266818211
0.649890501228848
1.137007879605426
0.6180361537014838
1.0628621689256983
0.6322601682266611
1.0991465852338587
0.5892153620466709
1.0836256313024377
0.6279934188695248
1.113838220836293
0.6117688301931163
1.0796525849421192
0.6324892492151086
1.1068056306114933
0.5863245788982364
1.0660313580763698
0.6116190810129795
1.1437930251315678
0.5902213649875644
1.0670083388433447
0.650285524518894
1.1324867790142643
0.6243804649068284
1.0658563916188828
0.6286676764410297
1.1061282906852075
0.5926400174883926
1.0667046896261745
0.6174705964279947
1.1148804795158256
0.6130919726777493
1.0894849783553586
0.6366216344571513
1.1044763627996488
0.594029969408633
1.0621782004289875
0.6163472566416645
1.1317162532111107
0.5845970535238494
1.0679243788169883
0.6399852154435853
1.1258889237224095
0.6158262264922132
1.0662979391125567
0.6309836498783115
1.1209642433905
0.6008409761341117
1.0539715392308822
0.6185782300074202
1.10372274929469
0.6080082379331981
1.0908595738843991
0.6429529055385002
1.1034858329904509
0.5964098770563072
1.0646107603116133
0.6255342107511817
1.116026144953526
0.5773277404730862
1.0694983179339557
0.628460442514649
1.1271875112875924
0.6077069671706267
1.0673869606411794
0.6439876252642209
1.1334905189463602
0.6115416634080565
1.0553586301918092
0.6302565101379576
1.096083059627426
0.5959611141894585
1.0898502525779419
0.6380380505697403
1.1106379189389295
0.6042250576089202
1.0703355845022364
0.6267647880387693
1.1073276519888773
0.5787825284835986
1.070540306721846
0.6154814890975898
1.139288696206588
0.5972790473587206
1.0690423316392266
0.6507581231175272
1.1373950250573779
0.6194262778420101
1.063346875319451
0.6325774225537529
1.0997098423856246
0.589130447963798
1.0825976716157408
0.6258235508101772
1.1135191908890234
0.6133445792084372
1.081792837971217
0.6326782688213635
1.106799159715864
0.5878639082774375
1.0650503409570626
0.6112647145589102
1.1433127173609174
0.5893178578934362
1.0666596636588352
0.6493647563937164
1.131353378893246
0.6233589722265462
1.0658074892682654
0.6284548550627035
1.1085789205297343
0.5931982576400661
1.0639946295877416
0.616799407028543
1.1142216339991229
0.6123455435420768
1.089788676887313
0.6374383186022966
1.1039701370715183
0.5941783577677435
1.0624545260352514
0.6179654218511245
1.1292595953803306
0.5832977698984432
1.068430857766917
0.6380856469179724
1.1250794976893062
0.6149524818786511
1.0660661352391927
0.6325721589168483
1.123181906732794
0.6025698877434971
1.0533582742056777
0.6197010686110538
1.1026025332004896
0.6070023686292246
1.090561712271296
0.6435284991788286
1.1042890796446072
0.5975423855739945
1.0651405770600137
0.6258955983459942
1.1135124069689397
0.5769579431100109
1.0701398665254382
0.6259286214837738
1.1285898304826583
0.6058510871036143
1.0678621704644848
0.6449103395483381
1.13443084797048
0.6121964005414983
1.0563959207705562
0.6307322874319942
1.0956338619027728
0.5944759077533588
1.0891131012760025
0.6366778119318122
1.1118990445474735
0.6050862822830595
1.071694546862567
0.6274875462222618
1.1072365268915498
0.5799652869381584
1.06997138888532
0.6144672951501225
1.1402964113585523
0.5958556497290043
1.069120676951551
0.6514654585295077
1.1373538559438827
0.6210059106727972
1.0637018001214331
0.6325005773786383
1.100025229144609
0.5894204225633054
1.080997441242254
0.6240696903509878
1.1134678494819574
0.6135629467767869
1.0839821964286882
0.6331745348371205
1.1068790574257572
0.5893448412033524
1.0643511992683783
0.6113984210170017
1.142540525291106
0.588296578205408
1.0664933160318284
0.6481600321302544
1.130508050186788
0.6217788666196855
1.0660231473700772
0.6282118698638733
1.1108709690728393
0.5938177902923172
1.0615672295194356
0.616572610403543
1.1119070860207834
0.611042325694497
1.0898317871730117
0.6385204129093595
1.1034447889977974
0.5945468097587558
1.0630414196590547
0.6198094884469707
1.1270255119557364
0.5817659377565043
1.0684774247788775
0.6363526502004979
1.124645568336537
0.6142121677907619
1.0659927896301453
0.634543592518547
1.1250947151471222
0.6042647515294374
1.0530905901977474
0.6212701282602753
1.1014148979497906
0.6058139137761468
1.0904413898007344
0.6427103497368432
1.1049012399204168
0.5989270487890023
1.065598514467486
0.6256411772397068
1.1114221600466208
0.5768893219268009
1.0707616403609284
0.6237619246787611
1.1303588080364646
0.604158890679152
1.0684543026462834
0.6458515357766061
1.1349185714520367
0.6131028176145397
1.057695452024084
0.6310445309394249
1.0956648031518612
0.5930650410055877
1.088117432151652
0.6352282571066905
1.1127868535418204
0.6061375466175271
1.0732080661869563
0.6285095614741198
1.1070802787834855
0.5808622183128566
1.0696278244384156
0.6134117161618667
1.141295569053648
0.5944552309353089
1.0685674022834364
0.6524260975291459
1.1372865373394487
0.6227411878986417
1.064250101051669
0.6317246582157442
1.1006046236056135
0.5899859674487872
1.0785020608292972
0.6226826996245528
1.1136743671156193
0.6135353442405085
1.085789125645506
0.633954056551308
1.1069593126056798
0.5908913275040395
1.0638985135740886
0.6120516004887626
1.1408159315846322
0.5871802650804253
1.0665237807800918
0.6469620714773859
1.1299469392243442
0.6203093782504498
1.0664924217950518
0.6283109874628411
1.1128696791054384
0.5947913734339236
1.0593547866033826
0.6167953186809536
1.109679798247706
0.6099912169980106
1.0901435395773407
0.6397881598781869
1.1029626235896641
0.5945000939810359
1.0634373361515939
0.6215502623026864
1.1250653101081571
0.5804794600668545
1.0683582709616952
0.634797572441859
1.124596023663119
0.6133159030751902
1.0661074543521292
0.6364724286775914
1.1272033654788058
0.6061955636217367
1.0531550760471216
0.6232327929366334
1.100402757924129
0.6037078335890237
1.0905584255170218
0.642039472797969
1.1058807901363246
0.600313035483691
1.066073648635973
0.6255380620281307
1.109743355577363
0.5770861736557235
1.071675814637557
0.6216780139374414
1.1322983466203282
0.6026366299316828
1.0685122129751423
0.6467961518259964
1.1352790749651571
0.6142447522444456
1.0592361056841217
0.6316317871106726
1.0961746981074385
0.5915175729276864
1.0868983279530808
0.6334171340678202
1.1132610803076648
0.6073534658723346
1.0749704541025424
0.6298253554327744
1.1070744858827413
0.5820763172050671
1.0688384452517627
0.6125579461877244
1.1423980820074306
0.5932595484119924
1.0681605923042952
0.6533078852432302
1.1365485644858362
0.624285129388255
1.0649173807211099
0.6312910110049119
1.101475813415379
0.5906672580337793
1.075822349736436
0.6211124040526762
1.1141405702527432
0.6134168734514874
1.0871086081996726
0.6350116702051469
1.1061526940952169
0.592343478829978
1.0630184227567459
0.613216191855181
1.1383612548815127
0.5863241627007154
1.066763153944703
0.6453494215743975
1.1296061503288937
0.6189540527404734
1.066705186321442
0.6285852421206166
1.1150242604174079
0.5961085356133801
1.0574695506921312
0.6172024323489391
1.1077115877286767
0.6091838178830262
1.090293952393829
0.6403557812164018
1.1025867110461656
0.5946228353905388
1.063951374580111
0.6235520610442797
1.1228659944404364
0.5794536626447081
1.0683238169406528
0.6329868031938513
1.124937152990745
0.6123255874847952
1.0664104457046224
0.6384260891436416
1.1293382050042617
0.608011575264424
1.0535451821124604
0.6254362271892477
1.0992436398838084
0.6012557814294156
1.0908926783206414
0.6411771360480669
1.1070851406943618
0.6019446333906396
1.0668171282554977
0.6257986884249661
1.1085224398332845
0.577082814945001
1.071707032859457
0.6198102297400792
1.1346681810890804
0.6013048534308644
1.0687892397925678
0.6479896148142307
1.135795646163255
0.6156042018524627
1.060761867679646
0.6319188596400609
1.0971775729272653
0.5903515518949598
1.0855428713329371
0.6313945308793328
1.1137421299687866
0.6087629121849312
1.0764503519306154
0.6313202578024855
1.107094457269636
0.5835900851228831
1.0682825715197712
0.6118845090460502
1.1432757685720298
0.5922816820240031
1.0679182726046361
0.6520234848960164
1.1351181650466817
0.624447645278692
1.0653105418451623
0.6300659121947096
1.1027518552158264
0.5915545010602529
1.072320375847322
0.6197826633419351
1.1147031344780287
0.6135290899444209
1.0879369705060256
0.635811953610841
1.1053341915952957
0.593074862251893
1.0624266394042154
0.6143270539827719
1.1357765415994008
0.5857325555068017
1.067158440452374
0.6435735605001769
1.1281863132442667
0.6177229152147249
1.0666481301208925
0.6290769070608356
1.1169631105824562
0.5977560945122369
1.0559163476192426
0.6176956388321503
1.1060252737168648
0.6086661647589583
1.090313140484027
0.6411596103983735
1.1025469886942227
0.5950141589567522
1.0640136476825977
0.6247778251091803
1.120577872339616
0.5786907412599063
1.0685234523680243
0.6314973306202099
1.1255532956202503
0.6113265893701528
1.0668308519179084
0.6406657539388908
1.1309785349491348
0.6096287559933663
1.0541845580617992
0.6275531795942687
1.0980218694333115
0.5991250063180087
1.090667742623907
0.6401424146701263
1.108186845307525
0.6028358800946871
1.0678287870428997
0.6262419885335396
1.1077421476473617
0.5773991502285528
1.071233727830287
0.6182736338949251
1.1366215412797742
0.5997521425745721
1.0691635406550692
0.6489733594439655
1.1364699718852835
0.6170085486178615
1.061953476999549
0.6320743853092946
1.0985638267323972
0.5895652742099953
1.084393645848725
0.6295982853972507
1.1141974187700923
0.6103414988479587
1.078117738446738
0.632281750843003
1.1070588816567948
0.584971663664517
1.0670377751382667
0.6115815689993147
1.1438166637804217
0.5910557251023522
1.0673957101871927
0.6509438931547376
1.13355274004231
0.6244846326721094
1.065743028483691
0.6291197932182426
1.1044251446024218
0.5921925017537831
1.0690914500513495
0.6183298668716597
1.1149039484432013
0.6136363817882242
1.0889246034412925
0.6361432652528096
1.1046965409638834
0.5937714158253302
1.062151268760884
0.6153293728459912
1.1334190006506604
0.5852894517989015
1.067535587838522
0.6414482953493597
1.1267960318357233
0.6166164975584537
1.066397110010266
0.6299632709071106
1.1190643231750452
0.5993771036710073
1.054698526283836
0.6179981753342982
1.104632626138959
0.6083627748833825
1.090502738141212
0.6421962252875199
1.1029404450884293
0.5956691597346715
1.0642737367751214
0.6251186017941353
1.1183035559542205
0.5778420099222966
1.0689546997881514
0.630188591148389
1.1263384716849814
0.6093073545327413
1.0671885781298487
0.6427497544842637
1.1323777104266786
0.6106424732885081
1.0547138422693558
0.6291838245723268
1.096775904432723
0.5973140898658598
1.0904805307838439
0.6393115305726218
1.1094744253096878
0.6036458283225746
1.0691028570111034
0.626398069526291
1.1074033173197997
0.5780341368810347
1.0708358318419657
0.6165571575508857
1.1382847248018897
0.5983053074613728
1.0690864696518694
0.6500271868359139
1.1370753688198996
0.6182643419943892
1.063064398335387
0.6322935687067153
1.09915705269047
0.5891615609458765
1.0834575467675267
0.6275144168485806
1.1137344660650748
0.6120806075208214
1.0800426293449064
0.6324785998473526
1.1067418181348838
0.5866656351808217
1.065805922867957
0.6115277840187661
1.143755508147783
0.5899965036853186
1.0669112932245703
0.6501139436206275
1.132229260503448
0.6243176565932353
1.065807600890921
0.6285864966142151
1.1065388758665937
0.5927699535733691
1.0661491068921465
0.6173044672940673
1.1148809400886248
0.6129098565054607
1.0895906114616551
0.6367458582822113
1.10442950411738
0.5940277031820165
1.0621896150873809
0.6166191863278118
1.1312337408420041
0.5844297890415701
1.068022563684501
0.6396425738351832
1.1256949444791826
0.6156383800659491
1.0662442322433274
0.6312422163128888
1.1214088454495328
0.6012037280006349
1.0538176824347454
0.6187559782452142
1.1034683034120487
0.6079079062838149
1.0908169581760443
0.6431070573356945
1.1035935912939754
0.5965888408618379
1.064684065241776
0.6256343291805034
1.1154887277516186
0.5772320562829328
1.0696277373638958
0.627927173578686
1.1274061372672486
0.607329799345105
1.0674410515280115
0.644212263074253
1.1336593175222798
0.6116341606889658
1.0555282035804865
0.6303456265101905
1.095943585503034
0.5956344196597002
1.0896840867027187
0.6377493369895483
1.110869713682202
0.6043534535198525
1.0706388319574582
0.6268697098674024
1.107250565808902
0.5789852315493644
1.070396957924272
0.6152454243271863
1.1394575600937065
0.597043254860174
1.0690301212182378
0.6508514182485402
1.1373833983582147
0.6197054681719011
1.0633909943937394
0.6326381448317054
1.099729262890985
0.5891427218348763
1.0823533411518844
0.6254520783903909
1.1134750935995448
0.6133765407601443
1.0822165009259772
0.6327436567532662
1.1068270669711153
0.5881172890938773
1.0648863468771572
0.6112383648661065
1.1431423900574202
0.5891710230764919
1.0665982086738282
0.6490920650199317
1.1311625989071072
0.6230408720843436
1.0658166613914708
0.6283700917138064
1.1090779917258993
0.5932797101148464
1.0635085014209726
0.6167184573894298
1.1137676621032133
0.6120531169336805
1.0897724904910797
0.6376165347172267
1.1038487398857522
0.5942278781684563
1.0625346582600286
0.618293001777942
1.1287857240616876
0.5829843221820394
1.0685159049271677
0.6377114395404364
1.1249562519120662
0.6147914022881402
1.0660264347592994
0.6329072821206582
1.1235216404727504
0.6028635754476458
1.0532766540719931
0.6199651383956984
1.1024064285554074
0.6067722812005653
1.0905096321748005
0.643350649191954
1.1043641367718773
0.597772857004298
1.0652635569348599
0.6258058647409259
1.1130564319204375
0.5769199369331726
1.0702205954610167
0.6254663189487196
1.1288884597636457
0.6055055741227452
1.0679721798074602
0.6450767470067068
1.1345599940839042
0.6123436586367252
1.0566172149451312
0.6307828460310402
1.0955863826134813
0.5942154707520554
1.088985243162925
0.636439116240203
1.112068466851065
0.6052522285412344
1.0719553000743094
0.6276513989006245
1.1072503080584186
0.5801110674190287
1.0698788336118419
0.6142400999595705
1.1404995316597137
0.595563807474914
1.0689899684849133
0.6516074811730705
1.1373356560214654
0.6213169490413252
1.0637844477369802
0.6323302682468597
1.100102565295891
0.5895077439831329
1.0804973600879606
0.6237739713923629
1.113472540690168
0.6135687952754943
1.0844034128777134
0.6332952305483319
1.1068831118106746
0.5896565524510143
1.0642323690700428
0.6114729450845209
1.1422542856192421
0.5880586243401894
1.0664707807123477
0.647934744826581
1.1303701032755111
0.6214824504126846
1.066082300235273
0.6282044195907504
1.1112087029113074
0.5939687139406415
1.0611147186348897
0.6165778072526319
1.1114473283880684
0.6107987413502654
1.0898614220333687
0.6387504770706154
1.1033422696454998
0.5945735037278511
1.063179342179657
0.6201579831699027
1.1266048096831751
0.5814990988920855
1.068455374342022
0.636008597936118
1.1245947151075664
0.6140772399150598
1.0659890466034436
0.6349498263191294
1.1254751117707553
0.6046122824037472
1.0530723816077567
0.62161780238669
1.101179182087431
0.6054442589280948
1.090437233563931
0.6425723274797446
1.1050466498265308
0.5991538918691065
1.0656630963297047
0.625611931000195
1.1110485752622967
0.5769098556306415
1.07089922584239
0.6233715369703362
1.1306815064742508
0.6038469176847622
1.0684390620840856
0.645996985158985
1.1349691193276241
0.6132967262111123
1.0579640784360749
0.6311417211736989
1.095711014038583
0.5927296288832701
1.0878979545771963
0.634862213604635
1.1129637293641546
0.6063374658635854
1.0735185563350789
0.6287320314090876
1.1070354641594198
0.5810678607640184
1.069498124612308
0.6132007706920065
1.1414629976986037
0.5942032227510904
1.0684667585124288
0.6526147518707893
1.1371268251546596
0.6230806083011429
1.0643689910628706
0.6316172680206452
1.1007227802446762
0.59008718570775
1.07802927325118
0.6223932729178339
1.1137303681702682
0.6134762772932725
1.0860670021203587
0.634129164565183
1.1068282030476593
0.5911635855827315
1.0637262707632045
0.6122263727553805
1.1403877637139925
0.586992266452984
1.0665428749056298
0.6466138321844315
1.1298664423654188
0.6200359743956874
1.0666001474961033
0.6283618753873952
1.113254025721173
0.595009718276483
1.0589642144166804
0.6168527369283602
1.1092710683270033
0.6097977320527138
1.0902258431813177
0.6398720836531339
1.1028653719798627
0.5944943107933786
1.0635150060939187
0.6219072026549516
1.1246273701900764
0.5802616867114124
1.0683205139175194
0.634430247443982
1.1246204192333644
0.6131184909934858
1.0661394774115565
0.6368122988042981
1.127620761694174
0.6065279155861987
1.0531985693220087
0.6236211910933009
1.1002357317714
0.6032026684461271
1.0905994267917778
0.641872132852884
1.106096548667564
0.6005897504046784
1.0661904688244677
0.6255529470727899
1.109472917560835
0.5770558679919148
1.0718712518577267
0.6212846549396509
1.1327112896081832
0.602364426240461
1.0685417575535088
0.6470022172541338
1.1353601136958542
0.6144815191163998
1.0595491025246788
0.6316898670014286
1.0963219782444054
0.5912631852835832
1.086618092358608
0.6330048308114713
1.1133388098076014
0.6076048509525115
1.075289104177449
0.6301036443085006
1.1070718827463049
0.5823364576496708
1.0687042104370799
0.6123896501568297
1.1426417972341765
0.5930509432619044
1.0680930625303793
0.653068322730388
1.1364125256456514
0.6243067707021108
1.0649689477448199
0.6311277457949659
1.1016896068572173
0.5908011927938449
1.0751279632773227
0.6208476012390094
1.1142505669518488
0.6134180185257669
1.0872701736075325
0.6352421841942436
1.1060016240479185
0.5925197607569217
1.0628766173638162
0.6134908771417336
1.1378448654094497
0.5861856863940109
1.0668269507862942
0.6450744586656382
1.1294203385381323
0.618707670762739
1.0667202231382809
0.6286451028661865
1.1153992038301166
0.5963924564690027
1.0571415263183777
0.6173267297320177
1.1073593827610673
0.6090608129411711
1.090322041990431
0.6404887444544567
1.1025381760942579
0.594673531629062
1.0639555000498113
0.6238134174107085
1.1224710561795344
0.5792830787125555
1.0683345893140535
0.6326736636636969
1.1250419517885772
0.6121240533570669
1.0664818046909812
0.6388290126300706
1.1297017243409315
0.6083423046449604
1.0536491386296583
0.6258953909424307
1.099037260771433
0.6008235492106221
1.090838220210952
0.6409608303864924
1.1072633016087827
0.6022074191763435
1.0669861037092203
0.6258880105789242
1.1083351917964144
0.5771144781616661
1.0715865377557532
0.6194917249758326
1.1351614420029497
0.6010488947936399
1.0688577884016839
0.6481934311971747
1.135907719203594
0.615881959366782
1.0609677564894546
0.6319269107826531
1.0974182700330077
0.5901694886459609
1.0853012499380663
0.6310437309969628
1.1138177389491613
0.6090481064233402
1.0767441019584496
0.631535690692803
1.10704875043931
0.583839048147824
1.0681627921492054
0.611808793759403
1.143383098169374
0.5920735227777306
1.0678827378564133
0.6517955937917576
1.1347978416655027
0.6244837119074883
1.0654022449075835
0.6298496593695593
1.1030320147534665
0.591764077179413
1.071677298266175
0.6194704942214143
1.1148157287001972
0.6135713795238646
1.0881018586013194
0.6358515180944488
1.105178184718377
0.5932266589587827
1.0623463366110921
0.6145466404292343
1.135303205811018
0.5856334738816421
1.067219906023796
0.6431599580561748
1.1278917558825505
0.6175003902285909
1.0665861572631985
0.6292125356660608
1.1173384392827514
0.5981023027717435
1.055652407295649
0.6177152804869067
1.1057298742004853
0.6085962093071976
1.0903227410103167
0.6413380412014802
1.1025821586056477
0.595115357267761
1.0640409177712455
0.6249440850924955
1.1201310729515013
0.5785456548812833
1.0685783839618914
0.6312475388374198
1.1256900465537756
0.611009456366521
1.0668998010230863
0.6411206774945727
1.1312298961405292
0.6097931501881504
1.054255929717681
0.6278330362449918
1.0977821853608527
0.5987530137779932
1.0906385184133824
0.6399698871999051
1.1084242756817868
0.6030000983538142
1.068047634088071
0.6262413981500139
1.1076391119851294
0.5774919213825576
1.071164875055318
0.6179126145864539
1.136915793946939
0.599460376914713
1.069220226603737
0.6491802372792745
1.1365872306183131
0.6172280651136435
1.0621904009025673
0.6321021333715854
1.098783652374694
0.5894558678135341
1.0841929841472189
0.6292126276628337
1.1141098798405527
0.6106585394367332
1.0784612416105501
0.6324706354724782
1.1069814160485958
0.5852658412070946
1.0667757490172578
0.6115559640581633
1.14383329629204
0.5908331075001422
1.0672822421003412
0.6507638344156803
1.1332780993454625
0.6244441626218097
1.0658078739183792
0.6289821944284839
1.1047909867867947
0.5922685221328049
1.0685038237218842
0.618098762070371
1.1148741152594641
0.6135836009076338
1.0891359208832936
0.6362349087316751
1.1046116378747075
0.5938285649233642
1.0621317111445592
0.6155351581594555
1.132990215433915
0.5851876672820013
1.0676065216894823
0.6410747325832993
1.126554037130351
0.6164188513842126
1.0663497962216282
0.630174903969173
1.119488347754569
0.59969871066313
1.0545005711895605
0.6181047263220228
1.1043949340826873
0.6082545990469591
1.0905623221653158
0.6424192294534053
1.103057971887819
0.5958215352133982
1.06434948730441
0.6251896406772314
1.1177544748288144
0.5776991549673418
1.0690573842938556
0.6298756327985814
1.126504541058252
0.6089177040286752
1.0672081416370784
0.6430382885072994
1.132655804975556
0.6108634668773559
1.0548424404367962
0.629530788115748
1.0965753479398632
0.5970052705617324
1.0903385234796181
0.6389936675818078
1.1097419492463643
0.6037640773493441
1.0693732495180586
0.6264573692965563
1.1073844618018502
0.5781875762084413
1.070742275284805
0.6162729687818246
1.1386075771820212
0.5980482566925456
1.0690539976797888
0.6502025150671719
1.1371685035404238
0.6185203559636993
1.0631706229174656
0.6323445655621988
1.0992546185983374
0.5891258493929368
1.08329926028907
0.6270912898062685
1.113658052064404
0.6124278093924188
1.080434350169211
0.6325028016765732
1.106720124943053
0.5870210928101774
1.0656038845318405
0.6114290599963187
1.143754666069551
0.5898176264439359
1.066829535676007
0.6499834987433238
1.1320024669906241
0.6242913920644908
1.0657847486176824
0.6285288188211152
1.1069873145964158
0.5929209678101081
1.0656203515948364
0.6171568691921356
1.1148967850398332
0.6127628043499347
1.0897143229806476
0.6368886069817411
1.1043787776548895
0.5940428427811959
1.0622294981848461
0.6169132040893891
1.130743855508734
0.5842721620265336
1.0681349340742445
0.6392732229927717
1.1255211412049855
0.615465394172506
1.0661830958729661
0.6315278107753959
1.1218775997902009
0.6015802923775714
1.0536867113973396
0.618949050279405
1.1032377434056875
0.6077338919835665
1.0907346731014154
0.643277894198755
1.1037269172517827
0.5967916813136988
1.0647732578392775
0.625758606074384
1.1149905101693158
0.5771458923138607
1.0697773213723976
0.6274281083417729
1.1276513286755157
0.6069685111940363
1.067514390406374
0.6443563093917329
1.1338384889008313
0.6117445071042252
1.055712403252215
0.6304272376929702
1.0958345056939676
0.5953363295126702
1.0895314145075194
0.6374784317960702
1.1111182446013956
0.6045084912135105
1.0708742485578375
0.6269892743084131
1.1072108035495896
0.5791982432294216
1.0702741532045017
0.6150387153035762
1.1396265607493896
0.5968070705608411
1.0690333465857254
0.6509743155533446
1.1373674354802799
0.6199958563859235
1.0634493256039925
0.6325874504393951
1.0997788548075103
0.5891807901548689
1.082124474335551
0.6251009444197771
1.113448465952147
0.6134366750743372
1.082627734112738
0.6328230384282318
1.106888369263489
0.5883832879696578
1.0647441271638263
0.6112400932856137
1.143002987686163
0.5890381206674209
1.0665521125615993
0.648850571988642
1.1309875228599318
0.622733617782483
1.0658436989377824
0.6283036716452859
1.1096064145203923
0.5933807203086721
1.063039813839454
0.6166554530240077
1.11333749846804
0.6117937932332207
1.08976471392236
0.6378100877791024
1.1037509306831725
0.5942925397262704
1.062632972453474
0.6186443248190454
1.1283481656949341
0.5826793948921701
1.068528424330726
0.6373716544259056
1.1248546925456202
0.6146439831210749
1.0660008481089458
0.6332653049059112
1.123874576965301
0.6031703007771478
1.0532110491191582
0.6202439258840684
1.1022006927223396
0.6065739267225485
1.090474019355305
0.6431822074562179
1.1044613102476595
0.5980253127376761
1.0654010317788765
0.6257356731934444
1.11263944520507
0.5768910750126799
1.0703223508870607
0.6250365568577939
1.129214329558556
0.6051752075413658
1.0681010399942783
0.6452664284754853
1.1346989452613787
0.612502306045925
1.0568522394290907
0.6308200226419833
1.095569906767674
0.5939823463640154
1.088841787596751
0.6362176389335323
1.112223236274892
0.6054431155812706
1.0722316535945848
0.6278292475550449
1.1072329495055455
0.5802655109538379
1.0698029363053163
0.614042401090175
1.140732962283691
0.5952864224260399
1.0688747580823694
0.6517781019785978
1.1373257010279432
0.6216381419455024
1.063879245280522
0.6321602233961744
1.1002101610573296
0.5896188133326918
1.0800128697339808
0.6234974920423924
1.1134966004665352
0.6136044253390106
1.0848375195881952
0.6334289388271896
1.1069184852056242
0.5899808538659895
1.0641324874899099
0.6115741053909425
1.1419817890144943
0.587832950860008
1.066464022232041
0.6477403857948296
1.1302501010479677
0.6211960709136343
1.066158671216837
0.6282154450722504
1.111572145005157
0.594137609952911
1.0606796118993473
0.6166002659596947
1.1110102420535943
0.6105867638337856
1.0899076520039834
0.6389943456225106
1.1032668570840203
0.5945361099962075
1.0632249328965329
0.6204868401561414
1.1262195686605747
0.581240548535634
1.0684550816234295
0.6356983697723229
1.1245674512179549
0.6139499121808587
1.066000493008659
0.6353572998343966
1.12586682145446
0.6049733869330249
1.0530698293293588
0.6219798779377927
1.1009704023824165
0.6050513805812159
1.090448113493405
0.6424510937240612
1.1052155108701185
0.5994053810130867
1.0657416043259058
0.6255660716106207
1.110713167994595
0.5769389754782785
1.071059122378283
0.6230144630081944
1.1310329062397957
0.6035488474380049
1.0684403161331542
0.6461682180594549
1.1350297559409062
0.613501408956681
1.0582454290803607
0.6312517057890765
1.0957882329199127
0.5924210950804819
1.0876925375995246
0.6345116217756644
1.1130325816429192
0.6065639550015717
1.073842493417632
0.6289678911112394
1.1070249569719737
0.5812825097129812
1.0693204254823658
0.6130195616155943
1.1416607859623527
0.5939651571485074
1.0683810542605618
0.6528331255018472
1.1369776439061123
0.6234299338901523
1.0644989804432898
0.6315244394510747
1.1008694244397097
0.5902122526141631
1.0775106898122966
0.6220629211255436
1.1138059146673551
0.6134472922867584
1.086357330607322
0.6343172588049046
1.106706632156118
0.5914471769604581
1.0635376946307202
0.612426271173718
1.1399913125754397
0.5868160857175742
1.066577515934047
0.6462979426139585
1.129804300537798
0.619771876801506
1.0666743597227852
0.6284318330454112
1.11365556135471
0.595244839565206
1.058590940255758
0.6169034362295629
1.1088837456837612
0.6096356080539314
1.090242635677381
0.6399700190088247
1.1027962533831015
0.5945054397634351
1.0636058547958689
0.6222861345798335
1.1241940881783337
0.5800518646029932
1.068302788076253
0.6340697275199113
1.1246682623094335
0.612932007577597
1.0661881273914704
0.637171852161434
1.1280485120322983
0.6068724752960075
1.0532584027052674
0.6240224039082928
1.0999763457256895
0.602725379481991
1.0906554885468807
0.6417196112496242
1.106334810130108
0.6008906622162835
1.0663197412519005
0.6255834944696065
1.1092204961008132
0.5770391600581432
1.0719291730715454
0.62091447375109
1.1331438508472822
0.6021016089450433
1.068584163956535
0.6472183396485246
1.1354504608434604
0.6147288941322508
1.059874877939058
0.6317664348642981
1.0964915087729818
0.5910249493675416
1.0863501778973867
0.63260576800926
1.113433388051662
0.6078656296439839
1.075543481810732
0.6303937518206433
1.1070869820922764
0.5826093023457954
1.068586410142514
0.61223881467551
1.1429021271528277
0.5928539333490805
1.0680385297030872
0.6528054645406018
1.136170737869049
0.6243319185665954
1.065034204218261
0.630849659061795
1.101923457722686
0.590952913224998
1.0744497145864997
0.620602120337748
1.1143720732534823
0.6134292079409076
1.087439919476505
0.6354827755929365
1.1058687001352192
0.5926310119386855
1.0627493456740558
0.6137204598875843
1.1373435546298787
0.586060400634397
1.0669039031274707
0.6447572257943307
1.1292037807493032
0.6184660407491089
1.066752061867222
0.6287195507662598
1.1157816154654352
0.5966902299298187
1.0568312239480735
0.6174717693975359
1.107025274990225
0.6089500580882643
1.0903192310033893
0.6406310265975622
1.1025117733805574
0.594734883887314
1.0639702618819031
0.6240490806782604
1.1220862882097622
0.5791245217738836
1.0683599554691683
0.6323756429715004
1.1251655534196614
0.6119280384015495
1.0665672495678433
0.6392420251241148
1.1300757047417236
0.6086847111412873
1.0537696037654485
0.6263697431270865
1.0988509607585857
0.6004039186844842
1.090783289525124
0.6407534271284961
1.1074585089468416
0.6023404674789798
1.0671661670184998
0.6259940865360829
1.1081670154117633
0.5771590665667815
1.0714826079653144
0.6191942188285039
1.1356735594553453
0.600732044960541
1.0689410796393208
0.6483578439143974
1.1360280200814414
0.6161692623330884
1.0611858210005283
0.6319517437217259
1.0976797057781331
0.5900033525356995
1.0850723795381676
0.6307055649173599
1.1139116043067927
0.609341038475564
1.077049090390117
0.6316931073688095
1.1070223837375976
0.5840822435951488
1.0679479190705148
0.6117547592739864
1.1435036652037296
0.591819126517231
1.0677656654849836
0.6515776937448458
1.1344891951344074
0.6245225164047585
1.0655063781414587
0.629650017443341
1.1033303477522074
0.5919900402254001
1.0710505391365353
0.6191753689999985
1.1148921792363315
0.6136231086546423
1.088278324671828
0.6359018443519731
1.105040124103336
0.5933884261716539
1.0622794366110948
0.6147621087600362
1.1348448516938017
0.5855346725412554
1.0672961326382269
0.642735650282639
1.1276144964815156
0.6172826055250736
1.0665398550845162
0.6293625916294437
1.1177265330074007
0.5983915974332821
1.0554059611087558
0.617752842907667
1.1054507625727976
0.6085383054867118
1.090346887791016
0.6415248585229322
1.1026382850692114
0.5952271870956457
1.0640787519304138
0.6249753399489426
1.1196996366701237
0.57836051210673
1.0686483169584078
0.6310137060558404
1.1258465233285624
0.6105986579692924
1.066985064034882
0.6415848491303496
1.1314887095241208
0.60997164787315
1.0543434579388042
0.6281272919317119
1.0975153543759948
0.5983940575334324
1.0906222123065694
0.6398052710514545
1.1086680978906784
0.6031737153305397
1.0682786162410194
0.6262561767835287
1.1075553130110924
0.5775978274332578
1.07109919240178
0.6175694930979475
1.1372272117600501
0.5991763953996455
1.069200907464756
0.6493972936422266
1.1367041492631946
0.6174569792803165
1.0623811663331852
0.6321466268167633
1.0989470639222065
0.5893627996006261
1.0840044642793805
0.628838995320543
1.1140129955082527
0.6109823146943664
1.0788157520790722
0.6324528045075546
1.1068967181667804
0.5855730871411459
1.0665268323168071
0.6115519884047539
1.143798660656253
0.5906210685299587
1.0671814713513132
0.6505934795188301
1.1330146096463292
0.6244069101063474
1.0658852045740008
0.6288618335071927
1.1051737846123295
0.5923612910319677
1.0679310673596691
0.6178849665093963
1.1148587372491414
0.6134403618307956
1.0892274147476728
0.6363373163075213
1.1045441481830602
0.5938949690277967
1.0621249294277602
0.6157606172348841
1.1325767191727025
0.5849923138206172
1.0676844800994787
0.6407159484865036
1.1263285197968746
0.6162252696585034
1.0663149631749869
0.63040015176673
1.1199235797991953
0.6000320164400716
1.0543182281391221
0.6182295196328358
1.1041736338175698
0.6081583587913344
1.0906367415549787
0.6425970395923354
1.1031960873758109
0.5959837847343135
1.0644355654881927
0.6252796547213353
1.1171963266563978
0.5775697163869231
1.0691732157109226
0.6295668761499033
1.1266896667031094
0.6085331920922994
1.0672439432131307
0.6433121139515972
1.1329416450217342
0.6110983883106673
1.0549851062807631
0.6298916271977908
1.0963961951909438
0.5966779595762924
1.0901841748706522
0.6386850455404874
1.1100263817687681
0.6038896412606374
1.0696539296782361
0.6265333253548849
1.107384571975711
0.5783541190762503
1.0706614440297983
0.616006713457042
1.138818065544719
0.5977994763477318
1.0690349610137528
0.6503874010359296
1.137268070862949
0.6187858017113536
1.0632444331004574
0.6324131383074401
1.0993725425977254
0.5891064237662396
1.083137341327988
0.626682780113348
1.1135971524743327
0.6127809851348196
1.0808367707180622
0.6325405508195441
1.106717773686805
0.5873133836176648
1.0654140284136229
0.611351906787726
1.1436289057359819
0.5896501473100458
1.0667614637687
0.6498627365319737
1.1317874959080831
0.6240548612182487
1.065775117152498
0.6284877360591404
1.107452295427426
0.5930300406098437
1.0651045554798992
0.6170267926907783
1.1149256768535236
0.6126260399761613
1.0897355565719482
0.637042629076994
1.1042309095874094
0.5940685091050752
1.062281384133537
0.6172267847428047
1.1302677084700006
0.5840183240050811
1.0682060184730136
0.6388865024629439
1.1253644913741072
0.615297191935522
1.0661329224835856
0.6318271370109589
1.1223569223741563
0.6019201108958203
1.0535691155690852
0.619160423754749
1.1030221553084887
0.6074882071151435
1.0906664049273536
0.643432436474856
1.10387851514893
0.5970046965405601
1.0648721517844755
0.6258454950427274
1.1145099947632937
0.5770729829968169
1.0699387860422391
0.6269453202752051
1.1279157129928001
0.6066132703862998
1.0676033955519353
0.6445092689395496
1.1340250130300917
0.6118677225834099
1.0559080306466737
0.6305227700166297
1.0957460154478063
0.5950525001615035
1.089390306662838
0.6372174559284772
1.1113821366320913
0.6046708577464847
1.071111795455351
0.6271246413564007
1.1071910217591858
0.5794245117409954
1.0701631920814592
0.6148503227305159
1.1398108823784636
0.5965020124793075
1.0690497875009886
0.6511067410892958
1.1373580198323
0.6202944500422869
1.063515241378913
0.6325515429247089
1.0998463463967436
0.5892346771012125
1.081849492531926
0.6247650067890389
1.113436720037731
0.6134935094906522
1.0830312184394486
0.6329155264141181
1.1068636082107248
0.5886624973428923
1.0646139159804229
0.6112628336600018
1.1428735446807652
0.5888408090409174
1.0665195999058203
0.6486190885560817
1.130824568729145
0.6224307169661489
1.0658831915942313
0.6282537996073646
1.109996436325432
0.5934964644684811
1.062582521796777
0.6166101657805879
1.1129158079002306
0.611544318236438
1.0897700712071663
0.6380147245227092
1.1036619634964098
0.594367872976484
1.0627422649148957
0.6190158446169328
1.127921969190392
0.58238592607375
1.0684953992048523
0.6370456032266787
1.1247697654991327
0.6145010593219822
1.0659854496774388
0.6336372878261988
1.124237938099537
0.6034903374857328
1.0531573244705783
0.6205398689510003
1.1019383872554596
0.6063893053240729
1.0904504463953943
0.6430230514341341
1.1045756109731737
0.5982890844076688
1.0654688982809095
0.6256845598526874
1.1122392225677125
0.5768758049769562
1.0704382164411974
0.6246230820284105
1.1295582682884742
0.6048513197454957
1.0682442365764646
0.6454655945042898
1.1348041094295434
0.612672586089568
1.0570974567945175
0.6308712171288489
1.0955735479785242
0.5937634550682126
1.0886075038061436
0.6360067800096393
1.112381532534582
0.6056418156149422
1.0725180970038903
0.6280221219011644
1.1071615106647419
0.58043371300379
1.069730079524423
0.6138633337157912
1.1408941626740954
0.5950191477236206
1.0687693499062618
0.6519592191738756
1.137322911314441
0.6219666805588335
1.0639821120576776
0.6320074138281349
1.1003359563545065
0.5897449168106923
1.0795359303923981
0.6232374590241064
1.1135350515707212
0.6136135740711718
1.085158420420958
0.6335755277042531
1.1069717174193237
0.590292103380401
1.0640439705713018
0.6116961967172522
1.141717564502393
0.5876196879024237
1.0664691108972755
0.6475564270502728
1.130141552468744
0.6209152786383716
1.0662467921773107
0.6282289273243651
1.1119509895682138
0.5943207524144951
1.060256358656927
0.6166408245009967
1.11058495152807
0.6103855540204624
1.0899652368615422
0.6392486169826304
1.1031826378760698
0.5945094414161836
1.0632766196691446
0.620789973555371
1.1258452673915849
0.5809941860168576
1.0684199130203198
0.6354013985424259
1.1245556602329085
0.613747514491474
1.0660213414880897
0.6357025934712828
1.1262676293309677
0.6053470254737575
1.0530796461813694
0.6223588472615711
1.1007758842376456
0.6046682097437697
1.0904690806075974
0.6423396804514304
1.1054002724786383
0.5996677123912277
1.0658300585082106
0.6255377598304012
1.1103951334282254
0.5769817355681508
1.0712314770163047
0.6226074709054913
1.1314016121941515
0.6032589634315889
1.0684513597416818
0.6463494008084436
1.1350975063373088
0.6137166425530687
1.0585372130652473
0.6313776214267168
1.0958841339959453
0.5921270494944723
1.0874739409436585
0.634172926666939
1.1130885826041645
0.6067978178660437
1.0741766842504012
0.6292163175475004
1.1070305729014644
0.5815103958953528
1.0691556185330866
0.6128566630999127
1.141871556861743
0.5937372782384424
1.0683034899029453
0.6530619577273747
1.1368358082534946
0.6237059302458627
1.0646372632698178
0.6314475964138289
1.1010348030715076
0.5903526810853257
1.0770010326583566
0.6217509944307795
1.1138943220413575
0.6134269356844956
1.0866549312288962
0.6345171089467204
1.1065183354123058
0.5917426080497467
1.063362656258482
0.6126458050364925
1.1395263596156187
0.5866516535909432
1.0666224463460978
0.6459932591205013
1.1297530388834156
0.6195138186229057
1.0666706719314576
0.6284886991191971
1.1140724359795886
0.5954933550167789
1.05822997312014
0.6169738724908699
1.1085084564704506
0.609484217752523
1.0902440174879637
0.6400775786998683
1.1027277875864476
0.5945284204957754
1.0637073839781321
0.622684212625933
1.1237719933097337
0.579854901459111
1.0682951726553678
0.6337220205048549
1.1247318224061573
0.6127507994780111
1.066245182346864
0.6375436615135315
1.1284835739534804
0.6072287615635719
1.0533305587434145
0.6244392075002378
1.0997325959167554
0.6022603806952086
1.0907210616700431
0.6415771934312439
1.1065878729814898
0.6012020802998292
1.0664597273178271
0.6256307385219602
1.1089858618109527
0.5770370885156865
1.0719825384325656
0.6205634670336331
1.1335926881819267
0.6018469522165155
1.0686354109760587
0.6474441729541536
1.1355480586552171
0.614986150303564
1.0601758687499632
0.6318595994362411
1.096680106752765
0.5908015563896168
1.086090796141745
0.6322195691328103
1.1135386886950225
0.6081330070850355
1.0758091700492127
0.6306961513994779
1.1071188997150192
0.582895831923954
1.0684816996642776
0.6121076810656244
1.143054715722366
0.5926670830041627
1.0679913375971501
0.6525526922588112
1.135852235946562
0.6243622936194346
1.0651079365567406
0.6305893301695015
1.1021651397840668
0.5911202891429305
1.0737817104247045
0.6203750746745084
1.1144590411047333
0.6134487693972964
1.0875803018659824
0.6357352592390945
1.1057120052345466
0.5927542042498724
1.0626351304331647
0.613883790625817
1.1368507417102804
0.5859473447509639
1.0669906685264248
0.6443786226431676
1.1288746623615311
0.6182310594488059
1.066791289765304
0.6288107552484729
1.1161312823724263
0.5970022718115123
1.0565336988201977
0.617635935365039
1.1067032502357828
0.6088499952488222
1.090303909103617
0.6407830539274304
1.1025019994489578
0.5948078091231017
1.063974592825421
0.6243024642474827
1.121608580282615
0.5789782898926801
1.068395863989819
0.6320905170782553
1.1252842415213462
0.6117375388212709
1.0666612408995049
0.6396667601453263
1.130417353716221
0.6089789297006695
1.0539022998089027
0.6268590719862306
1.098596708579919
0.5999969656805308
1.0907368410858116
0.6405554666876672
1.1076666214117157
0.6024822398364464
1.0673569649031065
0.6261158560196683
1.1080164080399322
0.5772177116416103
1.071390958178099
0.618911302143998
1.1359834593572062
0.6004225255366854
1.0690292818102898
0.6485340630567731
1.1361554306397181
0.6164657474668018
1.0614117670156196
0.6319932237161198
1.0979604333532471
0.5898520745639575
1.0848524883554103
0.6303652036741296
1.114017519909254
0.6096405367733152
1.0773648825375595
0.6318615123726496
1.1070134754278085
0.5843398465813131
1.0676536001598518
0.6116936388775714
1.1435866197583457
0.5915742774865941
1.0676422772770369
0.6513705437350997
1.1341900956941742
0.6245662281740353
1.06559359410597
0.6294677633126105
1.103646836671505
0.5920594556549418
1.0704346890360907
0.6188972872610611
1.1149681581035844
0.6136835462350619
1.0884649772968735
0.6359634910635635
1.104916839877263
0.5935383509873101
1.0622256389066418
