114.06039543194179
96.55022535075462
74.57845534854734
56.638373633109246
42.64298846171437
31.217463206707
21.1695701932028
13.949855192460468
8.857979545469647
5.7322885757069955
4.518384062043087
3.974196164070435
3.2146773706581846
2.753552723544429
2.3786966842144404
2.0604287388132945
1.7588832119064965
1.5667061694021176
1.3566443003015767
1.1909995917143474
1.024308765456292
0.886825502391413
0.7893472283116739
0.7122975777941726
0.6549294507497527
0.6175934528498511
0.5484071074401784
0.5540958298849067
0.46509230718325933
0.47553859821256883
0.4288942586915774
0.43622969071072004
0.379480994291531
0.41591441772133386
0.3436681719802978
0.37141298993447136
0.2944709816315643
0.3709614027855767
0.281345839697611
0.38932728553774754
0.2816162499244079
0.41918843746124523
0.27200506620167547
0.4272934254946817
0.2705019188785521
0.47879710084383303
0.26472193327693366
0.5487787299743861
0.28351359690607186
0.5475377521711984
0.3019639878372949
0.654668474478938
0.2871550258911978
0.6521360503543553
0.29501289636367095
0.7454415839645242
0.2776114352069228
0.7271889163105363
0.28217331833112214
0.7504120649787627
0.3120626486624142
0.7655701161008036
0.2932543550118995
0.8402540083360047
0.3019475444786864
0.8528708182793607
0.31505349837793983
0.8562548123872535
0.29022165359382185
0.8984868914574443
0.3209253107818934
0.8993782212619241
0.32774239729387694
0.9642453278485645
0.335600202793599
0.875828873162895
0.35355448346802765
0.9087079470422
0.34395636051444645
0.933815153924651
0.3676451199971274
0.9385243596596584
0.37625324884018785
0.9962885812896896
0.40118503700120106
0.9823008306204933
0.40936492225676757
0.9530645597508177
0.40863346904417747
1.0313774985758593
0.4127527423374405
0.9757243752263656
0.4338183791481881
1.0740678659239835
0.43665941467790514
1.0174348102057658
0.446303680033362
1.016930178668838
0.43931283338344235
1.055797963970281
0.4554161527449176
1.0388689600558774
0.493565170858266
1.0518098397539533
0.4738839621361118
1.0844406669273785
0.4705027189591003
1.0373109753969898
0.44425472139402944
1.0672807708487317
0.4794677291732145
1.0213584390884516
0.4637263853884742
1.0841744572845453
0.47156426247305366
1.0702380869021635
0.4699655884056682
1.0631983462527677
0.4542489173595388
1.0687104704009398
0.46838449605909654
1.0521918359977533
0.4507119661697352
1.079909894059125
0.4578358379484801
1.1186707553689132
0.48243650860174997
1.051083814738116
0.4577907202600471
1.1163677018200209
0.4840487095173237
1.0746119831140202
0.44191909907193855
1.0988665542385239
0.49875011837108013
1.050282569972468
0.46898435352521545
1.0861984337854727
0.46111053347223446
1.0651837354273412
0.46602214233593475
1.0261793641007855
0.4737930165702455
1.025717849162231
0.4741887278330355
1.0766341600646256
0.47627694216042793
1.047869377664006
0.4745729450180583
1.0945434520679462
0.45426782318724646
1.0565864809762666
0.49009184207024403
1.1140259888139925
0.4525023705445506
1.0411990853367177
0.4600369320717627
1.0805138349660892
0.4452672075961428
1.0629910648036123
0.45335307491854676
1.0366130632935506
0.46463451837997477
1.060398524629334
0.46629485892381933
1.0583897324916918
0.4575977661926839
1.061636438785627
0.44818862408298404
1.0995637489071632
0.48031922473606675
1.0166737941478101
0.4777750997305041
1.038613921914901
0.4950056400202961
1.0467964050725367
0.5236094324078324
1.0160266214360723
0.47541147268441364
1.054401987331053
0.48615774289812036
1.0225633555896925
0.4671271720818822
1.0310275319393545
0.48239708203322207
1.011691658974218
0.5083834036957567
0.997677236521223
0.4796828595917354
1.0288592551207256
0.4958513361427387
0.9799994097419034
0.46790214146171677
1.043622290496811
0.49973737436600446
1.0024092932864588
0.4865929439702129
1.0034842696161457
0.4792238582190214
1.0216702645895457
0.4664833700225398
1.0292096039309748
0.44904423654390857
1.0401695537841833
0.43949514848759563
1.0312702835771763
0.49094328348010763
1.0557817944786827
0.49023061044448746
1.0526445193122316
0.4836319547753065
1.0131324586090347
0.47964990747381214
1.0846461908065888
0.4813422586894897
1.0472950599381652
0.5014419112297092
1.0540090259242145
0.48256350367378253
1.0285629905141636
0.48501458540851655
1.0310949714635216
0.4898367851703031
1.0671500472992577
0.49597294351654875
1.0696362373699684
0.4869316622831085
1.029958747830001
0.48339989807052547
1.0488774016730267
0.518150806177727
1.0298868803992731
0.509442664740675
1.0820581620421919
0.504025222778323
1.0453300269743788
0.4877204851828493
1.0512942111894912
0.4866822648756266
1.0388965800205088
0.4992157378351976
1.0496873363656705
0.4955518268730283
1.063561331612505
0.4982922296192728
1.0456125268766563
0.5033611699723585
1.0379049629696797
0.5183678675948461
1.0668072194831613
0.5254262965560387
1.0611155479001595
0.5064160540375835
1.0699916287829374
0.5165392577912116
1.0397387009694519
0.4923932445375538
1.0725905228519095
0.46151785225716957
1.0841622778264426
0.4880027492107664
1.0588870376286028
0.49250918512584013
1.0544787835284666
0.4949379067836697
1.0581540535122993
0.48585972543324757
1.0097858429867297
0.4517318723987579
1.064801348720681
0.5087945165699091
1.0011372043560847
0.5153814600539454
1.047673677349501
0.5157406274692994
1.0666970162789988
0.5035478233690162
1.04603162430066
0.4855349074869597
1.0843196628707115
0.5017155428141474
1.0519200870952636
0.5018652338400503
1.0449754554193
0.5289174766634046
1.0672834014061532
0.5154860330078268
1.0605359975176614
0.4865438926861238
1.0942555182129803
0.4913741071038067
1.0229738125295864
0.5121795584898308
1.076010080198391
0.4764328396004054
1.066573877803616
0.5243353996312266
1.048873698630673
0.5018074741379359
1.083602243451039
0.4961475496148976
1.067645187347586
0.5242036652429137
1.0846475457230196
0.48964816906038133
1.0879385584772145
0.5156601831557035
1.0436660222932572
0.5194521803152807
1.0736852426237475
0.477595492868878
1.0292928926537561
0.5006772160543163
1.0677953829765905
0.48599918646206924
1.0379265143192056
0.5075656852728324
1.0365728120379516
0.48654551280145936
1.0205809489568525
0.4781171061734099
1.0765143664399306
0.4894250503582811
1.0264505749938229
0.47936642361332754
1.0647184221074606
0.5002949329262334
1.0272916673065313
0.5147117578079518
1.0311550344042228
0.4517775884038948
1.0478737006732466
0.4958005531939957
1.0581897654325443
0.462907095149187
1.0324206862868865
0.4952630010419312
1.0288516632589904
0.5121005308089004
1.0297018516246106
0.5026280252802536
1.0501630427852402
0.5120667800393486
1.0049034288132952
0.46582501071460847
1.0635377063723983
0.4986168287850692
1.018704877306045
0.5208572139031511
1.0835820481432168
0.5021512228815376
1.0229988105615666
0.5107788696973665
1.1052410940429571
0.48295465637260876
1.0567940260566517
0.5274936271690803
1.0744901640820812
0.512405298373855
1.0527315194721276
0.5006147369270435
1.0786190476101225
0.5336904364791341
1.057233320272547
0.5070436634771688
1.0525043316594613
0.5375402751619883
1.0417733013231607
0.5186442440293448
1.1083554140776004
0.472492661470527
1.0413455691816542
0.5278461153153948
1.1248901519146064
0.5109947471059018
1.0112679986365085
0.5306268841781607
1.110422350783111
0.5072582579998918
1.06168141998019
0.49053186064554755
1.0954506229471037
0.49664642387289404
1.0375976847723825
0.47811202516531237
1.0487000925748475
0.4897885836496974
1.0338379805421933
0.4887807841488911
1.0811525172664551
0.4683510213319134
1.0485277909649886
0.5194985596683364
1.0790200305803062
0.4643258435768573
1.0385306149040685
0.5102989241986051
1.0619837678488897
0.4696742773471935
1.0680642559066753
0.5009412652999965
1.0718854794989616
0.5357902775360662
1.0442504565886843
0.5151875838705836
1.0629826358984502
0.5277254206948019
1.0456067298732135
0.5211540013330973
1.0797880698377376
0.4777089419244428
1.0593421691837208
0.5286724705407331
1.0876179547025941
0.49474298452919824
1.0224218609377362
0.5142007514877311
1.0714506186268706
0.46295552228442777
1.0541254084457794
0.4927863144470218
1.0709342602316074
0.4923223627146991
1.0896656219834921
0.48477327733280956
1.0885820091981862
0.527827677951101
1.0812735316280153
0.4759287131535692
1.0667280976094975
0.4899484762849588
1.0555291181571707
0.5423345137791576
1.1000145155920977
0.501728036948187
1.0274896592216736
0.5246479142624229
1.0863510794201472
0.49169295927243223
1.0315504131726903
0.5441281694364701
1.1050315294576754
0.5504322354811501
1.0453495397095074
0.5003734876963766
1.0961095680411297
0.48560485075478577
1.0116134953924572
0.5063026713143886
1.08248105725587
0.5287023223821619
1.0395982714888787
0.5478160195122506
1.0775265913086947
0.5108653125293969
1.0212594821975902
0.5218726984759883
1.0795188979682662
0.49793209390840465
1.0127805099550766
0.5209629412615371
1.0874247469356677
0.5055247217585311
1.039331238008544
0.5192375775818285
1.0708760008413403
0.5115603390998251
1.06385201340617
0.4911883526647796
1.0943855046768873
0.5053913800489103
1.0223534580984395
0.5132299511547227
1.0787627434101925
0.5381569042439249
1.039610363315799
0.4929103476105702
1.0478954851691047
0.4853712536776649
1.0437274188284704
0.5320652209926635
1.0837215780186753
0.5377129587367176
1.0114430809361021
0.5265486062509169
1.1247328070641627
0.5163154095219316
1.039573643778531
0.49329640445478007
1.11038612935729
0.5268655676601285
1.017679406471037
0.5038492254947944
1.0783494475209467
0.5217458346511045
1.0443442909493763
0.5186814516914579
1.0755128859655207
0.4942695547202324
1.0646663345757612
0.5468208619802739
1.0892604964379915
0.4967920137169756
1.030299159269426
0.5067249263053458
1.0985625952416946
0.525922134495609
1.0415286235256893
0.5124369271289756
1.0779071358202708
0.5429260580820248
1.0352600514800507
0.49186939166678645
1.0753087978286897
0.514043552765996
1.029466162826566
0.5325180093367551
1.0934291602205608
0.49664078398452055
1.0604994432822465
0.5521407323391118
1.0777317909909732
0.48572819368344483
1.0050175363065126
0.5230885923771512
1.0756231031013117
0.5081758023338327
1.052761079242162
0.5029935269376613
1.0939419562116692
0.5463899705407558
1.000691527914629
0.5004677317588454
1.0666960780569266
0.49545517160959
1.0354323112559716
0.5192283764405524
1.0575785543414777
0.4897388810234387
1.035909192332939
0.5188670418593896
1.1014559529753922
0.47086600560071173
1.0202589123375982
0.49864622892273625
1.0777222265518798
0.5041036646481789
1.0125327516849634
0.5088854972419542
1.0913259387514251
0.5069367105435917
1.0191531554506794
0.5204671639231543
1.0636798497269855
0.5025310563787563
1.0243563845570312
0.5300739767329288
1.0698329578372427
0.49101329040508995
1.0402818698611074
0.5545569527159666
1.0675377558346877
0.5222664521760844
1.005292768405051
0.5191700824566957
1.1259289188230759
0.493397068542232
1.0545209751350733
0.4921221827203585
1.1154077333397199
0.49723550134692157
1.0189591585416458
0.5018282157159529
1.0547608127832766
0.47854365600327387
1.0705669892667922
0.5138043190450756
1.1060790359337633
0.46918671100561554
1.0639527468798549
0.5298637416209299
1.071594107816832
0.49191089724096315
1.0508268114146857
0.5038887289706897
1.1076046136370814
0.48735746857627177
1.048883478363564
0.5043883523626075
1.095605434441486
0.49267438254607054
1.0242449443629835
0.49526506510943075
1.0756976501326927
0.5165447437947521
1.0294963274671
0.49805001435942103
1.0687311245805824
0.4627807796668207
1.0621339782149506
0.4990915591176578
1.0683032618528876
0.49463812125433937
1.0640125771976496
0.5179692318050134
1.112631277705823
0.5131605759539752
1.0429858435037167
0.5128430998500473
1.0795674422142632
0.48362728041976283
1.0292710194842531
0.4984340221841216
1.0781582968877248
0.5109148493607727
1.0367522138223066
0.5159429211334331
1.050053064151185
0.47697679378822305
1.0060989131538
0.5079739515332639
1.0803364344078599
0.5220120646873878
1.040234163990348
0.5239591524157525
1.0900078488380738
0.5068501739238717
1.013714244353477
0.5075375594735076
1.056194895918003
0.49645351777191904
0.9889018976245338
0.49395546801755746
1.069316117330395
0.5138369986695758
1.02815209384497
0.5078933701471217
1.0667127140693287
0.500067000014227
1.0284111630148396
0.5324632163972384
1.0624099711454182
0.4931776822056702
1.0637394582059678
0.5233234087849643
1.053057386827633
0.4910230139409597
1.0557295938066011
0.5298834793411091
1.0842561078642123
0.5087886681569541
1.0212999903381195
0.52010767809464
1.0818536127927838
0.5132801194382052
1.001413258777928
0.4936045213876848
1.11659470813887
0.49909544987255583
1.061096824823501
0.513433507620004
1.0797041629683681
0.5061438135027828
1.0771209503371946
0.5329821162547329
1.0501639515302479
0.4767722716961035
1.0436120411055416
0.5090856774899222
1.099001861694683
0.49569797406764027
1.045657567068732
0.5078097810970048
1.1075879136567763
0.4914058006639557
1.010838308852571
0.4995130952234698
1.0889149842807186
0.49740024393951887
1.039201937836898
0.515974457073719
1.1244233064647466
0.492039331094821
1.049630467885728
0.5406205036978045
1.04580864422453
0.48808495810788005
1.0390935214032757
0.49418432628577386
1.0441826297460886
0.5025188383681932
1.0583555159086662
0.5097449160920237
1.1220514088976121
0.5362464251805789
1.004256039588657
0.5258173290857729
1.0761282771899898
0.5042203986832858
1.048542474926107
0.5338134896805421
1.0829716330058572
0.493345105922754
1.0529959980074322
0.5296818306118942
1.0682759511360642
0.5000770605903105
1.063515101765953
0.5244737800347734
1.0718780644192922
0.5230207906031736
1.0708609519593335
0.5281568067647716
1.0692787492332587
0.525125447043574
1.015210790891354
0.5070648168662267
1.0893693762969905
0.5139140360580061
1.0422884210117267
0.5474387748566016
1.0984182273922676
0.5131253547208116
1.0335016250517695
0.5223388974919666
1.0648528288201595
0.5049008608032781
1.0528639815023233
0.5207616828359866
1.0709810863770455
0.5241518351131098
1.088367527215714
0.5075311923364495
1.093780211176263
0.5264821492101234
1.0345975856672414
0.5114219997317172
1.0777903253743546
0.5091741559713894
1.0439805413898318
0.5173619597648086
1.0737867131667136
0.5015307321097547
1.0277539464629963
0.5387041734670674
1.0723992535656908
0.5017720950106014
1.0245622772516596
0.5423532799403006
1.0688373765252481
0.5115265158901939
1.0741201868829964
0.49662294691188397
1.0642031958578348
0.5385444577391871
1.039355716957386
0.5078552864236324
1.0735718179371174
0.5250604655543624
1.013114089149833
0.5118384477220883
1.073382839152296
0.47223107574817813
1.0487430713870698
0.5068396740130061
1.0989976419563499
0.5039941612417416
1.0429377016660388
0.5489933731527274
1.082831977318951
0.5145155425112331
1.0449590650231355
0.5322368665911186
1.060011377244356
0.5001776480483137
1.0608380763375418
0.49521160629378375
1.0963961358368668
0.509578302873393
1.0513345183339042
0.5208796924678618
1.0180354074747635
0.48013601762853764
1.0274824700968384
0.5237118527083253
1.0630991380503785
0.4839176198267702
1.0259123036885243
0.5408090603644972
1.0829160962099778
0.5111107285542325
1.005317423268558
0.5221079758092454
1.078838346504591
0.49854523843334553
1.0225396692238462
0.48818668648650104
1.0743643002973124
0.5120412138679459
1.0916925078566222
0.5176741759725013
1.0551327861347426
0.5108326267421349
1.1006230473414302
0.5212158556162461
1.0354817577957736
0.46230322384570915
0.9859051587896696
0.5197141954705459
1.0760227881942932
0.5011390447574777
0.9935206904672246
0.5351299938037661
1.0791307512105273
0.5427790567907866
1.016818090392715
0.5151715425479371
1.0625662595049614
0.5159831689419409
1.0213104367020365
0.509864934279232
1.027447590270355
0.5038164800483276
1.0422282756587309
0.5364248828923993
1.0232096576169463
0.48299754055570066
1.0067838715652822
0.5333528626651387
1.0733122337846583
0.510807022435858
0.9725778434869946
0.5171391200012811
1.0709577709383158
0.5275079294772645
1.044240238865428
0.5182253845333624
1.0585408652409942
0.5063797993373791
1.020639732665209
0.5042480699720921
1.0531498160854655
0.5075434575685217
1.0479287195500653
0.5546604958606042
1.0903105162849993
0.4872838106040599
1.057194712811252
0.5173999256751779
1.0666005309396096
0.4989101264932228
1.0162150170135607
0.5398906316533468
1.0840430109694892
0.5235725371821919
1.0129208550801043
0.5322428876695902
1.0745150691069654
0.5200965885316429
1.0515944438055782
0.5200450651325458
1.0504413343840473
0.525609599214703
1.0582322963309188
0.5352564317567738
1.0743920425169347
0.5131181360543936
1.061844359495793
0.551351635228631
1.07908949436891
0.4740892290309575
1.0592752023245868
0.5255285259072174
1.101808743287498
0.5222338570675596
1.0130816249188457
0.5233137114870537
1.0637735196984686
0.5099848032024569
1.0402378595818886
0.517989950257661
1.069058265861526
0.5344187140872153
1.0645166045502847
0.5343328860146574
1.0582102275203598
0.5221955720919936
1.065035759333745
0.5254446572817926
1.059991812105797
0.48783878268746006
1.0343420464365818
0.5141212876897302
1.0934968537450962
0.5380310569270035
1.0440925666952257
0.531121406318209
1.104240164109708
0.5204801310668088
1.0511706339365288
0.5084281835288439
1.0588443789872966
0.515754516564943
1.03297036651502
0.5193851282289113
1.0301542980189708
0.5067323512778427
1.0673707510954826
0.5466479039919321
1.0462177932814187
0.5057196143263263
1.029282486702971
0.5137132423723423
1.0686848696320463
0.4803908208535078
1.0004515336587332
0.49093781821872967
1.094791991547831
0.5128746881431521
1.0453266045759362
0.5107458072533703
1.0678475593152994
0.5032963988959406
1.0416665350450574
0.4955572048720407
1.0320720103861802
0.4984164573368156
1.0851185876991214
0.5307351066094461
1.03329772991467
0.5110864913704515
1.0588088006461962
0.5092938683136243
1.0652308872778729
0.4939292837427669
1.024717157838498
0.5038147316638657
1.0994190284806635
0.5277841882149601
1.0272307505190503
0.5240040345736783
1.0713332975003553
0.49344540439419593
1.0221520833319908
0.5227527962725291
1.0862692334684463
0.48635294654770483
1.0698766058932148
0.5136356427532505
1.042037510869689
0.4877605672552624
1.0660844132454907
0.5102914390727978
1.0631674373417535
0.4961105518924094
1.0450853121709733
0.4989211155140598
1.0806437244931102
0.4931510750061387
1.0256501506847582
0.5074955813814203
1.052594173582527
0.5043367272614406
1.0208431955182398
0.5000150838256102
1.0746003601330378
0.49357240464147417
1.0689897021313333
0.5205390854122469
1.0604725577665148
0.510382462546566
1.0579173819120167
0.515990573829682
1.0525001500430031
0.49412594649499525
1.0375260554035015
0.47649380294014965
1.090983035045189
0.49468504597391494
1.026466109575724
0.5080101128398675
1.0787521973941245
0.5526584076167292
1.0491826341735577
0.5430373203539973
1.0587662697994502
0.5098782493917119
1.0273193163937913
0.5082401609128719
1.0545019187114222
0.4933821021691128
1.0566251942665832
0.5279901519540325
1.0465045795242052
0.506803406138356
1.0074308918679111
0.5151011214286928
1.0728370709712767
0.5219431658455215
1.0381828693747386
0.5085269402659073
1.0584512816832452
0.517389444779574
1.0706190940409774
0.5446965348591082
1.0427876567640966
0.5241620100917623
1.0163747599660133
0.5216119487760911
1.0826773610035947
0.5069687135307026
1.073674919361466
0.5229137169074723
1.085683247602087
0.5312300512208362
1.0333507290538875
0.5002560370560066
1.0844591303739686
0.5117990069499803
1.0403258485234281
0.5035142049559042
1.1049953811034725
0.5024911313075389
1.0693700001508137
0.5330717783221252
1.0563821664246853
0.48755002352057014
1.0549472859870501
0.5115625413649045
1.0766541360136352
0.5041462473344961
1.0762520077371054
0.49684391780294374
1.0982573060030363
0.5108667544493612
1.002116051861623
0.4776238764032388
1.058691818221686
0.47277936152554934
1.0346144597500042
0.4827506135614114
1.0741855030832734
0.5244436614264861
1.0682099580678381
0.5232493188277857
1.0808854024847534
0.4952888779874914
1.0449310939916236
0.5098278614996482
1.0575360870977708
0.520303125995799
1.0291927836207582
0.5229259754803244
1.1313782517824027
0.5136649605741409
1.021446163028085
0.5161111597972909
1.0580284865711578
0.5293890282551509
0.9878062010910744
0.5164810319538424
1.067406185781759
0.5045842389711392
1.0754294734905805
0.5115851678999198
1.0925472113110186
0.4972374187189285
1.0674893415238245
0.5351493545493132
1.0762628446351545
0.5155730203000011
1.0595890564811028
0.5327513863332766
1.064704428328484
0.5013980178747821
1.0187751666949507
0.50623244065877
1.0682741501670645
0.5268513451327562
1.0266927614589014
0.5018834652834502
1.039142151508038
0.4962920869127221
1.060833544844129
0.4775504421318774
1.0713867397729586
0.5103067345200272
1.0266791079329045
0.5377463695557247
1.1012944096363757
0.4979580423827636
1.0581756507033806
0.5112820625556197
1.113011428343456
0.4797623149619535
1.0310970568003253
0.4960829888023818
1.0642029433508513
0.5213517403245062
1.0413439210885604
0.5237509694464377
1.0568386360101536
0.49906215876291865
1.0687783785712814
0.5062138997004271
1.0859532139752068
0.48121499738576434
1.0565536916214995
0.5309484918654437
1.0633444469827824
0.5061469546660942
1.012514624860284
0.5291539383439389
1.0710239356564484
0.5070027071421745
1.0206495384620324
0.46899543020067147
1.0816564165716962
0.49939391494088364
1.0318302809668916
0.4912028448478241
1.0170257356902448
0.5084990963066301
1.048528243318264
0.5120549580357474
1.052206772913843
0.4772479562637447
1.0506696005131824
0.5168299787632319
1.0516440005319132
0.4965491525634904
1.0331394552348143
0.5210693972105016
1.0840345182628484
0.5009727554155844
1.014220084359713
0.4676709817550028
1.0685163059413152
0.503325143795723
1.0235945262914712
0.5005433117411515
1.0419116766120544
0.5056321642303088
1.0449910841153756
0.5001782502080936
1.0445165561984069
0.4603467101294157
1.0273631097376956
0.5370608524503157
1.0847728772190057
0.4839158368611917
0.9952054702886827
0.5092716918882287
1.0649930775567464
0.5035506265205841
1.049284762215354
0.5033382876552144
1.070115046498456
0.4967145378708966
1.0229396116230345
0.5118995857527703
1.0756918896505805
0.5085750776616585
1.0376732929247785
0.5297508661927686
1.0418500584004993
0.48854163237326936
1.0420936177975388
0.5186783276986268
1.086588507477922
0.49098155451027065
1.0154415136761188
0.5211932276025042
1.068522879108465
0.5006431549183106
1.0280554524432206
0.4961829601234438
1.064549852799566
0.5002863944146929
1.0413922752118874
0.49414690508594505
1.0685276453803483
0.5365510460837247
1.0679290981088745
0.5368639714121819
1.0355720597758542
0.500469314775938
1.0588507118714117
0.5362191505730818
1.064478210068279
0.5007272130567688
1.013775576318375
0.5441747253848734
1.0656281307003197
0.47857514502472553
1.018747719532219
0.4938860659812334
1.0222463931633163
0.4921389698245101
1.0652518696426438
0.4984591174296308
1.0622919233217587
0.5137222518319485
1.064442495760261
0.5291828877815219
1.050218314844947
0.49534061017041436
1.0607388901217556
0.5197406625134935
1.0188830631491728
0.5043979191299623
1.0409967844669772
0.5215070266473808
1.0482914544135353
0.511968441757817
1.0038368176570602
0.49044319051592533
1.0475384599350546
0.4846074870926727
1.0452778589932301
0.5178008529313826
1.0288640788648813
0.48706229187852146
0.9948551116008323
0.536878182741433
1.0576437074326814
0.52012804732534
1.0309880694439217
0.4903043590339703
1.0463335417763202
0.506424127322283
1.0479047585433288
0.5391541703706381
1.027669954230744
0.5060703760068257
1.0228144296675987
0.5342335351212139
1.0487999744053176
0.4946349612615377
1.0555470310755715
0.5103670270347251
1.0662842535804362
0.5031032642992177
1.0107560393312567
0.5232775693916102
1.0542982570267039
0.523990897193176
1.0205108358957569
0.5378717792535792
1.0584961076464392
0.5157414802821474
1.0708708279206607
0.5247418710735254
1.0728859957696057
0.46756044585562984
1.073239698166685
0.5054272699319023
1.055593132993895
0.5324845310211301
1.0454406330859252
0.5070048171851361
1.066024382092025
0.4871929014335771
1.0411579197086467
0.5022622735746586
1.0782712445604608
0.49257079665277953
1.0264180274456651
0.526985078141795
1.0810581173389484
0.5021666158668213
1.0214900248428103
0.5145968348429699
1.080570600163615
0.4988167388619794
1.0551558369314602
0.500511805952953
1.042792829168244
0.5109772156385434
1.057681526410283
0.4875098683939048
1.0515530660051462
0.4875097113520973
1.0585713420062017
0.5006571055506392
1.112718705358687
0.4901626472863895
1.031296917135524
0.5196040752256053
1.0758024349603321
0.507063869724546
1.008729868428451
0.5181953853162705
1.055766186002136
0.4892953056022461
1.0191072721562575
0.49981382165949995
1.0721795175547724
0.48992067199975453
1.0553905810126147
0.5035006720240435
1.0459199441148956
0.49511850405327973
1.0561576595483195
0.49927219077023494
1.0536813262084572
0.5128405328137982
1.05408332315624
0.5354306431730564
1.0509815910818965
0.48931957222384304
1.0456919167089491
0.4831185493700263
1.043318136042282
0.48050302556141966
1.0442935533139868
0.4901218943533771
1.0577888326106193
0.5145721679192401
1.0082114613349136
0.5122503478477748
1.0582187234246134
0.48857760204788575
1.0246722718858783
0.5077647019696118
1.0463295858420454
0.48430256275640954
1.0759824511191527
0.5022683120707792
1.054558752720412
0.5019755894839804
1.0249922849897704
0.511623581074491
1.040388917583752
0.4944245309949053
1.0341227703348834
0.5135046787611375
1.0596038828798455
0.5042480925137263
1.0314413931824564
0.5185193116709712
1.0623028921748092
0.5118996122957921
1.0590844651068128
0.5271114449519618
1.0595192821074924
0.4941927075928518
1.0691882674158106
0.5214887827362134
1.0754263991374735
0.4810588442899152
1.037631363664049
0.5263643925039017
1.0934544425752095
0.5111749305336091
1.0273030088526591
0.5038459733224481
1.0766322559455148
0.5124467950697502
0.996027925553338
0.5119136377993098
1.0512892851458369
0.5120462012169921
1.0466674982460613
0.5286773929460902
1.0658239691587879
0.5071201167315607
1.0649014600369513
0.5282582651476445
1.0507860298122578
0.515067750925343
1.0155988551271171
0.5189768161440165
1.0440397862702453
0.534666278886164
1.0111622558383486
0.5067052212918124
1.0530094653901725
0.5275261055520282
1.0233309870451532
0.5302385017666057
1.0702841304589643
0.5040759971055505
1.057348477139491
0.5125698475630683
1.0546558890400197
0.5261893085847257
1.0159881913520903
0.5516736180670267
1.057182194967891
0.5136248590751373
1.0422632446975117
0.5277296460475632
1.0725493204229468
0.5233757069934939
1.042554868204634
0.5258181472629029
1.0471213684516396
0.5205650927339185
1.0333744452085567
0.5149003380433524
1.058526419125449
0.5181746667815097
1.0518745594019607
0.5237157725278381
1.0769156882100717
0.5190281841530744
1.0542927595992702
0.5287135000164689
1.0667754853633118
0.522659485932817
1.0533222900455617
0.5521897634349786
1.0892311071631209
0.5013471444551711
1.0663889100765547
0.5293037138218514
1.0609251580055603
0.5315116074358515
1.0486238034028668
0.5197708084387369
1.055569072572313
0.5145286714725271
1.0500316272488894
0.50197523390122
1.0592842672732328
0.49010425306679795
1.0248459513195882
0.5227861986353461
1.070495600016599
0.4944143974471555
1.0510348014687476
0.5248362282388848
1.1010980864955977
0.5068618873248679
1.0467505472319223
0.5326870652983391
1.0731800326975454
0.5230763709348989
1.067133960235591
0.5040932188926891
1.0528758949932213
0.5102554188783756
1.0581244413321602
0.5001609742580412
1.0387105358601008
0.5222085910280889
1.0414815074753794
0.5342149469621971
1.0399543684645944
0.5049058443530162
1.0464049715270702
0.5367453439160652
1.0882615476282984
0.48108261788072937
1.023506145723802
0.515100066481523
1.0670993839775216
0.5273264351436984
1.0352130974818219
0.5411191642119957
1.0319207155783567
0.534132094344777
1.0371362053941906
0.48477953971237553
1.02339550311393
0.489028056865736
1.0536924478768752
0.5102912283194229
1.0769687104538106
0.5039856392726063
1.036941130042258
0.532688548890081
1.0718390966333353
0.4865916099321003
1.032105704508285
0.5157485940631046
1.0585178190231739
0.5064188964595411
1.0190637185326954
0.5128958273477798
1.0951705942150214
0.5105834541504107
1.0027920184463706
0.48060830648762476
1.0368153286546797
0.4956465404952654
1.0619831212515167
0.5116272717463387
1.0597964025523525
0.5109533510991489
1.0591410256950076
0.5229360637895335
1.0775594461642006
0.46082495107488286
1.0643442901694478
0.5116424982927628
1.067673425969054
0.4974562397706094
1.024254182638644
0.5427015453701449
1.053934308488162
0.49483458323814594
1.0165705015014763
0.5051448247406887
1.0932314742172125
0.5071730628059548
1.0403484549209616
0.5173534513945403
1.0539645932259234
0.5071347584751835
1.0330721737502766
0.5342809916418758
1.0482357257986106
0.48835407168441336
1.0534055256992318
0.5081684745601176
1.0462650695510416
0.480111992486272
1.0077036990930575
0.5437368136795643
1.056306295521401
0.4829876173856775
1.0215649707929506
0.5114033219309672
1.076698927767292
0.5091713727461362
1.0394268008200216
0.5115038319058841
1.041295858289294
0.5048027368818329
1.0616131967813236
0.5100280104986381
1.0579691178595876
0.4911473928020391
1.0325995490869457
0.5511628807819451
1.054644772408322
0.4844932510535231
1.0249803198818144
0.5445274358076261
1.0669877666131447
0.4960050312231735
1.026265039446002
0.4951430273434199
1.0773713559842006
0.5223475023810444
1.0460857998760802
0.5058338269642122
1.0565268144549083
0.5313899322718755
1.0527615962235835
0.5195312458128862
1.0546108768271463
0.5072746386021814
1.0250784755446378
0.5387282204965494
1.0374577945724464
0.4857881684819739
1.0122926568154211
0.5508134214646294
1.052110717389295
0.4707609152907341
1.028378193055654
0.4971735619693016
1.0610939310529528
0.4843785762742212
1.0264307082055466
0.48102242734879236
1.0609965247644166
0.5206204313468337
1.0348813376652268
0.49653978568758567
1.0886262556082722
0.4971234174529087
1.0323496601858884
0.4857390760683936
1.0622236876163327
0.44529888830759057
1.0367071434722195
0.5113229076270162
1.04227891246212
0.4766710290268316
1.0553091160202726
0.5042466840470636
1.0708090477293841
0.5016926939859714
1.0136486610768616
0.4914444568060037
1.0598787635070044
0.5049791585796675
1.0407456789375926
0.5009955079390176
1.0955096699081377
0.4898859513963743
1.0392379366828093
0.5157115873162337
1.0630666356310163
0.4835083836786143
1.0330584762423123
0.5114804733814404
1.077220195882152
0.503948887931554
1.07325294144576
0.5005949372245844
1.072491830603061
0.5148677530195798
1.035233438661723
0.4940657596370635
1.074249620121186
0.49471744220146074
1.033497692114618
0.5236260843571187
1.0959963094439946
0.49829283003973646
1.0597464295198251
0.5282296805376714
1.0500741133136504
0.49815117333999576
1.020804459831404
0.5348270647579075
1.0565654295522142
0.4830685002188174
1.058796971878396
0.49617605113612
1.0648197251185672
0.52458828161259
1.012520480898118
0.5103077747095659
1.0531149936260606
0.5378643654242733
1.028853254674639
0.508474083552908
1.0818954107558159
0.5005521743673276
1.030351519517614
0.5349328926089393
1.0738244317875203
0.5094307165913063
1.0380847728217235
0.5235440986195001
1.0703603261179073
0.48963499575311537
1.049769183745744
0.4908744019477568
1.0615117128690976
0.5088819129703827
1.031829467722708
0.48832418283537077
1.063986400245143
0.5217275169398141
1.0452342730879647
0.49978580287437097
1.0802985847986262
0.5006255554542591
1.053789945093611
0.5314117282526876
1.0571399115546334
0.4741087114274596
1.0376506505773868
0.5169104787528626
1.0581804813928768
0.4951024002615393
1.0573610853061142
0.5192685635378117
1.0815482339919853
0.5271902383076251
1.0029489295041396
0.48251549275905864
1.0858568953870291
0.5208558513721129
1.0177846304139404
0.5218449613819242
1.078953050746136
0.5120830254282671
1.0515750601672265
0.5410571508433873
1.069576317400491
0.4710103498523087
1.0483973033543066
0.5104894938212573
1.007641499904011
0.5210201311339164
1.0072455065060106
0.5246949345399315
1.0586768920526548
0.510163075303052
1.0235275506280703
0.4841177511005214
1.0786699757306464
0.5305848845890017
0.994390096362081
0.5212433940692748
1.053904337080198
0.5232757398667062
1.051171153845715
0.5458539592193734
1.0562767698956368
0.4708332509903783
1.0661533950867246
0.5534496887887332
1.0291202619509925
0.5231015765660442
1.0270504884075875
0.5057580355195481
1.0520548225522839
0.5043167674344626
1.0292090728593806
0.4664764388753032
1.0687069350075948
0.5155453685820864
1.0193680573764605
0.5004574076813972
1.094758966126333
0.5113616498005216
1.0286806986266415
0.4983891980426999
1.0657741315802378
0.45075453010142785
1.0544795908047715
0.5469495285444607
1.0426439257555975
0.49972372237897755
1.0676100782368072
0.5052334761068686
1.0738390421744355
0.4703791894323713
1.0206332713133535
0.48699641857883347
1.1081896370521778
0.5064690384575017
1.053594917544397
0.5199451260400847
1.089837946382527
0.5075885160982804
1.0566142275538801
0.5362874468994446
1.059473442427108
0.49193945978079306
1.0338792752814836
0.5425784810642907
1.0463486220069558
0.4857806668386267
1.0435086658283637
0.5209821942605691
1.051167131082853
0.4856367582828904
1.0565805829517962
0.5137905704215319
1.095287914271068
0.4975244299420152
1.0467082826326222
0.4951277127356568
1.0665539909650927
0.5183541424468139
1.029720601338777
0.5267363728312635
1.046052478356779
0.5252526543557858
1.0587470346340868
0.5374089000800832
1.0755334012070032
0.49946795665593213
1.0554444740255
0.539520341554508
1.0751435648118548
0.5163794647952412
1.0067877001712044
0.5160039182111977
1.0426076460742413
0.4800603265175575
1.0221674147283484
0.4872556549288676
1.0834778850466695
0.501527311056092
1.0400601416371942
0.5316031172900028
1.0408317112995187
0.5443617527661953
1.048556067118286
0.531831562305612
1.0550841348324589
0.4893994352150505
1.0146982117012757
0.5208906358640664
1.049539819053741
0.5232754189213502
1.0244742114245142
0.5366328067658713
1.0791216308520806
0.49439419661611844
1.0294808113087468
0.5119548272447138
1.0523778989350687
0.49735657264233574
1.0321631386709298
0.5163975294581293
1.0338972978475416
0.5106210440023424
1.0502008124622306
0.5071423449232928
1.0721094787023258
0.5104940888794607
1.0371805891732104
0.5116684864827384
1.0425634106533703
0.4961708605882195
1.0314457768224798
0.5258951693187295
1.0569164903454085
0.49038368955025835
0.9957941567216909
0.5292972017652028
1.028543863309018
0.47804486546381547
1.0391947883366757
0.5063145666627454
1.076768354335202
0.48747332271374744
1.0223248099053306
0.509185658707164
1.0540438188301262
0.5050977748608915
1.0393028423520856
0.52338721895672
1.044972903096664
0.5155471995270307
1.024511936514663
0.4984024296344037
1.0800967298214084
0.4806256315452723
1.004727936284546
0.5183397409829267
1.0768833812701566
0.5148823284159746
1.0696648271109406
0.5212037750373177
1.1079815036361351
0.5019499425881362
1.03207859376831
0.49734776112080137
1.0608587079865486
0.5434078244119576
1.02182879554717
0.5124167357676147
1.060136622209996
0.505897492461908
0.9931609494601329
0.5058526613097515
1.0876691221648906
0.4861604961228134
1.0300628436339672
0.5545091549246834
1.0127881163672787
0.5142356530968291
1.0800572257317378
0.5336678871147302
1.0532928691459653
0.5099023144385068
1.0667948797708726
0.5183384937912752
1.0820183832644055
0.5184562263465708
1.017263456252991
0.4985373267303234
1.0601773233432181
0.5116654735330112
1.024107325538411
0.5398561761199487
1.056984132479642
0.48899767525477295
0.9945996668013988
0.5432866351022155
1.0008496030649705
0.49037640254039366
1.026173576508915
0.5259898430120655
1.0665720936499425
0.48012264084777656
1.019792401605189
0.4985513287393789
1.0605759363308536
0.5329304252915269
0.9979048956023602
0.5221961329653675
1.0460832969732101
0.5221874959008855
1.007562963487981
0.4862325421898431
1.0735427877904247
0.49775712689355495
1.0178867448526852
0.5326751928186023
1.0639151719157791
0.5071223135386631
1.0247606846057147
0.5010629447674709
1.0673347074319282
0.47320283074175934
1.0693231733648383
0.5179958487303393
1.050752393279185
0.5037889486176648
1.0406693268130147
0.5228178917820459
1.068624726787836
0.503158970846404
1.011493565282557
0.5218403547590985
1.0862441843055854
0.5267943714164078
1.0133283276216354
0.5243509472092822
1.0363439538821027
0.521931935253346
1.0428879930801067
0.5228410927960268
1.1009552491211319
0.5126949325841218
1.0729032223775352
0.5323480468117554
1.0635131416207215
0.49253151973230164
1.047467130243308
0.5160290218329315
1.0726472532655138
0.4792964340785508
1.0264453943371283
0.5217532028734857
1.0772819556273001
0.5188227003835325
1.0170215248290357
0.5140390531483159
1.069466413541814
0.5257874420873657
0.9973725709466663
0.5320588448067114
1.0622145967465602
0.5059235804411163
1.0224165441003599
0.5148245811793584
1.015756480298967
0.496499618314792
1.0313275653839402
0.5182612730758994
1.0009872637616726
0.49502461889130706
0.9914321839996353
0.5230810025327308
1.0369112237704143
0.5169214452399454
0.980241734839193
0.518204497712146
1.075446920243566
0.496375924034596
1.0349676899016957
0.5458038721334224
1.0449886892396274
0.5072866881880699
1.0323135308905729
0.5321502875317721
1.0592543504086098
0.47831090455479497
1.02257926212529
0.49569994324646416
1.0248739761389212
0.5140270303636455
1.0377022970923868
0.4947679224694182
1.0762179252399109
0.5405088337493681
1.0266707586593435
0.534393918109813
1.0882849152440137
0.5145788293564492
1.0182296385425353
0.5334293338409047
1.05958963516645
0.4861804550296939
1.004109793558967
0.5258757438118397
1.0497977532768226
0.5404043212929988
1.0660365780409111
0.5211769922096445
1.0076541370331014
0.5221718761871456
1.0072903236717723
0.5090442619319877
1.0517981220338908
0.5233715007668561
1.0050978773310917
0.5176492244546962
1.0954135053326886
0.5104013009544028
1.02315256650542
0.5416033171544565
1.0544867496178216
0.49132207010013795
1.0447242123218377
0.5157839231200388
1.0317935988478044
0.5054541442887145
1.0862395067852655
0.5152797994540569
1.0579743693089594
0.5044673110600695
1.0444023040971762
0.5046531185493337
1.0353948233504116
0.5280893655755012
1.0033903013653864
0.5367072059330757
1.0928909923266619
0.4925695036453202
1.0474005003289504
0.5345024009862955
1.0472755503439692
0.4969398852559626
0.9925764224225322
0.5319091501530422
1.0372881991573577
0.5344385136879813
1.0693743316499185
0.5367668701426472
1.0731163590541521
0.506045215041528
1.0556626515557166
0.5125786265880036
1.046371881444789
0.5328331546119494
1.011252272733741
0.5320243714316572
1.1021157420480145
0.5157503314602876
1.0419320170404334
0.518052899656385
1.0648617274514782
0.4797172738862556
1.009573334477216
0.5225588816195201
1.0060108104649428
0.4969225480258382
1.0582985901785207
0.5309866447461217
1.0744946673017608
0.518479813722996
1.0484064103404798
0.5098481397652711
1.0680537647545152
0.5235010256142132
0.9877553444047518
0.5259723661461676
1.102616185730346
0.5263214001801731
1.0466240974792411
0.5211352774663669
1.1033420902309168
0.5047839289139586
1.057306665772296
0.5199879279556906
1.0349406626686222
0.5099384898181096
1.0688709635159837
0.5459514961237913
1.0595509842423012
0.5179726044055247
1.0521861579355138
0.5287593687285682
1.0746225880836937
0.5064947533305348
1.0164136386534546
0.5235160427810678
1.0842641889149804
0.5152939624841516
0.9923756503187116
0.5295849905476779
1.1164542892734803
0.5130468083836629
1.0364822460075798
0.5045970547550551
1.0256072960147455
0.5068500141921197
1.0530858210490182
0.5280713317546324
1.0474795879978656
0.5055850765222251
1.0607880370241312
0.5141384157217892
1.0971161907537377
0.5274530714312099
1.0416994255007468
0.5129999271873604
1.1147674675859756
0.5054182020499346
0.9912471754530281
0.5270271281732309
1.096255849474245
0.5111272116891553
1.0182088709468198
0.526719956642424
1.0363646957169381
0.5123882102558502
1.0748199943956245
0.5166005841265748
1.0302672123745757
0.48907819210065967
1.0448380900148027
0.5086132177806979
1.0329701085333016
0.47259376228885885
1.053628661184392
0.4965797881325269
1.048843724921897
0.5067033970085543
1.0146275669307712
0.513993058842563
1.109846363345259
0.498674163142753
0.995721796870605
0.4734603275720666
1.0732184805401168
0.48879178486026886
1.0461258028747786
0.5189585537716805
1.0084732539060566
0.49233793714126156
1.0774311492665556
0.5347589833306521
1.0668712868480743
0.49769797981676106
1.0406232756211802
0.5361537097281932
1.0660282310518814
0.4942398729499907
1.0031200664340463
0.532269676664527
1.0806660098178686
0.4960206738062122
0.9997315922211721
0.5041435919800219
1.1022369947423862
0.5224878267709664
1.0396112698350932
0.5383605083865597
1.0409786299680772
0.5239320441450519
1.03892844762972
0.5359207814925423
1.037497116489065
0.5173396327621566
1.0249064874672176
0.5399065633783954
1.077983083592728
0.5066444924675679
1.0386637627359843
0.5411955772881196
1.08608696334953
0.488614800586649
0.9957577412294162
0.5210188925028629
1.0726746290589044
0.5120844306097989
1.0195868043686702
0.5165976648782785
1.02397896062634
0.5085514273859172
1.025296279157249
0.5326368133030734
1.0484991573840654
0.48323278952752446
1.0232412418643397
0.5103676763258318
1.0607471723274566
0.4584385500625348
1.0157839984275392
0.5421644197219656
1.0645536411637213
0.49693579138076427
0.9993009245872378
0.5191709146368656
1.0597771690746378
0.4796967223001087
1.018413324286361
0.48384028115772826
1.0352184022103985
0.5048206405874094
1.0515340135185254
0.5147221776187564
1.0417700999992092
0.522655635238983
1.023829198950037
0.5171671735724901
1.0802932984796292
0.48861351070663106
1.039234703902204
0.5384940751203081
1.078285708244737
0.49203118425645975
1.0200570382748997
0.5232263737570029
1.0343115815812585
0.5170769881228688
1.0286118572778629
0.47562095571627605
1.051084814407036
0.4949385161179636
1.0483733605295336
0.4994730846433271
1.042081191750415
0.5088577931506567
1.0133376547304056
0.5305658633127142
1.0697712269431812
0.48599705494432294
1.0188350942706244
0.5467395212498061
1.0490154645408432
0.4974035882886275
1.0191063675989636
0.5290537935676647
1.0259473332920013
0.4950853867699351
1.0084023304102148
0.5119857088894739
1.023357577011945
0.505787708172736
1.0538026698819047
0.5122784673437171
1.0401156604924027
0.49880746455285035
1.0274791304656132
0.5226390182681255
1.052468251678939
0.4939796730734938
1.0061582831909068
0.5724242278706917
1.0554500990741655
0.4765996603209875
1.0327665708294433
0.5386041242237848
1.0356088679325175
0.5107575386320139
1.0154050053986219
0.48774576042766254
1.0152016281645835
0.5373354906209256
1.0326178056373252
0.5092052471952015
1.0488603178436604
0.5175683692419994
1.0372413438374564
0.49666267931200664
1.094952234018058
0.46225093904040426
1.017044970195877
0.5620448626337525
1.0639504260954722
0.4903698220291818
1.0625860557285585
0.5432607052044733
1.024798466524607
0.5002839975527738
1.018569008287142
0.4913936181617863
1.0205396410372545
0.5394354463817849
1.0110191280145895
0.5161687423893916
1.0551889296141905
0.5395309189307775
1.017706468236
0.5142889248796839
1.0913997108919231
0.48154475149166
1.0295506376485972
0.5574984354651968
1.0756546463870604
0.473951658284744
1.013560179450678
0.5023131598338868
1.046048616398809
0.4961122837688162
1.033147080386436
0.5100456908131804
1.0623319409614298
0.5215600730127767
1.0222088908888582
0.5163249990005196
0.9982763228537191
0.5012041338529164
0.969627358435379
0.5229771972408103
1.1135407946735334
0.4614528868052329
1.0614248258551797
0.546164474836472
1.0844089677798403
0.4890708173417993
1.0417719789641093
0.5470346323960251
1.0372803786347715
0.5268542421788527
1.0454172730336686
0.5095813196931519
1.0402973934429405
0.5054729058389107
1.0491128971670052
0.49728499049003994
1.0629673046812813
0.5154720932197001
0.9949291253606644
0.4956245131077181
1.1153043211939444
0.49857751507849496
1.064691310154149
0.5257904136577546
1.091722157357014
0.4900045647357123
1.0688197124087373
0.5500629946318684
1.0336565560340123
0.4989651866818427
1.0311461586493536
0.5158324217243682
1.0533614371543154
0.51255539781366
1.032978591095836
0.5105424460332041
1.063491131389432
0.5159307726262443
0.9797571499991474
0.49097756456473274
1.0698150005783047
0.48491406660424907
1.0487216147295084
0.5478761946269548
1.1010835730837194
0.487800421015839
1.0700833796243325
0.5295905920188645
1.0495387200405353
0.47045031956753525
1.0233987189341658
0.5163658762947325
1.053547374458896
0.5080631226900912
1.0079976660450045
0.48401922686014703
1.0640549105392003
0.4925035093464599
0.9868487301270495
0.46803607779294026
1.033758718163858
0.4857236463600497
0.9775625204493247
0.541285331123767
1.042531505667823
0.4913657095478713
1.0273743228905259
0.528677200537118
1.0724763471008358
0.47303449665376923
1.007464485311721
0.5112735525314082
1.064952709124691
0.49014865383039563
1.0272783376680068
0.4861532481110951
1.1123547183059483
0.5043184851307243
1.0158242891180815
0.4792013583505095
1.0905757703876942
0.4471226885181225
1.0025308137229754
0.4977201049690332
1.0625025599007263
0.4774390167783051
1.041760103405164
0.524058839323185
1.0367205265028068
0.4925562835000341
1.0146927145780875
0.4930311035305025
1.0224345989076917
0.4987124399611191
0.9798417109556965
0.5033844042220433
1.043282802126585
0.513626486374423
0.9798518989971722
0.4969479009030848
1.0588569689852343
0.5014650455160345
1.0127668765275968
0.513818893035682
1.0751032394926838
0.5003135942790848
1.0263254733235965
0.538711205428732
1.02738174187197
0.49975515333473264
1.057761479666492
0.5113095771877298
1.0763735136128623
0.5062247775402494
1.036029617244327
0.5017762867041736
1.0929654881400226
0.4932223697578069
1.0444865770582499
0.4913985237019298
1.074013396312334
0.49645670371544487
1.0332179398965207
0.533023071503971
1.0475073349698993
0.48581597902715257
1.0735914304677578
0.5028225706446556
1.0504361459105664
0.48316040790194864
1.0240799634961197
0.505180581016668
1.0498298386534497
0.5284533692266417
1.0511790267060972
0.5359696775562006
1.075536036131635
0.49919475125550966
1.0109291607037787
0.48081195576439617
1.086741798107243
0.4779373969032539
1.0306710184858017
0.5276318206005334
1.0692822727875178
0.5197065035751245
1.0535915286137805
0.5291709799247888
1.0595297435413902
0.510367109627623
1.0560983529472412
0.49927733177534805
1.0804267729712502
0.5191667772937677
1.0176958811160441
0.540944667483484
1.0572904515948827
0.5004677604180613
0.9913751117760496
0.5168468140237913
1.0657795472976037
0.48925689146783663
1.045859236957784
0.5126357099766691
1.0685076519910228
0.49358246357615154
1.0669226934391538
0.499626708841525
1.0807216196680656
0.47580837871465803
1.0429538961986666
0.5028166420530833
1.0668588962592969
0.5123190753676788
1.0201754032793817
0.5104302264285496
1.0560239531456197
0.5073142351912416
1.0189979288058924
0.5031940539122829
1.0705018821470993
0.48227701298490994
1.006980393374794
0.5109556327852747
1.0668989047079602
0.4919891979851958
1.0284051478322411
0.5313707001987097
1.0678100654809166
0.4948118779244449
1.0564312255958417
0.5058848740311143
1.0898220734446535
0.4981824860610665
1.0281582729719982
0.5032465578519494
1.0566715197207102
0.5076377907996994
1.0214852744213707
0.5250983097832564
1.063955958460006
0.4623347846970451
1.000469931151541
0.5176594842522914
1.0654614360457288
0.5028236134432827
1.0551491254917285
0.5274295312087836
1.051946630996567
0.4907023175973365
1.0447428994546692
0.5007174558448692
1.099453562511127
0.5093839332673876
1.0672551327038469
0.5144739926253286
1.07157465320383
0.5060302906049621
1.0125811722505733
0.5114009025223765
1.0451295682009838
0.48636808520966757
1.0506018956531293
0.5394547051634881
1.0767774718215757
0.49161618146816455
1.051184676838747
0.5053360917336109
1.082086435314888
0.47897402119373045
0.9970405730525127
0.5136347653245337
1.0887525952391321
0.4949260117751794
1.0633990672233196
0.48999199806361804
1.0915688971510975
0.5175417934394583
1.0067321474287212
0.5147790313090151
1.063735412883056
0.5021950487372465
1.048904348737544
0.5386352774187011
1.0773990818271812
0.4655275311334939
1.0409086566889572
0.5400652572565592
1.0821460210894218
0.48103806899062995
1.0469776816793817
0.5307634758541179
1.1019510658797005
0.5008790325670053
1.0441701860881827
0.501793963029339
1.0829320402447449
0.5382238793932065
1.032024361638208
0.5088387130066282
1.0504138791075763
0.5063944992714292
1.0313788829814063
0.5259574461769557
1.058443735482483
0.4741231568437257
1.0389116892027654
0.5099323619962894
1.0663735684078919
0.5036381331158563
1.014157907418991
0.5105511165508761
1.099438677912463
0.4866858827865931
1.0366594958742767
0.5093448473404834
1.0722567431716892
0.5010404015279002
1.044179411455802
0.501614467510642
1.0453677602291636
0.4867511777032121
1.0449743589499616
0.5253029078629192
1.0699949166769795
0.47596523247514283
1.0357201508109732
0.5393497605698184
1.0628106506644326
0.5163100030386488
1.0294547860598229
0.5251784613761012
1.0409469019160953
0.4830348145173149
1.022945460816671
0.49965619038603803
1.0656037153121525
0.5117938491826368
0.9915502185719902
0.5264795525725632
1.0771556848066597
0.49075691363330964
1.020278010720367
0.528338285073982
1.0612259604621634
0.4677671390945533
1.0201499958065332
0.5277331705220555
1.077100707650109
0.5144058266222952
1.0097162016124748
0.5067468987300299
1.0366757239201496
0.5115263991075621
1.0235216478490181
0.4912741481762984
1.0866751551356029
0.49619216816881573
1.0198552880103235
0.5024079153153627
1.0862351058392286
0.48533593336612735
1.0377454149507144
0.5018508637677263
1.0849211922439068
0.4786446970176462
1.026336652544513
0.5110429248041269
1.0549817428849197
0.5034518016986179
1.0570505350559027
0.4918299779987579
1.0783317394573497
0.49410385409368573
1.038186912014879
0.4988719042757995
1.0325081325335284
0.5145050150738805
1.0198178090305554
0.5437557259183452
1.0659478993806375
0.5048936350198239
1.0468656163148646
0.49555013832157685
1.069886334147154
0.5053308642645279
1.0407671188882996
0.5131714159186628
1.049520723829652
0.5124449610387423
1.031932439887177
0.5007781829688588
1.0978356407895435
0.46101611186686414
1.0079104900300244
0.5034995173500065
1.0810195360076584
0.5008161832031289
1.009564240030973
0.5467950520899231
1.0445714041113647
0.49734844883247126
1.033898948469215
0.5035975670651421
1.0370412463857233
0.47309050350680626
1.0494031278276055
0.5409542368115445
1.0376698729727079
0.525264585522968
1.0268653479211747
0.4799101772798004
1.0570145963744146
0.5117655039672895
1.0638963375822585
0.5006034977703837
1.031320419323304
0.5020480715705051
0.9970602713414486
0.5487572262030648
1.0595955205569052
0.4902436253389971
1.0308023208873052
0.5160050621616226
1.0965928401631815
0.4954292039391264
1.045783112039949
0.5027456845811374
1.0546282991156295
0.5154633478326329
1.042340152081236
0.529389932634208
1.0657602611970558
0.5048064609211873
1.0274814760470163
0.5124468465749157
1.0780177986003145
0.500488492792313
1.0105611402193329
0.5206165603051085
1.082120088493788
0.4989653831675048
1.0432230695731655
0.5090557441889044
1.085886328657215
0.48978046850779006
1.056096646225922
0.515014288167466
1.0532008138723705
0.4737843623830198
1.0104793117326798
0.5096800954490783
1.0633849520281384
0.49530164387162384
1.032860761810305
0.49757827142623523
1.053228430408036
0.4842416739873796
1.0243786308875618
0.504025743595065
1.0233293369529088
0.49720919278379844
1.039650765582275
0.508082620966911
1.0772851166484907
0.49401571784041864
1.0193688592285233
0.5137254559302634
1.088516375303406
0.4963649726802261
1.0256891973334175
0.5010398189143753
1.0617075934869944
0.4945456766263078
1.040856438805023
0.4850156931530414
1.0493021681259678
0.4794613658685439
1.0307426141039548
0.5248455659681105
1.0328037024666639
0.4960642269654966
1.0381401840363211
0.5381515888155244
1.0465451052047825
0.49813641627248795
1.0185090946505537
0.5076010987527771
1.0775127476778017
0.47218667518161944
1.0186105162446173
0.5398508357338154
1.072341226159707
0.48343105311678664
1.0254059362095016
0.5390389487981929
1.0763190567431489
0.4827778246923802
1.0472062371726185
0.505147199570257
1.0800783452097633
0.5156518970791326
1.0276201654328498
0.49760652218702034
1.0516314911455935
0.5056655601031932
1.0432316370135912
0.5201817593693404
1.066709238790009
0.49866652179490417
1.019626151131829
0.5182877254415196
1.0313124352923966
0.49474879574136976
1.0258681390618234
0.5202454597716049
1.0774625482823417
0.5106718989198143
1.0498775976012746
0.5182314907157842
1.0650262217302346
0.5099171867789014
1.0342631867314969
0.5058161529584599
1.0858626024205198
0.5048945428081906
1.0324207919237443
0.5018371864392719
1.0641152153532512
0.48543315069769916
1.0367188813724866
0.5095676370000317
1.0871532731760605
0.5019860919542347
1.0121534990611238
0.5139337542219018
1.0376286432706532
0.46384921424751036
1.0394383052988507
0.4857692687797955
1.0866762898985358
0.5042533822514077
1.0443808139392705
0.5301683798838726
1.1044237418781129
0.4954323073967849
1.0147474988739758
0.49865711409273766
1.035761374625108
0.47047422362122115
1.040239549938481
0.4918538822378049
1.0651150089645152
0.5058566312906533
1.0411644206177821
0.5279992445991821
1.0570677263278754
0.47798236529553706
1.015801477745779
0.5039005591523827
1.0307447944912762
0.48963873812735886
1.0292705241640427
0.5114228652262531
1.0939254099955797
0.5092451700201708
1.033044914805567
0.5072349790348099
1.020235298527249
0.48575371651542093
1.0582174998760225
0.509827791288085
1.0819513851175802
0.5173113412233621
1.0527473546855848
0.5040722918502117
1.0802976498172217
0.5106334443417284
1.0139314255968346
0.5209325360777357
1.0512564647580387
0.48044332333949924
1.0356711788875335
0.4900868213585612
1.0803061919615746
0.48302829330031194
1.04253882869461
0.5140135805553886
1.0600534834132822
0.5043896759876845
1.0049530922609187
0.5037004950650337
1.0422597168926788
0.5061694565119307
1.0433158569674443
0.5212055372702101
1.0642843291496402
0.5216899598778003
1.039398481264393
0.5339699762961473
1.049026934449394
0.49077916678576317
1.0052044180486073
0.46910133543081034
1.0605092146187396
0.4926950912806948
1.0180067282427816
0.5224599513727411
1.0547046980447246
0.5114935345179904
1.0236232207660292
0.49581685445864304
1.020284637434814
0.49786433350689097
1.0455679877459383
0.5257590898175089
1.031781763609484
0.4937176842866444
1.0191509783193136
0.5086320482801118
1.0520832382499368
0.48123066729643377
1.041451885342436
0.4900150310971988
1.0950281474980241
0.48613045676271105
1.0329503051104982
0.5276929353379272
1.0536379737775041
0.48511738818022854
1.0310461062387903
0.5004611000700173
1.0364028900279345
0.48387984226162006
1.040186898176156
0.5388639258822201
1.0620480343693486
0.5150713052764097
1.0204365746031006
0.515317350924839
1.0413744917480094
0.4798710210963514
1.022805338230348
0.5072849538806807
1.064634744069924
0.4904576266496672
1.0736953736392278
0.5312049094795461
1.0157622742430132
0.509593442143143
1.0247517712895284
0.5084056691775565
1.0444297081383405
0.5129234202298261
1.0293312555108172
0.5231348896809337
1.0589592423889276
0.5317258401865916
1.0394126571120925
0.5338678686286953
1.0346118897897993
0.5056097995541882
0.9746862800802402
0.5078755104853223
1.0621614302694775
0.46643233813417645
1.0361800845310152
0.5224213313597831
1.0421220862339715
0.49548917254902775
0.9914163605382481
0.5015739069895595
1.0179199051628176
0.49796297555689917
0.9713792895808125
0.48204902951665
1.0218055144423392
0.4932617865066848
1.0061010643545838
0.5015153232977324
1.0381064612508066
0.4689069720128659
0.9864166211124907
0.48035464187902366
1.0317676167996745
0.47051877763059125
1.0261532210909599
0.4959172104485927
1.0681133932546532
0.4869188849726365
1.003197789810081
0.4836689100657968
1.0378652358400444
0.495327572514463
0.9821465296674613
0.4920363310375052
1.0550100246732848
0.5036079697445254
1.018111012201563
0.5044842033422684
1.0024905050040498
0.4967785150377504
1.0142831291036816
0.5173214366642314
1.0869495484943568
0.47327746553561223
1.0128549341862525
0.5061592189432658
1.0716413567696343
0.46031946261048595
0.9842301325696441
0.5055484071111175
1.0357797469497492
0.49754713612145995
1.0098003496644927
0.5001831640506629
1.0500614343129968
0.49930546078097726
1.0714031213193191
0.49889300253034596
1.0333367560944655
0.5130343346102105
1.018798471102712
0.5226568336298816
1.0754403287458674
0.48983746383812055
1.0058894663653564
0.5114205906767462
1.0773784007948324
0.47467462755927137
0.9933357024411444
0.4961808049194682
1.0876903496673165
0.4709375161793392
1.0488247478578154
0.4944774845467318
1.036645830116623
0.504864088630207
1.044158078682342
0.5139138900182408
1.0197781624309814
0.4930259993989754
1.0191391326838228
0.509009037018932
1.0675827266719184
0.5024092295112701
1.0314113210048075
0.5116658687559626
1.0962094228182337
0.49132210164954293
1.02397802084259
0.4899960634357614
1.0636571986613637
0.4665487174113053
1.0420557883468327
0.48924201415923985
1.0735260006880023
0.4819977862514817
1.0541454135227992
0.50901418058975
1.0388804276593455
0.5063917720176032
1.013428134470413
0.5118622408387905
1.050770575909352
0.4922040813809339
1.0049290269562652
0.5143749453097707
1.0671825221203095
0.4825863760181703
1.0068025959656417
0.5277791017910372
1.0739862693951816
0.5009328919505512
1.0425648180235498
0.5054016380515943
1.056033269607068
0.4867194777776791
1.0350818956632404
0.4926780342160337
1.0292110335105444
0.49794096306246777
1.0185713630464799
0.5193666299427203
1.0666498543832894
0.5194692409298914
1.0071344972994984
0.5293300382571203
1.0548466599175055
0.48268607259357
1.0125324859542755
0.5239508793944988
1.075517993638706
0.5000041940975111
1.052248397188704
0.5070538189881941
1.0886281987805562
0.5084868160495726
1.0060098692745145
0.4889494043208466
1.0668002819718296
0.47766103852892067
1.0033601386377715
0.502480145422904
1.0732769762202603
0.5173938289412333
1.0241266554135806
0.533694600085282
1.032160048888997
0.4920278300000284
1.0366695817173999
0.527267059130075
1.057030898054143
0.4924309094606275
1.0172186038881854
0.5114832881136124
1.1087172717406666
0.5054941281071805
0.9933036117239115
0.5386740004699541
1.0587379619569488
0.5342440383199476
0.9994778169483768
0.5223845681969252
1.0676372746030078
0.5354314126756837
1.0167138183296989
0.514886769902757
1.0351784711518808
0.48729948748663904
1.02039611347914
0.5275792555743342
1.037551451704943
0.47856146246835646
0.9877861970612969
0.520779038465433
1.0935233754393932
0.4874982525425303
1.035279021328032
0.5136861897130203
1.0802523654012242
0.5297064876557418
1.0368229125496884
0.5107094599200259
1.053260656326678
0.5128029393909718
1.0161099149858401
0.5134802553468464
1.0676787397559537
0.497457988501161
1.011509626683513
0.5451106367883484
1.0349939771291932
0.4894923136145515
1.0388551787971274
0.510894201251326
1.093129844305308
0.5125237084981555
1.018774501183255
0.49317525224495035
1.0918376114738955
0.5380120125144287
0.998227375989753
0.5108025530564598
1.0750354745519235
0.5125008907245078
1.020961703245655
0.5233868144859617
1.0630640404455611
0.469246343910269
1.015297393188902
0.5225680980768286
1.0228667221808496
0.5093470753787928
1.0665375955341343
0.4984829259360178
1.0662857244832376
0.4963447977531719
1.030218404864597
0.50730763284753
1.0635604274321
0.5080056769214243
1.0072642518481971
0.4725334342636088
1.0662927703393146
0.49365743263674045
0.9940908740796935
0.5040941292492578
1.1023624510752827
0.4732856335355118
1.0251448114049073
0.5065854446050829
1.0418261081854416
0.4498537202162939
1.017091183419535
0.5404628539773901
1.0114704252196125
0.4828571136178223
1.0370211469902015
0.5152763177314829
1.070176822887905
0.5032043006030918
0.9934941721176432
0.4957301329918244
1.0638301302669069
0.4854855245722342
0.9905099112392232
0.5113841887646089
1.049429390005834
0.4824497778899275
0.9926222161554166
0.5332635474895913
1.0324743891195802
0.48260914148163153
1.0447668658393114
0.5084997764592638
1.0285118634387327
0.47688573761039793
1.0145066483249638
0.5006248665423038
1.0523933246313109
0.5158668346035032
1.0119708305099335
0.5094064993867531
1.103642504338144
0.4857968058504475
1.0021761003443181
0.501172348398923
1.077001879445767
0.5022268429405196
0.9966238428722737
0.5515478867101361
1.036895997855447
0.5078082809644944
1.064547236479763
0.5351374041235736
1.0286089083606922
0.4496488229758237
1.0594613244505804
0.5198332254708737
1.0809497667749448
0.5028771041921617
1.0201716319012792
0.5116912782573784
1.0941910226184814
0.49547551822066077
1.026291641481401
0.4952485598280801
1.104766493716677
0.49722810859809463
0.9922220076587455
0.5304980478020325
1.0825899190568886
0.5193498065853797
1.0220536338375272
0.5212962039725532
1.0637504172767585
0.45791811176339836
1.089611859253566
0.5197833340541744
1.00816999885775
0.479865060602143
1.0320537016968263
0.49679660616370575
1.0672999017565514
0.518485024271695
0.9992611620597254
0.48947756989433566
1.1148812462382076
0.48190110714745843
1.0092385412230758
0.5167472701639635
1.0931834285759303
0.5113714985090222
1.0125267259046649
0.5457470933552931
1.101552328131425
0.48595834237898927
1.0576427421647219
0.536682138953152
1.0608812955740576
0.506136160569934
1.0428852077728896
0.5179936289646542
1.0542365456049771
0.5045413997424373
1.0323032429782752
0.5194224097752888
1.062715565491888
0.4947876141074119
0.9680697708565438
0.5262252997542873
1.0610605163567943
0.4873341173634628
1.029446184098541
0.564889483177275
1.0840891113236277
0.48767510278186815
1.0483173239243153
0.5048273619738056
1.0560189885983047
0.4967734355531508
1.0467412331472843
0.5057254433018282
1.0519871760889514
0.5209934992499038
1.0398349883682603
0.5100734539869024
1.05139576428949
0.4888399855318699
0.9973678788722903
0.49188887672491793
1.007996754013673
0.4683960141515452
1.0102194697297024
0.5450612506928577
1.0792221961194952
0.4491898697725648
1.01841307376874
0.49314426325352956
1.021036426870375
0.442547230930844
1.0372031579197063
0.4719332036398699
1.0439960352544377
0.5014111714768921
1.0364456691442892
0.5000320605308988
0.9982450904277436
0.48747674654894063
1.018380452970725
0.46249608947888776
1.0276032922559242
0.48442415747869744
1.0138060149662205
0.5342147218742507
1.0942129102499565
0.4868565532093025
1.0076614300900872
0.5178810919916065
1.052404883301908
0.4703828264883295
0.989768355272857
0.5200205434798049
1.0483211008234243
0.4928943815692115
1.0427042547773961
0.5110709999502558
1.0385806179085224
0.5033207693439724
1.021013833475271
0.5243508792249766
1.0289280550828204
0.46562344360242647
1.0671834292347742
0.4909387340014712
1.0701348776849366
0.48819662403436315
1.0345110101477062
0.5080837407400799
1.061749873324593
0.49656733558526855
0.9976420779309408
0.4933757811837902
1.0404895552636135
0.4592123844018911
1.0433060209945195
0.5111946899341302
1.0506937511089183
0.4931325096105232
1.01849840788006
0.5131520291903975
1.0360765502381466
0.4545466139276324
1.0497852687002402
0.49105649109995314
1.0570074027546104
0.5001032523448024
1.0144527140313757
0.496897951164897
1.0529148464313125
0.48296003812815785
1.0351701444889325
0.5025723338966603
1.0729706510024828
0.464761126021634
1.0482485452275268
0.5161349704670505
1.0451480867189356
0.48526633910239597
1.0290447116820478
0.5461755690134806
1.0483813273823568
0.4785880992095307
1.026338193823823
0.5047657659305441
1.0481893884727373
0.5128619284175643
0.9998310014558414
0.49601325044514405
1.0361190029483536
0.4977776324549617
1.0525609404717997
0.4958298379655077
1.0764696065100434
0.48377284821219146
1.0476238078113913
0.5175433602536132
1.0610352676306882
0.5009161137995564
1.0196448732711516
0.5139970338186401
1.0798742681478002
0.46333340028834347
1.055717234287698
0.5242813681292102
1.035634665016595
0.5005173995897331
1.0239926364108556
0.51828476091082
1.0438071029696991
0.5108972462209217
1.0295205125610447
0.49197120940371514
1.0526428487846073
0.49807210162282867
1.0145076192065443
0.512957790656049
1.0376916397469838
0.49809395704679305
1.0226083092559783
0.5221279114454279
1.0710868765718062
0.47979476859060854
1.0344636517469297
0.5172511215686566
1.088093028219054
0.4875913206050061
1.0410597804832944
0.529961508192609
1.0464834743896225
0.5072621273368116
1.0298564160413428
0.5007525435426703
1.029715374624747
0.47433060666250715
1.033575533065131
0.5182779626041617
1.0948493254711698
0.5028875414517882
1.0054439536351736
0.5267863709470855
1.0844010780386875
0.4813126446629786
1.0279306597197628
0.4869259843967246
1.0491544690627352
0.50228823557039
1.0567705189410004
0.5016232546239762
1.042738097109003
0.498108709394307
1.0521043141406916
0.5098025889777896
1.025365969551158
0.4864493685428069
1.0151134457062305
0.5226803978292099
1.0568080553910382
0.48841558122887735
1.025672071554512
0.5360362017588904
1.1025603391165923
0.49199239711124665
1.0152083988708802
0.5009794544662898
1.0547957321105048
0.5131828242777615
1.024053169274072
0.5169262418639889
1.0292517568960544
0.4923080910126347
1.0641973358527006
0.49909488730650614
1.0391063890176502
0.4783050268067244
1.024472713182759
0.5410308261596533
1.0550069843678198
0.5055293181927772
1.035062018824414
0.5291071594425031
1.0700358700282644
0.4843792065082492
1.0121435961268916
0.4999043097956492
1.0524885361783947
0.4930345676558395
1.038750044728661
0.5096326690171353
1.069332025343025
0.4855699051139802
1.07412275828658
0.520157069296628
1.0354573529628306
0.46698054946658907
1.0271412870657932
0.5310850552526998
1.037289934251099
0.506733861543183
1.0393849975646146
0.5332112756136456
1.0815504921029315
0.5042617956944291
1.0060849108418553
0.4897012443660174
1.0487633985129863
0.4918722270855222
1.0322869602685536
0.5247284255764835
1.0464183535085063
0.49892582402164337
1.0681966425121499
0.48570960520291956
1.0102823845849553
0.47607585985111794
1.0293726077673433
0.5112339725521121
1.036503085770837
0.5052204280689288
1.0313016009825269
0.5454344091191785
1.0728887131283662
0.49333558060773375
1.0274205306833768
0.523861060120311
1.0965461874857239
0.48962705238265253
1.0207141565198614
0.5320197821336076
1.06504789800689
0.501847082495628
1.0372174134749246
0.4996795066426191
1.0131667566951361
0.5028676587454549
1.0302765428418905
