104.92727990244406
91.7333029337088
72.19696740687499
55.4604998906701
40.305503209294656
28.992640460149865
19.900988176400997
13.358664026781142
8.456728754330015
5.515875159259485
4.349498314457715
3.776560389364108
2.9083398448922093
2.650874106374928
2.129907886501538
1.8502057726827172
1.579516326899833
1.4522077682554266
1.2581331527603528
1.1907360553013977
1.0723500848624767
0.996712994618487
0.9334613026432395
0.887859180655823
0.8178127314395119
0.7581263984281633
0.7291694951103658
0.6964602044156277
0.6299281869508357
0.6138240810137298
0.5609255653057791
0.5768872020597102
0.5260131489129075
0.5469681586538541
0.4823937757234273
0.532170748113706
0.44986575212134444
0.5528839672374928
0.4181232854780248
0.5455025791075895
0.41396809328306156
0.5670528712414371
0.3817306962720412
0.587164707772059
0.3839172842019947
0.6104742632744495
0.37596928255545764
0.6364486944770967
0.3672826121028981
0.6386605567772408
0.36149929508108697
0.6689366249150214
0.34969985260486375
0.7238649742916756
0.3500961871186894
0.7661392845759578
0.35867040610190365
0.852809345317399
0.36945580664396177
0.8277695390203407
0.3687395472503876
0.9048776522902278
0.3637008041650265
0.9381242455117197
0.37778823587555693
0.9786692929562953
0.4240768684045585
0.9823695771574085
0.43253935941439325
0.9942485376617824
0.45877650065348236
1.0066130777048374
0.4616290089685977
1.0136286231428846
0.5060661275556235
1.0473070830168731
0.4728544317694835
1.055686530965561
0.4892403433521953
1.0377216587335463
0.48102769795888783
1.0461760802944426
0.5211540325791412
1.065270152361335
0.5086435631559647
1.1242573813521477
0.5298591936733467
1.1285133107326653
0.5482984329757845
1.0726026851591803
0.5455296055108563
1.1220781875743615
0.5734846478016279
1.061455055985963
0.5650239460882581
1.136601571084906
0.5648069014693694
1.140208607154823
0.5865693935885428
1.1569538849866086
0.5580954411190933
1.1411192388811322
0.5808853149402315
1.175545095699568
0.5656031677618687
1.1806906359014193
0.5934602130602634
1.198991041238398
0.5731498143362613
1.149890287364693
0.5833309891887972
1.183178298530287
0.5834661467780689
1.1006114540463425
0.5889249510121415
1.14891831403436
0.6086085408543089
1.160820899661174
0.5882693480597804
1.1383119673068067
0.566691883307175
1.129587920989804
0.5705617737196449
1.125140081384508
0.5763627137813304
1.1441012749912007
0.5791835103322004
1.1716000971002638
0.5449771550753899
1.1697320814561523
0.5680736170000773
1.160507848954081
0.5575768497385035
1.1057510760106117
0.5493983570602012
1.1157015173648626
0.5747688489628409
1.1620495777103685
0.5810193641595859
1.1306622688235894
0.5698506335155638
1.1728630253552248
0.5787578315529818
1.132155621739394
0.5715804858968622
1.1521522409060243
0.5866917883010319
1.1751053891681096
0.5741182123091149
1.1868379061383365
0.5839857841802247
1.1980687118332567
0.5935858072720268
1.1309951612075304
0.580226390192625
1.1558702607619513
0.598221442736999
1.1284295722153639
0.6002370867053056
1.1255412658481423
0.5988068594976982
1.17252332332753
0.5996312562730224
1.1372039031746275
0.5804660420654798
1.1691119471933331
0.5905800799847956
1.1655004090448102
0.5876718755218687
1.17807303538098
0.6012455073729498
1.1892835026913136
0.5801740270967842
1.158491464055577
0.5969987927258865
1.1740834711079935
0.5969990613379105
1.1203358858640107
0.5983773931989274
1.1245199343675263
0.6203867304326556
1.172040020415556
0.6044463408870956
1.1394367642079328
0.5855856061177518
1.1741661011394517
0.588122761626715
1.1405682262418053
0.5947183109424156
1.1601480288162094
0.6042520047050409
1.1761164660485721
0.589595497075037
1.179720691277688
0.5991040148941006
1.1761301351967868
0.5966994771381695
1.1120551659957543
0.5959327695076829
1.1298820462068664
0.6147750637322774
1.1552643349617437
0.6080204516647114
1.130177702055286
0.5976332244601495
1.1681558881256051
0.6012599418730715
1.1282007385522006
0.5912486186146474
1.1576459915323762
0.6061883150800681
1.1649158845552285
0.5856483335252772
1.1884950703587431
0.6050771800631343
1.1920571152243669
0.5991292717366268
1.1316581571920725
0.6006672478160859
1.155198862742809
0.6060137183326705
1.1291467847563252
0.5951171073570126
1.1238267737260772
0.6187547413697482
1.1710826248196544
0.602128674430772
1.139588851853308
0.5894042853284249
1.1686076665031355
0.5934565291085562
1.1623122791420009
0.5826505516902031
1.1782337186459635
0.6009927790123336
1.1871342856661973
0.5921170558718992
1.1602544911551789
0.6041450934166913
1.176513806370689
0.6047978246092576
1.1194392985417898
0.5981225569197786
1.1239114928775384
0.6234741200706242
1.1696996964352444
0.6136625063286392
1.1413263986358513
0.5980265131190801
1.1721846067805606
0.5991517299004362
1.138935636329916
0.5912666345565495
1.1599551780316726
0.603719323647055
1.1731181744830417
0.5856819805997099
1.180482887640213
0.6099920045171974
1.1773621130359353
0.6037798312075041
1.1130320884395806
0.602151420142919
1.1307892967580861
0.6145848175751902
1.154278233635553
0.5996163534570947
1.1300428374766174
0.6093439991888456
1.1675954889486775
0.603437723908867
1.1286434080421268
0.5927805955390641
1.156925728322626
0.6052387416186328
1.1647271468393097
0.5772056795836812
1.18772195247514
0.6063818512910394
1.1932371107330546
0.5956028329121835
1.1334129663849664
0.6023755512845088
1.1567814235539624
0.6044150794455521
1.1289334962784534
0.5949654712849286
1.1237113363214566
0.6191920806208229
1.1714286333177384
0.6077648635285089
1.1404952176486454
0.5891145947344011
1.1696846976870787
0.5949623218930311
1.1619046913747184
0.5829643883073118
1.1778989976408631
0.60024297081487
1.1863213128275367
0.5923600845271141
1.1617792356028964
0.6042982394723495
1.1763870056438273
0.6046169615955792
1.1188981060641803
0.5981932668692163
1.1241222092511265
0.6237427379313255
1.1692950194967038
0.613746950355266
1.1412521372875446
0.5987252177847482
1.1718687699606838
0.5995610065140915
1.1380565286674973
0.5917156351632002
1.1594896290465242
0.6042693111625274
1.1721176197970715
0.5850657075444733
1.1814167750411262
0.6096413958022046
1.1778457000288975
0.60326798921011
1.1138327119006541
0.6020608482735906
1.1320807248589937
0.6136773748476041
1.1529250912272135
0.59880691823189
1.1301127889058373
0.6096974603207536
1.1678830372902766
0.6030376282790624
1.1289513438430114
0.5926606637335187
1.157196644311251
0.6046063586071949
1.1643539479967924
0.5770272348181754
1.1869931908742475
0.6059951719655144
1.1942651637761714
0.5949329037119766
1.1350887458092818
0.6021371741657857
1.157839802192263
0.6041459738322497
1.1285697621169082
0.5949053821060502
1.1234356891580557
0.6194978267227708
1.171990212658381
0.6080265688264291
1.1410008199578217
0.5892725469820382
1.170925052080169
0.5947402890544051
1.160912715932752
0.5832997432652927
1.1776109254721834
0.5998076953364333
1.1853068361563743
0.5923742603511616
1.1631687059970481
0.6045474182006119
1.1761343696854747
0.6045279452210681
1.1182354604976
0.5982514019036858
1.1242554051938083
0.6242923300451101
1.168960591326299
0.6138202745784527
1.14098111825401
0.5995305492228215
1.1716933576904642
0.6000801686565165
1.1369626853145307
0.5921484577760536
1.1592616433242329
0.6049643066506384
1.1711075067862347
0.5844338284000884
1.1823636361218435
0.6094106507101117
1.178068238698763
0.6026527697419506
1.1145223420036428
0.6019271711793874
1.1334204279308604
0.612756886302035
1.1514396605085635
0.5979880405612225
1.1301531480121776
0.6100873744199226
1.1678586775850017
0.6026573127663536
1.1292697855089966
0.5925711672980524
1.1574526321385061
0.6039680841600494
1.1638053384001645
0.5768615852284252
1.1862437832684232
0.605543280465586
1.1946531177959552
0.5942537552453034
1.1367457059497632
0.6018386875370293
1.1588323200685409
0.6039229302314056
1.1281672437739936
0.5948757979813889
1.1231389448058966
0.6198372589378188
1.172189293286084
0.6082431471452819
1.1413605748754796
0.5893702928354216
1.1719842310875646
0.5945601681148808
1.159898726283324
0.5836889769365085
1.1772746490512294
0.599399589010614
1.1841062006672762
0.5920504672078704
1.1645146767222692
0.6048990921407079
1.1759629793953938
0.6044739543070209
1.1175214956874941
0.5983597110993449
1.124386872234848
0.6246926884048354
1.1685519523421914
0.6135731018045261
1.1404208192642418
0.6003868696719027
1.171367169602226
0.6006458800492499
1.1357880325543743
0.5925928281007353
1.1590769161470809
0.6057204565757878
1.1701934804627847
0.5838015170035732
1.183345010672786
0.609283476156893
1.178340873930872
0.6020828493160679
1.1151482410172113
0.6018613664048417
1.134782309342666
0.611843328955506
1.149939050613526
0.597185422438331
1.1298048045742752
0.6105932020259307
1.1678169206314282
0.6024160693902841
1.1296419662063848
0.5925240546324695
1.1577724119247095
0.6033771988040187
1.1633222501824687
0.5767566116137959
1.1854574362082626
0.6050536166260225
1.1944912561500103
0.593702600572854
1.1382894538410728
0.6015709621660914
1.159901258582749
0.6037517096978101
1.127799382096283
0.5948895229319977
1.1228176368894205
0.6202360459568538
1.1719457058964218
0.6086186075535203
1.1416407908248059
0.5895853261046973
1.1730312170840194
0.594308937098422
1.1589244664106164
0.5841177537750577
1.1767186993357537
0.5990890733023719
1.1829924826252967
0.5918038603898502
1.1654173804013983
0.6053843737697316
1.1758412612485227
0.6045011950630141
1.1168793718402006
0.5983720029650083
1.1245593545406252
0.6245932851951622
1.1680768083710842
0.6127711349812529
1.1396572217980285
0.6010896810519684
1.1708567362167057
0.6012071538170681
1.1346593438437016
0.5930556396574904
1.1589549126798582
0.6063680338745773
1.1694375343691152
0.583179895591402
1.1843713776637042
0.6092529614599862
1.1786960776071014
0.6015858363420932
1.115847289428225
0.6018620359125375
1.1362651094863887
0.6109882521838979
1.1483271614721418
0.5964594373112091
1.1294127383639898
0.611216792238129
1.1677686674304963
0.6023123964706796
1.130126875510136
0.5924971263084529
1.1581729603257775
0.602843962002616
1.1629823864988456
0.5767064643173057
1.1846909670830474
0.604667054069393
1.1944234876004165
0.5932414226489505
1.1398139106111338
0.601398826461349
1.160978477150777
0.6032579832409773
1.127171911326151
0.5960452127187165
1.1226781009645956
0.6208246600584506
1.1711707763782864
0.610170296430689
1.1417567567998483
0.5899151046551183
1.1735209587059905
0.5937170000605414
1.1576898940984655
0.585424243808924
1.1755581724470008
0.5991008087506612
1.1819981458625188
0.5928771805682341
1.166129085359787
0.6058650241847938
1.1756397271182293
0.6043243530399894
1.1162190740726574
0.5979297319398449
1.125764739300519
0.6270635422889002
1.1684287576429921
0.6141534910920973
1.1392799118457373
0.6044964424040175
1.1706015256969524
0.6013363864602311
1.1336194827067745
0.5928079236166954
1.1589858220889064
0.608656405962689
1.1695000786355207
0.58455455842917
1.1858177734364725
0.6127168302513916
1.1791298849184606
0.6015425758008107
1.1168347221795594
0.6013554188842215
1.1387316902278493
0.6098155011166579
1.1458569062206934
0.6012573436184361
1.1299184722439497
0.6168735465401118
1.1671676878667991
0.6070236128444522
1.1301536210679453
0.5921730266317262
1.1577785664591043
0.6013011959924428
1.164228341833599
0.5807553844919547
1.183563355598401
0.6090288029410871
1.1942382350818734
0.5988972351538203
1.141219553246607
0.602031321886469
1.1628297596765322
0.6025503569233213
1.1260959945518396
0.5976180359269186
1.1240768765222005
0.6246841420422634
1.1704695950263766
0.6164839812896522
1.142165377306739
0.5919993566930282
1.1737640687227404
0.5933350174345255
1.1563307580403
0.5862728742566959
1.1740748519938793
0.601766186901032
1.1814566727823825
0.5988375162987299
1.1670928919296424
0.6090479828703469
1.1752666007462564
0.6050224036601635
1.1146677125023512
0.5985668103109234
1.1266946572895222
0.6259017376014302
1.1662861124126456
0.6181612574960121
1.1387588594210163
0.6064985842826703
1.1694422828738538
0.6032881044807955
1.1322212200064612
0.5933605223533738
1.1583069179662964
0.6076764643492139
1.1690702813522222
0.5885502824663863
1.1860767691780552
0.6139739885324822
1.1797327707446312
0.6039506820502477
1.117156119315985
0.6015324958454552
1.140584414752006
0.6091717651391678
1.144126079364466
0.5999265220326044
1.1291566602679672
0.6175416143450567
1.1669454251675193
0.6064408726060402
1.1307885072063737
0.5916440507639554
1.1585256529693853
0.600982705157628
1.1634373411571777
0.5802729154543363
1.1829404484261892
0.6084628285609903
1.194049432799623
0.5978937683426692
1.14260318966527
0.6020737338441988
1.164233496680709
0.6027076366313954
1.1256657499496086
0.5973960937741296
1.1238739552034573
0.6247058745917861
1.1703752504409564
0.615817893531418
1.1426860745670775
0.592321121399812
1.1745546537418872
0.5933623283556032
1.1549133155135674
0.5864407155724551
1.1727208663596536
0.6016599920628357
1.1807854986398112
0.5978344706452352
1.1680562400895054
0.6093152437702214
1.1751579003922639
0.6050397978014498
1.1142024373115011
0.5986124047658241
1.126927387500084
0.6257269803376845
1.1655531030547974
0.6160468836117996
1.1379252403779643
0.6070767278162571
1.1692173629994391
0.6033487773392274
1.1314964499064253
0.593667625720713
1.158118979055111
0.6081700409439231
1.1685465625605203
0.5872421826411897
1.186584529023308
0.6137204242376304
1.1803250384889779
0.6031638010807368
1.1183887881316397
0.6017296539646118
1.1422769995161168
0.6086011151343834
1.1421971510061402
0.5987635019642374
1.1284237276498972
0.6182345102913277
1.1672718563273188
0.6059591656492411
1.131022463899034
0.5911330101835158
1.1594319557690076
0.6007747665956298
1.1631091231379007
0.5799470238918042
1.1824210915051867
0.6079645528812238
1.1936262072969184
0.5967035810710032
1.1441083142238866
0.6021908523120162
1.1654367969482826
0.6027240389132345
1.1253900319603263
0.5970864047837694
1.123652854623365
0.6246165277232785
1.1703958415081965
0.615306845653389
1.143102005828277
0.5926997421112129
1.175019658785877
0.5935063184728636
1.1532331846442139
0.5864887576126071
1.1710101663855204
0.6016652164279942
1.1802653803785814
0.5969539988875775
1.169200995290038
0.6096735067693934
1.1750918323208013
0.6046657458585327
1.1136856990150124
0.5987811769635203
1.1270651124643956
0.6250237843960179
1.1648479063421275
0.6140151996709982
1.1369937739950162
0.6075789954086941
1.1690967343854533
0.6033264033169756
1.1308366492766004
0.5936097251930786
1.157778320484263
0.6084321328688913
1.1678988300422264
0.5860602496897382
1.1870246611064552
0.6133457979872898
1.181078955946796
0.6024837289088276
1.119746336722528
0.6018135087328789
1.143884285258322
0.6080980416383405
1.1403830145308398
0.5977789856888293
1.1278608687061051
0.6189693082357107
1.1675033776938917
0.6056169104516884
1.1314749312394752
0.5905934379683828
1.1604792500062795
0.600672069526544
1.16294883145723
0.5797931956938814
1.1819563569905263
0.6075439993935188
1.1933278425393956
0.5956900181213185
1.1454828834855761
0.6023761224932754
1.1667081686779255
0.602822691896523
1.1251383794617646
0.5969003789800698
1.1236041465887794
0.6245939846281208
1.1704899992062365
0.6149578838917078
1.1433730835959945
0.5930844824779766
1.1756256079586456
0.5937472858970901
1.1517700739347723
0.5866396653302003
1.1694559844836119
0.6017807552211828
1.1798939066299214
0.5962075904894452
1.1704455374607845
0.6099802625872826
1.1746745113670147
0.6042590080456114
1.1133241963343818
0.5990708280298582
1.1273794620437727
0.624368817458449
1.1639189742565033
0.6120263127597336
1.1362196771337723
0.6081631290820664
1.1690844352774592
0.6030818103968417
1.1303782801377693
0.593446805979613
1.1576187065908545
0.6085940767296524
1.1674365536099034
0.5848899068537515
1.1872806925531072
0.6129467816090133
1.18196868707056
0.601899013122325
1.1211881015992209
0.6019654872492074
1.1456745009029994
0.6076657864784899
1.1386961573318513
0.5969587049466049
1.1273440061274993
0.6194518375979314
1.1678292926274363
0.6054289645257318
1.131989090240264
0.5901556878154633
1.1614950025916968
0.6000326872667513
1.163126170356571
0.5797344244594355
1.1812176241150716
0.60738396565949
1.1929500335539598
0.5949039771648414
1.1465733896575503
0.6025672415148793
1.1680920078377508
0.602981556501338
1.1246741446284074
0.5967785488780305
1.1236948261135282
0.6247235854482721
1.170548337823472
0.6147992264153048
1.1435364231280531
0.5937565174446324
1.175847406252314
0.5940867991619881
1.1504769827420016
0.5869433520052435
1.1678976242585437
0.6018151433951636
1.179760250257308
0.5953410114775076
1.1712886439021613
0.6101317440692047
1.1744454145168461
0.6039673368384242
1.1127250547881797
0.5993912834182982
1.1276131252190498
0.6235549878364549
1.1627595576505547
0.6100580111742577
1.1355179275053202
0.6086921242749616
1.1689776608107492
0.6030039799304738
1.1298430916424937
0.5934082917010094
1.157462708589724
0.6087273156922179
1.1671724913475863
0.5837942381174823
1.1874409792555396
0.6125107571350966
1.1828118350241408
0.6012254074056516
1.1221091844036826
0.6022854045232046
1.1474972050395045
0.6070788965712257
1.1369478485370383
0.596729181939871
1.1270834919334467
0.6196083349893061
1.167979164030949
0.6059034278539964
1.1326977816378652
0.5899388026654
1.1624064775132648
0.5991182443911061
1.1630623404101021
0.5803253894285575
1.180908138815614
0.6067907777970548
1.1922648834756933
0.5947392061992196
1.1479463399799075
0.6024604742770809
1.1690336260572034
0.6031165849380138
1.1242497632832478
0.5971694510219991
1.1238835894489716
0.6244834675601981
1.170648661238014
0.6153091620861175
1.1435667017360827
0.5939981862006218
1.1757787699296076
0.5944990677665815
1.1485949298148121
0.5874556296131006
1.1666613926324572
0.6019472259039544
1.1793177629356053
0.594632621069384
1.1723066989900985
0.6104008762971029
1.174328419477462
0.6038379558441846
1.1122868512900252
0.5994860816472839
1.1279062639466098
0.6223843956553784
1.161791980427479
0.608950587790435
1.134849839265158
0.6093811069144385
1.1687929046118202
0.6032888306133866
1.1292133850613588
0.5931674952344228
1.157586276890034
0.6086975409070255
1.166668948631434
0.583108057815894
1.1878712536425604
0.6123041952521581
1.1837554297503123
0.600863096142808
1.123219733810095
0.6025504117363003
1.1488541079058334
0.606641395603068
1.1354475311791146
0.5965200199136624
1.1268405685976046
0.619885598289022
1.168424533137102
0.6063034186975169
1.1333583733082515
0.5896755155788131
1.163500903193952
0.5983446577866081
1.163288058172855
0.5806617772234902
1.1806737762382291
0.6065121177011947
1.1917044268252737
0.5947513958210081
1.1494077706248096
0.6025978734733698
1.1699367435840402
0.603272775898217
1.1234509091099256
0.597475913589006
1.1241886827277128
0.6244935679846347
1.1709079193541152
0.6156004983306761
1.1436563077794624
0.5945234562156024
1.1754225012227946
0.5950048132572218
1.1468381762242992
0.5880381614776582
1.1655943385266154
0.6021893389970715
1.1787696446784497
0.5939054807798375
1.1732686077329697
0.6107519495870835
1.1743511845193852
0.6038020974792002
1.111973641979313
0.5996253372628093
1.1283097811800389
0.621213366415305
1.16088651800469
0.6079202028194208
1.134196884551061
0.610064696298803
1.1683903720551596
0.603585234132903
1.1286768675178278
0.5927707227838689
1.157603774667541
0.6083553259333814
1.1663149641943154
0.5824149964114196
1.1883626999973336
0.6121613234728214
1.184823167373036
0.6005767693445335
1.1244173447572183
0.6028869927383884
1.1498063654457786
0.6062729676234947
1.1340570292584384
0.5962695765627675
1.1266407903728208
0.6202245632805803
1.1689409727798996
0.6068136030029182
1.134130360608958
0.5895177799666678
1.1645048295916933
0.5976860976930178
1.1637265216228794
0.5810478057245776
1.180505908077786
0.6061825242744069
1.1913199753911357
0.5948428132182629
1.1508760086289154
0.6029107804885638
1.1710057536704515
0.6031915677650428
1.1227274278488104
0.5975183463230425
1.1245987802203488
0.6245898112737132
1.1711956024028587
0.615784576981506
1.143821397539281
0.5952263896051283
1.1748175621067645
0.5956137801391274
1.1452669524388999
0.5885639529792435
1.1644987736251722
0.6025799336050267
1.1783337651883274
0.5932454703455619
1.1741942485453862
0.6112728803754394
1.1745075052127185
0.6038638458440995
1.1117637224187955
0.5998347464910756
1.1288644281799574
0.6200918412698666
1.1599502965866055
0.6069709808502438
1.1336157387960228
0.6105586032133459
1.1680008814923348
0.6038022695515165
1.1282644803641912
0.5924507493212862
1.1574665040955319
0.6080148726037253
1.166173979881978
0.5817151898954659
1.1888120554810706
0.6121748792955192
1.1860563344080415
0.6003146079541662
1.125664478644178
0.6033228746494678
1.1509270646009615
0.6059750419417087
1.1327510944923884
0.5960965003156846
1.1264345334313834
0.6207177379284221
1.1694793525811387
0.6074506567977299
1.1350390392486296
0.5894972631598951
1.1651772099914388
0.5970492984812531
1.1642665089541002
0.5815236514725651
1.1804516674738306
0.6059162389562206
1.1904480826806605
0.5950364104091356
1.1524245711485486
0.603310527776659
1.1721949456154552
0.6031382339618004
1.1219451379800864
0.5976268796830545
1.1250989937687224
0.6247656615733386
1.1715527533202637
0.6160421649428709
1.1438171086900963
0.5960048858392998
1.174150328541861
0.5963153015326094
1.1438178055341925
0.5888163110639263
1.1635071730543443
0.603047106776135
1.1779569078938081
0.5925422650244451
1.1751859422454929
0.6117988415421093
1.1747744418405275
0.6039989282281312
1.1116777203793986
0.6000033722362546
1.1295163940848436
0.6190088377460082
1.1589331205174587
0.6061084195228337
1.1331009503194593
0.6111207569152836
1.1676963360706136
0.6041291715857218
1.1279804354651257
0.5921846623930611
1.1574507425819942
0.607687411376177
1.166186576755415
0.5811070789666111
1.189077183600679
0.611886472779079
1.1874108035303153
0.6001040723309731
1.1269998699123742
0.6031536307554503
1.1521574573496804
0.6055185125587454
1.1315530868763846
0.5960219942216124
1.1263099735373803
0.6212937540169331
1.1699414114533653
0.6081875675927707
1.1360413649887908
0.5894118347292664
1.1658657159968255
0.596463115530425
1.164811891564471
0.5820878870313868
1.1804304525466773
0.6057289750687342
1.1893434955444795
0.5953356295109269
1.1540479733183409
0.6037967469622371
1.1733816995463366
0.6030791664421782
1.1212070399761296
0.5977541155881835
1.1255192547183301
0.6250122464392924
1.1718476875944388
0.6160989614854483
1.1434624704858358
0.5968598853162029
1.1735520478924122
0.5971076829411563
1.1424903259668309
0.5891128835235125
1.1625316071923923
0.6035023927622691
1.1770939555505713
0.5917441797758752
1.1762381234874426
0.6122872012760636
1.1751531666354507
0.6042066673876498
1.1117118909638883
0.6001792578031981
1.1302695929621267
0.6179647436534305
1.1575732934510758
0.6052122149993914
1.1326518710227889
0.611753317732687
1.1674774328045538
0.6045639169800437
1.1278221697595547
0.5919741387074343
1.157478382338959
0.6072150952124501
1.166237533879616
0.5805917596279032
1.1893160795205764
0.6113361753680918
1.188886060167947
0.5998000364507594
1.1284244052936527
0.6027874741897451
1.1534555183331299
0.6048901991746766
1.1304497011364443
0.5960454380654927
1.1262668977672627
0.6219492413079407
1.1701927852760277
0.6086499131490518
1.1369323373791724
0.5894115252188648
1.1666808674733309
0.5959734502714455
1.1651048139784472
0.5824696095075181
1.1800657795383942
0.6052765202605745
1.1883411772165506
0.5956534699619555
1.1557436272572945
0.6043702479280005
1.1745197045105589
0.6030988019393263
1.1205039696123342
0.5971110958272451
1.1264035769067016
0.6268468578804137
1.1722275891105844
0.6166042245721928
1.1433248962780065
0.5993932467343638
1.1732385745113072
0.5976720293260789
1.141260523093897
0.588931770809166
1.1617983407505648
0.6051823141041633
1.1765888195149943
0.5913069906126345
1.1776302854333418
0.6144120163804696
1.1754627134646232
0.604493460348299
1.1119229891000755
0.6000932469056868
1.1315182107524808
0.6177422911357402
1.1563242511522096
0.6043449046821034
1.1326238192045264
0.6144715774516846
1.1675391198274279
0.6052727355179461
1.1278030103931111
0.591769945215328
1.1576726214397948
0.6069622936589445
1.166749058693223
0.5798142632576173
1.1894132661988763
0.6129986463272457
1.1902408313932287
0.5999394134150848
1.1304281995921408
0.6028200740511801
1.1549001017325922
0.6045413785727065
1.1295248245547116
0.5957742550853518
1.1267512859494835
0.6245317140656165
1.1708346970028554
0.6095741453239478
1.1380204425089204
0.5902870831430548
1.1677499177407467
0.5954627061390171
1.1645903151892607
0.5820592900040947
1.1797585556009658
0.6065441776338028
1.1874610904164273
0.5963636456284334
1.157913950449673
0.606161314430253
1.1757795512854958
0.6031741996743636
1.119647217245504
0.5972877931718316
1.1267066897556952
0.6265938320443015
1.1714449595383665
0.6165603158535392
1.1429638206080013
0.5997696923353597
1.1726407841771584
0.5980729013039586
1.139905195734181
0.5894776305141091
1.160856561993264
0.6052214591351663
1.1754164644740455
0.590722956119492
1.178459823156467
0.6136631246163478
1.1759144702450368
0.6046050775040368
1.1122147500489392
0.6005332937453365
1.1321510046616883
0.6162497073158859
1.1549247200563086
0.6033975201760567
1.1318672629615107
0.6141868643245102
1.1674270829634923
0.6053500966474502
1.1275661363714082
0.591687200837731
1.1576876363519535
0.6060864978814097
1.1663670336748377
0.5793989095979878
1.1882655629439023
0.6116949850432775
1.1917253354167452
0.599356304543816
1.131902262453128
0.602433887654192
1.1559328370680755
0.6039782464449963
1.1286786596302065
0.5959359697991548
1.1263467680997539
0.6242695777407151
1.1711348684958738
0.6102288984323702
1.138640411812116
0.5901990358901075
1.1688334822740143
0.5950138778045272
1.1633143464847904
0.5824156761595598
1.1791580008767
0.6051232357621845
1.1862659473801311
0.5967803072950509
1.1593937397867136
0.6060990696321086
1.1761914359817214
0.603240662573874
1.1190377163793699
0.5974755295191331
1.126738495683792
0.6263826298756056
1.170625796240872
0.6168577442984414
1.1423597374206464
0.6003343290384041
1.172220412559582
0.5987517183390855
1.138550825799219
0.590056344201355
1.1600793404260843
0.6055065723703854
1.1740285673538047
0.5897596977928617
1.1793619985112795
0.6128906246837044
1.1765378452207087
0.6040580930907018
1.112527643256048
0.6009047028971691
1.1331325265396366
0.6148313168262831
1.1533157877932634
0.6022126468264741
1.1315980209375274
0.6139768155780924
1.1673206774656615
0.6047404681694509
1.1276999226219275
0.5916389809006396
1.1574337422531524
0.6052213441674668
1.166017988703462
0.5789349722973002
1.1870764588561271
0.610487581967429
1.1931066159219552
0.5983488454341083
1.1333314031556676
0.6020870742503598
1.1569910170936015
0.6035284638181656
1.1277681511228872
0.595818310072227
1.1259250847783564
0.623844362956938
1.17142442706345
0.6105421777983058
1.139613939121318
0.5901280369191816
1.1698851115310893
0.5945513215195839
1.1620682999428282
0.5828061103108341
1.1783233524321055
0.6038241102018284
1.1852602057838184
0.5967627056371204
1.1608199092071085
0.606055422676257
1.1758212135895496
0.6032103190018019
1.117933137544066
0.5976619983975683
1.1266142450715535
0.6263358944616468
1.1697688930681538
0.6168589778024112
1.1421333165147372
0.6009125481424675
1.1717731589363067
0.599281712223709
1.1373599885652974
0.5906655651717738
1.1593484556042668
0.6058883002649093
1.172781188551013
0.5887414909406421
1.1803656239315088
0.6121907986019219
1.1770005300732072
0.6034315566266859
1.112976419728706
0.6010866040504854
1.1342161527011194
0.613514697690052
1.1515334014033975
0.6011566348631895
1.1313923438749423
0.6137922292004329
1.1671415489470665
0.6042540224242299
1.1279708158264539
0.5916504494974649
1.1574187712140138
0.6044707276005513
1.1652721201284408
0.5783566475746124
1.1860571307889987
0.6093291092531927
1.1936435683996272
0.5971933965004238
1.134853644732605
0.6018344220622039
1.1580373417508005
0.603257484701131
1.127064363735654
0.5956135509288284
1.1252257793777343
0.6233475826398794
1.1718614804682117
0.6103596945526163
1.1405697525046925
0.5900055156243194
1.1710048467278127
0.5941569928086656
1.1607559638847957
0.5831617627782469
1.1776716457298475
0.6026705758122513
1.1842538306853034
0.5962886974464395
1.1623478597837351
0.606078735610265
1.1755118370344173
0.603238331157083
1.117054732506345
0.5976905693439699
1.126674806426641
0.6268645753868411
1.1693115762525246
0.6167113956606994
1.1414091628263985
0.6019740636064222
1.1715343878106605
0.5998611787673328
1.136313287017047
0.5911359879240655
1.1589585132783142
0.6066613468808476
1.1718043413376833
0.5875677830928139
1.181541163421228
0.6121276944356487
1.1771844965991496
0.6028524278139077
1.1136744030318182
0.6010804215853429
1.1354153989333884
0.6125782875784516
1.1498896815110706
0.5999468153448559
1.1311408955639748
0.6142641660385516
1.1671557977853824
0.6038715846208106
1.1283675875345285
0.5917286359478151
1.157568940245289
0.6037601942951741
1.1647255654614714
0.578132658098908
1.1850966037945543
0.6089734866929062
1.193914934718738
0.5966471177621492
1.1365003160202456
0.6018239929589471
1.159052153491108
0.6030694234363458
1.126565664543051
0.5955902079402848
1.1247784199217417
0.6236563872748151
1.1719341580819256
0.6108212690778323
1.141162291994599
0.5902879749953366
1.1721299534493659
0.5938472373858962
1.1596402252712021
0.5835821304375418
1.177019920303334
0.6022268115451029
1.1831860060191755
0.5959836733756798
1.1635230234001523
0.6066899591354957
1.1753207104236933
0.6033728124651704
1.1162635317046126
0.5978436583776241
1.1267565051989437
0.62671980001539
1.1687890664433078
0.6161322154741515
1.1405487502273994
0.6031372059236393
1.1710363296713526
0.6006720063747346
1.1350979467913966
0.5916808936336344
1.1586690574439107
0.607464169293163
1.1709481804813937
0.5867966746046753
1.182757179385517
0.6121902743244901
1.1775338927625063
0.6024581215343348
1.1144553041561405
0.6011171885943557
1.1367984543126823
0.6116291881551381
1.1483014074939886
0.5991104316445625
1.1306761474396283
0.6149126866567233
1.1672135915759265
0.6038112760666726
1.128893776653739
0.5918626974468362
1.1578893308163642
0.6031535195695811
1.1643342764366311
0.5780189586682453
1.1842560637065653
0.6085451004927824
1.193889156587856
0.5962128605458181
1.138218324119452
0.6017481401904098
1.160176891144058
0.6029674488301778
1.1262056054124108
0.5956472401966801
1.12442004335589
0.623917758299086
1.1715961438053728
0.6113762003843476
1.1415469293173963
0.5906606430207159
1.1732698664384689
0.5936315849112404
1.1586363810391331
0.5840799958734428
1.1763475006914492
0.6018784501675395
1.182247977940983
0.5957192844738568
1.164673202652755
0.6073936245182908
1.1751966282680042
0.6035682637923592
1.1155871595576876
0.5979093382184304
1.1268255299776915
0.6264329878572754
1.1683359040989794
0.6153520918933267
1.1397653175503684
0.6040040570227555
1.1706053410204362
0.6012257659144418
1.133989224399417
0.5922619014699696
1.1585508067014658
0.6078676011740983
1.1702549300099685
0.5861063904115257
1.184037507696361
0.6123026095118159
1.178010504158422
0.6021206025878645
1.1153521518344973
0.6012338412305421
1.1382817719938072
0.6107509337987581
1.1466652535101134
0.5983801479819478
1.129865743970424
0.6156592533871957
1.1673511007212
0.6038746178528511
1.1295421315874643
0.5919909839236099
1.15835608074525
0.6025569007968782
1.1640894467315546
0.5780141691789247
1.1835389780730343
0.6081740782577116
1.193965188054407
0.5958819312230954
1.1397094585076848
0.6017330367465136
1.1614084146145751
0.6029443567540179
1.1259851216336216
0.5957826795415442
1.1241495484953337
0.6239965609542515
1.1713136145931695
0.6120236327595934
1.1419011160949297
0.5910041831157586
1.1741168783268083
0.5935099149699417
1.1575935317066668
0.5846516749063488
1.1752086454458934
0.601630965949923
1.1814422175507515
0.595517437584569
1.1658133453164197
0.6078018455624544
1.1749908162294815
0.6038228482152056
1.1150292090032843
0.5980484842002307
1.1269536132098008
0.626156269381624
1.167595644668374
0.6144401370688917
1.1390230984387208
0.6048458404429868
1.1702440538588181
0.6015582042057546
1.1330048446507424
0.5927918008388946
1.1585987048074846
0.6082022991938032
1.169693058612929
0.5854950044224004
1.1853801009093188
0.6124619775402361
1.1786135853427737
0.6018336563043387
1.1163658468030906
0.601429941558175
1.1398660482474072
0.6099423523680445
1.1448459526558985
0.5977563393668835
1.1291444946381644
0.6165015227297287
1.1675600999906974
0.6040483238958247
1.1303155648890861
0.591592259247248
1.1589661301694303
0.6020250288318564
1.163833082036869
0.5781112333010214
1.1829499620657091
0.6077432917739682
1.1938919528300322
0.5956625585951307
1.141099160362545
0.6017925107586518
1.1627467486521414
0.6027905493761672
1.1255907702036407
0.5959914329022641
1.1239679782577134
0.6241138097865818
1.1711055013668317
0.6124917871587873
1.1422587438179983
0.5913992197972111
1.17485661618668
0.5934837320173383
1.156237546902264
0.585278588291739
1.1738919796164062
0.6014818718395628
1.180769383902747
0.5953846075483425
1.1668673256866915
0.608204491737633
1.1747892769287194
0.6041354582729103
1.1144943647679717
0.5982574110644416
1.1271487009231334
0.6259309484957843
1.166737676995761
0.6133843589402806
1.1382629365525794
0.6057545669682924
1.1699553339847255
0.6019890273484464
1.1321520752762162
0.5931959349057452
1.1585689185321337
0.6085754738645085
1.1691773447442877
0.5849623947226724
1.1860075103877576
0.6125330191907581
1.1793451987470527
0.6016073901174294
1.117512425749019
0.6016906908880914
1.1414427299737042
0.6092009143096808
1.143057454547504
0.5972340033823367
1.1285096140984194
0.6174205462870654
1.1677935359638296
0.6041819759696919
1.1308205334154784
0.591130976765688
1.1597226616620757
0.6015949421894086
1.1635106608856358
0.5783159853119263
1.1824339748867647
0.6073579905863495
1.1936199175043885
0.5953837952780117
1.1425895605865386
0.6019320549045474
1.1641935829209578
0.6027103070680727
1.1252318290876693
0.5960903742461267
1.1238753972878024
0.6241620577390505
1.170970640671461
0.6128255090553625
1.1426939303638033
0.5918686278161683
1.17551024632084
0.5935542638582478
1.1545953554078519
0.5857272943331231
1.172159033850557
0.601433407845927
1.1802299377236583
0.5953126853924124
1.1679993003591405
0.608679054495125
1.1745019174897557
0.6040913791548989
1.113886623739139
0.5985427691396249
1.127410243771814
0.6255027810810058
1.1656218710758577
0.6121915107034563
1.1373279441705155
0.6065366420820284
1.1697364967029995
0.6023947605642171
1.1314355475847664
0.5934828362078456
1.1583569158992133
0.608738002149262
1.1686697403636181
0.5845083222752508
1.1865856534220476
0.6125257500262122
1.180204602077851
0.6014369967905889
1.118773758750447
0.6018493849931582
1.14306801756226
0.6080582584917588
1.1408880810741626
0.5980821550691632
1.1280789415748893
0.618729871667643
1.1678134567445448
0.6057515220699714
1.130984768932518
0.5906819863967092
1.1603114044516236
0.6008346268489395
1.1636796750430922
0.579507158182246
1.1813640039006812
0.6075010722083619
1.1934754409506851
0.5966641526572881
1.1435559901344385
0.6024838086458421
1.1654930670024908
0.6024156452884305
1.1245568593565731
0.5968138834191739
1.1241458191599192
0.6244232420362985
1.1702956694437703
0.6150355214079636
1.143188758724776
0.5928344790888734
1.1755067137668713
0.5936935240971705
1.1529894753305163
0.5864564868270827
1.1700282071525347
0.6014900902689374
1.1799429373741768
0.5970599066528168
1.1686918724201318
0.6098485708775927
1.1747041549055959
0.6042344842654394
1.1129135132356827
0.599058203918161
1.1279848599020592
0.6245239355746025
1.1641700914400706
0.6127586168236601
1.136580336850852
0.6079854783453166
1.1691462213509514
0.6032781632519673
1.130816651423031
0.5934736438088631
1.1575580231642442
0.6083850695808644
1.1683279967170805
0.5854730635664736
1.186350846500681
0.613017742240088
1.1814301970781034
0.6024090216207475
1.1197110260223577
0.6020983752090547
1.1449576079081634
0.6076340291292356
1.1389256353309556
0.5971087968685143
1.1276155105995005
0.619645789888163
1.1677744359707447
0.605586767454945
1.1315797940737746
0.5904131421883384
1.1611070711253955
0.6005468857411063
1.16340710515853
0.5794878298504497
1.1810786823752406
0.6070277449733237
1.193175064053454
0.5956887733506039
1.1449968238892176
0.602491567942964
1.1667684591905594
0.6025781672276822
1.1242681915173096
0.5967407479648789
1.124091661352049
0.6243093570936501
1.1705267421072802
0.6147401412274324
1.1433733589780815
0.5931684598421534
1.1761012933437611
0.5939455149217274
1.151429369316882
0.5867341563139411
1.1686256650151248
0.601555045003698
1.1796186368107964
0.596109984475687
1.1701190595976199
0.6099627037131419
1.1742787800053003
0.6039107565712549
1.1125266444843451
0.5993806233546083
1.1279509151010343
0.6237820696340708
1.1632076052065612
0.610762606062523
1.1357333057140941
0.6084195169307662
1.169156016384649
0.603088752382344
1.1301859809928014
0.5933712074691673
1.1575340020365683
0.6085613351062258
1.1678666031084939
0.584338300953968
1.186816208264629
0.6125248532449354
1.1822763759496797
0.6018680153767525
1.1209236694983225
0.6022554208223663
1.1466531230091264
0.607268830178699
1.1373169640132246
0.5963900104701135
1.1271547973607
0.6196275183529841
1.1681918495203762
0.6054785751354778
1.1321430786293585
0.5899878723955496
1.1622385113171383
0.5998263673292483
1.1633863982806798
0.5796207964214432
1.1807834250944047
0.6066485926005982
1.1924954616205585
0.5948841242349376
1.1464364331274948
0.6024248630447706
1.1680349586565886
0.6028099961264252
1.124047112899864
0.5967796016509348
1.1241350543034507
0.6242856836461821
1.1708329788191254
0.6145940950835098
1.1433851507397952
0.5935726117727746
1.1763971110937699
0.5942936109405201
1.1496324065962713
0.5870921871031967
1.1673731449033269
0.6016843638768784
1.1794352692010084
0.5948644008259526
1.171220300970994
0.6100629195007847
1.1739181798131075
0.6036654983418492
1.1121080312637464
0.5995064435590448
1.1280590274139923
0.622733822907265
1.1622477597874068
0.6089202188004721
1.1349896796429664
0.6089250404631212
1.1689134615340255
0.6030360728453703
1.1295094028126744
0.5932961617647633
1.1576639787069616
0.6088138012124563
1.1672999313653831
0.5831713497314286
1.1873087447848985
0.6121059118191022
1.1830836150264572
0.6010694072503306
1.1221549988831914
0.6024782823492691
1.1481247626538118
0.6068082404633273
1.1357800543535392
0.5962982087284561
1.1268626251967255
0.6198503447112154
1.1686240471346732
0.6059631940820414
1.1327438190114383
0.5896737851705627
1.1634092630585575
0.5989824503451848
1.1636558540077213
0.5800937747258542
1.1804838502426749
0.6064928082295236
1.191979651878781
0.5948819009111102
1.147831810560919
0.6025806905507659
1.1689290636933436
0.6030198622462843
1.1233779780181656
0.5971377512939585
1.1244047842269185
0.6244394182095352
1.1709968583124821
0.6151831246550017
1.1434536469445749
0.5941819704645687
1.1759911291955203
0.5947544226864959
1.1478114331421994
0.5876456397959486
1.1661525118383558
0.6019298206234076
1.1789293500794904
0.5940832431938043
1.172238250027205
0.6104760393913663
1.1739316131746673
0.6036462576081996
1.1116877503587983
0.5996098457726131
1.1284142967498851
0.6215590141664495
1.161246036343151
0.6078615563193585
1.1343084263443126
0.6097708497055896
1.168603235414451
0.6034105871639868
1.128928801035657
0.5929344784882304
1.1577837852255601
0.6084525630949856
1.1669133776629494
0.582414994596161
1.187708591517488
0.6120204467220313
1.1841502040569063
0.6007822554108797
1.1232788811595826
0.602810400690747
1.1492075383155829
0.6064188334065292
1.1342851007307189
0.5960290176499811
1.1266761091228144
0.6202517808282964
1.1690263491081971
0.6064545407817941
1.1334888104306036
0.5895277729079718
1.1644254866394108
0.5982513148882511
1.163974912818486
0.5804587298813375
1.1802555754951631
0.6062279300712989
1.191544155600388
0.5949435739092523
1.1492994360863833
0.602827858869846
1.1699450960254834
0.6029332707380667
1.1225917608125577
0.5972845757542287
1.124766278263473
0.6244961125349952
1.171231448664345
0.6153463072665711
1.143579958494333
0.5948463077742537
1.175475764222947
0.5953105500367871
1.146117897098451
0.5882465368329858
1.1650427739784512
0.602279451161543
1.178447095724409
0.5933699561023278
1.1731677434857264
0.6109534504917642
1.1740552339093233
0.6037001060320636
1.1113947559583697
0.5997817556938936
1.1288750917132782
0.6204193988557578
1.1602094846638302
0.606889549692501
1.1336712290207234
0.6104111512726528
1.1681518804290754
0.6035855012055381
1.1284054685290241
0.5925806691328196
1.157704854517104
0.6080792475590278
1.1666795407755959
0.5817263876983496
1.1881764269201947
0.6119858288249296
1.1853416002997181
0.6005224849436156
1.1244812738344405
0.603202336998707
1.150255070986085
0.606102566864421
1.1329065883112348
0.5958257858115031
1.1264397416061271
0.6207342699624387
1.1695043202113036
0.6070486238617833
1.134336923392489
0.5894801445599738
1.1652182203600405
0.5976247193304435
1.1644331523785396
0.5809131044080731
1.1801567483032809
0.6059193730978248
1.1910663276521036
0.59507088533799
1.1508441037836399
0.6031631482947941
1.171082354139663
0.6028992687324982
1.1218736374208458
0.5973754983860335
1.1252194791883523
0.6246339815995978
1.1715385084135252
0.6155825692604106
1.1436957027467056
0.5955885493747108
1.1747357371859635
0.5959613146939996
1.1445514389518874
0.5885616833714812
1.1639603443220392
0.6027329763979459
1.178107526893757
0.5927281810850092
1.17415840462106
0.6114950755151702
1.1742880221896477
0.6038236378622042
1.1112294179597861
0.5999299731688432
1.1294434604983927
0.6193178556541831
1.1591335796733626
0.6060050315215852
1.1331051960191334
0.6109266773472215
1.1677862485757877
0.6038617002202692
1.1280141485596318
0.5922829489143223
1.157593917347286
0.6077118281914569
1.1666007460653351
0.5810737741159661
1.1884593466336701
0.6119572827249196
1.1866569375346046
0.6002728093339422
1.1257635365980259
0.603447356393141
1.1514158235873118
0.6057535765817516
1.1316459648030288
0.5957223799283432
1.126279437882661
0.6212579484046717
1.1700040271243577
0.6077440999641135
1.1352739925537159
0.5894548713880896
1.1658249163398648
0.5969756179611769
1.1650007923203354
0.5814569152213686
1.1801272036339359
0.6056877678221103
1.189922944931085
0.5953030087127453
1.152454418866198
0.60358786606616
1.1723396702718365
0.602832006721284
1.1211253475795864
0.5975333741974304
1.125723298858083
0.624859906114227
1.1719205212938244
0.6156860281251374
1.1435419403905338
0.5964070401348287
1.174068326011309
0.5967058698621158
1.1431089687004212
0.5888458106239978
1.162928299386922
0.6032469797252795
1.1775469260955072
0.5919059015520682
1.1752045490687786
0.6119932877845622
1.1746309413222609
0.6040187945969786
1.1111916802460606
0.600066628591369
1.1301197044547768
0.6182520465325921
1.1579539629121065
0.6052074437646979
1.132611198954342
0.6115122275666632
1.1675077080174425
0.604248864777392
1.1277546495152868
0.5920419055081851
1.1576430716084363
0.607414761809284
1.166676458221645
0.5803801717087147
1.188776727944134
0.6113705607497273
1.1880937835852623
0.6000216903776725
1.1271392417369122
0.6030235683625302
1.1526262576232902
0.6052019579286444
1.1305008588750771
0.5957180808457269
1.1262037249647165
0.621841323210493
1.170210577384164
0.6082848102190166
1.136117813610058
0.5894061723973877
1.1665608223986166
0.5964261260074516
1.1652950011484293
0.5820883413392753
1.179936681065729
0.6053901097433959
1.1888808817997008
0.5956009054883444
1.1541419243351692
0.6041034195100367
1.1735213891002143
0.6028372727520586
1.1203470685194543
0.5975495238723545
1.126093305302486
0.6251683386320517
1.1717928653276375
0.6157280679271577
1.1431838706071484
0.5973018161936923
1.1734713482411734
0.5974524302029015
1.1417259436555038
0.5891746368844807
1.1619311414644904
0.6037967872994253
1.176618321823888
0.5911221948034847
1.176313593293534
0.612288848626582
1.1750830472180853
0.6042829018192334
1.1112809632331913
0.6002846411911249
1.1308986421259304
0.6172202689733315
1.1564584620769718
0.6042566693972858
1.132189486895673
0.612168750181986
1.1673138657417064
0.6047455037724331
1.1275674751359712
0.591858414664103
1.157794228805942
0.606679605796045
1.1665139196130363
0.5796886497343725
1.1887966622946304
0.6108322823578812
1.189648615805045
0.5997293863299834
1.1286065161750012
0.6026840525702635
1.1537670339413404
0.6046222486496751
1.1294003831144757
0.5958115834032892
1.1262057807442667
0.6223575116122522
1.170488422357488
0.6086807526408824
1.13704106147721
0.5894450420819435
1.167422435480595
0.5959052125811545
1.1648994317111934
0.5822059084055927
1.179435077315728
0.6047978596759039
1.1878239786740197
0.595810550896114
1.1559004847113095
0.6047088914183837
1.1747187558908814
0.6029195351596865
1.1196280257038196
0.5970820294249042
1.1269140203867218
0.626681789889984
1.1720199023524298
0.6161857930029778
1.1429971243499017
0.5995027058973321
1.1731068086625631
0.5978427243404963
1.140449990201665
0.5891389035340324
1.1611742265018075
0.6051884200642736
1.1760537703622373
0.5907865312871079
1.1775322249908131
0.6137464835199314
1.1753911794794225
0.6045254048448158
1.1115496056397454
0.6003187009420367
1.13198569113705
0.6167742073465484
1.1552420292197576
0.6035180818844121
1.1318963536996678
0.6144087761048722
1.1673728350231358
0.605433623410524
1.1274215196562356
0.5917045259057555
1.158039026019461
0.606324161481853
1.166869518543312
0.5790792049408953
1.1882332354872696
0.6120148635891602
1.191045984156446
0.5997489651701308
1.1305626784375407
0.6026634880282481
1.1550921581577998
0.6042759938298076
1.128578565857451
0.5956077576470491
1.1264150432945301
0.6244399533508406
1.1710976311038108
0.6097570433964867
1.1379487562661845
0.5902174005169547
1.1685545682517922
0.5953323354518835
1.1640554784033912
0.5819862293795616
1.179068263254075
0.6055453148697175
1.18667476253362
0.5966445625489238
1.1580121270128196
0.6060955743783618
1.175606939327404
0.6029987466655371
1.11892678915638
0.5973074378376954
1.1271151053040371
0.626459719274128
1.171104245505527
0.6163771003603036
1.1424599770715347
0.6000005041610219
1.1725743966377589
0.5984149131197407
1.1390846777754267
0.5897102981274823
1.1603531795453685
0.6054184193184973
1.1747898344970977
0.5898206810310725
1.1785065193762594
0.6129470542088562
1.1760393748294222
0.6041666478592632
1.1118000412878906
0.6007902978367099
1.1329067937846076
0.6153554902095767
1.1537329945910753
0.6022963167983234
1.1316104710346695
0.6141410794609156
1.1672080715218247
0.6048275084854482
1.127485618794071
0.5916258930437787
1.1577599011506592
0.6055287261955808
1.166526422415249
0.578582756001683
1.1871109782937235
0.6107562612700389
1.1926973097657545
0.5986854163848828
1.1320523333344168
0.6022677766425327
1.156115192614169
0.6037866601845677
1.127624906491804
0.5955977980735784
1.1264241576004457
0.6240442616263991
1.171341983748166
0.6100252299741692
1.1389062222823245
0.590107717601872
1.1695654879177488
0.5947360458526221
1.1628773612363947
0.5823603066614862
1.1782586850842922
0.6041900296714956
1.1856828336953127
0.5966292825825966
1.159603823344588
0.6059935827688655
1.1756102876149503
0.6029582697691543
1.117947185526368
0.59749309599996
1.127117968740561
0.6263872949793485
1.1702028447891542
0.6163493170480883
1.1420767201995536
0.6005355809190249
1.1720567460119842
0.5988903417392274
1.1379474377741587
0.5903174843122622
1.1595298097349414
0.6057874622249941
1.173581160287921
0.5888218626077579
1.1794354494529633
0.6122045058148179
1.1765024706793994
0.6035550105107895
1.1121632817269382
0.6010078320547575
1.1339121211344967
0.614012164547062
1.151927546123426
0.6011995798198898
1.1313689741479456
0.6139950117266362
1.167105649841927
0.604289293999566
1.1276634926712117
0.5916086341762967
1.1575830497290935
0.6046614034554926
1.1659273964043448
0.5782042159821914
1.1859523404226913
0.6096182586363096
1.1934322461170015
0.5977411378755974
1.1335293002095894
0.6019640373053194
1.1572347164004042
0.6034065848341053
1.126793578175951
0.5955574952899765
1.125825642756679
0.6234883254170903
1.171683561149156
0.6102269202582647
1.1399003183042486
0.5899730585941299
1.1706987934227917
0.5942452166654763
1.161448782449154
0.582825491573877
1.177558177610727
0.6029651633438807
1.184659663239507
0.596649451946692
1.1611388053354932
0.6059573158345211
1.1752535201162648
0.6029802879111377
1.1169773721398724
0.5975683860879119
1.1271939787961285
0.6268572919364593
1.1696765293113933
0.6165518237652295
1.1415460301968685
0.601648716989119
1.1717474762597682
0.599486106794035
1.1368313028472097
0.5908059872806851
1.1590556355613622
0.6064577456164856
1.172506774605634
0.5879513804742197
1.1806336878710242
0.6121521659975646
1.1768499314970737
0.6030878824950872
1.1127798293930211
0.6010865340366897
1.1350988329423461
0.6129733074245408
1.1502413413556234
0.6002910366789729
1.1312401456969938
0.6144466925831831
1.1670602965615717
0.6040552894859883
1.1279603230710833
0.5916440924601177
1.1576909235583406
0.6040169090524161
1.1652901528800725
0.577954833769657
1.1850015985388818
0.6092443411612183
1.1938457529017035
0.597139554346566
1.1351724280282534
0.6018775273503373
1.1582680107255972
0.6031847933580632
1.1262567949156455
0.5955041903980265
1.1253650068021461
0.6237414004312732
1.1720012060697342
0.6106726164734331
1.1408365930177
0.5902311279443975
1.1717797346293681
0.5938867698770478
1.1602433701532346
0.5832160470451273
1.1770774529917438
0.6024724579755547
1.18359138245939
0.5964478096867738
1.1623945291298712
0.606530414176396
1.1750224941790894
0.6031124554264917
1.116118959638384
0.5977154073348216
1.1273336745099716
0.6269299831678863
1.1691344534974153
0.6163713221226451
1.1406563733000668
0.6028010593710692
1.1713262001584166
0.6002584623952115
1.1356791083549695
0.5913345685318437
1.1586876312358154
0.6072092683269845
1.1715859029632587
0.5871581642122266
1.1818426455205813
0.6122023006160581
1.1771611213802617
0.6026842089679972
1.1134931607986323
0.6010760000443323
1.1364114396485907
0.612004622030394
1.148617574084457
0.5994273024194897
1.1309206013593704
0.6150468512217732
1.1670702355063978
0.6039534302659781
1.1284094866134369
0.5917600802943083
1.1579246078866425
0.603435958431916
1.164828289038505
0.5778044090299713
1.1841328791776946
0.608821886910411
1.1938719554387494
0.5966531249911446
1.1368206782544001
0.6018705034137464
1.159346090487111
0.6030517730935817
1.1258313508086106
0.5955306864475503
1.124978757621268
0.6239593600436006
1.171795953662498
0.6112109699092415
1.1413419583949675
0.5905750965745958
1.1729385682733415
0.5936234670584356
1.1591560784257113
0.583683893419719
1.1764080412005358
0.6020761455062688
1.1826163998834838
0.5961424379477154
1.163527709974816
0.60719318091978
1.1748829270671655
0.6033045299024385
1.115381228829963
0.5978052087096531
1.1274169998936294
0.6266708627170555
1.1686442585348003
0.6157101147106404
1.139845746162558
0.6038320656634483
1.1708414487466148
0.6010610173488999
1.1344797778825482
0.59190036628322
1.1584894959441394
0.6078206776566429
1.1708262434473562
0.5864402242249461
1.1831151340492145
0.6122992594602829
1.1775990872428808
0.6023312550561274
1.1143317121385472
0.6011504726783522
1.1378292349834895
0.6110999452419761
1.1470412582966634
0.5986654300678819
1.1301827830699456
0.6157446477802713
1.1671626584163
0.6039740295441026
1.1289900859573792
0.5918998347500867
1.1583079711118645
0.6028541907582797
1.1645112695457795
0.5777614217549313
1.1833850967435617
0.6084201967240673
1.1939182798612646
0.5962760660137032
1.138435122294879
0.6018125985394953
1.1605344510571345
0.6028499803007259
1.1255463524573317
0.5956346040306364
1.1246794081730462
0.6240911000262735
1.1714787583426864
0.611835393136044
1.1416220589086985
0.5909391936947779
1.1738999170421567
0.5934576752384287
1.1581877986043712
0.5842259445283372
1.1755674268535727
0.6017779857964264
1.1817691062372901
0.5959011924105305
1.1647540259897853
0.6077677814871076
1.1747547748284577
0.6035554615643687
1.114766872493262
0.5979092853539324
1.1274690046027775
0.6263563274319389
1.1681362197706266
0.614942181179004
1.139115861974067
0.6046738636468129
1.1704294540594036
0.6013875034008402
1.1334106719137365
0.5924911726946377
1.1584601647440553
0.6081034299934842
1.1702260043384336
0.5857999804598405
1.18445183630604
0.6124428508838039
1.1781641996342098
0.6020334951065152
1.1152936266633802
0.6013058252634297
1.1393541086737102
0.6102650247140525
1.145282672205004
0.5980058967269388
1.1294441146383802
0.6165374723156191
1.1673387981674603
0.6041155965283322
1.1297020940535716
0.5918132006378363
1.1588372137196008
0.6022803536507402
1.1643404393044179
0.5778237489639727
1.182761093263085
0.6080204414355818
1.1939656106148122
0.596010261079364
1.1398255303988363
0.6018319544127387
1.1618339084639182
0.6026685019453748
1.125305354304372
0.5958137979863265
1.1244674355639406
0.624173333671243
1.1712344734513365
0.6125099005487947
1.1419544146288483
0.5913013836055058
1.1745906627580682
0.5933887016338962
1.1569238463473457
0.584839509737253
1.174340641975383
0.6015796962756573
1.1810517841583987
0.595727187533519
1.1658214239514055
0.6081384315019268
1.174521150164089
0.6038637446281274
1.1142033543974972
0.5980860108046313
1.1275546401813528
0.6260940721018554
1.1671183266277694
0.613870246142971
1.1383489282950965
0.6055547138267741
1.1700895040877153
0.6017818256256763
1.132471273432507
0.5929238194775485
1.1585987792598504
0.6084671417169495
1.169662368040209
0.5852378858839602
1.185287379832681
0.612592444228337
1.1788557096529844
0.6017942121699279
1.1163775426966145
0.6015442592405501
1.1408690283454799
0.6094985584361783
1.1435169774408223
0.5974492934942666
1.1287938094010015
0.6174262453670708
1.1675956722359355
0.6042766738276555
1.1304595860103952
0.5913185166199816
1.1595113298267181
0.6018092691381566
1.163961113925789
0.5779904242297862
1.1822624965269375
0.6076031471049346
1.1937813464113978
0.5958515693836752
1.1412927329697664
0.6019315578511327
1.1632400817697286
0.6025603453521853
1.1248757637422893
0.5959611102333493
1.1243435414067287
0.6242683305236655
1.17106635896532
0.612813250801807
1.142360558482356
0.5917407156376693
1.1753499460890129
0.5934169100092687
1.1554322433142046
0.585447104732405
1.1728205456600305
0.6014815840138771
1.1804663181560668
0.5956174850033082
1.1669450966470245
0.6085817946939259
1.1743816189008127
0.604073531385197
1.1136405439988808
0.598336649886244
1.1277454302258518
0.6258827798794319
1.1660151946302997
0.6127656094816005
1.137499708054866
0.606454828330326
1.1698212453767014
0.6022220534624081
1.131663583617297
0.593350327724613
1.1583420373811482
0.6085974749732701
1.1692323795670045
0.5847535353162873
1.1858722895302816
0.6126677476207111
1.1796723097842983
0.6016107423530099
1.1175783184375612
0.6017732462639179
1.142390483716684
0.6084157929109165
1.1414209371570707
0.5980359467247439
1.1282843285360509
0.6186508914081427
1.167697621441775
0.6055799046697519
1.1305645211624713
0.5908894761495498
1.1600512641159983
0.6010868555299943
1.1638370363188026
0.5790434503023184
1.1815287403933497
0.6074644702799171
1.1935240084039282
0.5967524209420612
1.1425625032335573
0.6022141705176356
1.1645320539593287
0.6022913674762491
1.124305338119649
0.5966062986693744
1.1244224108865633
0.6243366398536385
1.1705910882097765
0.6146489610486168
1.1427275711287077
0.5923945427895041
1.1755236383731746
0.5935109169356112
1.153574197555117
0.5861575959238147
1.1708107647120443
0.6013999475418912
1.1800152394985632
0.5970035597128887
1.1678556376950102
0.6093848494263377
1.1742024427687108
0.6041642474057096
1.1127487137286698
0.5987907470418763
1.1280597525751748
0.624895685300555
1.1646747446895043
0.6130258922037013
1.136606596983297
0.6075081595520886
1.1693589030444713
0.6031204610941562
1.1308161227618576
0.5933457900236838
1.1577823844583484
0.6083745731808972
1.1686906885562691
0.585542815682978
1.1860706511181627
0.6128792236235363
1.1807369515674668
0.6023327280151838
1.118626976151972
0.601884894452764
1.1440818708379767
0.607962894424568
1.1395172601684866
0.5970954963008819
1.1277047861176501
0.6194704992871604
1.167888870933398
0.6052998681258632
1.1309793578758476
0.5904069356866228
1.1609807771347775
0.6009807067070936
1.1637871206469637
0.5789057168205002
1.1809426385400696
0.60721719960774
1.1933325486182984
0.5957880990076958
1.1438344470461899
0.6025349289741267
1.1658483434278544
0.6024333573587128
1.1239528806776742
0.5964310425308004
1.1244014054443312
0.6243992443478847
1.1706023414157825
0.6143713291715551
1.1432556481182652
0.5930105952440549
1.1759878059256483
0.5937415642389356
1.1521161720256792
0.5863663643951202
1.1691430488946188
0.6015917421420736
1.1797919397789254
0.5960400296367425
1.169127139377953
0.6099576962816371
1.1741479175671832
0.6038775142318406
1.1122508966418128
0.5990964353082259
1.1281153483268258
0.6242444027702098
1.1636017389671043
0.6110832233736007
1.1358211522463406
0.6082782824279134
1.1690786768331451
0.6029488037654226
1.1304157968366777
0.5932898900723245
1.1575115180365694
0.6085488254772448
1.1683223744763243
0.5843257499272583
1.1863184646666884
0.6126982333040418
1.1817384902901362
0.601848151335017
1.1197683399714085
0.6021436204394366
1.1459205925310136
0.607581450419846
1.1377329636787474
0.5962664787207261
1.1273196013096236
0.6197522610976747
1.1680967878972657
0.6052266465952081
1.131624638223373
0.5901483912741323
1.1618806476721961
0.6003813379080262
1.1636334871579237
0.5790035151970474
1.180643852293912
0.606801815786073
1.1928455127697537
0.5949236483836171
1.1452699719627795
0.6024629588777667
1.167212100741585
0.6026386629162866
1.1236853778482545
0.5964441986085528
1.1244303225842738
0.6243336071805181
1.1708894751208694
0.6141919892669766
1.1432685151948976
0.5933830553785652
1.1764155897089683
0.5940490075016961
1.1504785897655747
0.5867034631973693
1.1678247022286508
0.6016720314996983
1.1795605156243723
0.594990338496808
1.1703324012471834
0.6100230174727087
1.173753806630438
0.6036125991640788
1.111764644267661
0.5993438824769194
1.1281698700571399
0.623274921974646
1.1626066219618638
0.6092135547924147
1.1350641154773995
0.6087477690382896
1.168798525131049
0.6028473631695123
1.1296763803505918
0.5932241810121217
1.1575642358029452
0.608762579784741
1.167821868002425
0.5833049732879192
1.1867855684971231
0.6122515606215253
1.1825287646859566
0.6011979072442835
1.1209632311811653
0.6023368555699294
1.147509195954817
0.6070927239656063
1.1361410531346365
0.5961392394224958
1.1270118634122719
0.6199235359278874
1.168492758252293
0.605744438861799
1.1321835707322667
0.5897925441903223
1.1629744493026073
0.5994867289177749
1.1637405845690687
0.5796006129446233
1.1803856677468136
0.606575484451231
1.1922215953273878
0.5948406317574859
1.1467117338655715
0.6024927552303087
1.168211694714769
0.6028169058230557
1.1232885275980806
0.5967973161101016
1.1246401604463117
0.624391019810559
1.1710730451100302
0.6148277666768321
1.143299673784353
0.5939162014501789
1.1762655385886303
0.5944581056509453
1.1485111960573302
0.5872497413162426
1.1665922737227647
0.6018290392709735
1.179199297606046
0.5942729203444743
1.1714160280189059
0.6102983978047332
1.1736877852120151
0.6035535811546917
1.1113106025144104
0.5994542622627661
1.128434078756063
0.6220649404102736
1.16160938859093
0.6081346446339633
1.1344172242063852
0.6094528387358468
1.1685838150077175
0.6031500746908184
1.1289917700931675
0.5930195332970861
1.1576817244674595
0.6085972665356728
1.1672942937785047
0.5825563414210668
1.1872559475969342
0.612043107979865
1.1835144808580116
0.6008589527463859
1.1221732947647638
0.6025967548397171
1.148770250191778
0.6066765351522005
1.1346188691209484
0.5959595135228535
1.1267920475253308
0.6201851216245288
1.1689175352528596
0.606185515866168
1.132848490006616
0.589538187382914
1.1641386211974483
0.5987044350613643
1.1640378765309707
0.5799560194114548
1.1802047553023898
0.6063829940429496
1.1917552851341653
0.5948897546305554
1.1481721557423525
0.6026966623444077
1.1691811137515864
0.6028423859834043
1.1224749848893725
0.5971024728576958
1.1249621135736503
0.6245060314723473
1.171273562137792
0.6151475224803388
1.1434046618569145
0.5945474724368702
1.1758132597998023
0.5949703590586286
1.1467340946015345
0.5878311924676437
1.1654571305965435
0.6021301008907727
1.178685915761764
0.5935345653589289
1.1724073007373408
0.6107475737751824
1.1737706517694086
0.603581895410658
1.1109529974008436
0.5995953539445645
1.1288419060750825
0.6209106990135831
1.160589131912237
0.60713598095848
1.133766267296405
0.6102776233184833
1.1681853296085853
0.6034169282159878
1.1284107477474414
0.5926430753523053
1.1577385072890274
0.6082422158256271
1.1669826290236263
0.5818601956741116
1.1877114719253365
0.6119882079116978
1.1846611325045218
0.6006051314197384
1.123428443104132
0.6029630226620766
1.1497626798129057
0.6063344134526307
1.133180192607818
0.5957190411516495
1.1265892705386722
0.62062068979867
1.1693635054057703
0.6067354797197408
1.1336508540271553
0.5894484580465336
1.1650659124460239
0.598035391185014
1.164424040611337
0.5803797146395565
1.180088195907893
0.6060729500462176
1.1913758952639284
0.5949666225196718
1.1497038302743796
0.6029910388172155
1.1702674160734707
0.6027896456403874
1.1217326654187993
0.5971695301195001
1.1253743297608605
0.6246078671171793
1.1715460489064131
0.6153577555031023
1.1435120756874242
0.5952563107105041
1.1750926370892623
0.5955779900892942
1.1450847950619873
0.5883147607784671
1.164325567130532
0.6025348919248393
1.1782866160661092
0.5928624251302493
1.173386989553036
0.6112606794358248
1.1739620456613793
0.6036811941990499
1.1107236602646022
0.5997857909778487
1.1293561164888268
0.6197882713851725
1.1594786457798336
0.6062228444565374
1.133186300813366
0.610757155108933
1.1677864152329984
0.6036463130963152
1.127944094237673
0.5923220914139395
1.157604566983693
0.6078371169713661
1.1668241907219128
0.5811827873383014
1.1881143050880705
0.6119586697060003
1.1859294788547148
0.6003327580867238
1.1247025067583807
0.603380379253043
1.150867387677795
0.6060634689741664
1.131857960210727
0.5955775193162348
1.1264066663316816
0.6211349864867713
1.169889344249422
0.6073869710950802
1.1345540475879516
0.5894578136701062
1.1656209299655345
0.5973905467182481
1.1649456584211602
0.5808927767076347
1.1800078881115612
0.6058067561708995
1.1904357063191984
0.5951473077122748
1.1513040866513662
0.6033761798005921
1.171473347427337
0.6027420583320623
1.1209810786275287
0.5973025550540346
1.1258766869287775
0.6247909462677554
1.1718932003547247
0.6155576299705243
1.143514292314742
0.5960422346099201
1.1743797476444344
0.5962801449926934
1.143564048371339
0.5885814848217945
1.163305067666278
0.6030436579521075
1.1779092129416613
0.5921367786257987
1.174422564103382
0.611800647832496
1.1742628769951844
0.6038496346625457
1.1106237400082621
0.5998888592773989
1.1299777422276494
0.6187021913424854
1.1584346359853184
0.6053955102703823
1.1326782675142397
0.611307638830356
1.1674750417697448
0.6039856203314293
1.1276118224876055
0.5920575421037211
1.15756931698503
0.6075102350350657
1.1668202773396525
0.580347418974118
1.1884197208994856
0.611622584553348
1.187318962909801
0.6001230587808432
1.1260484620591236
0.6031576516969112
1.1519982164846974
0.6056002138527179
1.1306542287195558
0.5955343422721101
1.1263078996215552
0.6216724605972525
1.1701850806879812
0.6079980906237475
1.1354202423116746
0.5893869347035502
1.166280682172606
0.5967435529852935
1.1651826017647957
0.5814935026056912
1.1799904685992666
0.6056179984896132
1.1893448369902149
0.5954067052617079
1.1529814719280762
0.6038514942802794
1.1727451683328092
0.6027220460511806
1.1202479938910683
0.5974372369679948
1.1262689352788686
0.6250583843580021
1.1720961448848157
0.6155764952402091
1.1432626003234885
0.5969046411956077
1.1737395693611918
0.5970758149432119
1.1421738551824947
0.5888921359247157
1.162230071245924
0.6035749091611075
1.1770715452749652
0.5913262318894844
1.1755205857493942
0.6122753419260273
1.1746742488130286
0.604086839874447
1.1106523636563872
0.6000723614520616
1.1307030614336224
0.6176524163818131
1.1569760386008898
0.6045393387897972
1.1322426529765082
0.6119292717095227
1.1672504158179686
0.604434483961113
1.1273905994049338
0.591850314480683
1.1576943338898709
0.6069547703360871
1.1667971770175285
0.5796138468503628
1.1885839255005266
0.6110668707384761
1.188827291765235
0.5998068905116462
1.1274888957305083
0.60278021879152
1.1530836674041178
0.6049867699290876
1.1295193535821075
0.5955886134256186
1.1262929131062105
0.622229635599909
1.1704348757745733
0.6084265066521026
1.1363162343564222
0.5893884902428991
1.1670715275675567
0.5961529393598399
1.1652263065522184
0.581875967233873
1.1795131186170522
0.6050733841519687
1.1882989788438256
0.5956790469314923
1.1547349713277077
0.6044171341884724
1.1738961125545744
0.6027750599684605
1.1194325054772247
0.5973857950717723
1.1266814503000915
0.6253934825553025
1.171755778814293
0.615662808098835
1.142908870049714
0.597842806978207
1.17317185783779
0.597559480382067
1.1407380054189302
0.5892454111473657
1.1613207396969782
0.6041347360441344
1.1762259132270563
0.5905791884985188
1.1766816844374055
0.6122214749280905
1.1751942848589092
0.6042155386221845
1.1108088443734696
0.6003351636072494
1.1315341282239157
0.6166388945233228
1.1555016405170073
0.6036128394055484
1.1318795817802303
0.6126222087709768
1.1671112179936332
0.6048550160820538
1.1272371684965177
0.5917012200360565
1.1578584502688574
0.6062621225395646
1.166617310534418
0.5789896611573851
1.1884469743373924
0.6105599782774164
1.1904511133288944
0.5994884585051118
1.129015337499786
0.6024536761866506
1.1542828274666417
0.604459673683127
1.1284767693604856
0.5956728154520813
1.1263188881087123
0.6227125376349846
1.1707577063124681
0.6088620026031889
1.1373026969131332
0.5894780208525223
1.1679897007801257
0.5954793897368964
1.1643547041364724
