19.462702624487555
19.393359048306372
19.388448199767442
19.268935770625713
19.23451673893436
19.156836630782106
19.043221307817916
18.963161727860506
18.83375993572576
18.72588096371215
18.549384854878223
18.458719226631462
18.299244965859213
18.18455347530895
17.983990214610362
17.874269147191676
17.686647519904174
17.553852178431402
17.370995492397647
17.25537544931183
17.069634773755382
16.94005696571525
16.76013318003123
16.602946947141604
16.45262638629228
16.272065684100586
16.145945823945453
15.99956834369793
15.884156231629541
15.732011984170649
15.576750950482397
15.477702486738329
15.324419238003463
15.25675501723162
15.170269065836889
15.02226104257175
14.941411905250675
14.864263781381851
14.721589902403778
14.697976376454694
14.599102539753524
14.528607790628255
14.44501164361847
14.349582503013183
14.272701485441996
14.189430297284796
14.114256762782134
14.037395265460066
13.989020604996197
13.920746016097842
13.869173891919464
13.785063249470012
13.730918264120648
13.676288230150712
13.611707242367318
13.566702723986362
13.53031456013411
13.499684742866624
13.445545687215851
13.425787122976057
13.399547366498082
13.373444113723059
13.351736794226433
13.327992423243247
13.314127861981866
13.295493491566074
13.27203403198642
13.257461735255566
13.241344348003263
13.224075973224654
13.207734769603654
13.196401588997407
13.182536292484073
13.169694443384833
13.160240248176006
13.149870056098889
13.140741512857645
13.129632095221027
13.120901840620354
13.11249271902172
13.102039368779769
13.093107279733646
13.086392053586978
13.077546467391853
13.07444537210516
13.066971651386552
13.062268960931076
13.057306831334
13.053233769266685
13.048882908746947
13.042715332931824
13.043553966665558
13.038802851559039
13.037630946536682
13.03210789943193
13.0333991277055
13.030980678526175
13.032740312014058
13.023147803181306
13.032945812364089
13.025820470141149
13.033134498863935
13.020218685551638
13.035141884850498
13.023066448344196
13.034169093891753
13.016585024091262
13.041238431967658
13.023305918308699
13.042752000199842
13.020650059493029
13.053024043526069
13.028040188278052
13.05389210685188
13.030587969817631
13.069295504201722
13.038517925226062
13.07035610856893
13.043249074402631
13.088321685972769
13.048612329543351
13.08810417841457
13.050950298873365
13.108434932041323
13.053952936572566
13.106954380797731
13.065711296088859
13.128218735482392
13.074625712720435
13.123610976496847
13.085661509979673
13.14521285281449
13.08564771188349
13.13808834566294
13.092025388323826
13.160226061177745
13.103712200271028
13.146670811946503
13.104745123695404
13.165220657625518
13.117404816351032
13.156043587114063
13.112304307967088
13.175306782636365
13.129314418953783
13.166710959957777
13.117343031385907
13.179159885738088
13.130538781987413
13.169894705013423
13.119584383158282
13.173474905735187
13.120640678569773
13.162890781973589
13.1075987698581
13.17139465377845
13.103798332898736
13.165966130948911
13.102947308975914
13.170641000220353
13.097369773390998
13.168668158805167
13.101853838617
13.17259732762763
13.09205417297413
13.16118392314088
13.10119184354868
13.16870267615602
13.081382659043198
13.16010243938789
13.090009115212968
13.170541090720466
13.070721383742798
13.173423304919096
13.08258864965792
13.17983182564683
13.064295668848048
13.188688923423594
13.082494917053461
13.194004015174613
13.066274818231559
13.203004057170192
13.089951189269128
13.20443527380478
13.080469379286615
13.224120873130346
13.109719517397938
13.22196172826857
13.10535512071395
13.248115021927857
13.129889285154835
13.246963923477272
13.136850798644824
13.276981546161386
13.152507904570301
13.27944916167373
13.170388814672894
13.309323651599271
13.179884647440586
13.314066421626109
13.195644547134942
13.338572706396079
13.211319149861364
13.342807057766562
13.21751452012417
13.368468453963224
13.23599404921868
13.36772189455205
13.23613780219272
13.396010408622237
13.25000934194929
13.383170743655242
13.253222288677373
13.41197654842408
13.25807162106022
13.395571360529921
13.260305151959008
13.41987404059423
13.261476703832347
13.402162633936603
13.260401691741764
13.418048351874853
13.259364964997154
13.397205922839957
13.260816541930883
13.408668904164943
13.25829753094204
13.385600960765442
13.262562130342065
13.401168532313394
13.259668052442747
13.377470573418181
13.260430328540547
13.3683776835459
13.258055023192027
13.349516678283923
13.257958486067482
13.350584600490105
13.246290158628202
13.337837895459717
13.240487128600561
13.336184280276646
13.220674679932555
13.325934129124956
13.204664577253547
13.321701093526467
13.189950127885588
13.326423211360046
13.179374287186967
13.313299457031954
13.168758951671368
13.30900561649623
13.165486261969896
13.312654417815562
13.16340018175769
13.317841904760492
13.165724215708888
13.33233465162196
13.17696815260878
13.346160354535304
13.176237256557927
13.359726583996078
13.200338193957469
13.377370746937201
13.186220431482212
13.384227886672917
13.21875139501508
13.404700762957669
13.200943706336627
13.406214663594135
13.234843777992106
13.42331432131566
13.219718934363751
13.432303926682764
13.248012706173249
13.437429231971906
13.24483044401939
13.452961975282818
13.260444605227864
13.461870321673514
13.272377941950941
13.471828757180553
13.269547762165335
13.487438391199468
13.28709221362471
13.487503964598746
13.27851299223814
13.507653013920107
13.294597454700275
13.485742185781806
13.282803925329887
13.50444661035672
13.300507281412523
13.482707793430857
13.286081957589577
13.492265336252663
13.299861871991236
13.467007232957089
13.288756576968972
13.4762163098146
13.294470721888805
13.455232760253972
13.292304062269043
13.465100586641524
13.283067313377817
13.453043889090866
13.28642255748326
13.453284684738108
13.2693656948307
13.444165184845076
13.271446283457784
13.435591417487165
13.248508523671761
13.43281757222091
13.245809683824362
13.427103898467779
13.217496130576247
13.429873667815043
13.221181779832772
13.425743800343723
13.19419109172231
13.427614621742608
13.201429127853816
13.427385959961786
13.181845240350766
13.423609150149137
13.190176202337026
13.426313665246601
13.182897318517547
13.423324670922035
13.194269099993324
13.43553861649766
13.199571488007026
13.437135124258772
13.199582933267553
13.44447688045866
13.21745573825516
13.459491945027098
13.208552402879802
13.453992952410955
13.232703092539454
13.477157501352869
13.21685370422638
13.474621190042786
13.243373672078793
13.492053828158719
13.233162822400546
13.495499751464465
13.2575281583033
13.503353605851583
13.256288565125502
13.515063178516934
13.270964994335424
13.523939257107772
13.280336458246559
13.538187948894409
13.279800273935818
13.546416074790248
13.293692850304009
13.552139065061606
13.286363233385593
13.565982594117415
13.302464634304076
13.559583566840201
13.289700822600397
13.566568719804973
13.304439908453483
13.556848953416738
13.293190842769734
13.555524304718972
13.302360244187888
13.538328189726247
13.29620111690694
13.532845298757938
13.292127703486958
13.525467009217795
13.299314784757753
13.509773885342984
13.282690219835107
13.52249159711024
13.289332885081375
13.49591000386864
13.268006675054878
13.51600199283023
13.264109821545354
13.496784407803396
13.24604622520284
13.502440701948604
13.237920573424239
13.505909241929729
13.21570327735435
13.488699706852595
13.216040064982824
13.511065306030666
13.197224075541683
13.483363305939006
13.20172112494455
13.497577470265611
13.192798852708838
13.488902749080125
13.202281028521737
13.502996094647797
13.20235084506347
13.487864890784216
13.210716966643295
13.508856977834169
13.21930256838426
13.498358251915308
13.213817310184888
13.508268149055628
13.234874876845154
13.51299692589915
13.221411331615517
13.51468965348718
13.252333948609134
13.533367752711156
13.234255918582505
13.53606647786934
13.259446981661934
13.548176431734959
13.253098406766712
13.552129982832119
13.269746047976215
13.560965075221198
13.274164540529988
13.573373857203393
13.275598347589082
13.569622467670456
13.28838734231144
13.591849231501197
13.279727242771719
13.57625740123202
13.292538247172232
13.596491185629942
13.286442789849175
13.584261320887975
13.29715385260116
13.592548024575212
13.2905767304909
13.57952433560967
13.298679481396547
13.575443956541172
13.296170321310676
13.56875683039163
13.296873530680896
13.555413559545375
13.30259447730829
13.55067788260771
13.291712017548083
13.55041198472759
13.297262920357902
13.530908280529394
13.280700869155812
13.550055120592802
13.284018355158267
13.524126231364269
13.267427549327406
13.548478926147027
13.255943604570126
13.532365024189367
13.249473124085391
13.545119976223845
13.234961239671092
13.549087772736883
13.225726303081732
13.525823974641746
13.217384183391973
13.538035752851453
13.211075523828091
13.522830397348363
13.209276285810997
13.524446985267135
13.208996528167136
13.508782872280616
13.212687111528352
13.525014086267845
13.22332701343805
13.512933338816742
13.223578676632942
13.528107101258856
13.244430391019492
13.525540734459458
13.228721573008654
13.53239952052596
13.262409850530265
13.535995599456813
13.238553998049404
13.546719830775286
13.275815309715375
13.553682674513302
13.255907933828178
13.556956646183336
13.280716538582245
13.560028141607008
13.27523607407375
13.565348999331697
13.287702182646958
13.562088460338114
13.293865562863491
13.57803464632665
13.288599545540558
13.571906384121169
13.304722111695495
13.58649603643357
13.288973098555648
13.578932918913102
13.310509337270169
13.596824983213484
13.29395334636792
13.580313901612888
13.314268241269989
13.593324168351609
13.302713781507558
13.577985383658817
13.311621545656049
13.57155432064176
13.315765044986678
13.566177557105377
13.30583814868517
13.558112658280722
13.314746528661408
13.55246342467365
13.304199291738128
13.557898171589905
13.309196678091702
13.537812164276911
13.29338775549013
13.558321978541212
13.287235710846634
13.540063309012604
13.276117538810452
13.560015760217478
13.261216038446404
13.553943214646745
13.25713674027753
13.553823183958917
13.246866685263807
13.574985034074494
13.236015707339128
13.54149343415589
13.235330988207345
13.563936856150963
13.228346913706808
13.53762953531636
13.236083677655975
13.563061454256566
13.232812676552516
13.52633946873306
13.24575858620041
13.562172294725782
13.248709860027033
13.538397437759988
13.245817055679233
13.562464409788326
13.259780169404186
13.54888468880413
13.24944801243437
13.570960641691848
13.276631792214246
13.560848639967073
13.257237771366567
13.585766538955546
13.285974249389604
13.576933174429929
13.27089592954437
13.59499149403582
13.287929115368458
13.576537059254267
13.289292954448312
13.593401493862192
13.293025425917044
13.566798195028301
13.303836764238799
13.595391233068206
13.290243540372401
13.566556412554569
13.309047338484191
13.595127645461652
13.290814060801628
13.570195002584752
13.315215320355993
13.596625116260242
13.29967681830549
13.577494964709235
13.318674993226388
13.594605311976975
13.315329358935866
13.584423610744299
13.318320868781711
13.568680290598126
13.327377412696809
13.571531533297831
13.315968029284713
13.554352737949843
13.325178043364698
13.554102147018542
13.315882552504146
13.552536942311917
13.319296633055568
13.547509392951385
13.305553172095795
13.560603959533953
13.294964207518678
13.557428008910701
13.291223146169028
13.567749918518155
13.27407200825973
13.571794894697886
13.27310090379508
13.559630155514936
13.263510143532582
13.584451568721102
13.252573186196688
13.554608865663814
13.253111783412406
13.57959039185494
13.247152378326883
13.550389034916568
13.250524211479497
13.580828734036013
13.253771039234858
13.548973959277555
13.254325866567477
13.584625024566234
13.267958880066185
13.56463182277231
13.25130646017286
13.590249986686706
13.27715423715037
13.5730490681985
13.256627045849907
13.598502538484617
13.289566068736066
13.58967662199109
13.26608689586639
13.607904554180754
13.286587611066407
13.599782029284775
13.279588894176586
13.614387540919287
13.286826088786443
13.591968615853864
13.293534142325743
13.605144819475452
13.291011088289421
13.582814257984658
13.303607278419799
13.607573360629281
13.287777884266761
13.58162218999005
13.30571157628423
13.609239969825161
13.29273178635188
13.591360789406533
13.314354209435953
13.606330143063705
13.30341756369744
13.592001369624494
13.31856570522888
13.598370233430776
13.32141424222087
13.596908306279923
13.314458197948678
13.572392179152176
13.326935613160426
13.582626936011694
13.314515704620149
13.560109778778044
13.325011934014903
13.566364843528572
13.31291345912511
13.561585606738484
13.315258321871788
13.560957199409499
13.301111899983917
13.567883787306547
13.289299039152548
13.566222174081863
13.284802665024058
13.57594515820132
13.273795768526531
13.580605971528176
13.265802199051866
13.562826904114559
13.26337579996779
13.584781536801765
13.248791038767129
13.5628199830711
13.253909363116506
13.584135672180766
13.242080252683612
13.553517622881781
13.253219628860661
13.586717420347284
13.250009471242345
13.562115350465223
13.254327180291599
13.589205256286537
13.266195274253976
13.574246573283423
13.254440272670582
13.592223944752746
13.281839334161289
13.58012166499366
13.25730089670253
13.601753180587703
13.289908502390373
13.596553879777531
13.268535803091671
13.610404138637453
13.285667223667984
13.598956791498493
13.282168355495294
13.609300415494449
13.288330317900593
13.588212898744477
13.296285605884473
13.606633207063433
13.290857668247966
13.581697527067323
13.303855172820853
13.607420614625909
13.287762333507981
13.583960743669401
13.307432734373291
13.609346214457231
13.2968168113369
13.592547282287864
13.316957084132808
13.605314413281688
13.308477857847775
13.594473207118924
13.318015192137501
13.588740648929956
13.325243131734883
13.592339468910378
13.31488868379094
13.567116201246849
13.322217787301163
13.576937692960076
13.31287722082751
13.55885958917018
13.315971108042548
13.56147203341126
13.301517204064757
13.563669435128372
13.298346499728126
13.56157707535779
13.28839962757859
13.571629420516134
13.27665746939831
13.569408198039445
13.273944628955721
13.574005703683609
13.267688787269286
13.58719392360293
13.2579047957824
13.563797667163527
13.253047203103419
13.586201320659256
13.245688397063313
13.561136354615902
13.243030870759911
13.587507195216068
13.243792703384425
13.554082741595503
13.245811877315104
13.588332026264883
13.257866285290147
13.571665574289222
13.24595079785771
13.58998612602113
13.272266613832985
13.575723005041887
13.249463159300715
13.59362264575857
13.286628052111059
13.583782252310455
13.259645298485697
13.602964257493046
13.288764941858155
13.599735883449807
13.272603346504063
13.613873357473388
13.286092388965828
13.597870715733531
13.286509168557135
13.60572824095928
13.28971877214497
13.585728072434588
13.300207868562824
13.608065198384878
13.289483950784577
13.580636156210101
13.304436044225923
13.608124076502662
13.289196024880296
13.587282025960986
13.310525195587815
13.606719390171419
13.299269103501404
13.592062644615652
13.318630115910087
13.603680636218826
13.314343625835669
13.597459258832604
13.313771001206941
13.579698231342864
13.32550570475457
13.587391286679845
13.305897740914897
13.563771322127266
13.316451774036443
13.57173417997717
13.301166348200269
13.559267761982293
13.307999273220931
13.560211673844115
13.292347528667321
13.566128412472807
13.286187836624407
13.563228529141613
13.279301326547017
13.574392514903321
13.26898655036949
13.574478244899252
13.266538098245075
13.570563120375992
13.260083793719916
13.588782296679405
13.25171508102328
13.563233678635193
13.246442671640718
13.585083445620933
13.24065034699908
13.557964450217247
13.242378739875354
13.586948138172254
13.244048613915616
13.557447615937786
13.247065404566191
13.589014304720369
13.262533712222606
13.57342227291242
13.245346553894116
13.590938340731173
13.276256030501
13.576429137188438
13.252000752152895
13.596844291857531
13.289378759537215
13.589396820375635
13.263586835567114
13.606565742563117
13.28667276010448
13.599121497283308
13.276960767731058
13.6137476710118
13.286766678533727
13.592504470450113
13.291159387061196
13.60449706396884
13.291051666817639
13.583089127770053
13.302127979870647
13.60737469471512
13.288008644307125
13.581177989640775
13.305085114417949
13.609235666264132
13.292413314956159
13.591271891068473
13.313473439479555
13.606266076956496
13.303007285403632
13.591672354769726
13.31656443689514
13.599297186240365
13.320783630536894
13.597060243018587
13.312144901119712
13.572969859191925
13.322685323591841
13.5829268922416
13.303942005750383
13.560273540658073
13.314020130631809
13.566723690176675
13.29939042897239
13.561252406975866
13.302985494980513
13.56081275932045
13.287797870035922
13.567554469471533
13.279018246100351
13.565731855993498
13.27438152910748
13.575822791767397
13.266500077921773
13.579703207082472
13.261827817429307
13.566339175572631
13.255549392142347
13.586368393910154
13.24618806935166
13.563123371045952
13.243633461846128
13.58587790739573
13.240190279168687
13.554521925279467
13.243908109394274
13.586685297153332
13.248786114933344
13.563363015772268
13.24599655475956
13.589157775199974
13.266125765385947
13.574133259581957
13.246868127407938
13.59213374820808
13.281424290031195
13.579396513307096
13.255522495858285
13.601562377753057
13.289991295015554
13.595728838164964
13.268017938412118
13.609555848078946
13.285725933750555
13.598617467597418
13.281746804419479
13.609363267008188
13.288263249587827
13.588209022805772
13.295822902508396
13.60621362305911
13.29105520083271
13.581519862591671
13.30363757705554
13.607478971319182
13.287685927408532
13.58346655477636
13.307072802665047
13.609541655743472
13.296552172055804
13.59236492140641
13.31658529369171
13.605536401198885
13.307887269225748
13.593999901657746
13.314551826850062
13.58956969904381
13.325446587399048
13.59262612214172
13.308667296166867
13.567489812304968
13.319166602269457
13.577297617001205
13.302499138904922
13.55894889911739
13.311876422256839
13.561541100339563
13.29612047185539
13.56346727566705
13.294652132289626
13.561092080797845
13.284261041335752
13.57123166708834
13.273351543875576
13.568745807677573
13.271039237653648
13.57416203698135
13.265109791806871
13.586227450771265
13.256877513676747
13.563867181666007
13.250975029796148
13.585969520878473
13.242419119405604
13.561527221342851
13.242166393208343
13.587106734923022
13.240886733766706
13.553844548504228
13.24527273897584
13.587839478777521
13.255194034858562
13.571219602865707
13.245797096365777
13.589601366939814
13.270510819022919
13.575458426767907
13.249068551129977
13.5933207749889
13.286268095154261
13.583198996857517
13.25936848977992
13.60259856748007
13.289012381462253
13.5996138179586
13.272138261550799
13.613429692456425
13.286012911866635
13.59797541968349
13.285951418407011
13.60579524590724
13.289557104508066
13.58566821834487
13.299849222442067
13.607966822387688
13.28955157848667
13.580505940376629
13.304285936100154
13.607852400338382
13.28897534743507
13.586693067466536
13.310125056711245
13.606854299221679
13.298958865686291
13.59194959555894
13.318372425142343
13.603773375332972
13.313681840429856
13.597082700048716
13.313335625770652
13.580428322370995
13.325397482360803
13.58766711578619
13.30586630820828
13.564086176064457
13.316470805688938
13.571932904481399
13.301307977910593
13.559009353857983
13.308219224974504
13.559972058235909
13.292656318289346
13.56589233853667
13.286793020701936
13.562838087192304
13.27979900394782
13.574145059835804
13.26916527871127
13.573733176852876
13.266912901432116
13.570926637832143
13.260469169519926
13.588810110237166
13.25221493008888
13.563173910063865
13.246656643612571
13.584981106303928
13.240624728515748
13.55792115869384
13.24218264600328
13.586929781154272
13.243603877147438
13.556832918622664
13.24684597407388
13.588874622807214
13.262041599925785
13.573056722243273
13.245252434584145
13.590738585394963
13.275662464120124
13.57610263874766
13.251640247233599
13.59624520005285
13.289292657534796
13.588583819880784
13.263085967232913
13.606059859028123
13.286822120392591
13.598937786104543
13.276446215419963
13.613916406449283
13.286676080548897
13.592880583420994
13.29077126191346
13.604312752254724
13.290961003608341
13.583277768234389
13.302032129669715
13.607266595871213
13.28808726883796
13.580913853931408
13.304954334499646
13.60923520379344
13.291987957712664
13.591032513880922
13.313130184571648
13.606158073664435
13.302538066007031
13.591806489592885
13.31677884000955
13.600132729128626
13.320209187621588
13.597589730224065
13.312274280596913
13.573627583749243
13.322837562455485
13.583636323661263
13.304060956686703
13.560573618999669
13.314225470920004
13.566523315453079
13.299536277840682
13.561087106929708
13.30346806359613
13.561110764946427
13.288176809549945
13.567411274373706
13.279570490659264
13.565649037767777
13.274788398540716
13.575720598233685
13.266598936160777
13.579233288121214
13.262391052493582
13.566723685421044
13.255845913761227
13.586562560886186
13.24648104838193
13.562980084463044
13.243746571475446
13.58555904989273
13.240073747643681
13.55471253956853
13.243766656182036
13.586485897633034
13.24812305346893
13.562550962336182
13.246033453091759
13.588904470746616
13.265616304845176
13.57382860723461
13.246644837309933
13.591702349169061
13.281009826516819
13.578889149085544
13.255068683063781
13.601086638957566
13.29000693977053
13.595169282464887
13.267521613836069
13.608836760190844
13.28574265908676
13.598601166760307
13.281356184171063
13.609589131873294
13.288123434405689
13.588579774266945
13.295277042336872
13.605709187906225
13.291268630806268
13.581733952696975
13.303395696238368
13.607515240263604
13.287643553063294
13.583207051004617
13.306795615977984
13.609558272517647
13.296109250819724
13.59265148524069
13.31635841482818
13.605786447196849
13.30730800759088
13.59401907372267
13.314687959464532
13.590476034723327
13.325160116930558
13.59342606525944
13.308955059357347
13.56796222581933
13.319428899706669
13.57821421633666
13.302691036166902
13.559049494535037
13.311942044563125
13.562192734118586
13.296445899749752
13.5633718807764
13.295345309840538
13.561196929506472
13.28458344913428
13.570924883059082
13.273727943903376
13.568661203712011
13.271296177882139
13.57439075406022
13.26527286836519
13.585775865574975
13.257285415881832
13.563944808014412
13.251273820721591
13.586067169682952
13.242606052307323
13.5618709156753
13.242131824863497
13.586991449268128
13.240656743936762
13.553594501030757
13.245113740333341
13.58749668378516
13.254452006005483
13.570402779050038
13.245751866844596
13.589250369726209
13.270032229654854
13.575211012235963
13.248774798734729
13.592981539755893
13.285861569381126
13.582644217791783
13.25902654859295
13.602167197833973
13.289198819801344
13.599624523100953
13.271712743156995
13.612883530590645
13.285930079462656
13.598284403547009
13.285443950336198
13.60581849079114
13.289381637916252
13.585882011569746
13.299530076453472
13.60779339983558
13.289607908587197
13.58052972199457
13.304265281088876
13.607634176478458
13.288738150801064
13.586495141837698
13.309846760425188
13.607034713708456
13.298624135935233
13.592262484902918
13.318278569051957
13.603936079146628
13.313061512328508
13.59718539063102
13.313406568699216
13.581264978712802
13.325531206569037
13.588429771996623
13.306091417278063
13.564558044085572
13.316621986319399
13.572627724435497
13.30151913291192
13.558942680434258
13.30851162206004
13.560214667080082
13.293000818885014
13.565775215639341
13.287492997449096
13.562839322349577
13.280360548511924
13.574033186720657
13.269434492020405
13.573304259591541
13.267339649725978
13.571317591943236
13.260933989351233
13.589146198551102
13.25269871411767
13.563255956824433
13.246972872293199
13.58505857689916
13.24057598707152
13.55804106950066
13.24205748457179
13.586942288381096
13.243139016119159
13.556300820431916
13.246600295647035
13.588743093466755
13.261329236596453
13.572761477602961
13.245183956757677
13.590487817372232
13.275042169814183
13.57587487555335
13.251411072393404
13.595772877379463
13.289237350231769
13.587820213148213
13.262695499451999
13.60570538848691
13.286973743443664
13.5987469777318
13.276032447269662
13.614148771484865
13.286599972979108
13.593182575436447
13.290401690074994
13.604263775907425
13.29089429583482
13.583321336992382
13.301952619564346
13.607179893155047
13.288203634929443
13.580757586531629
13.304843031310703
13.609183315686609
13.291607311137538
13.590476549818803
13.31280783779981
13.606079747426394
13.302084809340412
13.591589258203314
13.317023473480853
13.600926003947857
13.319561598234863
13.597717708270226
13.312417655986954
13.574146817054903
13.322971470557182
13.583816041043518
13.304179479192955
13.560796610132824
13.314394755093323
13.566995254411156
13.29967503719697
13.560821024974457
13.303921827804446
13.561008257284952
13.288572311483101
13.567161426314584
13.280097637847563
13.565203482111137
13.275207028705259
13.575516633999191
13.266683828549674
13.578565977050182
13.26296221953276
13.56692871617923
13.256142670432672
13.58666211159724
13.24686282109566
13.562777322196775
13.243875605232821
13.58525307188928
13.240053263444937
13.554867068960295
13.243557588304986
13.58640250428189
13.247560348309818
13.56170976908199
13.246090335921101
13.588852848334799
13.265205071156975
13.573483741441144
13.2463638068554
13.59147879350733
13.280570026719838
13.57831872696395
13.254669274998314
13.600610135557986
13.29008035079126
13.594504018927141
13.26711659060422
13.608408201729208
13.285804170486948
13.598434503590367
13.281075131718069
13.610065612555392
13.287992860953942
13.58874995492408
13.294856938906914
13.605424406186659
13.291489966048351
13.58164519948697
13.303268347394123
13.607510060365465
13.28759753587183
13.582945238753338
13.306599649782973
13.609542518963726
13.295652459206543
13.592596500227794
13.316165467248757
13.605944385181314
13.306771220610802
13.593600203777818
13.314864308549453
13.591329410099307
13.324914039980245
13.593740935187112
13.309289503951076
13.568430820434061
13.319729469242077
13.578677481695136
13.302914720357546
13.559138188322054
13.312055786208578
13.562273695393193
13.296798227220064
13.563267865518004
13.296078117750538
13.560869618945734
13.2849253278661
13.570571639622145
13.27415428425675
13.56813856172877
13.271573783118649
13.574650683783815
13.265492725019714
13.585013709440485
13.257712397080029
13.56403953925924
13.251641443710655
13.58582646466388
13.24276369262568
13.562258380212306
13.24218154194109
13.586763454145427
13.240399570067279
13.553459371159715
13.244935494375936
13.587139707082793
13.253681210590118
13.569663397541518
13.245700039800617
13.588964835037396
13.269509254189414
13.575057427483
13.248603188204207
13.592686305082331
13.285490173088142
13.582141176646859
13.258792847868854
13.60186572491767
13.289334713263314
13.59942273396137
13.271385975497058
13.612469603046293
13.285878397082499
13.598505652595932
13.28501628177338
13.605962624633364
13.289247717746234
13.585957385924694
13.299146809633497
13.607694486888532
13.28971652964386
13.580589539820794
13.304239839388982
13.607417713373003
13.28855841832294
13.586011194422245
13.30947413290721
13.607231597965885
13.298316675763601
13.592233931869263
13.318169387986273
13.604101322196916
13.3124311109373
13.59686485780523
13.313445424615844
13.582060260085068
13.325648943757002
13.58880037582651
13.306262941918588
13.564959810629617
13.316761862580973
13.572914110784442
13.301549279398841
13.558800011735087
13.308772558795365
13.560103862554234
13.293290259230625
13.565506507549248
13.288159401108716
13.562529268546534
13.280869336302304
13.573676962523484
13.269677576527513
13.572594108871746
13.267713717744856
13.571544263975575
13.26138535152647
13.589255086127343
13.253211146024851
13.563167547931558
13.247293612698321
13.585098369414492
13.24057306247933
13.558128771740757
13.241949792003776
13.58700181688599
13.242737962813854
13.555748580153844
13.246330123470225
13.588607424953297
13.260613474275635
13.572450499777489
13.245120505617411
13.590263659220483
13.274504326906891
13.575646298053869
13.251142253347856
13.595290142942966
13.289156685604265
13.587049809968317
13.262274150513997
13.605220876562543
13.287154825168967
13.59853989372132
13.2755701044693
13.614375228301554
13.286467731824436
13.593474812479391
13.290012697748825
13.604291392200421
13.290742276388528
13.583382191390251
13.301851467799453
13.607246138815716
13.288224273710398
13.580494503311485
13.304696535643172
13.609095794347475
13.291165745163028
13.590008625230189
13.312420025679781
13.606217047328206
13.301619372829713
13.591498288237569
13.317227184237042
13.601930285426159
13.318915481486638
13.5978785270452
13.312521396715189
13.574990031935005
13.323079061636394
13.584150073845557
13.30425625510479
13.561398293339487
13.314598608691998
13.56750650928855
13.299756336789628
13.560966214392321
13.304389140871821
13.56106412437635
13.288899056959407
13.567347137872408
13.280626908589346
13.564830224037383
13.275564125187447
13.575616219937832
13.266765485272924
13.578009132254072
13.263531111802472
13.567487959972691
13.256466957489199
13.586839540253813
13.247203054571512
13.562926560459779
13.244037438807702
13.584987111764583
13.239989166211734
13.55531783261713
13.243359692926191
13.586322210793364
13.246941665226608
13.561115497903065
13.246202047122667
13.588775348362384
13.264731809953542
13.573326532288608
13.246180037478604
13.591213865177355
13.280137374869692
13.577885226799857
13.254319538671606
13.599985693878466
13.290115646425106
13.593866682792374
13.266716014557645
13.607911569080422
13.285842299411094
13.59833182034702
13.28075315737346
13.610360580965654
13.287705643583903
13.588981446670577
13.29431755418167
13.605159396558616
13.291528494686858
13.581629588811447
13.303035521804215
13.60757807917623
13.287494050034155
13.582582871762243
13.306310832898033
13.609624048777873
13.295119282160949
13.592654662081364
13.315840609761935
13.606266898051992
13.306124740295969
13.593313327112492
13.314979150004813
13.592416876192992
13.324361341418845
13.594238516511444
13.309535986799192
13.569197258959825
13.319983311759309
13.579365082692878
13.302983300245756
13.559533098393489
13.312088343579568
13.56259995284919
13.297040485911484
13.5633359648963
13.296710583098937
13.560796991320275
13.2851591332538
13.570410932685906
13.274475296077366
13.567834551497244
13.271756619855168
13.575225289555803
13.265458885481308
13.58447587214798
13.258102727750105
13.564415400005597
13.25195762783154
13.585766485880512
13.242962842965422
13.562838284974877
13.24220813957466
13.58667798862453
13.240178815125917
13.553485394465913
13.244709339506578
13.5869055996471
13.252930652686084
13.569021882230135
13.245665997865123
13.588774452351313
13.2690012130981
13.574943320299221
13.248442103888891
13.592411637782769
13.285014492314167
13.581644660833
13.258545303938975
13.601609164716345
13.289395334012127
13.599087123569312
13.27103063055922
13.61203346464304
13.285724742559976
13.598652030844066
13.284430328774105
13.606119443299141
13.288878242477134
13.58607159648708
13.298722069780453
13.607628269598338
13.289561403981738
13.580604543021808
13.304151833027559
13.607301382778617
13.288167157812177
13.58569383521635
13.309002408111569
13.607553406583436
13.297852629979108
13.59245216017909
13.317957623941615
13.60432890636327
13.311691927272967
13.596665437760127
13.313475247093146
13.583130839567975
13.325633699174768
13.58950207428065
13.306377940545392
13.565556067616729
13.316864668027208
13.573566838278113
13.301465521994082
13.559063039245068
13.308979443034048
13.560377652619287
13.293510237897472
13.565686500383364
13.28870980208646
13.56260236450928
13.281288045966681
13.573786414349211
13.269870759228835
13.572236041904745
13.267994490451967
13.57223345294228
13.261854895010739
13.589572483762009
13.253661043276004
13.563416768021986
13.247646746277116
13.58539946986882
13.240500856929257
13.558582868624146
13.241894140460113
13.587035674812778
13.242236260655133
13.555485875214238
13.246125541915344
13.588566939140481
13.259723138420213
13.57234521476376
13.245111092846455
13.590086447707368
13.273784981975945
13.57554613279915
13.250935390764278
13.594795136649523
13.288899327310533
13.586404985998668
13.261890612832914
13.604625136907389
13.287177436414384
13.598487946335283
13.275027642125792
13.61439768990737
13.286246972422772
13.593950172902964
13.289479222901122
13.604212757666671
13.29052531568818
13.583646901219783
13.301672651097553
13.607165939508613
13.288205396981473
13.580440704679969
13.304476668550965
13.608801096950835
13.290649679704321
13.589750773923669
13.311992695548888
13.606115621041615
13.30105636292686
13.591644300079167
13.317433344876235
13.602406375715317
13.318089279032622
13.597962502766638
13.312518631744435
13.575529500266109
13.323115507660075
13.584728732768824
13.304249805950235
13.561690871710598
13.314693284739315
13.568193443830127
13.299719141828707
13.560741970763784
13.304776998084225
13.56127938916093
13.289172068374207
13.567220072684055
13.281111648668032
13.564720788413629
13.275850454716391
13.575424335027282
13.266832853752716
13.577718446439576
13.263989879192593
13.567799753661014
13.256777589174483
13.587223217399586
13.247514075267434
13.562877247566556
13.244203203088901
13.584966394136421
13.239911655348722
13.555561273416902
13.243102094381157
13.586440503295819
13.246316922594243
13.56044418909773
13.246313540021768
13.588874064738391
13.264228848852289
13.57314980308026
13.24600739616821
13.591078545831238
13.279542834577823
13.577482319155116
13.25402317254494
13.599335820139144
13.29002230925659
13.593215515102028
13.2663895908119
13.607456515394473
13.28571191972952
13.598287264776044
13.280195338036284
13.610644595359387
13.28728977207245
13.589328220835766
13.293778809382458
13.604822606292958
13.29128026938998
13.581766857870345
13.302831234615537
13.607523084615524
13.287172832710201
13.582401850042311
13.305986586885393
13.609391843995681
13.294412700981402
13.59292193879282
13.31541181595701
13.606264370018213
13.30530821797065
13.593240682631782
13.315070843425076
13.593252528262003
13.323613427346455
13.594859170462609
13.309722333979629
13.569715257700524
13.320010355915
13.58011252870034
13.302814277342335
13.55967175030767
13.311937966357059
13.563117426389297
13.297126777034201
13.563133891324089
13.297215406081381
13.560899664569675
13.285233049968044
13.57004401227541
13.274723567407971
13.567700185397436
13.271813786650194
13.575490923800412
13.265306246343886
13.58409696146651
13.258332804845725
13.564699254967156
13.252284440766141
13.585824083917885
13.242967813067542
13.56323783910148
13.242303609083606
13.586703433864857
13.239765631441978
13.553499525641993
13.244582468286263
13.586771291753905
13.251968542661285
13.568381416526815
13.24573680080496
13.588590595795255
13.268228348856752
13.574847108437602
13.24838253664432
13.592102506275571
13.284288904623548
13.581230462678763
13.258479117691051
13.60132332844042
13.289137759171737
13.598630103884824
13.27082797544576
13.611542389921345
13.285239238362319
13.598555426917098
13.284148652965586
13.606380712370248
13.28827633708002
13.586121847155878
13.298419836035103
13.607504339527045
13.289192075742308
13.580604170503943
13.304196042474121
13.60719406129013
13.287534972492638
13.585214296534783
13.308697638526318
13.607684659734591
13.297180852693948
13.592562866505041
13.317852570450228
13.60433496308689
13.310746870749641
13.596341328051466
13.313455854458327
13.583956711781713
13.325401573671638
13.590021816578126
13.306444117720302
13.565739555460715
13.316751845266406
13.574035607621626
13.301330270764137
13.558983165743376
13.309013904076037
13.560434742381133
13.293566306592025
13.565359303950784
13.289105400789923
13.562405725241826
13.281446786072054
13.573507819749883
13.269979549432112
13.571644702625404
13.268041345750639
13.572627088138372
13.262226292039427
13.589589128064606
13.25372560669276
13.563426488057251
13.247961209598207
13.585541604061035
13.240084721019445
13.558860443960613
13.24185679867354
13.586900200046133
13.241345668595642
13.555120168033389
13.24599465878078
13.588463356540348
13.258402902818698
13.572194307326992
13.245234899437788
13.589879561786525
13.272586532943317
13.57538451341851
13.250766252435813
13.594316661089287
13.287988944278116
13.585765520043457
13.261657259919485
13.60408840983008
13.286626783246081
13.598432550410799
13.274784091469803
13.614354489481007
13.285476132097985
13.594329402661508
13.289138069451358
13.604320301795205
13.289802101016898
13.583790527581373
13.301658232693272
13.607246855256225
13.287744230449835
13.580235807432407
13.30440773668057
13.608594168930107
13.289777652692345
13.58929862773912
13.31166493249399
13.60605830072204
13.3001847542257
13.591622392530141
13.31759262010664
13.602723075404773
13.316954287321275
13.597791054222794
13.312453059472821
13.576109064781827
13.322905979151438
13.58505190045656
13.304189828878332
13.562027433746044
13.314533660003393
13.568616817975297
13.299608287635124
13.56054728382999
13.30486784734328
13.561084542660195
13.289242305339174
13.567137462731521
13.281418449898739
13.564333949808656
13.275905449654923
13.57527803566658
13.266772565852273
13.577161205927219
13.263914404886183
13.568197427164044
13.257010239758241
13.587240504799222
13.247433940320764
13.562967232564173
13.244366473306657
13.58473692233849
13.23938010610452
13.555909151959789
13.24292105199426
13.586310351491344
13.245174380234257
13.559812062036308
13.246527158292253
13.588614683673303
13.263159189205892
13.57300644488761
13.245922109666504
13.590761182773472
13.27833608715045
13.577085824624515
13.253745357751749
13.598624792317041
13.289319945626502
13.592561425990748
13.266046262416536
13.607027894409278
13.285103541993804
13.59828381854517
13.279720185923207
13.610993003712911
13.286506432944089
13.589668009600546
13.29333882396041
13.604610234085907
13.290735103186224
13.581841943580276
13.302676331165774
13.607548883230264
13.28673192673254
13.582092436541718
13.305802520770326
13.609179189071961
13.293623164981144
13.592931777758166
13.315117794848783
13.606253726722082
13.30452983044061
13.592954723901745
13.315179302441603
13.594115271992427
13.322962329967094
13.595169022114547
13.309942945869738
13.570223789694174
13.320168074106062
13.580639177719206
13.302741429997461
13.559703376422256
13.311923881912062
13.563448712099323
13.297269781354748
13.562853218556384
13.297830070411305
13.560807120859067
13.285273451421293
13.569611112402754
13.275070026936017
13.567376560147713
13.271815482874096
13.5756526171886
13.26524238532265
13.583380339076987
13.25844809920796
13.564888703366192
13.252660465471042
13.58574169804932
13.242868144101307
13.563387937016442
13.24240682036825
13.586546719789991
13.239199469606623
13.553499625333568
13.244437351469173
13.586554804221516
13.250810524013653
13.567615273326641
13.245778344197799
13.58842976515747
13.267259688753787
13.57467409146115
13.24829633940785
13.59190129222993
13.283305864045241
13.580855089564094
13.258153986797515
13.601161111623952
13.28863484559016
13.598201271055055
13.270440027372418
13.611165005551001
13.284695835237889
13.598450846662828
13.28379978682379
13.606637926322637
13.287711281645374
13.586239660015059
13.298096377297066
13.607318798393406
13.288953673802498
13.580679250657226
13.304196152180914
13.607061806521065
13.28710104091228
13.584813975348236
13.30834012324624
13.607875785997503
13.29668716666114
13.592482531498073
13.317577580658913
13.604486076976636
13.309955061815621
13.595977722706547
13.313438848545674
13.584871041482787
13.325121345031137
13.590410651074741
13.306543827939878
13.565984052669522
13.316748460675065
13.574485216521245
13.301257582983473
13.558951610494681
13.309144933619226
13.56047896498104
13.293720259766198
13.565029271565837
13.289598621652402
13.562104566457887
13.281552311494801
13.573197723423817
13.270192621843508
13.571029531152218
13.268273586778003
13.572926507154792
13.262595542677273
13.589187325188899
13.25383283289215
13.563401840604598
13.248361948880564
13.58561874642413
13.239878558276885
13.559092192688604
13.241858645576032
13.586746986330475
13.240685258261601
13.554742689518298
13.245860873373477
13.588227195913236
13.257327563866914
13.57211049953993
13.245343533336008
13.589721839464849
13.27164684134527
13.57528220268865
13.250585895102969
13.59389894779333
13.287397716993427
13.585205105155197
13.2613988443746
13.60360780800065
13.286388177152412
13.59841932933622
13.274510065526725
13.614230324414951
13.2850268028966
13.594828418802104
13.288707366676602
13.60440553080187
13.289353884942413
13.584032815712261
13.30136839874143
13.607337222056426
13.287591035353925
13.580076662347421
13.304356168707045
13.608446252562434
13.289181874157059
13.588909095722034
13.311353892423762
13.60611677895338
13.299557577545972
13.591643910624523
13.317770487799555
13.60312267987569
13.316026908983002
13.59766522550668
13.312417744009357
13.576743346855519
13.322869137923055
13.585442252758206
13.30417700439436
13.562378399851811
13.314501375097647
13.569120802849048
13.299571984078804
13.560347807627748
13.304973207156644
13.560856587790584
13.289426867929306
13.566989551605731
13.281760859193191
13.564009531042002
13.27611118713718
13.575064265933257
13.266713011684491
13.576595808620135
13.26397008729007
13.5684638035871
13.257212372382567
13.587316288728232
13.24763816598345
13.562923132878531
13.244480249479615
13.584576062598655
13.239078234091119
13.556195178352919
13.242675604379485
13.58618535858347
13.244373536709958
13.559197440793016
13.246695958502379
13.588519991487741
13.262439332575013
13.572905291584663
13.245841509931193
13.590548822402308
13.277341787070167
13.576764045149456
13.253500136567654
13.598046026389296
13.288884829704276
13.591970292900667
13.26576199081874
13.606711415451715
13.28477201929102
13.598299266787295
13.279310357627482
13.611431969874687
13.285956759943582
13.590061649746279
13.292983018000225
13.604414882321544
13.29024237443202
13.581975142279964
13.30254956336439
13.607425666355901
13.286443851307295
13.581855242510702
13.305608202360496
13.609072733109995
13.292945424173322
13.592623719584793
13.314811180373995
13.606317812214735
13.303809895620164
13.59265651374956
13.315275817261078
13.595086434585534
13.322227467442016
13.595485754101873
13.31015729751068
13.570821867648924
13.320273819291472
13.581106109935094
13.302642924577578
13.559835951502652
13.31182329844015
13.563812472595815
13.297426573248677
13.562632718946318
13.298344595565306
13.560717491984079
13.285345157269361
13.569209856308902
13.275311766354067
13.566992882897765
13.271880821171422
13.575668979449244
13.265073068555834
13.582553591990406
13.258660078912754
13.56502942445785
13.25292636682438
13.585645464884177
13.24286678210335
13.563291180601789
13.242395448066526
13.586283067929706
13.238772406668115
13.553517389466435
13.244193237788595
13.586360201105725
13.249856810497413
13.566700748253341
13.245756024010657
13.588305301013783
13.26648616375026
13.574475445244238
13.248191441886467
13.591731543919641
13.282604600673503
13.58048052425317
13.257731032234343
13.60103477037988
13.288363528000337
13.597721836557461
13.270069099197318
13.610732659505114
13.284377036866902
13.598279937442465
13.283453306389855
13.606942575245707
13.28735402409501
13.586444492210864
13.297762718077228
13.607046104374106
13.288924872552506
13.580760873063252
13.304251575935691
13.607011647708653
13.286869901674729
13.584505431448367
13.308041434657909
13.608109950224646
13.29639053761695
13.592447636827004
13.317282374175662
13.604672129096885
13.30933231671272
13.595697637576253
13.313470015647193
13.585825181694524
13.32499875470162
13.590856895233069
13.30667446185001
13.566271371300664
13.316883800293786
13.575084739593986
13.301194039286635
13.558965213011884
13.309360141873274
13.560688500111072
13.293882733495304
13.56474980959776
13.290110581281
13.561946139671164
13.281652222604372
13.57293932919836
13.270355268029956
13.570554320273075
13.268486307929049
13.573208223142185
13.262746797858474
13.588770429569507
13.253981448364751
13.563388609583233
13.24861276756487
13.58554784806203
13.23974431455004
13.559361403678823
13.241716632603003
13.58669518259289
13.24012948011158
13.554402821173941
13.245606683616007
13.588105852347635
13.256383880317689
13.571894647977478
13.245326515437439
13.589651255487007
13.270868592247533
13.575204403182962
13.250240961407671
13.593569620674742
13.28693646938983
13.584680713173304
13.260993868069537
13.603209430927906
13.286352461014179
13.598489304317637
13.274090389902307
13.614176162684991
13.284813385254743
13.595396257510691
13.288166737106339
13.604557142985149
13.289013937112186
13.584368047973037
13.301006753832903
13.607367459899022
13.287759246929461
13.580010412014165
13.30424695624138
13.608349684195572
13.288945455437494
13.588466770928326
13.311028714099184
13.606237281603455
13.299313240734612
13.591717472526279
13.317989356112136
13.603493720971708
13.315501260924252
13.597584715867583
13.312448129251248
13.57746491133876
13.323243954709545
13.585876077879616
13.304247818452112
13.562822812720594
13.31478756072135
13.569621184600715
13.29962126793109
13.560250833726254
13.305468254457859
13.56063571229616
13.289702706506795
13.566859906546783
13.282458309404317
13.563721853675073
13.27640094721098
13.574973256857627
13.266948222951944
13.57596613095505
13.264100761056309
13.56885576877009
13.25762777565106
13.587434202111798
13.247881841385064
13.562953662632788
13.244722020317708
13.584458090582551
13.2387619793117
13.556559282238315
13.242471108390417
13.5861062210229
13.243630966322804
13.558628448798725
13.24682708862718
13.588467363911532
13.261793200539204
13.572828661380463
13.245672136394042
13.590375920952088
13.276450882968799
13.576506741282156
13.253145012917614
13.59751772363257
13.288460050413153
13.59127494247574
13.265352303813271
13.606440925196365
13.28463264744868
13.598428449946393
13.278761865425812
13.611921780730095
13.28564311276454
13.590545272093214
13.292479310804183
13.6042750512032
13.290025521836483
13.58221013182833
13.302390175844042
13.607314474699761
13.286471543411526
13.581598067235637
13.305408174938853
13.609007551650587
13.292607925303175
13.592306599907015
13.314429953932988
13.606310892416806
13.303446424648921
13.592435743753938
13.315415020659543
13.596093024304317
13.321732341680885
13.595881916869487
13.31042297376238
13.571379955729673
13.320698605062942
13.581597385951065
13.302638124953177
13.560019202553056
13.31208904069262
13.564229863086853
13.297646533567326
13.562463977245772
13.299196462888732
13.560719008607448
13.285498080526956
13.56886867412089
13.275847817440289
13.566649031437494
13.272014434739367
13.575709669292202
13.265133650936038
13.581829037591508
13.258929398857646
13.565250640760363
13.253358754547595
13.585654752049203
13.242976549408025
13.563252529656905
13.242499027273617
13.586122118954625
13.238453664964958
13.553565364606007
13.244001035118172
13.586268969402918
13.248990290076911
13.565792555944688
13.245718293302133
13.588254455975493
13.265782019858268
13.574281619413219
13.247901429843663
13.591570686010694
13.281917782525813
13.580121818111026
13.257223496552191
13.600959143404674
13.288167824583498
13.597133196927357
13.269622889995599
13.610265702393798
13.284150866475217
13.598176965686669
13.283047837016358
13.607290528652635
13.287100799626213
13.586703132782569
13.297291270008454
13.60675624459228
13.289024816288102
13.580850034621736
13.304134029860503
13.607012346184687
13.286751427980489
13.584182805020829
13.307734672268207
13.608402575926412
13.296157130417336
13.59239928335272
13.317036441507055
13.60482377496233
13.308749581746078
13.595327741800897
13.313614239420968
13.586725806224276
13.324954833793207
13.591263713887466
13.306979838882405
13.56653095055023
13.31712951276517
13.575628323004278
13.301360825662728
13.55895647888419
13.309730766921724
13.560844318865481
13.294189925151299
13.564455266707593
13.290817860187795
13.56176446358637
13.282029134723508
13.572682161938967
13.27073762923843
13.570062899660496
13.268856104033416
13.573426308929067
13.263115917204754
13.588312701622451
13.254403235758774
13.563407687903215
13.249066055202313
13.585468922674462
13.239892117786654
13.559693909249237
13.241739846654706
13.586664256405777
13.239862328594096
13.55411921686704
13.245469028965806
13.58798127831385
13.255733693077978
13.571703619922102
13.245405227122458
13.589547198817728
13.270386453038055
13.575157385817361
13.24999233411058
13.59326504815746
13.286527778522109
13.584191633700526
13.260663902047089
13.602836432762846
13.286586525817826
13.598599396920203
13.273709034403769
13.614061998283375
13.284810049254325
13.596009428240722
13.287656356502316
13.604726600314867
13.288800791138502
13.584676756031657
13.300691170000482
13.60744011091474
13.287954529695128
13.579982751868052
13.30417806656609
13.608293589707305
13.2886483844327
13.588062097577328
13.310748575422158
13.606339713053384
13.298947414438397
13.591770176512563
13.31819912839385
13.603600358801296
13.31483558699829
13.597541018942692
13.312575087213832
13.57809584479547
13.323489250858133
13.586345469216548
13.304450723020807
13.563188378678003
13.314883786657486
13.570164346589973
13.299842263178903
13.5600819672757
13.305888989045966
13.560464452517198
13.290177291752823
13.566659405868652
13.283111745587897
13.56349415127943
13.276903336451293
13.574810662040061
13.267165848467352
13.575395193095682
13.264460133689006
13.569216353590905
13.258044160863445
13.587617089357224
13.248423344258274
13.562903368886646
13.244983402834885
13.584408304976375
13.23876578557094
13.556936672603847
13.242299239550798
13.586091984319163
13.24322792979004
13.558081182053067
13.246998520886358
13.588367818732078
13.261497134870567
13.572776433043922
13.245552177033717
13.590252443975364
13.275914059618872
13.576257241626534
13.252838840341985
13.597029420317817
13.28831463516767
13.59052280996909
13.264960533086636
13.606201989727303
13.284767175775315
13.598503746013172
13.278266547212798
13.612223409317256
13.285522736655343
13.590890419454244
13.292010297040282
13.60415243802054
13.289901924984575
13.582309836229944
13.302226453871418
13.607246690812007
13.286506519350006
13.581325701626005
13.305219783123707
13.608994020851972
13.292206864736823
13.591959555728284
13.314060327823183
13.60630440748863
13.302973025898968
13.592224001698872
13.315637676835703
13.597034578504205
13.321123936647547
13.596277159879918
13.310817417658736
13.571873555484917
13.321001473250515
13.581986165944905
13.302777256176938
13.560166768694412
13.312284665413877
13.564650325327323
13.298063003197587
13.562264976649738
13.300010416176658
13.560723777710768
13.28586316625758
13.568506351876598
13.276377300950331
13.56631632353826
13.272376920598342
13.575744149322178
13.265208909499783
13.581115113696008
13.259443697540094
13.565485819073565
13.253826987127562
13.585680237657407
13.243321745228803
13.563254558349934
13.242658055456344
13.585839183661054
13.23839039425916
13.553672985808515
13.243879928233804
13.586162690901896
13.248389689679486
13.564940301577419
13.245762206211303
13.588227497701133
13.265352648256053
13.574119602687995
13.247646849146257
13.591431671202173
13.281413840169604
13.579812436685383
13.25685252624425
13.600924677028539
13.288224712928827
13.596586632100502
13.269299203712704
13.609840796041153
13.284119635051306
13.598121334785086
13.282741671838012
13.607677044970737
13.286954930337233
13.587007066098744
13.296858081398165
13.606514932724632
13.289121734877307
13.580960079239127
13.303957573960053
13.607035542755689
13.286566136553581
13.583879301394987
13.307476096094
13.608702259204609
13.295843187897429
13.592369517237348
13.31681419845001
13.60500792937798
13.30807387178036
13.594963221089253
13.313761919937294
13.587664782370387
13.324769395643818
13.591687965236327
13.307275517235919
13.56683682952285
13.317267620714219
13.576199930862765
13.301398169562676
13.55899247234669
13.309976965751288
13.561053093175639
13.294476673170793
13.564200832846778
13.291389971654182
13.561631443208839
13.282383807422361
13.572300310533697
13.270980744744143
13.569619092288772
13.26920318783236
13.573628145177729
13.263344274785906
13.587631964756289
13.254840701461287
13.563435261851668
13.249310014794483
13.585444253327205
13.240075466417794
13.56003643840843
13.241613100691094
13.586695088029414
13.239639374080404
13.553843131177521
13.245273195837195
13.58778001023033
13.255130101949009
13.571512645407077
13.245473960549367
13.58939285844468
13.269949233831701
13.57511465197133
13.249770523705804
13.593011997246565
13.286044520572695
13.583747324119418
13.260398597679668
13.60251739407788
13.286813160561625
13.598758235760736
13.27337270103073
13.613746951939453
13.284771799410764
13.596637385526373
13.28722273173035
13.604946162815157
13.288540446335553
13.584872818598742
13.300406181020572
13.607548012392447
13.288015204992536
13.579996549611247
13.304136405324941
13.608138630457958
13.2883006360504
13.587638804140637
13.31049001095519
13.606467411087838
13.298522830878063
13.591820500813247
13.318229717733017
13.603668775848243
13.314101952182307
13.597520656184546
13.312702225046866
13.57879849133421
13.32366561645834
13.586759245023066
13.304664755741685
13.563525022658679
13.314899746216685
13.570713535131455
13.300064559734025
13.559837232623304
13.306161673660121
13.560305728313141
13.29064405384789
13.56652058698368
13.283665773498342
13.563271495736577
13.277395334449245
13.574621409511208
13.26727921829444
13.574825072727393
13.264808768335815
13.569634031951198
13.25835974263892
13.587802931390675
13.248930639998614
13.56290303388235
13.245164775818212
13.584385023974141
13.238742784110345
13.557340281191369
13.242080202150936
13.586099814128328
13.24280370792679
13.557572338323364
13.246934616884781
13.588262736185579
13.261177897147943
13.572753186089935
13.245476651952144
13.590152935657882
13.275351112646218
13.576027630628806
13.25260687716953
13.596569357781922
13.288171682355042
13.589837707205321
13.264560812951453
13.606005892932416
13.28487306248504
13.59852721537733
13.277842946819558
13.612538136441286
13.285372191722093
13.591286576819563
13.291630230038221
13.604078287700194
13.289734673963183
13.58243288683395
13.302131164697078
13.607206247240956
13.28648970191806
13.581105823883815
13.305079748973455
13.608991218866581
13.291742888475087
13.591641661656144
13.31371575368647
13.606302348657579
13.302427851149599
13.592038407169419
13.315866279650344
13.598016541949807
13.32043309757066
13.596723447454266
13.311205270877858
13.572397489665793
13.321055749692126
13.58240857773521
13.302932948486108
13.5603338212279
13.31238696107531
13.565117779536115
13.298460717728045
13.562010683361594
13.300715264148725
13.560773971016577
13.286214325978339
13.56818593924495
13.27679215044338
13.56602323401995
13.272721306903431
13.5758212895925
13.26516794050045
13.580437839831953
13.259940015189024
13.565737881700102
13.25416319801071
13.585749860482714
13.243699655138302
13.563078517982671
13.242725944499803
13.585615352025048
13.23836806218478
13.553789423286478
13.243698948700843
13.586045073221356
13.247837639209791
13.56409249921226
13.245783644906734
13.58825172187444
13.264968988418717
13.573990722246123
13.247371463484257
13.591341875699339
13.28089732579334
13.579487187618588
13.256424144366392
13.600922977341071
13.288287118386535
13.596023818059178
13.268916485418075
13.609448656515994
13.284143331717296
13.598055392914056
13.282381826429848
13.608092072803988
13.286866301734674
13.5872680881147
13.296348159464511
13.606302032592788
13.289300423785349
13.581022857245157
13.30371050587367
13.607094033485305
13.28648208626347
13.583592834443868
13.307188765323943
13.609038206287543
13.295638792712209
13.592364629948746
13.316583962309283
13.605227553119597
13.307515396129384
13.594633198405953
13.313918808718054
13.588526423913995
13.324535674652527
13.592111974797822
13.307595327711288
13.567185523971578
13.317544271451283
13.576705087225013
13.301448678706269
13.55907311129372
13.310372756554425
13.561284446168788
13.294799218274928
13.563992253919329
13.292125516833822
13.561502194636077
13.282768080318329
13.57191568096717
13.27139812224707
13.569201197625741
13.269595070312384
13.57380494957298
13.263722580554232
13.586977363693071
13.25521010737082
13.563534132932116
13.249646434787945
13.585448995300208
13.240270917844017
13.560455565673486
13.241621980014374
13.586744803151252
13.239418312956795
13.55364178976017
13.245169532028509
13.587615251787282
13.254520326924677
13.571259897217356
13.245588524447218
13.589208186876492
13.269509128145089
13.575092818919682
13.249546404092625
13.592800328761669
13.285606533325886
13.583307217763938
13.260085911766684
13.602231421956324
13.287067147394538
13.598917703281248
13.272964898374797
13.613381948293233
13.284691107094423
13.596961806140875
13.286717134733717
13.605106095466763
13.288363107849232
13.584996760291483
13.300069332302165
13.607676266802462
13.288056324347567
13.580034378139992
13.304047506040364
13.608002865078124
13.288046766142063
13.58721523900991
13.310182773885202
13.60661201297977
13.29818826644117
13.59192279101832
13.318093061924275
13.603750311791702
13.313458602701678
13.597529065447914
13.312727468902887
13.579513532179364
13.323854785307745
13.587168330561273
13.30483277136253
13.563827743147364
13.315020311943998
13.571317354507828
13.300249213788149
13.559598152570716
13.306430818194576
13.560202800202065
13.29108527175905
13.566346599007803
13.284342326093856
13.56308284044685
13.277871329959083
13.574449107093164
13.267525047616358
13.574320731032719
13.265150295673688
13.570085221609014
13.25880559663385
13.588056923738318
13.249481408296772
13.562941629899194
13.245463906197918
13.584418140246326
13.2387716269819
13.55742125860204
13.241947117653238
13.586165594041342
13.242434733272441
13.557109278495377
13.246872763575356
13.588217989722052
13.260912616558304
13.572767736095734
13.24539354355318
13.590111057182884
13.27484893415344
13.57583632726091
13.252323114840943
13.596161937993621
13.28805542938759
13.589140028912222
13.264095823664146
13.60585061412658
13.285048591936466
13.598530238604834
13.277349666384492
13.612874782938603
13.285288481610989
13.591673732464614
13.291151752526538
13.604027530627842
13.289649678508408
13.582555658141864
13.30194803535715
13.60712339367529
13.286571495489603
13.580896277369474
13.304879080261676
13.609020135594049
13.291357323561845
13.591338939478769
13.313339032623118
13.606335046231465
13.301980343674513
13.591889309018512
13.316082765232695
13.599033059195095
13.31983809208787
13.597170750446848
13.311544677627488
13.57295098615538
13.32118477438499
13.582854762983665
13.303076190855016
13.560493790233709
13.312580046150643
13.565604363658123
13.298592190241678
13.561708595152554
13.301296245741375
13.560848437000674
13.286566843731173
13.567916637452516
13.277306125248074
13.565761733158148
13.273071026025306
13.57594274483065
13.265224658485371
13.579792094891744
13.260443392905403
13.56605349118027
13.254441049308976
13.58585712033052
13.24406312641254
13.562969712296821
13.242862622223639
13.585422494401621
13.23833209382023
13.553975954697991
13.243549089580652
13.58595868983826
13.247269565837746
13.563310464703994
13.245787612495949
13.588309675549077
13.264566919141313
13.573737330734929
13.247056678171102
13.591293127910463
13.280404087932231
13.57906864148661
13.255951286858487
13.600762385088482
13.288349358878108
13.595492405859448
13.268476771780726
13.609022711984462
13.284191074910783
13.598015578315186
13.281972618957225
13.608526002453072
13.286805069550523
13.587554042772961
13.295803778611877
13.605969857959929
13.289503301647596
13.581111338990464
13.303453170940637
13.607165156867763
13.286416371800819
13.583333908369921
13.306896655880768
13.60926611477162
13.295437936185944
13.592403598998537
13.316346057124386
13.605456645604582
13.306946408909234
13.594347027000792
13.31406115023951
13.58935338764932
13.32424875870741
13.592576294903067
13.307893904844978
13.567544853338877
13.317787666921937
13.577251822174302
13.301499565446493
13.55917249343118
13.31045788161346
13.561557361273696
13.29508994214494
13.56380197906071
13.292804658260529
13.561265437457656
13.283039489961325
13.5715401227726
13.271756569622763
13.568835010900095
13.26978988257607
13.574001711860273
13.263864354596192
13.58633544733557
13.255555392251049
13.563649685144796
13.249918937319112
13.585509359598966
13.240490298535438
13.560897253068672
13.24156560839768
13.586630866250854
13.239230484497108
13.553467717145718
13.244995798237557
13.587327844089938
13.253862042893825
13.570904538237423
13.245633849562715
13.588968254621022
13.269081334574565
13.57495917743831
13.249254918298485
13.592616337393483
13.285128366343177
13.582890797349329
13.259726430832947
13.60196608724491
13.287313089017465
13.599000668101057
13.27253297910134
13.612997303461807
13.28458925912969
13.597272888253837
13.286207618047753
13.605254835694426
13.28817676865251
13.585137616246703
13.299731890269216
13.60765031157529
13.288105583554687
13.580087667717958
13.30399361199568
13.607811508895537
13.28781218006703
13.586803851720614
13.309938504985274
13.606789807727196
13.297872381598847
13.592029309580091
13.318038516475406
13.603860932430502
13.312831135137541
13.59741088282365
13.312848957856273
13.580258161899518
13.323975641951378
13.587587978204187
13.305101783929473
13.564172726386673
13.315150053791069
13.571905960229637
13.300530892270373
13.55939650367968
13.306701100843087
13.560116628356383
13.291579624181452
13.566210649855023
13.285015835725165
13.562883023177502
13.278422730982502
13.57431721018598
13.267760884006437
13.573837062289416
13.265553237473336
13.5705826525755
13.25923285031981
13.58832495213636
13.250054329922463
13.563027279605816
13.245739602252122
13.584468510754837
13.238805611128685
13.557531297826639
13.241783973902777
13.586241367947693
13.242051401375386
13.556691516247142
13.246774423126473
13.58818092183661
13.260579284284898
13.572767486850836
13.245277077236322
13.5900843409251
13.274299603419077
13.575678307245743
13.25200808382868
13.595768626146588
13.287922895947833
13.588468542561786
13.26360120889307
13.605606022946327
13.285194377893417
13.598443053661786
13.276839260789899
13.61324012122956
13.28519267892287
13.592083048037402
13.290707101263928
13.604001302824768
13.289560377929925
13.582700259937795
13.301819219434838
13.607063383685455
13.286661691844065
13.580712753925479
13.304732976670067
13.609074036631789
13.290959451273563
13.591012849698513
13.312995140452188
13.60629760311462
13.30155583290703
13.591767565086723
13.31631754082787
13.599872024105132
13.319278820819855
13.597413770717962
13.311694366290846
13.573526978615062
13.321364063474146
13.583336394303723
13.303268249855499
13.56068563850375
13.312832628197347
13.566145084116858
13.298715137672648
13.561430379453265
13.30181121937255
13.560919708811142
13.286957793111897
13.567673365590155
13.277894343956023
13.56554896063611
13.273465349568749
13.57583757924042
13.265359843382509
13.579195135538715
13.26098975962777
13.566401855624163
13.254774432061474
13.586012698927842
13.24449186658609
13.56289852553202
13.24303792334555
13.585201868007593
13.238351215871653
13.554206281101914
13.243480058484831
13.585908748161613
13.246741229499037
13.562566197305815
13.24586944046797
13.588298312336464
13.264186231697463
13.573512428403687
13.246821750686692
13.591243715052405
13.279906215771025
13.57863115554027
13.255552367857163
13.600618502296488
13.2884121780371
13.594979408639896
13.268031041004496
13.608583032264013
13.284219642836526
13.598000102435597
13.28163948897245
13.608996518281742
13.286693473173527
13.587864770514383
13.295289890956154
13.605657041610256
13.289711096326592
13.581229152769074
13.303249881167257
13.607279152976103
13.28637334485111
13.583103820909235
13.306645831893631
13.609465626469738
13.295114747145155
13.592449540949055
13.316136694958548
13.605721338465035
13.30642427039856
13.594077251340503
13.314225862735565
13.590220638180654
13.32402874182354
13.593056802813324
13.308217722782564
13.567958430612535
13.318105137006214
13.577824602109022
13.301591060868931
13.559274340607534
13.31059696265426
13.561871420684641
13.295416129953272
13.563661672350353
13.293575731582772
13.561067247761285
13.283357970511634
13.571217485966494
13.272212539841055
13.568503597919692
13.270036222762894
13.574253609693686
13.264100156298701
13.585713493785097
13.255950119081444
13.563823090324266
13.250290068372028
13.585607499434433
13.240733711623713
13.561401181604952
13.241607981370645
13.586518673333334
13.239050592651585
13.553351419300897
13.2449179702424
13.58706935460548
13.253162091665475
13.570463868699731
13.245768719546408
13.588767116167515
13.268636941397785
13.574862682682078
13.249051472974392
13.592465882737057
13.284682956767838
13.582488976162006
13.259444437305282
13.601735884961288
13.287556509064236
13.599097719796898
13.272159482449176
13.612639856328496
13.284496879502486
13.597609157546817
13.285751806775576
13.605431544351337
13.288000108093447
13.58531067884649
13.29946969724221
13.607636459194499
13.288173110608346
13.580182769172543
13.303984450741144
13.607610294968671
13.287604621003364
13.58642148625094
13.309701917718767
13.60698113267372
13.297587087591978
13.59209480656412
13.317959413755382
13.60399618913943
13.312240935567408
13.59722756500254
13.312930079862872
13.581031205383526
13.324148209579478
13.588050548801949
