19.288593694487208
19.17468645236821
19.18834404529207
19.10844243044233
19.08489637586009
19.05588521233573
18.98668989753753
18.95828007759529
18.916747611723267
18.90643402941333
18.81611477201946
18.848113984951443
18.763988163057817
18.807668161344985
18.726390629668686
18.737299927611602
18.63863089840385
18.67156925177704
18.567342753414696
18.5814881881127
18.497390220896385
18.499369321310162
18.463916921032506
18.404700051186424
18.374478415890824
18.32633466818357
18.26487166769587
18.251512725065883
18.178433250152537
18.190819800598934
18.11893758464242
18.096995226046072
18.07918254912285
18.05858470373071
17.99870561781055
17.962984997200643
17.92215215769909
17.927921788398514
17.84300506561576
17.843463077073043
17.71013653870356
17.72198019546277
17.651650464037758
17.61318946233831
17.574418327102656
17.527892927254758
17.52444276221623
17.459662386553834
17.473693177927498
17.438224284337
17.347213410953266
17.317910764466408
17.246687879564977
17.21557560225746
17.13988793404244
17.10217632749852
17.0421526789421
16.984391598386814
16.937026255507398
16.85492362585602
16.866228741456073
16.757499034824995
16.735454621683978
16.687586134624564
16.629862223596195
16.573558346062512
16.51679247529498
16.48018741072258
16.493668163754986
16.433410649926394
16.389983253843692
16.269654507128465
16.232478432708664
16.16316064056496
16.143756860421107
16.053853482906433
16.056176806770228
16.053715543240745
15.92816797893817
15.995297596923281
15.841487055216353
15.871994759004952
15.7140077371497
15.699010363855173
15.586311414366888
15.556840368603714
15.436429373560424
15.363449100722248
15.269507785207258
15.217201423277485
15.198761632550216
15.146279938001474
15.128305256892942
15.03282482313931
14.988473087351721
14.897125797891663
14.859627084246416
14.747808767080489
14.669439251148539
14.601268917425816
14.52894695624421
14.47324109218661
14.41035934740245
14.33439689401303
14.20436567679598
14.17460538903876
14.099291484075996
14.065391073350971
14.013676721803568
14.001713512546242
13.935356478705998
13.880584875839174
13.815485397904723
13.77408888624136
13.655193899472646
13.594061822869888
13.439237399093866
13.396815451758425
13.34338419730919
13.277680691396895
13.240580358590964
13.085678527951599
13.014018908538741
12.867218222856595
12.850986046804783
12.802959362917306
12.706996777589806
12.621137636861802
12.536767604923927
12.386124190002569
12.303171029613452
12.268684193010303
12.266363983202762
12.19171642577093
12.035238879359058
12.001759211781469
11.899071956008402
11.85069977227103
11.735508822752424
11.662864165233154
11.573089017726659
11.560570929684141
11.444017194226722
11.353146353063096
11.321732790958338
11.282857153857043
11.118505424320531
11.001948470583557
10.914057238413537
10.775667895343215
10.744185374070637
10.590274122338805
10.512883012397388
10.426417489549188
10.27510893558324
10.14188525090413
10.043290260199983
9.93586041636179
9.882427700804236
9.785356471152582
9.674855694823814
9.488606098305858
9.470852568312424
9.330147020880013
9.266865032790996
9.230138145983839
9.10474809006387
9.045547662351108
8.871254180246162
8.808928319689983
8.676814058379957
8.559744242665083
8.452134988096738
8.3422408474322
8.239714562355852
8.146751599208056
8.01290746163473
7.9821900211658114
7.854353869161165
7.743786937513175
7.616776455005805
7.581421620429559
7.4157398853125605
7.299513238260652
7.2223355698511815
7.1750278423744325
6.987441365102553
6.851087868489689
6.690656381373386
6.667703210483009
6.60350591544242
6.5324860992588345
6.424000665869995
6.260057258685463
6.252096286582477
6.163450288125976
6.098872251691181
6.025790534478567
5.858709248015438
5.85876198858569
5.745318169561175
5.587335933653586
5.582921417713656
5.452750837519536
5.458185400858882
5.331991420797305
5.255869603051779
5.1567343562727395
5.112903178736588
4.984789120283532
4.990133835619273
4.878742578583077
4.866599317610511
4.769613926053012
4.763319939826811
4.715344962189569
4.7043667514390375
4.619226821275718
4.543150045342912
4.481893896359431
4.499724088573532
4.29769931543471
4.279751836429268
4.285497609373988
4.23562083720735
4.207103305604639
4.117934025302231
4.0954020057996114
4.054706850932302
4.038238587337625
3.9501883175872727
3.998510863633534
3.88653519973707
3.9017250644885033
3.8027299262666623
3.8158075932682127
3.7319203246314534
3.794871603097618
3.753931336611613
3.67309383997894
3.7193115184695453
3.699572590647079
3.5942432738321024
3.5426613232800204
3.518062263903553
3.486078550048157
3.5624188008449793
3.460137919841503
3.4936919646329834
3.4845738269792146
3.4913567580669005
3.469003057469434
3.450517229435351
3.4165574311973543
3.3825259844284616
3.333102347075324
3.3689418538705063
3.3374626163294363
3.325051847399194
3.3062906385788127
3.3109346666034942
3.2978410527887903
3.2781148127610336
3.2735639000058847
3.267836827729872
3.2734876736839618
3.2663314936472356
3.318124258443835
3.2396702784572176
3.311322578646286
3.2594687458192184
3.257786824849601
3.250717276220905
3.241108218400655
3.1708846979820304
3.2402328364173614
3.2468078311212176
3.200925495815442
3.2414189770082085
3.200597829404795
3.2283368802707026
3.148056516544677
3.226323262080815
3.1768023804920897
3.1602824212292173
3.2527485497568396
3.147574028067679
3.175645001767017
3.105550689606587
3.152048437668296
3.192978764517093
3.1418745525313687
3.1765196643540166
3.1462198245496507
3.184265580054463
3.1039677042878835
3.1577199167652803
3.176148685932938
3.129593760873592
3.193521369825725
3.1507486721600295
3.1108257742536067
3.1535940575199346
3.121857035870165
3.1922667450583786
3.119886027396766
3.080835283457723
3.200838997406035
3.12443902654914
3.1634400703722454
3.0765658894009866
3.0878491107694805
3.1164002209161676
3.133354956609775
3.113956847422683
3.094369815536742
3.1476208915368202
3.1525583904033505
3.10629539639201
3.180637646155235
3.0871777097551205
3.1454143716503156
3.070060156116838
3.088542344161744
3.1093777413042067
3.024343887471834
3.1192592856091177
3.1025130856822765
3.0890407389528973
3.161823267936321
3.064064443131509
3.065023357720707
3.089116851714763
3.0799070898645686
3.1004773835632933
3.1277155808764716
3.0967421718131107
3.0786946594649116
3.0574154952967665
3.153502055002864
3.117259562051295
3.123291308504184
3.0852597547986744
3.058569543846441
3.073002783459548
3.0593590407907483
3.1114842801632316
3.083782874645097
3.088433887784549
3.1078439105215714
3.053475573716715
3.102846431785042
3.0551082075301395
3.0995177721688196
3.037295214957973
3.1258237973246894
3.054876478761726
3.1293210970710805
3.0449925038559478
3.041209303202174
3.052684096908134
3.0320077954735387
3.0620871291432508
3.0726175811174117
3.0554265175964215
3.0852889704434805
3.091636187967929
3.041989472331724
3.0620196822451926
3.0077466692440664
3.0529645781410517
3.021423046707814
3.0242047060161568
3.032352599134861
3.0288235555790517
3.0720015623416983
3.04864019981681
3.0451194533208144
3.037386411061398
3.048392523165838
3.0024973112405466
3.0694872685328294
2.96115940568837
3.0315433420855333
3.1053777974995267
3.0547179529548987
3.06714575572396
3.0521148938476803
3.025763509198924
3.0688028117394195
3.0467947161117968
3.0441623981519843
3.0857623575688864
3.0595695837615113
3.027304592863672
3.0506363643807313
3.105332837254746
3.008959070753849
3.0709955749215196
2.9971444171637587
3.0614429980015685
3.096386301029447
2.9986157370439717
3.080037370983232
2.9842803729793053
3.0961978493957534
2.9587365153648233
3.0700361257959146
2.960374516190038
3.075960875864469
3.0013448487315886
2.9682170465717306
3.0504223568795124
3.045074287117732
3.004465664372321
2.977658763961584
3.030905278914707
3.0896703194621233
3.0258789507248944
2.9956605726147436
3.1244559313996163
3.051405216096025
3.057548937014692
3.0874660812646666
3.083174381194601
3.0326950657684373
3.0405389406761483
3.048587988201401
2.960749670708121
3.0349520644003385
3.029902085290061
2.992304085342961
3.0016185224615315
3.07850813270903
3.0451285424697705
2.957712440526831
2.9934885671205858
3.023494408078645
3.011215358451457
3.0340615457431834
3.0574971719284236
3.0072348231045263
3.003954362061505
3.0499126444177045
3.035362778851317
3.027817646448276
2.9938346706840204
2.9978797468785396
3.0519027977211644
3.050273791652586
2.9845852037427587
3.069076023576428
2.949890519681046
3.000407697821643
3.020807229467899
3.0307511387720365
3.0509447285693776
3.05005238558366
3.0051494277222126
3.062788115947375
2.934230708545036
3.0430840200264124
3.0541710325823046
2.9978954563427065
2.9523214344033035
3.056492767735693
3.060855580725742
3.010281905565341
3.0584273289743806
3.056032727171854
2.9933455178143196
3.0046742717752375
3.001259195722078
3.025856057042968
3.0589079596310857
3.017211266140011
3.1030634106166155
2.9782220208136088
3.004495771466686
3.004296519583296
2.9541233006675762
3.009947683176928
3.0438686873801792
3.0162482239292223
2.9644973559107863
2.979285455790447
3.01372488460451
2.9939755987784413
3.0144730835028817
3.0663457420589086
3.03268423801705
3.0522129762512042
2.9597936091244037
3.0307583934168334
2.9666169200577097
3.031404214843001
2.986949569685124
2.9960367673033104
3.0194978823802576
3.054683579633927
2.9593148068226953
3.011260962471582
3.0321616550843498
3.025061904877903
2.9854314577619254
3.014444571698207
3.0461885879729818
3.030909577933185
3.0312467887469374
2.997429032867394
3.0318412412339115
3.03687424553087
2.950620630171533
3.0489640550892725
3.0064610087141608
2.967288253148911
3.057609699449481
3.0151841896612805
2.9922578798071244
3.0207421879945264
2.976892467284837
2.993597984141458
2.9683494773924166
3.0017735926563938
2.9353322711929573
3.000340283550576
3.006495559093419
2.9982667201832847
3.0643955827261404
3.0213613713207277
3.025335396162292
2.9981830412510533
3.0347462372485743
2.986059155639441
2.939388407283154
2.995607026246716
3.12191955261266
3.0720077781032082
3.0113496492630234
2.9956188308384375
2.9995223966930413
3.041176078899188
2.9591095639957743
2.9839546458389417
2.9866222936077844
3.030632729985932
2.9692157443062275
3.009943939966965
2.978393898693243
3.0318219974622878
2.9845294388627446
2.9876593840163763
3.052972149963391
2.915874032875747
2.9857210725471894
3.0329907015600086
2.964006428803093
2.9616243876806014
2.9898109862900397
2.999378954537988
2.9976971400605956
2.9958293669703986
3.036272285559779
3.053764153409192
2.9614315685429538
2.99494052333223
2.995074113711896
2.962218387889792
2.997406535730869
2.9185656792472554
2.9901661282787133
2.9499224660261745
2.9720045342084958
2.9780109641961667
3.0385035734271946
2.938673960857772
3.09027448280361
3.0068168630977294
3.0046992256548704
2.961036256217168
2.981269305146204
3.028819083737785
2.9953042309732307
3.045711321004942
2.981234028092847
3.003880884329186
3.0282528819524677
3.0028171155761343
3.0274251008812096
2.946112665464126
2.990613290367241
3.060022519348593
2.982878443856354
3.0019406772088764
2.962022540428653
3.0042499983106254
2.9433265553849046
2.993701113579691
3.00118337705632
3.0073348091083107
2.9956183019275775
2.992161842803449
2.9947735953128856
2.9605909176587666
3.0332672597817125
2.9842115216819463
2.9799176362271096
3.003246972004404
2.95532211837691
2.981172383586614
3.0094415767713345
2.9969898325203905
2.9125905213205696
3.0325388170782444
2.9645472075202943
3.009044507329002
2.971562981230879
2.9197107565750575
2.927175299598504
2.9312651723765204
2.987962634329973
2.967053820823201
3.0150087183221044
3.000399676491606
2.994518857915536
3.050030810916347
3.0049090226665043
3.0022757921604057
3.0232151850680156
2.976024436982945
3.0286522457366982
3.001313307314921
2.9320403177143857
2.996015833022172
3.003845725854457
3.0452690497234243
3.0229622716505657
2.9915776842506947
2.9337697515873042
2.9968807768830255
2.9768359022048916
3.025099744018757
3.044396130162121
2.9745587905035036
3.033524066705224
2.90610853916543
2.9874288617590112
2.9669891418192247
2.950435456193702
2.9821650493271923
2.990839361956475
3.01969115986021
3.0170927711377886
3.042581374285437
2.987356538125673
2.951615035964205
2.9340791233360717
2.984027847000507
2.993084542154572
2.9747132070016553
2.9846609755056126
2.9671767916797194
2.9976432353013145
2.9913266951131368
2.9960320850097695
2.991438691714733
2.996694331712646
2.9974698952989884
2.910740357010024
3.0238969950852517
2.990839301855031
2.958086615189132
2.9286590537268484
3.0259653847672237
3.033707406923711
3.0118791015723843
3.0183144901721746
3.0057690915829296
3.008122232144513
2.9402642709196867
2.9830930904337207
2.987073919545029
3.001290094527368
3.0204943470888703
2.957293962929001
3.007630397158496
2.9921288169461353
3.033955935164121
2.9865572678145154
3.044940137248079
2.9148712789433655
3.016627378500225
2.978672888978504
3.0262023311225232
2.95893811944923
3.0065169747994673
2.9712527017297012
2.9743134505990634
2.9770363514331515
3.009562910860029
2.955666020866163
2.9721149843497594
3.0051300661435456
2.9762753968403017
2.9082247365461513
3.0029846412844625
2.957635884530025
3.014423021676923
3.0055796803404538
2.977559853587621
2.9736575931814486
2.9898560292218317
3.0062826681110764
2.9773677502784923
2.9984233393738586
3.0342872959291687
3.005141479423678
2.9828663613099207
2.988933102567012
3.0087925738804615
2.961027216805514
2.9740744981376976
2.983857734013784
2.9921447924718327
2.9755500679299822
2.9812202252549516
2.961475905396482
3.0088958397609082
3.0291496149158386
2.9832656936530197
2.9784119096561286
2.995044655492389
2.9637290971282915
2.9695080279836934
2.9711371860879803
3.0041148172011507
2.9386398396900253
2.9853314849389276
2.9611803381736466
2.970698995438789
2.9704253703072805
2.918497367851778
2.990158883790546
3.021044118274246
2.950359396849317
2.9661947166493707
3.021491486017995
2.9641580155530662
3.005307645489694
2.970265510013749
2.939323241924085
2.989327521105586
2.985234154452929
3.061223785928725
2.9277824445479745
2.8977526502406294
2.934140609313723
2.993238524359165
3.011546153676976
2.931204911812732
2.9940261885299746
2.999668812036911
3.0005635110336044
3.023119067584158
3.01981582696403
3.0644038819229773
3.014046108281218
3.016401495193255
2.9886763088161428
2.9884067646538
2.9876723012492907
2.9532038899192243
2.950260283738552
2.969777015744856
3.0184954423047383
3.031613785282614
2.979925773066788
2.9882645533385537
3.01681090546491
2.978240899806817
2.9943731692331284
2.979492056436822
2.947670445170782
2.9873069180210945
3.017513460254822
3.067288346705939
3.004233647179712
3.0255320890081725
3.008518519431437
3.031081771295574
2.9645111947527285
2.967494257159236
3.026578572355369
2.9804991514541013
2.9672053850171705
2.9697098866308007
2.974755864785279
3.006086659726095
3.0203858834218877
2.942356363911064
3.027789615821176
3.002952169544309
2.9771435429020023
2.978042065355058
2.9602346843244116
2.950553536030606
2.994466114184393
2.941376940479819
2.963877474226318
2.9506636328561915
2.965062725805234
2.943053229617731
2.9658756118776397
3.0043176532074067
3.01040024029881
3.0150753666726624
2.992551044682652
2.9321656941419763
3.0142482903898973
2.937565384320479
3.0081827256073552
2.9465302778562945
2.9951322209506723
3.0288274434807425
2.9798377057241985
2.9300400729833265
2.956155380372195
2.9006480748209222
3.0248167372075554
2.973338172242181
3.0110893634649245
3.011943270762382
3.012129547532815
2.9309834981470417
2.94252090284588
2.9984101874088447
2.983307496943508
2.9348027387870284
2.9898752179052788
2.982586077165321
2.969478432434254
2.9252458946140494
3.0809557062923427
2.965883698457795
3.004502895608256
2.965194626672874
2.99898741805513
3.0388954552359926
2.9766464775210824
2.9720463263905943
3.040410334320365
2.9977229899667743
3.1259171943844626
2.9750283360578713
2.940441807296218
2.9706259119579324
2.9822113550304117
2.9967624718887436
3.055210144497954
2.963463238912659
3.0179936944128234
2.970969412128692
2.9226708007626074
2.9778231642455006
2.995383013403507
2.961730296170615
2.99355486754697
2.9384355150226193
3.0028514018914247
2.957401775125741
3.0487021252403763
2.9726811629070005
3.043343695043265
2.9518983875776175
3.062575176420095
2.953653496765115
2.9868361128261043
3.010615995440225
2.9174051913155004
2.9525515515943423
2.974271631668652
2.950613671573947
3.0472231678689963
3.018382295418844
2.9509068536950407
3.0563065968688807
2.950262293389375
2.9833122761866147
2.975035531773224
2.9739600914117648
2.96404945490968
2.923301519457353
3.007482706090535
2.9892101050639632
3.0189581080542784
2.9452710258987733
2.898629477076071
2.979572672862877
2.9491747522596086
2.979691000206144
2.9561082068691005
2.9915207161301343
2.9806320472796495
2.9815388076722034
2.9810685064714972
2.95235519093256
2.9861976157097567
2.9837262452164293
2.9650461195000157
2.996983352123318
2.949691690470185
2.9363399378030604
2.980374706401582
3.002969098279311
2.9885774575919455
2.9218630239667434
2.978568244288135
2.9889531403914646
2.9256985550863193
2.956201856016908
2.9389626579142467
2.9284199852620842
2.903704971259357
2.9399201894250497
2.9690022433947156
2.964741476505955
2.979644070624334
3.01011502650869
2.9577554048919152
3.018247569408512
3.0430190167358675
2.991811221334052
2.978133676278808
2.9856489802815016
2.970744734264371
2.9395646905535906
2.9535356380047713
2.9649531681057724
2.944919677255616
3.0175684516224237
2.9767351590173203
2.982551794284333
2.9765313507334197
2.983504051639529
2.926068302601597
2.9822036553685263
2.930013819314263
2.9269996896325385
3.00513033721613
2.964005921559758
2.969501896127538
2.923823960620318
2.976854695921695
2.986292548669617
2.9888463852920295
2.922556193494866
3.0044166760461444
3.0110368906705824
3.0534991779742944
2.983237783211782
2.93946982948978
2.97773972317303
3.010114532662912
3.01545243657262
2.9390240564739853
2.9315238302454647
2.985504703377358
2.9474873061685263
3.0040448915309006
2.9843023265554858
2.987987774541545
2.9274248910049985
3.0221885864081064
2.892586781654558
2.9950434916683775
3.0310254513939396
2.971911121197497
2.960469669834588
2.9991885392186033
3.0071239478656286
2.9821998636531792
3.0166286134236597
3.008187536027526
2.941355394826887
2.9829240875279894
2.963191214664078
3.0214947919194883
2.981164447073058
2.989583871312857
2.9905688884264245
2.96340830974279
3.023363679332052
2.9921761782265253
2.946574853895827
2.9859938079457553
2.9836420666654706
2.974895788363659
2.9604868548594743
2.982082316464142
2.9589813285336595
2.9781900520139892
2.928605180062718
3.006391727562688
3.012323006225668
3.0352046969662965
2.9817524566437266
2.940515877581924
2.90063042312285
2.972406524468029
2.9438288398524226
2.9456377167809205
2.987000190822406
2.9484688437596027
3.0066286069566566
2.9878469574995843
2.978010957002179
2.927611629582653
3.026376533135942
2.951305819456087
2.989311875392708
3.0308494474420216
2.959095660787522
2.884218611487892
2.965300056502818
3.042666873393806
2.909892213566491
2.99311828366945
2.892643035707783
2.960783492633675
2.9714234141304163
2.995948608840015
2.946129257235943
2.8704454973452065
2.9460001609793105
2.955153848374645
2.9960002181513885
3.0069532974007163
2.944991674524812
2.9996970885963603
2.9373569043375287
2.971734327862988
2.940747916029126
3.0270934966101204
2.97294952501438
2.985957684737331
2.970211031841349
2.9255228439867746
2.9934395048725286
3.0446350054033404
2.982244804213946
2.999777580924752
2.9759959998383825
3.00099305498014
2.988819683439729
2.9228780086500232
2.929999226780125
2.9391735854954195
2.9297217705610166
2.9979295252418603
2.955220088990257
2.985925105966938
2.9340279130229767
3.000297758103788
2.9535457375915755
2.98153693235062
2.95068081316121
2.951585443987043
3.0265394971923993
2.972835788520467
3.0534881727420102
2.9757528347679587
2.968453157472149
2.9672726651166372
2.9746810717942194
3.0539401737117173
2.96747381830337
3.021852159608985
3.0041980941219872
2.9096280920679125
2.9616204941113535
2.993148072552585
2.950658243413665
3.01102361666784
2.914676687051825
3.0150998499067643
3.018005039016338
2.9837201096928703
2.9776150573733338
2.976390500682303
2.9719836296916236
2.9187328239125354
2.9209233344278367
3.017436469940482
2.9777736892116566
2.9667444743811435
3.0192351984619292
2.9826413071551467
2.9792799970312993
3.0009083834307178
2.990359748647786
2.9602933523927235
3.064990810941186
2.9862589881902415
3.0200792898949653
2.929255332178496
2.98657899591301
2.924184147786229
2.955794104376799
2.977567633227087
2.9938337629330127
3.0002540287151147
3.0387491445540635
2.9793349955451403
2.9991222425231947
3.0076668382406297
2.950806847768757
2.9416385770690976
2.968017685944644
3.0197406735963015
2.9910434822774032
2.948563882886807
2.959457881758128
2.9635181291410158
2.9719906395601123
3.00084193878382
2.961468000736095
2.949676337020522
3.0245397453736524
2.9870558231415982
2.9809254351357017
3.00912218358985
2.9632326716198985
3.0044683340519893
3.036656989366547
2.9777856671578298
2.998326515442454
2.964590576144958
2.9997259910448544
2.982434300175243
3.045401973866928
2.893082316990694
2.9535228079107543
2.9898088424458473
2.9406875422579897
2.949943830328021
2.9818258508259876
2.979476239039264
2.9921284003271045
2.921587242693324
2.972211481169843
2.969115818614393
2.985910504925524
2.955554719912221
2.9752021646715754
2.9555102583887525
2.941287528795598
2.9287120393674773
3.0052659025156743
2.992307785730888
2.989520773445331
3.0034356542846767
2.873674818866508
2.988861127197114
2.973886320383545
2.9535626102395156
2.9609409096209354
2.9797161114719515
2.973305254312365
3.0552994864298095
2.928378734716209
2.9637397887246246
2.89349557079805
2.9726469057003255
2.909526987720591
2.935294141856468
2.957270592137461
2.9164535591447582
3.022923290355065
2.9216220378168622
2.9477443873951064
2.9214102990290765
2.9382915150540194
2.9404893117716346
2.987957768441284
2.978759576438906
3.0290086785187955
2.9980806201664563
2.970257128103572
2.9678278157918188
2.9341710155850613
2.9860660182874743
2.9480453046228408
2.9395585774709905
2.9356553528592424
2.955668503097877
3.0029083117411393
2.9814698811975884
2.994561326774971
2.9930386130420987
2.9866385981781116
2.97386789749912
3.003693784069087
2.9973158794345953
2.9865752747785854
2.916815810278654
2.9838954116958836
3.013158678571358
2.9311877384602956
2.960257955685527
2.986333652689705
2.975759217989645
2.9857323934570625
2.999469243316133
2.928935462839032
3.0132824940328256
2.970780572768308
2.957081382059498
2.933726795005476
2.9594742965557828
2.965664161535027
2.9794167101650464
2.962499613476724
2.9582595785816137
2.9686370978294248
3.004680590696827
2.883410310917979
2.9964140230332363
2.925708327303143
2.958288696492267
3.0070152202146763
2.9383796836097082
2.95314043790886
3.0029183905462316
3.0392100020215254
2.9458518781635483
2.914599845392723
2.9989917034811886
2.949624682439509
2.970564277875433
2.962849573248815
2.9664742658505747
2.9843012334880883
2.9846403431818636
3.0017277706356924
2.9845342328677993
2.949301298976924
2.992369051398765
2.931773524908062
2.9028723488109405
2.96562388571588
2.9070011965015308
2.9432010622406977
2.9803674964604485
2.8833475940127635
3.0082757664192017
2.9261999885649734
2.960620968342031
2.9384094098128184
2.953172264998997
2.955322818693941
2.9558241340242026
2.914934786328975
2.9920589057904516
2.9033126692158455
2.9434200865426785
2.9897679783962996
2.994503495694596
2.931098920806666
2.993662745732397
2.985510756641727
2.928957695849388
2.9364488110595137
2.9579994698647285
2.9944948459549146
2.9221101523877038
3.0384037021962276
2.9613698755751927
2.9969454172380487
2.949639859891059
2.9841692146870904
2.915275211909619
2.949137692092724
2.9650334324119174
2.8941788434439073
2.9140724998687024
2.950756211466084
2.9786524459348125
2.9488563451598107
2.9508589234296445
2.955124108217674
2.9605334990426377
2.962542613565825
2.951979288500232
2.9459000788221243
2.9439843102310195
2.947172446207485
2.948267167395398
3.0098895748087586
2.918289471342737
2.9293380679506065
2.9585911816824604
2.9619381445524646
2.9016778421915856
2.9710104947178437
3.0028177272189787
2.9504870945437958
2.9414777527430553
2.9685849791452625
2.973014245998147
2.9112713178616167
2.9356301113742496
2.931624532757949
3.036589200814749
2.9421633578051902
2.9221961358868676
2.9142912965980794
2.8811046019100996
2.889805322704795
2.9829942456974
2.965098780039336
2.895286370821936
2.9450903666301453
2.933087132347477
2.9577798429769815
2.944260397036128
2.9768674075471626
2.9349989598112165
2.9480066667906364
2.965711923998115
2.9146691023791202
2.915712689616206
2.948857528139583
2.928297216371603
2.8967284717853916
2.9048863379737733
2.9409368727242606
2.9122465727031135
2.9541009423948132
2.905777349753379
2.968704331753676
2.898554984512768
2.9478698848609954
2.9643218816691133
2.967024898665707
2.97398598130686
2.8958082575338246
2.9662113035583104
2.9912677347983587
2.9445572718589124
2.9063180274247844
2.8885470101728496
2.9304229770855224
2.971282660149447
2.991681940194055
2.972640474725967
2.9470778981105865
3.0083453963426225
2.939743324809429
3.0206391460638025
2.9554633857666106
2.9459369303385836
2.9158193182234813
2.909576097272024
2.9853777510184614
2.9520218848903
2.938949285390439
2.955949728577674
2.917397270192686
2.9042280206189064
2.9566699039045923
2.943762278515573
2.925762181494682
3.0018454725726356
2.9733931056556324
2.9392991740787
2.915804917123097
2.9144943428253898
2.867147606352064
2.8897739272974197
2.910869779539571
2.948218147684047
2.9144879639198944
2.9379051968031296
2.9123526714327004
2.915101761021894
3.01505882327452
3.0100310862565074
2.943866267699575
3.000505958072473
2.963013979473142
2.9337747277745274
2.9211679693419415
2.9512130357320308
3.022189128540915
2.922763278259326
2.952576426269615
2.9251762884696606
2.933676416349974
2.8936963100032074
2.8967530261197063
2.988054425484706
2.962281575186736
2.9433005970614246
2.922316786951181
2.955836682789843
2.9314061255500246
2.9415191629361606
2.919446982618707
2.9415556698026974
2.914674537697598
2.974416574735486
2.902194916702155
2.8642605607207057
2.900636211156749
2.934606864913017
2.921784728340258
2.9307169559850865
2.9556847676835742
2.9142558322663903
2.9061280931673323
2.973658359167253
2.9981218863862282
2.9126162966164073
2.948084422330749
2.909801995704248
2.961074668138879
2.955525196557181
3.0129944414837757
2.846620963526517
2.98336764757197
2.9824018204944993
2.9170144366952244
2.8918929905607675
2.9325671676406673
2.883559942029749
2.898365129099639
2.9605849988069988
2.986888190985179
2.955081443210626
2.891575230799752
2.9290506437059776
2.889148027981087
3.0029798363406655
2.917684732378604
2.9122483348503323
2.9040377540372426
3.0160264528372442
2.95379754527075
3.000792530388308
2.994550710591873
2.932733579742643
2.862824006671287
3.021408748886935
2.897655985125785
2.961680287642818
2.9267350358075257
2.9634095250910297
2.988567119255002
2.933825738644099
2.9425571183055026
2.893316809563234
2.9167316061115027
2.936846649800865
2.9693128103644777
2.977794252162832
2.942682097296645
2.919894259005618
2.9021975799473383
2.9213090434349143
2.927054357400076
2.959405286226907
2.924279079172137
2.8889632214562897
2.942258895657793
2.9412062437595985
2.9671457372994463
2.8927306893263642
2.947908339373335
2.932633305871204
2.8994409375015198
2.9103549186971724
2.965306660566194
2.9109552356310826
2.9890523530854716
2.930755672978623
2.89282936081894
2.8763690011394103
2.9176230101986778
2.9397134716395104
2.9178496609275526
2.9341979134023224
2.911996434259485
2.9412123020654515
2.969552094141079
3.0044568172318553
2.9699368494381178
2.953832765629761
2.9781829405941886
2.958878307219183
2.912985765327657
2.9150262229969113
2.901563045571326
2.9529137571071598
2.887675022747605
2.887434080630082
2.9439165829652465
2.9446173989893003
2.935727802438152
2.9270760552335715
2.911124655242621
2.919540259072359
2.9265310445021955
2.868171679952363
2.9059432318018708
2.9789850520209606
2.946766414599852
2.9260141796263226
2.990707801874309
2.9404996794235423
2.961206170503563
2.878752652890226
2.991506708581767
2.9730081528522954
3.0109480735696827
2.921514880035989
2.9532759784905918
2.9051552141591865
2.886196716287142
3.0054750645392208
2.9126112548907854
2.967097476522177
2.9534938654128973
2.909542571075337
2.9777406493882332
3.0129802516884068
2.9394612593432803
2.9375783526463493
2.937860623816527
2.898768595070521
2.957498483488975
2.9787692821050786
2.9604599097991042
2.9704330796814045
2.938672853607181
2.9470961446401334
2.8996267190668825
2.9354762464082818
2.943276801944318
3.0105113297426103
2.9578939947244183
2.9659634135308606
2.9272611225739795
2.9763203089862915
2.945210893836736
2.9174420634647427
2.8720397693504776
2.9022180588493733
2.971221979848565
2.9378330947184566
2.984494258263506
3.0096149788589766
2.9710594681419993
2.985789208406346
2.9229824493226895
2.93690968466784
2.9350680777909712
2.9902334379439983
2.8849634072500354
2.993292436547046
2.969795122311911
2.93604485084405
2.966049903764009
2.979466291419205
2.9753505678748016
2.972801952133634
2.9277801895769935
2.941997558015181
2.941305251873988
2.9246155705363046
2.942899042766759
2.9771367716453168
2.9745345546245843
2.873805113207179
3.0110745733498896
3.010681509410109
2.9630842185466384
2.949260969195604
2.898808911402047
2.923683777242009
2.9188852592277015
2.9063870941786214
2.9130679240693045
2.9395585154266013
2.9362759732306634
2.8687034658771986
2.894759838878256
2.9231439618840733
2.914716933039847
2.9400039714743085
2.9417429074648314
2.9715486790436425
2.953832011941155
2.912822067162653
2.8638058626493295
2.9300530888614986
2.938650603755259
2.9158480523554946
2.8579360042578066
2.9698970857284084
2.9120768253676284
2.924564237191884
2.911065389104391
2.9144011376403665
2.9816660443633807
2.9652889288298123
2.9719372893321685
2.947134170065695
2.9261341660952387
2.9134610821012723
2.962302841484352
2.9286033405623417
2.9528299310674417
2.944085278199558
2.91130683919469
2.9615065230688797
2.9119334451513814
2.9339725080495893
2.920818153247147
2.9389550316062065
2.925891775993735
2.883182925480753
2.9431963999135564
2.9548447902991004
2.9405065134490584
2.929889477933213
2.941429154519544
2.940089859264787
2.931885526143263
2.9251961789887737
2.9716316135113847
2.9966750157905815
2.980372635067868
2.944964337732124
2.9184534477860513
2.9512605943075965
2.9126001114093465
2.9043514754598676
2.9298145626176906
3.025211749823728
2.948871779732831
2.991432204013507
2.9192140337890278
2.9635566649588383
2.9801360807726445
2.9251391800034483
2.9262001798847916
2.9052656957391436
2.960420909328783
2.9525883145196476
2.9017536384916665
2.9229856429572365
2.994094149000257
2.9342661072989897
2.8991786841540113
2.9133090010494582
2.973089817945769
2.9127400537887542
2.990844680107568
2.8682622604545847
2.8982990493838607
3.002204214802693
2.933521074011561
2.9435129139437657
2.9462654603341822
2.9980629199570386
2.92154036008327
2.858976342591324
2.9750686182402246
2.8993702406270803
2.9710077699340984
2.9871010115453585
2.939068438334046
2.9912426973942807
2.9429083816598727
2.958206633045984
2.980552617785989
2.9843366778451257
2.9189775097050314
2.9564027320387325
2.906454562477554
2.927231300235499
2.95481167210219
2.9889149987685175
2.914739270638532
2.932466565130786
3.0187948913859204
2.9811661537503276
2.9818877705267184
2.886879581480695
2.862090417827149
2.91640975605115
2.936460543501956
2.930484365170533
2.879213510622218
2.9685688419715985
2.956061472956282
2.9197521253943823
2.94246912305994
2.9204922018589636
2.9164673536648533
2.9283977542504336
2.9461854645079746
2.87920297260205
2.963769905835791
2.9704942006105437
2.9637683585800265
2.9030289747572886
2.9212894869216646
2.944580742446011
2.9767448401090677
2.9458613514603242
2.9309307588346885
2.9491437522659854
2.8825057980045004
2.9659639720496727
2.9446410776748557
2.954416185313533
2.8949414796747712
2.938538986466213
2.9259665711035545
2.9475528952833807
2.9764893843888878
2.9545650329059945
3.0049933849241657
2.9631869610086543
2.950468492623219
2.94250020013847
2.8902234166860064
2.932567575273417
2.9398573744963534
2.871766117277356
2.9701627541203464
2.951482142726402
2.944702647175272
3.004637099464244
2.9381248960195108
2.934296210144515
2.9445201146099547
2.9508568369628105
2.990935840108079
2.9519126205534962
2.9665716849914747
2.9156201545359814
2.923259052329259
2.9220489777786485
2.9593129893228096
2.970854649387267
2.964729319662441
2.966434810552464
2.9752371337327026
2.988215200155371
2.9828284579744637
2.9074981533050055
2.9036748636818266
2.914702139643815
2.926604706140997
2.961243948013432
2.9523446261166613
3.00404740395427
2.9105900016483366
2.886340436130614
2.9305817193300134
2.9326023590687513
2.913856418843384
2.892398674901436
2.953792086044104
3.003251199981901
2.9254690949540403
2.918839857950345
2.9314369745480073
2.9967033393480733
2.9327814788729096
2.9087661800003404
2.939377627917417
2.9926308156712094
2.934009428825649
2.9511446969700734
2.868032073371281
2.912368106082985
2.9137454055173277
2.938059237137175
2.979795685377691
2.9579553231756237
2.941139460435793
2.938645739456977
2.9631501318590323
2.9690897825075186
2.914039721803728
2.919507944449231
2.9543075827123046
2.8109546144653894
2.96295918704318
2.9304560311835286
2.9197994964879617
2.9483966029678648
2.932348653172763
2.955548842303422
2.949139984571551
2.892073342275035
2.9871749854822767
2.93922770687482
2.8856914101614604
2.931605792558893
2.9364570250891138
2.883835086172969
2.9904056475217358
2.955638605911318
3.0140834784837938
2.947376000706485
3.003849089597812
2.9807782565649443
2.921591786922119
3.0067114021365997
2.9173820378521897
2.9459485296469934
2.9396818062492716
2.9783926071339657
2.9717772388508004
2.907590315746271
2.9361453154980253
2.9434166844680316
2.9257404459362304
2.916321622413695
3.036482510724978
2.9036351022164486
2.9824926151170064
2.9364750319205606
2.96743333845616
2.9379469150502846
2.911782324369469
2.857869735995442
2.8723719896238236
2.9201995362486537
2.9428511035385077
2.9115736191910377
2.913669170230274
2.917257907434695
2.9205158265402327
2.9301850218096512
2.955858699973762
2.9300360875775433
3.0087416581476982
2.9710805359974803
2.942283411291404
2.938589004748043
2.9170732181719643
2.9139777306474133
2.9866080049585877
2.940578739649651
2.9019541417376846
3.028907997902259
2.933229171047375
2.9520106447961805
2.909343656459627
2.929061855757294
2.979774048713274
2.9362613199141596
2.9597700490731103
2.9736508578526415
2.972271736076708
2.9433803883879897
2.946506448306317
2.9194151533852892
2.949606516235503
2.965924002123944
2.987079938080348
2.967246933993757
2.9242195575555217
2.917579216613388
2.9511189694625717
2.930212251315938
2.966501691737355
2.9628031022807346
2.9304698349757285
2.9719963098438855
2.898486905489296
2.929569574475559
2.9865477209831655
2.88656941489334
2.907337441933417
2.9712994167916094
2.917565896146833
2.9816616224080144
2.9507401680994736
2.9026354669937744
2.9405192817992285
3.023423249963213
2.917277377606987
2.920671420977107
2.9013766037289557
2.9353207383985165
2.961646262714404
2.960432731403555
2.9010298745670404
2.9321738087476685
2.9175152947860394
2.8847890756652412
2.91599424703645
2.9216335427704463
2.8839400150774397
2.9208798216080627
2.9718869213115546
2.8856177148914997
2.9808563175764307
2.9827949699083645
2.9192650949665984
2.883086575249514
2.9078371419911497
2.9097958688678354
2.9762968582875065
2.9433554652353027
2.898733352026548
2.878262361955851
2.9882415318411195
2.9615597690091984
2.9786213872033978
2.9999902940860688
2.9507773865879714
2.827919894960655
2.884109023693435
2.917454578220215
2.9593658474134252
2.894563620626706
2.9370387807882095
2.8957966714587275
2.9451411093921775
2.916452785322628
2.9226166691091713
2.916450477826105
2.9488513642862935
2.976504599478563
2.9300887213475897
2.9572489405075215
2.957613199486258
2.9084677632139515
2.9336051065399005
2.979529026340453
3.0104882425541213
2.9430104281595373
2.9710882669872043
2.979963365441106
2.9453226663460703
2.871471672445715
2.8653324730631877
3.013775088925168
2.994989232953187
2.859753322836732
2.929065825477989
2.9824919395777387
2.940267613012983
2.990648892964446
3.007324400085053
2.9555094087937075
2.9771778748444104
2.8991031011823356
2.950081432470743
2.938613176036146
2.9885000821456766
3.0280290853811493
2.891870805850513
3.006758146333086
2.947830439204473
2.929630647283162
2.865047778920938
2.941753689375015
2.9545554642758454
2.789105122169475
2.868856442732888
2.9539311735901257
2.904855829090501
2.855298757246063
2.9722157064326393
2.978814815888299
2.920221450879487
2.8902032844889822
2.881917856637116
3.0014407102957676
2.8994280660340173
2.9753958982982556
2.9405910746021653
2.9596496287878753
2.980981103616642
2.859843613435719
2.916002365585331
2.9695971288469396
2.9369425856620217
2.945823782163601
2.97122669044739
2.9124095939146866
2.9572603300802007
3.027986597331108
2.9278803470475103
2.934894574249815
2.954072252298296
2.8830692560723374
2.93602186437111
2.945830290335934
2.9954234879013826
2.948449060973664
2.8709999754694198
2.9594364205317145
2.9305071025304223
2.977027160957388
2.9653575244461816
2.88457261326575
2.96802011010703
2.9163416707196235
2.9740068670989164
2.9903352084041877
2.935207947954181
2.948078835076932
2.955218555592074
2.8615831102139384
2.899775822390121
2.8999239374422676
3.0034870318799527
2.944040996265306
2.909435139934928
2.985955093010402
2.9407515206230124
2.9331594826461793
2.880181441239049
2.959775519032921
2.9970305152125953
2.930554130708254
2.959348726972115
2.93027070897743
2.9317036804334298
2.946430160179925
2.8951710772358057
2.8667070554939365
2.9517244308538775
2.889765515550883
2.8940962771084244
3.0094009156512507
2.9153773916343515
2.9035408546927552
2.8969829602829726
2.943394540842276
2.9378863078790536
2.870840832410889
2.9013875352974665
2.931728570899603
2.8866597758507684
2.926009364937071
2.8971922456669037
2.9392281503391664
2.9347609581532454
2.9614493984715398
2.927287706175004
2.972975432774254
2.9367300349623573
2.934637939760185
2.887664415397949
2.98843456973851
2.9692292325565046
2.9432730733305243
2.8838243003597475
2.912510517819448
2.9434191396226916
2.929245443472258
2.9640778147292437
2.848798168650477
2.94677403003601
2.9694818127956144
2.926491013698319
2.913703532947573
2.9241907706780164
2.9843538308803366
2.913426816557323
2.911742544298101
2.9443677476202046
2.9424775878622453
2.9062696438937334
2.9113356675023363
2.9964978666552677
2.9364767303714254
2.871605045366852
2.924818892852215
2.9569362771019834
2.891284190301772
2.941049010636715
2.8980385516942127
2.9408728815619325
2.9506715464887527
2.928485817133187
2.947851491582931
2.923130285265331
2.9544939096333147
2.902917063844224
2.93969652399314
2.8842425184636618
2.9489218572236506
2.98726385512892
2.939378721961092
2.9169039993686168
2.9185124922271277
2.9658604629514036
2.9480005127661166
2.9557419410129535
2.954844512031567
2.956815279613527
2.921383295801005
2.9244681055957398
2.93802544712038
2.951846623473901
2.918408042330249
2.941032001316965
2.8777714510639845
2.8734002974807002
2.9714836776426927
2.995151639923476
2.962583341385032
2.986011537647634
2.9028025132716087
2.886988793710259
2.9386650916266217
2.8984689237657957
2.9264178153771425
2.9172861764227878
2.940397010632219
2.9540372174960723
2.9924861198616295
2.9908919589595424
2.901259591850364
2.9570043579794953
2.91148626647826
2.952377502393635
2.945964264842788
2.952882528008473
2.9975188047347094
2.907172808744157
2.905394180518048
2.9418057436970844
2.9140820230180378
2.9323587125589183
2.9645233540487648
2.92559372211089
2.9793731530656173
2.9174191651187504
2.960076544873484
2.8546890777666194
2.9116104427035614
2.8437963781056648
2.9559534649817114
2.8855480656994636
2.926469928647788
2.912721246780075
2.9295741499244143
2.9441062278599426
2.927459016793183
2.9568990179113346
2.9845995179330616
2.944649225982359
2.9707115715893524
2.9130005299594224
2.926596957101948
2.954123578349147
2.9313354356541126
2.9606459617696688
2.9144726301903385
2.913094124849057
2.9304736024297853
3.0004421396653096
2.9303888824092885
2.9549199491877527
2.9728592574622335
2.9046394806491507
2.886849367212702
2.904229836851898
2.912137899942945
2.917838471870386
2.885568686728835
2.9437624015900767
2.9066567055585413
2.8987148665685494
2.967530578444488
2.9257743664142253
2.916043095844771
2.9314569090628995
2.9915990938204433
2.870523862051679
2.9415205274913925
2.9210049530863005
2.9345857840377416
2.9724192374341527
2.9042201934309735
2.9738285153784334
2.909949545250566
2.897211263169042
2.9225925458922455
2.8706317637275367
2.8768841172778643
2.9426501876193054
2.9127924009484345
2.9486379147780184
2.921573472440255
2.9586321492609753
2.9684572265632156
2.9589690306769
2.9598208999615236
2.9436779108265037
2.999249037722982
2.9053268234971257
2.8556195236160535
2.9383171923803593
2.9600023388608223
2.885103949739146
2.9515880268946844
2.9167117764390658
2.967798149236305
2.950425669316748
2.930286406539306
2.9570495509275028
2.897234613144035
2.9028666991091625
2.9594914554560634
2.9459460020654555
2.969656089544998
3.003086111613169
2.9627532304289126
2.947260784723002
2.942664919124682
2.9134104451749447
2.9046699229586523
2.8694521168183367
2.8973808053152794
2.8596849763685994
2.9293372531319033
2.9384523598100323
2.9896012647475705
2.968864910186315
2.9352497208785384
2.932063924927569
2.928806508341315
2.9149886793301603
2.948020293172988
2.906434938213958
2.9579186168786062
2.9883133587480444
2.9607635338162575
2.928019876702292
2.945820192612002
2.9901481872638973
2.950077475602725
2.972206764225712
3.0046553600444184
2.910439310244151
2.921638355490565
2.939835616197624
2.956696634173721
3.0180987119133516
2.992075019733581
2.9001186104142445
2.930172361220529
2.9853780094961038
2.9749256761571043
2.92285266612095
2.943818210296716
2.9100183200140646
3.01752137102869
2.932661408892931
2.903767482610997
2.945084867301267
2.9623221938841633
2.9455020039779574
2.9079617879657675
2.9813881764366927
2.957798098700652
2.8879191602278595
2.895243694443444
2.976419754920466
2.898316135162498
2.920421783794662
2.9063675582521933
2.9477833524017125
2.842760485750431
2.92385508479165
2.899095730891251
2.8931792745173883
2.948566989047871
2.828017251914293
2.984791334679297
2.927942625705673
2.849535730780833
2.977277863919998
2.952907176164551
2.9325277806751022
2.8765054570021524
2.898627891578432
2.951252636197862
2.9230598204552445
2.8674756659838527
2.943152157421689
2.9741775514905355
2.926221324205604
2.9027618274999996
2.96645527383605
2.905598465742808
2.8922642950642845
2.9323008589525643
2.981519564168414
2.936977130187529
2.9261660491691424
2.9095990251371933
2.8971097014862095
2.8412173072437517
2.9242994487082177
2.9225844276075628
2.9486188532645046
2.9280732561077416
2.9034002592608905
2.91119325988453
2.96466999428961
2.9508592399656592
2.895358524810458
2.9457708573248236
2.946951376013507
2.916616985994216
3.025063953367121
2.86301414372313
2.8919960155042226
2.947711708423563
2.925262921956692
2.9704448351112043
2.8898870440960125
2.906506706529015
2.984086183261202
2.9362887271946487
2.8747753068138797
2.916507103071376
2.924178745166603
2.926430009159095
2.936246029080043
2.9356033306158955
2.9112553063421656
2.9496650031237635
2.913322704110141
2.874466318772253
2.8874248912133766
2.909352353474678
2.975391670673906
2.8613033944249997
2.9402186819992586
2.9530339457760078
2.9159723871785443
2.896696143444265
2.92172033614858
2.905697392420723
2.9335462123451648
2.81696781704528
2.95901115647385
2.9177758697432905
2.912583523753674
2.8904194092429814
2.902583472122182
2.933654736210746
2.854471944983194
2.8465515068490643
2.8483580920579565
2.858217789934061
2.892993137912393
2.8641393928038057
2.89778265724479
2.9540761194796135
2.9600508743383482
2.938764898287712
2.902923311460786
2.9390144945724157
2.957460525172468
2.9535450275634174
2.9593693195801873
2.9440329371238425
2.9945579368794446
2.896589500594454
2.979571190377106
3.0242726755846876
2.9931775005815204
2.9665015182183003
2.9571629782901825
2.9211717334493814
2.9301013730321017
2.9405153068230288
2.9186563346358114
2.9429311956134545
2.9707851813311525
2.9436551749522453
2.922323666826174
2.9459047717038307
2.9373845577076914
2.8972580321072448
2.8925886295458914
2.926695968597307
2.859053034058541
2.9801677427628337
2.938381361764668
2.935172369597127
2.912530740083221
2.933953457978922
2.9670376590058787
2.9295820854517545
2.975107226775361
2.8914436596732376
2.9381211875801023
2.9703363658188455
2.9132032683318383
2.9908266131093635
2.862404889708823
2.8633956128824325
2.9007241260084444
2.954444546139606
2.93016398681122
2.943696434514584
2.8966012039411795
2.967706763732758
3.0054395584561493
2.962251281408463
2.969602859917604
2.945720220181638
2.948759213558986
2.9127667209513946
2.9805259860954356
2.9444235621071324
2.9547857787668765
2.9272931337455224
2.9775980128954496
2.865053207399163
2.9744906898766597
2.958274542578087
2.9521762469493256
2.8627596719631527
2.9280298892615844
2.9717873474739873
2.9736980050604425
2.8944621934482155
2.922361742249653
2.899772367402346
2.941289660153306
2.908248663509973
2.9472567764496342
2.9448285890181007
2.9136804939340206
2.9556435918057353
2.9202938066172877
2.891792630574711
2.9413293303519876
2.887869048399749
2.9261022590607055
2.935358786503632
2.9178767364568237
2.859161903387355
2.9389062571024276
2.942177237617972
2.903677286372096
2.920423459402479
2.9007791538065604
2.9401883735125978
2.8137930861271934
2.9428691151385102
2.868018061189029
2.959333452960152
2.975629102658418
2.9871563029379047
2.9115011154696133
2.99561055994297
2.9102790817649256
3.0149006632389304
2.9013645470516827
2.9001214787940857
2.912793615305652
2.9333472342431683
2.9176811859709315
2.954618018743074
2.8924736420090995
2.9715556470875693
2.9582036050372102
2.9338589515208024
2.8860327856626977
2.98130422445381
2.98038829395623
2.9186862844166397
2.9777859425191116
2.946668248816356
2.9364836156222616
2.9405296543501804
2.9108416422512065
2.964478181671643
2.912554337180771
3.007069067136965
2.9399056674465522
2.96216799845136
2.941875194273417
2.9302305340169923
2.9807999697914687
2.9041155901656612
2.9525022670224286
2.941190799851045
2.9303766240689804
2.918413817599358
2.9026603950569307
2.89062828751148
2.9591410124471493
2.9582078339640807
2.9423438005401925
2.9084936465258195
2.93689384358632
2.8936075144759785
2.866233268857385
2.9477863641295006
2.9275391562214144
2.9396855884528432
2.9348942814447603
2.915266704578737
2.9059363651548273
2.967003570155163
2.900493380691084
2.848685576265184
2.953230290230352
2.906948095533727
2.9363951076662578
2.918774979954726
2.9525145491630154
2.9217726400266
2.928611239211253
2.9213108594648953
2.96624958938061
2.9300743747378823
2.9083636541398614
2.8799174965256706
2.9506412561103965
2.947699406346151
2.936677669088274
2.9519212613861026
2.9024675960635267
2.9313693587687024
2.8435003198642645
2.954647372637194
2.93479587193257
2.8881570959774736
2.8954118681570327
2.951239832894501
2.8984323472314895
2.9341531799148726
2.9204223009011097
3.0043364860246475
2.9255234136243917
2.9125320779977355
2.985125897380501
2.8847207142492217
2.935358007240478
2.896076420563309
2.909639765054877
2.9488166839607004
2.967600949531486
2.9177753884985087
2.9486470523266575
2.950776073655823
2.92695423713501
2.863830677551297
2.957276321108004
2.905182071326181
3.0560270735494526
2.910448029201411
2.927096968395676
2.939291370527121
2.956887234726705
2.9165274198410325
2.9214959583866924
2.893035041849295
2.8888141015953748
2.9149036444852148
2.963394169777156
2.901127484256304
2.90982781662129
2.9053364595178466
2.897088998445226
2.9380378355527057
2.922985793823145
2.9758801217214463
2.9672853296356445
2.9739914776452574
2.9113545425091196
2.8854820541184356
2.9369152122271434
2.9548785510662228
2.869442744607424
2.913688771447222
2.895429483750286
2.9474008012825927
2.920404644546675
2.960000117093079
2.903986474357896
2.928501634326195
2.9322220285823257
2.9264819060567806
2.8989335032638865
2.9425595159343416
2.873979572064173
2.931268752513686
2.997336236543266
2.9039568067783863
2.9398879450375355
2.9163768176622558
2.8967782489118075
2.9530459393514548
2.874425852153944
2.9386555023129253
2.8955056406703914
2.946421329757651
2.906353961085471
2.958329707233905
2.948754996034786
2.945288232603217
2.911713161196406
2.9834016485163053
2.8826636750783163
2.9431468561723606
2.9296085191338572
2.9683584297532852
2.965789336620018
2.849944022924256
2.911621234006084
2.9028054833187293
2.9373170443974126
2.900563569746557
2.970742835643946
2.8706836533093494
2.9445238293880234
2.9178361353436486
2.997142789237572
2.956280849795471
2.9694928890290893
2.9618720274876007
2.8969487688508315
2.864653729014546
2.9189628508041223
2.961824157343024
2.962163220955045
2.9308837197116944
2.8962902226093927
2.974656659761766
2.9271701666646757
2.920399673737466
2.9893646929268187
2.8312568455922142
2.915841629613517
2.9012158597771713
2.938281860862538
2.945428433932169
2.95508247057899
2.934715101818784
2.9635165877388077
2.9048569606849717
2.988939049834904
2.9164307402498286
2.9419111137088487
2.9206918220573286
2.9145894647002017
2.935039780418278
2.894592438935146
2.90311181021575
2.8582463166527794
2.9230192074378567
2.8104482878442694
2.9453752292254047
2.941793032822806
2.964894406335321
2.8998429172314615
2.9201070862821195
2.948950297878713
2.9138642688093426
2.9055336653394455
2.9239618224256936
2.919083648413922
2.9245790100263234
2.976184686528585
2.8322581429645304
2.9400564667824947
2.8908138360766222
2.9305155062523984
2.91902162673618
2.893022053606254
2.924905470225057
2.980642954822323
2.9303736023927236
2.8767004641493776
2.9342082594049366
3.0015845535298302
2.9519114695030226
2.9246637361369148
2.8981247981895617
2.92430609347617
2.8998613156705675
2.9425248344791575
2.934223031620582
2.8979415650834164
2.9321041997399475
2.9360574373148904
2.893663568983612
2.9686458294131097
2.9353168152286804
2.9597075392722747
2.8819621663543846
2.953149981072231
2.9146273274214956
2.936808189209009
2.959330384404135
2.9459171119437615
2.8910964849949123
2.931405922495143
2.9835241946989544
2.92589394307621
2.940996733243439
2.9603022127858503
2.9043458651717518
2.8938029443229136
2.935380039562211
2.9579832919072198
2.9099654634690455
2.940789903962629
2.952096513498966
2.9169539590520452
2.8926876493869798
2.971421149059228
2.9110191352477948
2.946920781137417
2.901973290695933
2.8262061671183307
2.9644811022167925
2.984519646413471
2.941296287760527
2.9451015151887034
2.9091141502464195
2.953532600140201
2.9428814464695763
2.874308967320404
2.8727475159908065
2.9823249953820126
2.953804799519861
2.9065419745636913
2.9237926990286587
2.9291055611719092
2.9382398566866197
2.9207176687751684
2.914972236806885
2.8718423526854027
2.946283947841791
2.902716541706008
2.9552002888807
2.8807863593260916
2.8961906366441403
2.959460109161153
2.8601834107216724
2.9500429825345935
2.9057166318660785
2.93491544805189
2.851978724605432
2.8622277132071585
2.8837243266440655
2.9679336907896396
2.918087095717297
2.936082051197223
2.9484108654577206
2.9369950571338306
2.916175765910167
2.9943842709202864
2.8608878519572185
2.9666363376002796
2.928096996950464
2.9474756259276718
2.9075801334840947
2.9493867094353248
2.9237167968070197
2.937912659785759
2.9282236087906064
2.9661937832552097
2.838436080488226
2.8543264649751174
2.9275607965206607
2.889914717946392
2.897549647596465
2.924204129370667
2.927514723594596
2.8941691826085307
2.8613303750756667
2.9113102203259733
2.928917455177234
2.919639822204417
2.935781332759794
2.8791100109717367
2.8925617130050854
2.9461057857786264
2.9062837817821277
2.945083466064561
2.897318221756023
2.9178464393365022
2.9383807892812848
2.970872170076045
2.9341962097659366
2.9057628405076863
2.8705055371259283
2.9460686839411516
2.863012532243042
2.8617426579377008
2.9412387679176426
2.956745612608542
2.9774215495599057
2.9607597264996097
2.989604517793296
2.983860494433268
2.904457979903849
2.907502273630893
2.9704757339518744
2.9439390888098664
2.884949104384517
2.906373194161945
3.0042841605452906
2.908022233675206
2.894171373734965
2.924443549418696
2.9478726715942667
2.9472667497279805
2.970917532866521
2.9243190737083307
2.965584526977366
2.9257274684722083
2.965084117492115
2.981004012271603
2.875188007403367
2.9548264520097884
2.9211378461974564
2.9688406230362094
2.946226701659973
2.977555113260454
2.970425102032142
2.9798309736894915
2.8387693799526055
2.9117090041891758
2.975447622146591
2.992459765706674
2.900696142399364
2.9706236154741155
2.9371327471537767
2.9729517355544823
2.848634032882708
3.006744276278596
2.9341027791901295
2.959967518325932
2.914383517727277
2.961427863359529
3.0005060694767924
2.8999820276037935
2.8610139315630314
2.872442059430704
2.928296912886706
2.924648549072486
2.935250496153203
2.9157700709228735
2.941923600008434
2.923743281131741
2.935338051085974
2.9349500510156368
2.9325422990250525
2.972839699923692
2.921580523864926
2.953804527120032
2.9371512084072693
2.9021633266444944
2.920656092306101
2.9306659742664007
2.9751645977080194
2.918817121365025
2.840217534189835
2.9067773434467417
2.8946741391452955
2.9483659218194065
2.914622084436474
2.900924477355902
2.881587752824809
2.9445726297107377
2.9298972540631385
2.934033925284917
2.9093288863846904
2.9495781823651708
2.903349848290919
2.940323369373906
2.893025648946846
2.910001500570131
2.9497445615700775
2.989592854678502
2.9325461031540656
2.8701776557019527
2.886907669699335
2.9434857722492933
2.970298513879473
3.011504390118994
2.918294485639415
2.939556670777577
2.913640679173847
2.942111338088012
2.8993133176067505
2.928650024765442
2.9978928342638196
2.8933820272922097
2.910297922982056
2.9639811308726434
2.8818078859133083
2.961080964173419
2.8649263147462496
2.935894176398829
2.921399782328425
2.93132765772167
2.9406753979599722
2.907452266823334
2.920723152523935
2.932086710834125
2.928036899815713
2.9103838356293035
2.921913307494591
2.9304994306785233
2.916306885636703
2.9441291341397604
2.932473719781967
2.9488880133664463
2.926607574527025
2.942104835649167
2.930542185397333
2.962954115070584
2.8739197753808248
2.9716322763039433
2.924470711534702
2.928609781025542
2.9926834014319357
2.9760867753580125
2.9482490287842493
2.8782970677505078
2.8929085111290425
2.931023882240659
2.9520634331235347
2.907317438590391
2.991776509077543
2.9387516020256985
2.923390405440798
2.902252302171098
2.8876140980887057
2.8745861136861794
2.899455354338836
2.9645122006288878
2.8936791176675714
2.9999445281118686
2.9228323198045385
2.8685570663512805
2.9024626577765598
2.9591103573783455
2.9346456685310303
2.9092449627834838
2.927206675087245
2.9175653224796227
2.9071713473742764
2.962064253771536
2.9246519818042263
2.9666075016220397
2.910701552291519
2.9433406989940294
2.982304071353904
2.9891275303989273
2.9353179968251832
2.9450431365840597
2.854020121341603
2.970814969691981
2.9088263049932324
2.992582860304688
2.9367012842320266
2.963491777980534
2.8993005889045707
2.955989447660476
2.9486387589363217
2.903067410252554
2.916505856872665
2.9204287564364573
2.9016579737143635
2.892488047525368
2.9365728572303373
2.8477759247933174
2.8911355170716924
2.9210994515083253
2.940178353224423
2.922759075212269
2.882467234355745
2.933466455305665
2.9213324686894744
2.877693580711842
2.861955147428232
2.930477780077464
2.9006414465253587
2.883136800484283
2.972728374053534
2.909930010610587
2.9303386179121134
2.865786700352751
2.9460275689293742
2.9423431534838995
2.8982583752581834
2.9435622956654
2.903140328088076
2.825149074448565
2.9647133496046885
2.92679854548786
2.9164064941306562
2.917224645318799
2.9391155199786185
2.8687369455837284
2.9211331933976115
2.9139216810912636
2.9067136428532425
2.9561220188426285
2.904419950818782
2.9755401908371315
2.902136128559827
2.9657241397788705
2.870306782900893
2.9309669987461793
2.9555559970263015
2.8905119086516526
2.9424095486650774
2.9248679656189474
2.9055366281941226
2.944143634370081
2.9555357912688884
2.895247833047555
2.9153942329154936
2.8759672785726633
2.945162783226362
2.9533391623906597
2.949440206201631
2.912416007914134
2.9579480963706097
2.9098455116600888
2.9355165117021005
2.934809570644516
2.87872175020829
2.9736785204807266
2.9244976334977504
2.9607288718329436
2.832634891307323
2.9369470916186953
2.9690306475117594
2.8525543840375946
2.926205286393505
2.898377257007389
2.965636308838411
2.8575215787361112
2.8826486552192785
2.9420764876066747
2.905505722623698
2.902205731816672
2.9186958056405636
2.9223562566364247
2.920762968626479
2.9079413741050084
2.968504203188208
2.91845572199612
2.9533512132415796
2.993212454934881
2.9636015474589623
2.8828970031211534
2.925034641169425
2.8131886382008564
2.982291023933605
2.8555883539232667
2.883612255316834
2.97751444028563
2.931403227708531
2.9310636336995506
2.915877001567116
2.8605910663381873
2.8918180198717454
2.8693474553754603
2.9379902489874796
2.876729710713912
2.937151043864532
2.918303503997585
2.9480805969216437
2.9442371147323434
2.9060367445513404
2.9255250170973053
2.9380034123764416
2.9116355095918935
2.993655268509608
2.937988827990823
2.9096580467270514
2.918928689915951
2.9454675331278137
2.8808397711429174
2.8626708853273324
2.8910729929477714
2.935189899374946
2.944758565498126
2.9637932579641877
2.86655197660859
2.946474607499465
2.916906477990495
2.9513301225078927
2.9349788309879052
2.8578308889969537
2.911495041722313
2.9611684499574955
2.886294221343067
2.9587780365329466
2.9669426655984723
2.902226033304748
2.911857362522929
2.964805307739583
2.9255470051534265
2.9068585716499658
2.909672275726713
2.9244500609205444
2.9009099819089883
2.8173129268535297
2.879890259377621
2.890522346380488
2.9791164447936214
2.9045702990441313
2.925695026077995
2.9112214525523283
2.911170860874188
2.917626676200651
2.8873817214409803
2.927940698083009
2.9033386705927646
2.944141051302763
2.9495439305926925
2.9326321188876427
2.90091612498344
2.9554043114485733
3.0035807792475326
2.912201292620232
2.991472437995766
2.9469652259085586
2.8657179267130055
2.9184856219506905
2.9492117062564067
2.9216663312771574
2.9078405112646544
2.9430076584246976
2.8906129383345154
2.8891900518093925
2.9182521967926687
2.94356145250196
2.9567808333499372
2.8918780118524694
2.8877205477746055
2.872789932598674
2.8998879889915927
2.909132531016679
2.9200962456456674
2.8742163934255363
2.914978047587774
2.949332837512346
2.9168934522376744
2.9228471905416593
2.885594802414971
2.882392965542602
2.9125860551241587
2.937654939171907
2.9746668678761456
2.9379665631920706
2.8859854773767717
2.9528214776393464
2.913106873728188
2.9138988352781814
2.92591897021763
2.9709868824142505
2.9389823756047124
2.915178662823584
2.9669333431373337
2.832995535939465
2.9198300975758946
2.8874796631908857
2.9122647436612468
2.9550798803594565
2.8997649441761455
2.9332784516502546
2.958426659878673
2.809261215243395
2.896168474593632
2.8849509528026323
2.922410966775215
2.9341675057488907
2.8997736299617047
2.9965681171575183
2.87909995264201
2.9264318833149727
2.845230140568984
2.928874106273167
2.8462316745774823
2.9633782677794396
2.9912831967839013
2.86907677424094
2.9053617493799613
2.8397477919539176
2.991587947846135
2.9246721725422553
2.940047145613613
2.942559090245249
2.890549353927919
2.97032318711908
2.970650732245649
2.9141019533618078
2.923103983254717
2.9096815323494196
2.889273852033752
2.9412280748327517
2.9664045575371425
2.9304125726719055
2.993593073278459
2.9435130046271047
2.930797570618108
2.9545085496905807
2.9177454548967034
2.928208666313672
2.9377770172016433
2.9517261951479474
2.8949467832117497
2.9285068706422357
2.9707335862602045
2.9861659773033145
2.93611750442566
2.885405803196373
2.9385227880079845
2.9312965193493294
2.9133640950462674
2.8783704895900106
2.882775713679314
2.9263392553101646
2.8748389125884026
2.8963274556004235
2.9075318378372312
2.9317936077822497
2.93341822151703
2.960723926965709
2.9333885374156896
2.950952690969312
2.9308371679340794
2.9294680277990484
2.948790114470129
2.8501340135114406
2.890570986650799
2.98354219059627
2.928282857044456
2.8980242277358967
2.9282214984448127
2.914748052565433
2.9444947047533776
2.8958332714152335
2.899624907660359
2.945265937714812
2.959216413943285
2.884017302748581
2.8997095077591446
2.8116562035857076
2.8957208278223385
2.9356516316877403
2.902364549932632
2.9094417442028346
2.9467143925247963
2.9335139655485
2.9252241019532654
2.9147187931085927
2.9126823510482867
2.9629594475814027
2.9568314444176376
2.967152463492175
2.89080816999928
2.907643889528073
2.913742858326426
2.9227974881677876
2.911605010499523
2.920473245909048
2.867229459429297
2.9509881164417746
2.9171444318756587
2.8944529425897447
2.9342715392889276
2.9213591144360485
2.964751696167072
2.913828165177589
2.9342250617064813
2.9654099514994394
2.945765439917365
2.9488537071458163
2.888868009657768
2.9228588698523943
2.921372765634537
2.948040579843276
2.9807710074572564
2.9693520903069976
2.9557938922571276
2.933461288978682
2.923488369083324
2.9844561796428275
2.900063022133577
3.039043547487945
2.906778785242436
2.9353290877133196
2.8629145163590533
2.9278047357521353
2.939102298982888
2.925937014158253
2.9493764254037873
2.915902961554931
2.929667036078369
2.9427096515120006
2.9374497159419453
2.9726734651782425
2.890192401512511
2.9164774353826153
2.9371404746937357
2.9675261393728554
2.8859751127912525
2.9051046950807646
2.9075952614635803
2.883607718726372
2.966596772903499
2.9274637819349585
2.9294512651670623
2.891276300897092
2.8851254060210323
2.873386663480382
2.9774431957912992
2.9039113806310923
2.927215129143769
2.902647754673496
2.9149989010758066
2.8890734092510875
2.879235747917884
2.826402207279027
2.9509423612857155
2.8733723230638235
2.9414775038013845
2.9238658667316275
2.8283055928590226
2.876471835535684
2.9831963373091552
2.919458942206146
2.9392890550132122
2.933672879293914
2.9365232973324034
2.9940367823062988
2.9864768532075034
2.824224539766147
2.9428201586124585
2.9006211793294665
2.868588606354206
2.8413996400438086
2.8990044921438054
2.9013541984556093
2.921866895918249
2.917597706140567
2.842779209067243
2.9099926583640827
2.9287752734921164
2.9575848149677566
2.8640300956564593
2.930049582670106
2.8530481880311838
2.873488921044324
2.9820720323513914
2.9154605009595445
2.9076655402778737
2.8245049303560372
2.8493567481837565
2.9724399246112747
2.925790666417509
2.9615702268778894
2.957936483923889
2.9647126111505933
2.966474586035154
2.903574884318813
2.9114365870784615
2.964640694142529
2.875591894424071
2.9385709017033017
2.886313353915366
2.9755029211348054
2.9334344022362484
2.9720174788074867
2.97651178863479
2.8989893982937054
2.9963965806932467
2.8682033239788423
2.889866914377131
2.930064899129388
2.948711220596038
2.9753840989429508
2.9402917210078012
2.9617818116432444
2.954525395743516
2.8811607669134305
2.8804459968043576
2.9246672515974472
2.940421957346873
2.9526136037682695
2.8859889991635193
2.925381063884704
2.887242488373961
2.9394907129593797
2.92928634350855
2.901415199779221
2.9446654045682648
2.9106109111309855
2.9722778875303635
2.919275634166471
2.966551974760487
2.9476920741333115
2.893255408241886
2.966277586525726
2.8922236314709036
2.9070336992647707
2.933234490543226
2.8946276421503496
2.9409842278454263
2.918872276242395
2.952007447767331
2.933447196190991
2.9334757020686264
2.944370837584428
2.917876881235446
2.955348169727516
2.8943336459853324
2.9861715928847685
2.9538249628157685
2.8786959335488054
2.9281985182951966
2.8797240553708248
2.895887740772651
2.9218122663214476
2.913126242893033
2.876198168960356
2.8883390069671626
2.9432229493810866
2.908840410863364
2.9344778777800515
2.9069600690560504
2.9204093442081565
2.9055050095366863
2.9101020378559235
2.914328488519431
2.902183233418786
2.9322309957564863
2.9083006147915027
2.9395888870455056
2.8573069546401704
2.9140602117313
2.8923892129415276
2.9271334270941574
2.970511133560134
2.912946857940264
2.9283373395387104
2.882396931372304
2.929807838900473
2.8809992784552314
2.9246788255890754
2.981557077265872
2.9513828034099157
2.9473053856188676
2.9653214942188777
2.8670267186145986
2.954114057011897
2.8889922357999405
2.9302388914650592
2.8758617018344577
2.927050645428527
2.9442432798733265
2.92854477625431
2.880210034950017
2.9463639885314397
3.016960584109148
2.871650982617205
2.938919050067262
2.8676880039580657
2.890984522628205
2.8999442902725536
2.9339434165262794
2.9214376907916746
2.875858903636153
2.9194067271404402
2.9371912033104874
2.9208103478049248
2.9578819978996713
