19.58270624264166
19.477509949114722
19.458965912405493
19.388442658096082
19.32174440437757
19.231164314505378
19.157346268573484
19.029987837812406
18.958577374860386
18.831815081751174
18.723423596235044
18.586325644656473
18.460373979725205
18.30363860989238
18.181807804263585
18.032754639793193
17.91593132356462
17.70310746477971
17.63234014112795
17.455802825427522
17.32945544588714
17.20383634840209
17.082895511927006
16.954249613873568
16.84934103822033
16.684146417774663
16.556969796246015
16.444845387286012
16.266386798073604
16.1462903617405
16.02458050807378
15.909675567414803
15.756267223445967
15.665436928079615
15.525148612762429
15.426038428162622
15.295741697358249
15.199329413436914
15.100762785952174
15.015513616482764
14.943126882693267
14.892165980375069
14.846951274518341
14.731414411298859
14.664548980156148
14.589984407885161
14.508746687774867
14.458129580444886
14.367197598346303
14.305865796598232
14.223611483234288
14.187644643651105
14.142219810541517
14.086048787489917
14.049097683483579
13.98527777639724
13.962069696411945
13.90693981803149
13.885273278585002
13.842894097106075
13.822731794874828
13.774857564645643
13.757289617004453
13.726155955365675
13.708225329165419
13.685802166157535
13.668092644402298
13.64995284821575
13.630388790389038
13.609864043255085
13.59560110250687
13.576134478358608
13.563220946257939
13.55254840533804
13.53830767757048
13.524103240543647
13.508739260952773
13.499482843374377
13.487636305177467
13.477107446040549
13.461841420165422
13.454254713603119
13.440487493574159
13.43427924337289
13.428965226338436
13.42293307852656
13.41529777041441
13.409998076151137
13.407848456870852
13.399467513991366
13.390009990994312
13.390535243012522
13.383656608589023
13.38228330764271
13.37188813695315
13.378706353751484
13.369998105290321
13.37202495132226
13.36248550226229
13.372037385001605
13.360887352981086
13.367200350943534
13.358229573524591
13.36958513173959
13.352325929469501
13.366869738739789
13.350402008746958
13.371586942416792
13.344430061962703
13.369303866744414
13.347722634262
13.376852536152153
13.34247126211327
13.373941552098774
13.346351465966059
13.381495425468401
13.341313819716609
13.383740896402452
13.347912796547053
13.380902576374154
13.343339049263191
13.377002909766553
13.34942231171301
13.381609790818692
13.344133650476277
13.38129580646774
13.3516406147503
13.38974958610276
13.343785488610687
13.388617102004073
13.351785811999346
13.39689717638188
13.348493045861828
13.394612727697512
13.358491181788743
13.403783415275026
13.357098841381786
13.398969963476222
13.362864486697509
13.41035818003234
13.361964224320658
13.401659086898505
13.364478206620921
13.412705076473554
13.36559564917728
13.402353534315132
13.365594085311429
13.413222770583149
13.36745454889952
13.401762087841492
13.36562097875031
13.407582047049413
13.366975516949312
13.396918900772652
13.36483988097625
13.40043435267398
13.365357444446785
13.392058568781307
13.363945571581457
13.393325235131037
13.363102915658375
13.38669205470747
13.359901816248808
13.38487026273355
13.35670402196072
13.384112404356797
13.35671374930256
13.38185164068856
13.354344619853265
13.383632246983048
13.356794593002235
13.384248975573959
13.355401303420994
13.386741477791587
13.359301091065724
13.390177757845798
13.358539572519167
13.394244632982371
13.362632978287454
13.399004062832299
13.36227048997445
13.40664812082651
13.363060527668098
13.411828851134812
13.365688060402872
13.4124045809142
13.363111828720484
13.42652496986245
13.369721717755501
13.422907867798083
13.369067361397043
13.435380553598646
13.373746031953084
13.436804637498437
13.375834607622549
13.445107563154481
13.379118348034057
13.452772976483006
13.38290197056015
13.456606546966905
13.38482104240766
13.464201841259811
13.391687516200301
13.468303123984803
13.392938209762486
13.474843388924564
13.40174579748044
13.479391773885228
13.398318058826712
13.483552969582634
13.406098332020845
13.489338306048644
13.403299317820132
13.492700638763392
13.406106288232525
13.497033835922212
13.40403332182352
13.49986639843974
13.406203745526119
13.500907779526127
13.401670913707475
13.50226437564987
13.405660267700258
13.4989418028207
13.398666219357159
13.505768069447766
13.40413521343722
13.496090283334883
13.395763951708872
13.506051519633322
13.40266330664682
13.491026253537203
13.393961267282737
13.49482274901047
13.402076336067315
13.480903649108148
13.393148577806704
13.48158883064136
13.403402527901575
13.46981005847347
13.393098179568986
13.474652619234067
13.404283633270014
13.46042153831789
13.394551302396927
13.472330086671231
13.404879992029754
13.455874080710453
13.398366767587989
13.470167938361563
13.410680173886892
13.458202626638665
13.405495043614204
13.47466672008058
13.41686208007202
13.466473104948658
13.410443698295403
13.485481609473204
13.421964299994642
13.473675542362198
13.413190275429686
13.49748250738826
13.425510077241311
13.486401957963357
13.416262680766824
13.516514288009882
13.429436338793884
13.495469409699492
13.42151002179074
13.531621195718644
13.432798433989738
13.509305097523201
13.429426256936356
13.535386159824913
13.434519809791627
13.525700078031392
13.436966775470932
13.54529480915537
13.435187858365484
13.540213584795925
13.440613400352158
13.554151280422317
13.439120503780321
13.545021953848948
13.44360314346814
13.555172556347747
13.445777398749636
13.551521107366963
13.448369190539221
13.557874170914932
13.455219677853465
13.554141771104044
13.455292963793887
13.560039882328928
13.462937173206075
13.561624435109456
13.461719841809634
13.5645330919066
13.470671021261362
13.572207330731919
13.465198429970826
13.572661165411747
13.477106333165402
13.576995014488306
13.464058640543929
13.573161167024294
13.474793456512316
13.579008743524135
13.462589244688138
13.564318840621585
13.469531453146685
13.570278005983786
13.461654594153554
13.554786744773857
13.46505008519294
13.556363846028193
13.462436229736996
13.545828380321709
13.458988968223371
13.545312135022913
13.465689583532141
13.54002301917984
13.455732152959829
13.536568813065141
13.4683912361807
13.527903514904231
13.459704151315556
13.52835069249847
13.47117648139497
13.521161418864708
13.466725057069318
13.518292391977928
13.477329840768364
13.523595277507425
13.474069465832846
13.520700371631527
13.481061023400772
13.531952559502393
13.481326183876654
13.532484029844007
13.480851883180586
13.548104524890306
13.484332303455782
13.554934801937899
13.479434135979107
13.561308177026046
13.488489986016212
13.586954674775846
13.480593939268168
13.578931234353275
13.493339562178319
13.60349305436089
13.486150455657464
13.597182133376554
13.49784393064218
13.616239754495082
13.491682572516064
13.60650931346796
13.502746023844683
13.628301254808205
13.496289485083462
13.603113643196263
13.505090266464258
13.627799455040005
13.503269353540874
13.59895346642746
13.507238135033754
13.620362825747986
13.510422651756759
13.596728407418592
13.50959643490013
13.616421568487652
13.512203096382665
13.604733121964438
13.50916493549976
13.616928115143883
13.515389581883907
13.618632190999847
13.507652787354733
13.619468470762733
13.514703582501971
13.6287515831425
13.502655991026
13.614697896871665
13.509051151689425
13.626667992350548
13.499454455099922
13.603641111302567
13.505930068911184
13.610673679494182
13.496012534079213
13.595447371170735
13.503993776541193
13.59381143756913
13.498116896175139
13.58436193748284
13.496438153903249
13.577727076944685
13.5024591397504
13.569701051935493
13.49398015658677
13.569072670267076
13.50451722943994
13.559114130904678
13.495794319163686
13.563008921257472
13.500272368185186
13.558534090806402
13.496782374436409
13.553898018092541
13.497709295590697
13.561694901348122
13.50010809529769
13.55354506782126
13.496024015105277
13.568147454924565
13.502070516273506
13.565626177276698
13.49537602824939
13.579177170848089
13.503245744767352
13.587882453981448
13.494466699937288
13.59379465532829
13.506239850242634
13.614464265221851
13.497077212314121
13.613372896571176
13.506000061449077
13.637795075771171
13.502492269185362
13.631433406366362
13.50549449538906
13.660257083969723
13.501741657607205
13.643929580996396
13.5080213229211
13.667140083732425
13.501539185814744
13.644959568646733
13.514959856185648
13.662658459530562
13.5086468043363
13.636763632120102
13.521832911667405
13.65939298751195
13.517400049331176
13.636067872501982
13.530947470197649
13.662598251799439
13.525186604754012
13.651141886049816
13.53850085036417
13.66065152852374
13.530706148900077
13.666529363463182
13.53297451257513
13.659158326634543
13.530913687952197
13.672110066546665
13.52740403609897
13.651720049999613
13.525636433747845
13.665099565959476
13.525493372663226
13.638131997277794
13.523057448583355
13.653514295253546
13.526602553964812
13.63694092804123
13.526242220307747
13.647381887369784
13.527593555307972
13.639118307981148
13.523032093158504
13.634831588848488
13.532983567621315
13.636253872721634
13.527653034999963
13.622071092637723
13.53880064118437
13.6215783492028
13.538297944138243
13.610437674730216
13.542571643578016
13.614535438532771
13.543953533583814
13.599455672098587
13.545077383689238
13.613856142479317
13.546220704765922
13.59695494721457
13.542232313980536
13.619591146497063
13.54643626225375
13.602324946104337
13.538659949515756
13.627212382684203
13.546430321637185
13.62556656317007
13.533284283129678
13.638649600988582
13.545915849417897
13.6471896117056
13.533128477616499
13.649707770855859
13.542534895937456
13.666448024363708
13.534385464449356
13.656581804813717
13.538501152714195
13.678500223038238
13.529212439911728
13.659929805210018
13.538509195325522
13.681401609538563
13.527066830991243
13.659535669143654
13.543641761070022
13.68149058508695
13.531041882755723
13.65122928131386
13.548315847971244
13.678239719157192
13.53719653105459
13.653305520156689
13.555108673050444
13.674835036501754
13.54552326974357
13.666909018805539
13.558998259749691
13.674066809866092
13.55445353453242
13.678541824086622
13.550884964488578
13.67183303480632
13.554588356533252
13.680191867561584
13.548370624057316
13.66361965684891
13.550110034724115
13.675176407851493
13.549338833544866
13.650861168624328
13.550705751521859
13.671525411030428
13.553941792597236
13.653167490599449
13.55622984433646
13.675230638835592
13.559044427889646
13.658490130624259
13.55574843442938
13.682869130259718
13.566433059245936
13.664381148635554
13.5600311855369
13.675469562689074
13.574598983353745
13.662211900420717
13.568492556444149
13.66831142493329
13.579770490565805
13.663055611991972
13.573819895386116
13.659445699514087
13.582562847224079
13.664354976901508
13.579406235259926
13.651634446620086
13.577502456349862
13.66285007069013
13.580733584118823
13.65554185210351
13.573059014392282
13.669501909381502
13.57745665416397
13.673936839185505
13.565821629193758
13.675014258260301
13.57102522818575
13.6869338805314
13.563004954185432
13.679966042084859
13.562892921824673
13.699568599271903
13.554419639504955
13.683098067107851
13.556781014347893
13.710656121156815
13.543148884967461
13.685456230295328
13.555921621344828
13.717752791501283
13.535447595549321
13.688869788310345
13.556155924913217
13.716369708586129
13.534179989679062
13.68283140458738
13.557554322000453
13.7135719419316
13.540693016947216
13.682314138562749
13.562449519841874
13.70895912725081
13.550077313818253
13.692703420686469
13.562656102222904
13.703870704175278
13.559302749569964
13.703722668208737
13.553519269273215
13.700431467074619
13.56124774665746
13.704916230766573
13.552705250915466
13.692079477144286
13.560898817965953
13.6999810054045
13.555199445543927
13.68391906907179
13.56334498518885
13.700296424324625
13.560085502420526
13.691844555006364
13.566223110301467
13.709413538870225
13.565909034410238
13.703012570553705
13.566249861403762
13.7201361710075
13.57250751670459
13.714318416536722
13.5708205624827
13.718359896545383
13.578829192284868
13.712717392172797
13.578645288488012
13.714107190853928
13.583615583452183
13.706334125826222
13.582627293941592
13.706222964408859
13.585418644577691
13.705991962273945
13.587949757281278
13.697583863480768
13.580329476549135
13.707272958975475
13.588805995507926
13.704068181087601
13.573879471107434
13.710356294147232
13.584312543110938
13.718823870716761
13.567453375967775
13.712137503015294
13.577469430047843
13.717191745205843
13.563853188571114
13.716872821268597
13.565819234991405
13.723139982331393
13.558198798934644
13.71055655150549
13.558121375985804
13.730086291471455
13.548618916823509
13.706924392014125
13.557631386569659
13.737895028640457
13.542930088993346
13.703619928733085
13.560233211164116
13.732872778810504
13.54255633856761
13.696554123836568
13.563266095366206
13.726375425750048
13.550067684901869
13.692342426027274
13.565193711607769
13.718194101872964
13.561069027735682
13.700362718541962
13.56782212325562
13.710560062697978
13.572396501822428
13.705400165699933
13.561780529155085
13.706493063553717
13.575237719534606
13.704857335006661
13.56554516666538
13.697848513042452
13.57882322427374
13.699762229629627
13.572140072436758
13.692723235228923
13.586969161757047
13.701125930425325
13.580226693791253
13.70418418936972
13.59086584969931
13.714631267741915
13.588119218209744
13.720443967621488
13.58626812248069
13.727857432936412
13.595561513846611
13.736497013097233
13.590941864633336
13.72824905922414
13.598786422181993
13.729905933444979
13.599781371004713
13.72070912406954
13.602054971864755
13.723717458054805
13.603093777600451
13.710001649500292
13.602421949847448
13.724844961900535
13.607447777488186
13.703231389651704
13.597698657318517
13.726074978732951
13.609822701861388
13.714396677031495
13.58823543000461
13.729114663275405
13.605325272052289
13.72977575390082
13.581058392890156
13.724107827577503
13.595326551607734
13.726237382652542
13.578930026462329
13.720953561141096
13.58372015781509
13.732584238545808
13.574377880460533
13.717934113161373
13.576836143878113
13.74098495880393
13.561895081608927
13.720484952721213
13.57410841196971
13.75143544264945
13.553605833195483
13.721553994157144
13.572934724105183
13.750617476714169
13.553911161264129
13.718970352783014
13.57496399855051
13.747629164996358
13.562097651103498
13.723606458433384
13.576313598988389
13.73746579698927
13.574837636609148
13.732742739881871
13.577804258200613
13.727683938083265
13.585731619484806
13.734171725486553
13.572692468444387
13.722055301361822
13.589807407298121
13.73200781736215
13.575504862451426
13.710362999576423
13.595629888167569
13.724931482071362
13.582014475373999
13.705698141300207
13.6070856735577
13.725224490493128
13.590024563802455
13.716246697776597
13.605446734771895
13.735655820321885
13.599698668271975
13.73212393899659
13.602111972067807
13.743950377253693
13.60825138553032
13.736801833256484
13.606572640212102
13.73698392225688
13.612491682889758
13.728239135035782
13.614971078841787
13.719933831603207
13.614316293929141
13.721785935888468
13.615817435353438
13.709285077294897
13.612819452056405
13.724097076066295
13.620519912772037
13.703940703289206
13.603953783649883
13.726685178794876
13.62134268629638
13.717176577913406
13.592444008897624
13.729317753430392
13.616185790317616
13.729582629137255
13.586181971717163
13.723408417754365
13.60330869656125
13.726505545059574
13.58567168437782
13.719671275591447
13.593830234348479
13.734499365505963
13.580340434008821
13.71819410429182
13.590924709137687
13.743628714159929
13.567851233882976
13.719388925001345
13.592484024526605
13.752893028061813
13.559797097023953
13.719227668989172
13.595344733551917
13.754218853026737
13.561005902611912
13.721877256197683
13.597415198103391
13.75163960484081
13.570925082201802
13.7289094299113
13.599030801823716
13.738882871373836
13.587178756827328
13.739721646035102
13.598973022743436
13.72843684101214
13.602026349225714
13.74013585058847
13.59078703512523
13.721200415277247
13.612879377923194
13.737407312386322
13.588774085855588
13.707925571177585
13.61293779558927
13.729168328890381
13.592320035121478
13.705105895604783
13.61128671052656
13.726655169772568
13.596780636423416
13.715921805797562
13.606697128580251
13.737507646340411
13.60303297419792
13.732376822987273
13.601828520389667
13.747044386416245
13.612276718531223
13.736716333773561
13.607672725408264
13.741832427801622
13.621709938044738
13.733165692587253
13.617543829724413
13.727499207345298
13.62342761798002
13.726921000037544
13.623645857316257
13.71841189471637
13.61797333213573
13.729459867338626
13.627632900633392
13.715634153923183
13.60751135201385
13.732473439344185
13.624527109263017
13.730583286653308
13.594079220767297
13.728678773436537
13.61519968452788
13.73933675325979
13.587338954165311
13.722795257064769
13.602026908813107
13.733090813236734
13.586496315613148
13.719164621471847
13.593289374107242
13.738129062938999
13.581377223710062
13.71851029129766
13.593349182192128
13.745574601684654
13.570700154595187
13.716872239359098
13.593701495327096
13.753154193618524
13.563411879341432
13.71769078446339
13.596746077999846
13.754328193934985
13.568134454627202
13.722237786756809
13.597229783612216
13.750188195689804
13.579441827421183
13.733381826710602
13.599542885482492
13.739026448661
13.594664998107628
13.743331169937274
13.5983181137192
13.73341069991932
13.60670128407149
13.740883895457662
13.590472506771647
13.727424238536496
13.614545515705382
13.735740879949761
13.589106398999029
13.715430577903202
13.61135927479151
13.728043716674485
13.593822708293873
13.71665035157012
13.61098216200986
13.727573556407712
13.597333648282993
13.728503174254278
13.605582456951588
13.740157179158365
13.604334210800529
13.738799056180117
13.601786257547568
13.74888994985814
13.613640122022598
13.735803211295481
13.608934474174307
13.74071061739728
13.622522162432977
13.733469597968721
13.618342067259249
13.725673725283837
13.623563607410556
13.729827620383503
13.624624370161465
13.717224559781602
13.617852617301391
13.732529320789283
13.62861571272052
13.717515953432871
13.606154468826427
13.73327660584626
13.623211486218127
13.734535898346532
13.592599699217118
13.727168256317457
13.61336556053759
13.739011176487715
13.587206177812728
13.722508817650573
13.600310518964392
13.733132250736546
13.586611679500333
13.719011190990257
13.592855301510891
13.738535763160401
13.580429408985239
13.718548040126757
13.59222100382301
13.747225196030291
13.569199180926182
13.716998131038778
13.593149337942938
13.753425255379748
13.563320136073944
13.71824463585446
13.596650061742249
13.754567972963507
13.569834015939563
13.723821264647931
13.597265424773717
13.748879768578238
13.581442386425783
13.734527391651826
13.600043113656255
13.73762465492018
13.59631882466959
13.744550729533238
13.595489369749421
13.733526892081118
13.608464918248277
13.740911022670304
13.589248613155942
13.728651346735566
13.613653817030263
13.734351626048761
13.588402280489596
13.716906071076341
13.61086597333124
13.72729712929596
13.59488344962242
13.72054556988351
13.610690768889919
13.7288556834613
13.597147444668662
13.731656373800702
13.604800046905506
13.74218316500103
13.604528070703854
13.74025637643951
13.602133330419996
13.748455829911364
13.614486472873704
13.735410072543996
13.610494493028739
13.739186812579002
13.622655250613013
13.732907805942554
13.619144809318508
13.724363194522265
13.625681451589164
13.729979515971394
13.626912731351501
13.716427850611035
13.616873563502622
13.733108877372569
13.629475698797274
13.719367266154336
13.603614406576648
13.73402610030811
13.621753408568882
13.737170818682761
13.590582247029527
13.726948515604398
13.611482636543064
13.737875256624896
13.58664387869027
13.7235998598086
13.59881931384312
13.734437084806377
13.586155673063734
13.719894447884414
13.592412749769842
13.739928015022873
13.57917793075911
13.719026451900435
13.592085067681024
13.750734272858665
13.56741059322527
13.718542552865872
13.59346941803394
13.755618475331188
13.563283864459008
13.720360221635268
13.597022260845716
13.75736056970034
13.57151930244632
13.72715913360239
13.597424943407859
13.750810257797124
13.583393137790807
13.738569343220767
13.600349389195651
13.740437559568957
13.597855680188683
13.747920827740872
13.593993319167678
13.738324971479422
13.609911921563995
13.7458244168462
13.589162694596043
13.733628639389108
13.613311072016476
13.739626646395514
13.58867876674332
13.723109273108763
13.610698340978454
13.733379619086659
13.595301319956883
13.729344788953584
13.609601714474678
13.737089663996867
13.59775420323749
13.740688776738716
13.60308253718285
13.750833795788697
13.605429643637601
13.748098578264077
13.602309365368086
13.753864399049142
13.615653158445381
13.742215072798865
13.611646715283284
13.74362877707819
13.623342182259794
13.73951509428982
13.619248093516639
13.729423479103799
13.624933637908136
13.737307697360658
13.628012086473172
13.72148997270204
13.61499359227797
13.739170866233094
13.628722840305425
13.726697827207698
13.60149940028286
13.738832575165917
13.61996822571364
13.74464571038647
13.589335435848511
13.731320034793985
13.609097756269975
13.741448226354967
13.586700902549174
13.728462950833539
13.596934370448977
13.740185598093536
13.585626418072831
13.724719309688592
13.591719784932481
13.745582918017808
13.577251444467695
13.724114498216498
13.592060509016891
13.757830450337465
13.56607921769336
13.725056577100352
13.593997754292886
13.762050529098593
13.56359689457177
13.727567260251318
13.597023458732847
13.76480317260815
13.572699609859923
13.735541284122593
13.59752618793147
13.757213718588075
13.585687876624352
13.74738096385011
13.600247353599048
13.74743818883316
13.59977762288366
13.754858288617385
13.592691360238769
13.746260030961711
13.611289153879614
13.75262979074864
13.589161651534678
13.738964577074611
13.612471842724537
13.746099305917946
13.589117348476146
13.730125972665778
13.610903442685423
13.74043613951678
13.595475824726284
13.739451886280117
13.608844673651499
13.745745607880943
13.598573871009437
13.751126408598365
13.602915112067068
13.7593751032236
13.606588284438942
13.75723299765694
13.603340513274711
13.758987835885275
13.616452289366238
13.752180158880623
13.613446599583208
13.748768448858636
13.62435853982256
13.749805177016935
13.620067164532163
13.736409899343652
13.624513527601499
13.749871335455387
13.628912134664061
13.73012870288152
13.613132144677612
13.75222832080783
13.628280438725081
13.739416541724003
13.599372124495947
13.75229308353486
13.618954152379873
13.757875404782467
13.588418372834925
13.745314325655368
13.608063582226464
13.752939303203641
13.586472260090012
13.74303444839776
13.595645047811663
13.753755829425685
13.584951457618601
13.738550945942588
13.591453328638185
13.759713791715733
13.575359813817592
13.737846670973163
13.59236368141306
13.77232284756726
13.565038664103435
13.737947116120596
13.594480656761855
13.77494246192052
13.564218502663604
13.740336768415107
13.596979092862643
13.776724330459125
13.574076131997156
13.748529162473021
13.597731517812477
13.767605351812204
13.588243623693506
13.759753521732884
13.600289390396613
13.757573894665908
13.601961456785334
13.764042869861218
13.591698894252394
13.755882953949222
13.61167324689579
13.761288886114812
13.58920303586155
13.745091644556338
13.611745457640293
13.753552891322842
13.589792774292262
13.736356528376975
13.611065329801987
13.74718667332109
13.595841174237409
13.74424418667859
13.607777474971387
13.753726262800916
13.599594639518157
13.754313657853181
13.602239629080893
13.766270389914759
13.607942086054578
13.75754363092122
13.60463898783785
13.76286772816678
13.617356736344718
13.752882462477654
13.615304264810273
13.751052860172924
13.625187708507804
13.749647012067577
13.621047275113863
13.740258460246077
13.62359231735123
13.751099204790126
13.62914133079073
13.734508381254914
13.611388389250257
13.752686569485455
13.627301506763164
13.746846767839465
13.597360076733308
13.752571301563735
13.617697868155538
13.764586558833559
13.587654736524172
13.746637964469533
13.6052492714916
13.759084747082293
13.586250424088083
13.745212328482925
13.594536897357031
13.763057640803307
13.58366632791098
13.743172675969841
13.591390282747504
13.77125724323277
13.573639683956795
13.744074555954143
13.592316008127899
13.784519309124672
13.564216350340745
13.74542499305732
13.595106660815722
13.785805096023184
13.565083691835147
13.749231334135496
13.597042466662398
13.786276214008591
13.575686999059586
13.759336440049998
13.59821518803319
13.777963116752217
13.590929557621259
13.77041668606462
13.600545249499902
13.771201656184132
13.603730799991682
13.772392084035408
13.59103062087031
13.77039972006465
13.612254843297894
13.769608955530071
13.588787233893873
13.757956410602706
13.611260504711751
13.760248098287425
13.5907913625134
13.751336734816432
13.611160168165453
13.753823147930188
13.596242095359028
13.75806147665544
13.607283289174449
13.760819758581281
13.601027716018821
13.76653266475125
13.602120574550327
13.771232530022965
13.609538679781371
13.766119806480585
13.60615648098685
13.764404843789144
13.618880950345794
13.7603012372817
13.616404907546176
13.749906399330424
13.626482204545804
13.754686020959017
13.62280385705393
13.739732934431263
13.622965203339515
13.755705722081679
13.630308045879755
13.735460525615055
13.61064688528483
13.756536459197397
13.62680066710615
13.750838934025026
13.596839059402111
13.755662299023346
13.617799693007587
13.766529966647033
13.588847357886758
13.750214386569851
13.605853171634699
13.761236916871722
13.588305102833282
13.748243459312484
13.596357341131208
13.767550656837722
13.585353153030182
13.747108763336144
13.595130543724501
13.776385866292214
13.575882190624917
13.747641834909926
13.597115462462089
13.784417849622724
13.568235868071845
13.749348249097842
13.601603705620509
13.786000039783733
13.571425478953152
13.754322259068001
13.603633963790132
13.785137101680185
13.582784596356504
13.765456283771083
13.605809720841117
13.776211477715785
13.59863656087085
13.775910230910299
13.606687850046708
13.771111898252718
13.610774562815305
13.7757216644665
13.59770005823981
13.770519526310913
13.618727035094196
13.772245248690124
13.59578860334335
13.756848409569276
13.616364424165337
13.762251725943708
13.598826383998736
13.752566279551864
13.616156869589746
13.756637780016646
13.602777852505158
13.759048518350351
13.610783027591397
13.76564904229237
13.607807286212033
13.767623200724568
13.605206282204993
13.77472934579985
13.61581693552243
13.768101247719402
13.609619938025714
13.765719308696182
13.624122945744018
13.765092878190286
13.618605387662413
13.750260636862953
13.629714649981574
13.759487801265838
13.62448883083046
13.740936481102187
13.62434727514089
13.761408960479375
13.630562103848934
13.739184966736818
13.612026154288946
13.762676686395762
13.625718543396587
13.756644669513188
13.599046669641597
13.759372112925687
13.617677327330764
13.768266474211252
13.593509795203325
13.754022021711833
13.606047492508386
13.763046795384021
13.594330524159437
13.751263395788296
13.599174217987668
13.77053688383645
13.591163699235729
13.750194525549956
13.599836992875728
13.778026210941105
13.581942158417062
13.749645503202599
13.601984848646877
13.784620585301141
13.575382815799216
13.751531989937096
13.606528213245669
13.786183871365436
13.580317341154297
13.757647067002543
13.60812764124859
13.783782132452059
13.591946925964153
13.770029647433233
13.610513477991711
13.774699645077437
13.607478477610261
13.780155424305825
13.608848214594468
13.771064149934165
13.619349475663238
13.778302219311701
13.600233263674655
13.76862973315995
13.626265964097627
13.771302750603793
13.598126039763981
13.755102920291776
13.622738784549346
13.760612120894805
13.602015890124532
13.75323995602521
13.622254349184656
13.757168215847575
13.604824305671482
13.76045989875467
13.616101161300255
13.768217733895069
13.611183888834653
13.768782457075432
13.611259553977744
13.778506071874551
13.620620265713187
13.767288150770877
13.617802493989194
13.769509971675946
13.630575652593988
13.767177236325155
13.62802880162353
13.753374222924146
13.636800872273051
13.762634722092667
13.636307938415541
13.744408888833606
13.632672865702254
13.765787202236234
13.642973811112883
13.744586908371458
13.621962122920841
13.76819576666327
13.63897138580574
13.762765102523462
13.610828408115534
13.762935247414937
13.631760292140441
13.77056405532014
13.607481059003858
13.758362912570743
13.621198604621485
13.766502867494312
13.609043269005724
13.754301946542919
13.615489099922499
13.772311709611925
13.604838106359832
13.753508312535809
13.616336918452083
13.779425115510062
13.594727013750104
13.753300818370853
13.617949493106611
13.785117523394392
13.5885433624913
13.754559761821696
13.621385254334186
13.786473837787268
13.593835808366473
13.761107786782011
13.621232140168095
13.782710295636152
13.60399912011557
13.772885710722507
13.622195664804517
13.77347964649597
13.61709595374748
13.783830584610179
13.616202519393124
13.771352816301782
13.626939080698607
13.778124388571428
13.607079402696748
13.766781352214453
13.630294514297134
13.7693644005265
13.603798890264494
13.75371535479079
13.62530632428792
13.759336512397418
13.608083322005736
13.75432873474638
13.623566313473239
13.7581206164907
13.609795295625432
13.76229366009841
13.616594140969791
13.77015393658242
13.617410874662639
13.770295135194996
13.613845885349194
13.778075213430512
13.628876495859954
13.766870539721573
13.622954049008575
13.771024259632972
13.64008379765064
13.766273942224863
13.634180525905341
13.753835897537027
13.646999704022935
13.762544865163138
13.645235200642958
13.74426085056882
13.643403941527502
13.76641762290512
13.652397463450642
13.745645694169715
13.63429946723365
13.768468187957717
13.648808019817748
13.763482159139457
13.620368435417245
13.762891610670788
13.641641362065151
13.766862144089203
13.615599653136886
13.75811606693967
13.628186057326484
13.764926768614671
13.616053590585366
13.754369479714677
13.621805865427513
13.77248396718527
13.611363823587347
13.753742850048466
13.622971062407943
13.781154106176553
13.602796411025434
13.7536871674539
13.626726190825595
13.785592477389484
13.601433259888763
13.755378571545242
13.632226587036675
13.787027495827282
13.607407618477136
13.762560479438065
13.627538546872513
13.781706928445653
13.618213972554338
13.773778867727465
13.626103330353715
13.772542537092628
13.63014454311363
13.78354082816966
13.61718286226199
13.771609246687834
13.638422596133557
13.777794138193197
13.610656793130481
13.765293062323973
13.638225651968687
13.76778678887187
13.607638056769114
13.752784914777761
13.631707598442869
13.758438329066259
13.612049569740542
13.755869931744357
13.628395578588037
13.759299208590033
13.61401663411695
13.764162890430502
13.620980934739274
13.772173788716017
13.623215305101832
13.771007341066815
13.619905101199077
13.777403839939376
13.636526211587165
13.766840360301552
13.631012630730835
13.769775997039334
13.648417594453598
13.765535635924286
13.641974648433637
13.754699361020508
13.654712339899485
13.762873455731096
13.653916487279378
13.747028696634597
13.648991174409822
13.766275770731559
13.658606466457723
13.751885302906322
13.633199355623594
13.76813734292523
13.65186799164414
13.76972226783122
13.61903584821723
13.761872291090832
13.639958555885777
13.768371533905361
13.615837436070342
13.757748445278345
13.62661693785269
13.767777958404702
13.615970094146371
13.753813410985849
13.621563268269117
13.773028661001872
13.610278356886255
13.7536050685693
13.62334584124707
13.782561259070658
13.601928694627887
13.754452542095363
13.627711417616824
13.785640135112802
13.601479342221756
13.756219182344108
13.631828419943801
13.787626103260182
13.608689071827406
13.763571994547132
13.6270878692914
13.780853275120318
13.620329710065311
13.775002906354747
13.625639857252363
13.771817914015914
13.634578709766815
13.782771963592658
13.615659236664989
13.77174469402584
13.642822732619239
13.776732991957715
13.610832608561282
13.7635391119943
13.641882089957896
13.766560447831864
13.611465631372779
13.752266502744977
13.638460930152652
13.757866456279114
13.620244701432396
13.756964995743937
13.632865803386409
13.760777492726989
13.62648507239892
13.76555984381575
13.624729897195817
13.774287964601772
13.636232826711414
13.771206406541578
13.625863832334714
13.77621551267608
13.650110879099037
13.76716947183316
13.639003124486242
13.767867459542472
13.661854272835411
13.765096024447661
13.650820762581054
13.753796542335492
13.660218904049417
13.763665880428698
13.663651031260102
13.746598824222046
13.64739209227713
13.766271455177533
13.661972558556547
13.75397034064703
13.631312752404579
13.767818432029735
13.650532738106223
13.771684889547016
13.618564012694135
13.760899867449805
13.637772267660695
13.767344448889114
13.616436936219499
13.75740426118104
13.625292918048142
13.768606623676272
13.616326216215613
13.753252821549452
13.621432578499444
13.77396676325816
13.609335167648139
13.753865989817859
13.624019269158394
13.78414618003799
13.601787409222695
13.754885964685043
13.628677745774466
13.785575821441851
13.602109449482597
13.757043895260475
13.630986355486842
13.787593303514758
13.609965283633098
13.764983771544296
13.626603764190264
13.779670464869312
13.622841553548842
13.776560631428127
13.625135957768249
13.771328466961167
13.636882846001205
13.781617375356758
13.614358066485465
13.772251716585089
13.643265019920662
13.775758819808479
13.610927020740407
13.761540372198914
13.640948425857859
13.765587535871457
13.61233696066795
13.752039191310631
13.63802752206007
13.75709244792364
13.620979855327173
13.757479596985144
13.631790284503513
13.762277099223635
13.627980703130783
13.766489584300867
13.624796120464952
13.775680864172454
13.637924507136646
13.77076151758784
13.627445881096225
13.77519710781791
13.651662145881389
13.76779637311625
13.641563484791257
13.765419567114442
13.66254922738467
13.764810149375565
13.652490246533425
13.753119526536679
13.659298852133333
13.764903794945544
13.663745722894424
13.746560317118055
13.645255713088154
13.766661586029567
13.660750740718324
13.756415662297826
13.628986132947043
13.767454330500954
13.649158630394796
13.772921449609655
13.617658475672567
13.76011375067035
13.63615995699472
13.766650440460273
13.6162454650766
13.756591044782898
13.624130331074483
13.769187614417953
13.615417687831817
13.75300569159256
13.62147772697936
13.774766003070429
13.607945356299798
13.753821447098248
13.624337812142784
13.78451889367486
13.601336124252786
13.754524624966857
13.62963946733267
13.78568009771634
13.602619265830105
13.757337113547724
13.630332042399031
13.786513911376142
13.611311369703932
13.766794060718166
13.626358158041946
13.778277894045212
13.62549686544433
13.778275474306476
13.624901836338024
13.77109134294552
13.638672315000562
13.78046935020231
13.613349830498015
13.771830385458825
13.64325577797223
13.775021452562164
13.610592480797742
13.759306279557798
13.64011944632744
13.76412949847635
13.613422192575097
13.752023183967072
13.637479215055501
13.756666503958076
13.621779083326372
13.757903728963898
13.630426227252974
13.763852905768356
13.629555349526175
13.766766458275969
13.624170110081842
13.776970022658208
13.63967256097116
13.76980674756309
13.629228553797976
13.774516501124445
13.65343489298015
13.768041122024568
13.643216344122399
13.762863005857273
13.662899509007774
13.764077943918386
13.654332833796836
13.752289664027163
13.657738533102574
13.765418752014503
13.663885057347901
13.746914749809642
13.643215421020706
13.766949210621496
13.658938169044152
13.759221330097638
13.626831417655245
13.767366928240884
13.647489837362393
13.773494158489044
13.616970039144439
13.75966098829183
13.633456355864249
13.766212374663958
13.616123748753905
13.75544222219908
13.6232079593681
13.77009515130551
13.614358897935137
13.752835923630643
13.621756648237959
13.775937364648517
13.606744026518113
13.753559693708002
13.62473133438447
13.78440223346333
13.60110096848917
13.754128840793417
13.630774912094807
13.785869351224209
13.603368553751782
13.7580345633533
13.62963061482027
13.785469876401697
13.612661560272482
13.768733142703343
13.626343822526763
13.776657098568474
13.627692501194584
13.77977307860183
13.623747160858095
13.771086536662793
13.63923235002865
13.779518042868474
13.612424667364586
13.771029227386338
13.643451610512356
13.774035854620235
13.610286990720912
13.757314204466468
13.639499009063906
13.76283501108501
13.614695177217667
13.752324556749796
13.636856833691423
13.756597775780458
13.622248693040254
13.75876599198651
13.629594576969517
13.765758945862926
13.630790169402617
13.767417058490315
13.623698525169923
13.778180914584262
13.641526475231268
13.768521845879793
13.6304618865352
13.773823425230352
13.65535481072701
13.76795135623287
13.644472770082508
13.760344382874852
13.662752210290023
13.763157322342318
13.656137778562732
13.750522001795394
13.655800147400939
13.76548354558565
13.66401949266158
13.747585065690163
13.641044080296007
13.767541765698502
13.657158447716355
13.76205664756397
13.624848163092878
13.766558112412532
13.645990868466871
13.772901835620917
13.616494560368215
13.759035112300852
13.63199111946758
13.765942771540251
13.616083532594992
13.754676152463567
13.622550015002759
13.771150692210044
13.61343124708154
13.753447243228546
13.622279346152048
13.777364775553266
13.605715416567506
13.753495575722587
13.625253611063531
13.7843462577717
13.601063372415197
13.75468056665897
13.631308922819576
13.785928011802513
13.60433813793409
13.75982262285762
13.628895396461486
13.783965856016465
13.614028914657466
13.771533403601497
13.626202291681798
13.774955786277442
13.629038597721614
13.781695895126465
13.621971376344332
13.770883262119042
13.63982280661313
13.778441359703102
13.61162107192867
13.76926223209143
13.643739120828007
13.77133589062648
13.610175542072295
13.755519172462147
13.63906596187215
13.76000836815291
13.616150272450769
13.75296713283995
13.636304601353693
13.7554304320021
13.622893208916643
13.759941565095028
13.628257773865835
13.765764068802797
13.632146423056026
13.768288428468106
13.623554843086547
13.776699289543485
13.64359769721131
13.767457894760952
13.632006598826957
13.771092916901761
13.657149714732965
13.76761879957987
13.645965502290549
13.75687568242679
13.662264287308679
13.762723114174797
13.658017388115944
13.748058980078325
13.653897812407962
13.765706644763712
13.66349875665032
13.747849817437803
13.638799067701324
13.76819619212325
13.655536266579986
13.764721730579428
13.623034969508382
13.764764728319982
13.644307313650891
13.77177131125221
13.616223608665086
13.758143265664645
13.63003028815371
13.76597369874859
13.616223250106056
13.754494835827124
13.622115764303263
13.771077064126455
13.612696347646635
13.753455224136504
13.622661674657873
13.778853147880557
13.604704462318654
13.752516518045205
13.62572641355933
13.784848502697331
13.601233384682153
13.754067538145728
13.631518799706571
13.786257640339377
13.605533080082463
13.760303449155964
13.628171951278528
13.782893178791072
13.615622815449248
13.772501650096755
13.626062993108569
13.773660069318156
13.630435318982553
13.783302497806211
13.61971214715888
13.771008384315271
13.64063161696648
13.778386518669652
13.611052678204583
13.767365260046908
13.643324220406006
13.769926131357948
13.610265993971385
13.754116918881168
13.638826337868682
13.759485653834679
13.61778536600476
13.753841191927366
13.635267970428215
13.757358791631011
13.623708564441987
13.761593577604794
13.627318780526904
13.768997523119856
13.633147266649658
13.769658648548653
13.623778170160554
13.777592624964669
13.645866895980657
13.766819119014686
13.633855853161307
13.771676983970268
13.65884029192861
13.766429728439586
13.64741924907569
13.756101903863472
13.661536477727259
13.762249407280068
13.66009019752782
13.747872291743235
13.65213110231624
13.765758265651739
13.66313785895138
13.749994486657839
13.636549466977371
13.767756151502876
13.653943096672776
13.767178503685399
13.621396704173831
13.763152515692394
13.642301497198114
13.770666630950226
13.616156920797525
13.757950638856562
13.62866356483177
13.766050777863642
13.616540663150696
13.754061215630674
13.621916504155811
13.77095792947245
13.612083759210437
13.753056800601591
13.62290250659611
13.780476414836148
13.603552469607118
13.753229445373329
13.626372767417049
13.785332123138975
13.60162446346382
13.755025088021961
13.631924781745754
13.786733870287128
13.60696511394074
13.762061484496579
13.62755844847404
13.781847293130944
13.617452408860782
13.773377557655953
13.626144917514676
13.772623285698701
13.632015496430169
13.783737414185556
13.617715238116592
13.771344410216136
13.641668821588594
13.777814232811625
13.610730232739025
13.765693274074366
13.642871993949997
13.767981222956934
13.610569166362085
13.752969902200608
13.638792966141887
13.758119537118162
13.619347977696428
13.755223880858816
13.634374015398315
13.758120598970589
13.624705902395416
13.76362438272106
13.625834872023246
13.770565308708262
13.634230658328462
13.770646474712592
13.624376217908218
13.776912729398502
13.647722049590541
13.7667154692503
13.636010145484187
13.769722412897858
13.659942600703378
13.765706631129575
13.648909789742484
13.754485457489494
13.661008852954836
13.762519571695531
13.662040173338939
13.746743149275634
13.650075704855796
13.765999518755514
13.66258382628835
13.751690170266398
13.634436672052383
13.767765664391584
13.652315367284656
13.76941936310973
13.619949715726715
13.761858626522185
13.640185524358449
13.769097311912263
13.616285278525497
13.757582200721899
13.627115577368318
13.766484769252708
13.616640587232917
13.753828192303292
13.62167101135244
13.771408466199677
13.611339496169498
13.752980552981528
13.623143507515577
13.782011796924381
13.602600308776074
13.754050053119544
13.627285253791781
13.78557646257773
13.601694780579344
13.755857912062963
13.631930681388715
13.787330369371013
13.608434127590993
13.763110115730395
13.627134406896273
13.781088692523829
13.619565562243315
13.77450177189715
13.625756909228013
13.771938809009711
13.633894050478235
13.78304120188477
13.616038776147853
13.771515036592497
13.64282099585544
13.777019367015116
13.610705554735752
13.76413942977149
13.642226474843678
13.766616019697663
13.611136048558391
13.752400316981012
13.638558946203304
13.757421822502533
13.619945807085191
13.756545050925686
13.63334280804763
13.759422275785557
13.625934795450666
13.765118920824253
13.625283666828688
13.77269776662216
13.635619636343064
13.771113001951937
13.625396633593935
13.775702558397613
13.649536656248149
13.766948890770502
13.638181182940096
13.767775988806713
13.661250996103421
13.765145653669931
13.650243136042448
13.753481684098224
13.660300383634683
13.763087257527204
13.663227901285195
13.746203886796813
13.647961227159659
13.765927362822316
13.662074995200719
13.753800673919274
13.631948529276398
13.767527950907098
13.650847059096396
13.771670396854578
13.618758058928464
13.76093634766991
13.638881062768652
13.76790694009289
13.616409905316056
13.75740891323313
13.625610360316186
13.767079268380089
13.61627512965455
13.753114756114739
13.62137035472246
13.77218254304857
13.609694395203933
13.753061911922751
13.623674114310553
13.783599076770278
13.601852409328568
13.75470554392386
13.628299181809057
13.785509912762235
13.601876800054411
13.756632157398338
13.631112520510367
13.78760969841097
13.609461079029689
13.764336270521216
13.626652365667715
13.779934296496187
13.621918398785134
13.77590476864117
13.625177169035723
13.771350728030646
13.636026957112623
13.782089387166028
13.61464419909175
13.77193562232217
13.643183952874717
13.77593159838005
13.610766770544968
13.762254914735575
13.64112704573015
13.765583213925892
13.611924129037662
13.752176888832798
13.638047290080115
13.756671214431034
13.62060431129027
13.757408977520418
13.631932828277908
13.760871053224408
13.627356403263954
13.766144389772561
13.624354351427268
13.774368923122728
13.637225789693517
13.770912463611134
13.626800252133608
13.774621433617808
13.651006897511163
13.767509158383074
13.640610786831767
13.765608042084558
13.662315133047862
13.764773331959942
13.6518212651632
13.752808391530445
13.659501757656187
13.764175493870171
13.663606084126094
13.746055044100244
13.645785654938685
13.766182771785122
13.66099811927367
13.756127216178971
13.629571686763395
13.767108248495434
13.64955956060419
13.772998516009366
13.61778669527421
13.760009175399777
13.63610079794472
13.767066027888722
13.616155600133625
13.757002044253676
13.624369719326111
13.767537622630677
13.61562859632468
13.752756760034927
13.621333832762941
13.773359533725454
13.60824320603716
13.753107937014637
13.624123170326103
13.784352511650493
13.601328866884382
13.75439610163013
13.629183332192206
13.785547109441746
13.602305252709312
13.757002882893477
13.630413542299452
13.786779767506067
13.610727845852665
13.765999519327915
13.626305429841995
13.778632095070243
13.624499299219261
13.777698591350237
13.624843136114393
13.771027491101902
13.638212726063967
13.780827638116133
13.61352725105182
13.77200949910464
13.64310746462078
13.775065758770634
13.610611043659087
13.76013144255847
13.6402318274807
13.764185798365068
13.612925569336344
13.751996703061572
13.63756889920234
13.756038338995282
13.621451232122753
13.757675382205981
13.630903281771783
13.762439526804355
13.628959808343698
13.7665068347672
13.624330281751078
13.775691398708382
13.638979102213405
13.769915986366616
13.62855234534296
13.773831646116246
13.652703042634204
13.767984670827273
13.642646217667867
13.763080462109956
13.662650337373533
13.76424230557253
13.653605962605763
13.752133696476994
13.658114918219592
13.765096560400979
13.663705535982222
13.746287226886214
13.64373995917062
13.766499332889397
13.659430450996028
13.758808579555119
13.627361085507427
13.766929043437042
13.647893571986211
13.773847260586262
13.617028975624537
13.759425146653367
13.63452862938526
13.766556122463664
13.616041066758232
13.755773558357019
13.623366851918941
13.768367115816533
13.614545839926011
13.75244731195327
13.621533314111037
13.774903550820568
13.606980572204908
13.752872551112874
13.624450693482176
13.78435598219879
13.601024315985336
13.754023722949247
13.630254564927581
13.785739519888697
13.60297838817589
13.757556287127473
13.62970126128883
13.785758640631581
13.612140846474365
13.767911733861661
13.626206928218343
13.777139696427872
13.627010475909163
13.779124909982558
13.624196232264191
13.770996438357182
13.638960051937184
13.779779480315918
13.612595866253939
13.771408723400006
13.643242539678496
13.774384781650756
13.61022987771645
13.757977212746852
13.639551798393972
13.762765331549414
13.614135414326823
13.75220463003918
13.636954124633618
13.755835989895768
13.621944596890092
13.758373964552742
13.629539019315356
13.76421332536087
13.63026687130318
13.767015860142708
13.6237063467377
13.77683131288536
13.640776800381794
13.768748423651116
13.62992244990117
13.773207918547849
13.654620245819315
13.767923306685866
13.643936390511543
13.760498423088716
13.662742707731894
13.763183098398754
13.65546972055371
13.750497017645507
13.656301933788942
13.765218406365008
13.663953457989852
13.746904789737476
13.641587856626957
13.766976673071433
13.657596433543105
13.761776248612032
13.625328391411509
13.766589209369958
13.6463391454321
13.773558198381465
13.616490908562369
13.75893942034983
13.632082762329983
13.76616420631691
13.615943364200653
13.754841763773442
13.622618783973325
13.769351889970569
13.613596273246603
13.752483847973064
13.621980134816397
13.776810268781604
13.60591233980863
13.752501378034252
13.624978947969419
13.784367439412183
13.600942018459001
13.753812252780193
13.631171025098983
13.786036206822025
13.603895469992022
13.758515372801135
13.629052393878268
13.784482393180829
13.613454836030211
13.77000535981443
13.62610389027711
13.77545659065234
13.628491393366438
13.780738482296604
13.622449317474537
13.770827078403013
13.639504440830564
13.7789477346811
13.61171642836979
13.769856445819
13.643588511623093
13.772512315581125
13.610052745906327
13.756204659115927
13.639091672716216
13.761141453998095
13.615533602933859
13.752740109437598
13.636377047299693
13.756062493931932
13.62253979838119
13.759503741899959
13.628910990330889
13.766187998376122
13.6315679341995
13.767922348170227
13.623463991704396
13.777651131091778
13.642802642204689
13.767695145805263
13.63138552583311
13.772350379914256
13.65644772519594
13.76787618135619
13.645369234087678
13.758266018899139
13.662405237378238
13.762554674105996
13.657301948947419
13.749013623516946
13.654375206357185
13.765327553402047
13.663594643328269
13.747899974413615
13.639430825995273
13.767726871364705
13.65598332856397
13.764392634179199
13.623484842718957
13.765176242317969
13.644851361302855
13.77243908929081
13.616179614350687
13.758245526555775
13.63070915532272
13.766063211599526
13.616050599148597
13.754305356682728
13.622173101073086
13.77040991268394
13.612814108266262
13.75290861181327
13.622571706000409
13.778401633937227
13.605003205357068
13.752527572009852
13.625510945307077
13.784677909912961
13.601086349492718
13.754026049476716
13.631382465672411
13.786151674719342
13.605057369650035
13.759876769916332
13.628317060355306
13.783203622066743
13.615015472605837
13.772267149989911
13.626011193987503
13.774027886471892
13.629913815060574
13.782610932755194
13.620316861965868
13.770878331826674
13.640284045563412
13.778329526983566
13.611116843963222
13.767895069084602
13.64345353385679
13.770322412780407
13.610123236310505
13.75449965045082
13.638831224073325
13.759598746447235
13.61715636216324
13.75350620471321
13.635555077920419
13.756718429870737
13.62334521840227
13.761038792969005
13.627299728642189
13.767993983305207
13.632786442934435
13.769198488732375
13.623610612401748
13.777386026156844
13.645052364600794
13.767013801234341
13.633178418368557
13.771588258425131
13.658391696320862
13.766791096061562
13.646902277451842
13.756396693030139
13.66167523581282
13.762337061941174
13.65935265667181
13.747908691435839
13.652603935880496
13.765688755700868
13.663221795141734
13.749281576554246
13.637181804176791
13.767819169017267
13.654488415974487
13.766431190106033
13.621829003240629
13.763590735300244
13.642911314366875
13.771154165944678
13.616086093981748
13.75790653783183
13.629047009245053
13.765989447564328
13.616351400604037
13.754130850967533
13.621940388418295
13.770893760289843
13.612194304411744
13.753050524194338
13.622777008451422
13.779901549475305
13.60389801370818
13.752950201489226
13.626155365029668
13.78516792508229
13.601458022555313
13.754663912043304
13.631773887479254
13.786524157367158
13.606465450276636
13.76155029821569
13.627727203583445
13.782152245226651
13.616822282346602
13.773002386473859
13.626063904662335
13.772903864458684
13.63146662309815
13.78383367507133
13.618285319010837
13.771282350409937
13.641301127057954
13.777869896285141
13.61076630511502
13.766168225733502
13.642988729942092
13.768455576254416
13.610409241461221
13.75327321986511
13.638784461979856
13.75844120315181
13.618970398028882
13.754753500924535
13.634668313184857
13.75780042601453
13.62433541022605
13.763013685677654
13.626568684253682
13.769880516376421
13.63383774316894
13.770462337682194
13.624141059716283
13.77706278190078
13.64712172705575
13.766744831680656
13.635288014290426
13.77022632335329
13.659560802512043
13.766012969109655
13.648483049921914
13.754881045523396
13.661133947975067
13.762370170729207
13.661600284408038
13.747008925934093
13.650752289810011
13.766147320785624
13.66283888077173
13.751057506671852
13.63507827802886
13.767933941720147
13.652855136440648
13.768644996302308
13.620374120610334
13.762233814446201
13.641078398428435
13.76953144560173
13.616212342291472
13.757678381750969
13.62770279212802
13.76628888065672
13.616620465877785
13.754159063218832
13.62180413111753
13.771203052878615
13.611711762841626
13.753048152088157
13.623070136032688
13.781555322205
13.6028828280686
13.753724563671685
13.62700639734292
13.785556719540402
13.601687803147573
13.755482314902732
13.632041783968148
13.787157213555087
13.608096319643462
13.762689530399758
13.627276530428936
13.781222199205764
13.618869938755473
13.774011940920978
13.62586232525765
13.7720494855866
13.633278691873544
13.78314813299224
13.616531890700738
13.771380769060947
13.642432888624077
13.77734544893652
13.610677341976809
13.764622631819128
13.64260725972189
13.766962999263448
13.610928676705965
13.752494951155025
13.638726506397827
13.75763951319834
13.619773951069043
13.756168697666519
13.633743344899338
13.758980243244809
13.62553710073428
13.76466166755117
13.625200470552752
13.772015359459088
13.635179142418803
13.771161204982747
13.625080542323646
13.776027007468095
13.64908332629575
13.766822312786289
13.637521352499055
13.768361492327738
13.660845353520978
13.765267806794355
13.649840840883451
13.753745311950563
13.660546785516992
13.762878666816697
13.662991354920639
13.746331746239349
13.648707003820075
13.765904329503112
13.662297956716293
13.753126552572576
13.63276934325751
13.767569192326308
13.65138427937377
13.770989674335045
13.619137348841152
13.761210581190165
13.638911456616315
13.768235028749599
13.616420595949398
13.757531379143996
13.626135040233486
13.766965563665622
13.61639307564454
13.753319486162384
13.62149981472566
13.771895280972908
13.610207098838924
13.753009345402589
13.62352680183077
13.783025773907863
13.602071477288161
13.754645335194517
13.628051286604643
13.785491457177379
13.601795520769437
13.7563400947049
13.631389979058545
13.787621815712667
13.609111104040975
13.763840916161675
13.62682183657294
13.780263115748841
13.621150299606427
13.775362629673193
13.625329598596178
13.771469146975996
13.635334234065198
13.782394393349557
13.61504956344847
13.771718891778521
13.64324389277165
13.776193172251665
13.610732698286983
13.762864873523995
13.641485039986339
13.76583315824939
13.611651037160687
13.752203179447791
13.638256522608762
13.756995494092617
13.620384031357467
13.757218007804227
13.632536630833386
13.76045478147378
13.626902205489294
13.76585375922055
13.624921499537649
13.773857707537015
13.636722538134963
13.771026588963462
13.626351917735134
13.774896203609513
13.650547502782162
13.76725785312958
13.639843112400445
13.766417089377574
13.662089878633642
13.764939814405071
13.651326048040074
13.752984450158513
13.659834803648996
13.763817482698233
13.663681698267505
13.74606617414289
13.646493296659381
13.76604800110909
13.66144521976777
13.755343149369205
13.630336054475618
13.767225938970967
13.650018130684659
13.772579524748343
13.618093966235115
13.76027405837509
13.63761466217979
13.767286810299984
13.616232432280787
13.757300183537284
13.624797139569727
13.767349529687047
13.615923211167551
13.752850384956771
13.621368824195056
13.77295342127072
13.60869378994462
13.753227810919773
13.62409778947315
13.784193802868804
13.601477160604254
13.754493261699086
13.628900746349839
13.785470055923199
13.602146122855528
13.756884070721748
13.630621084674315
13.78708317306037
13.610303678186357
13.765388062183339
13.626392057634266
13.779023300583564
13.623662017015203
13.777050425921871
13.624915264421546
13.771035428918106
13.637635681360667
13.781163504718567
13.613842594814189
13.772049878258164
13.643131906546706
13.77527419872028
13.610771480442432
13.760847190386794
13.640527268426899
13.764642525857417
13.61258302261384
13.75194778009651
13.637800676887007
13.756260155566517
13.621168277826692
13.757498477805886
13.63109960813588
13.761929870214509
13.628444083750606
13.766372336107493
13.624227125099633
13.775218278476448
13.638483645160317
13.770174346485945
13.627991196287704
13.774013975554414
13.652165492823759
13.76779951141807
13.64224764816809
13.763872562334075
13.66256313970726
13.76446210365857
13.653039971784809
13.752366846707702
13.658614981716381
13.764989393376007
13.663718282564526
13.746168764794636
13.644397767516457
13.766399706532537
13.660112170259328
13.757905210587957
13.62806425080314
13.766944082585358
13.648487530813783
13.773616024530693
13.617261353974387
13.759576540213088
13.634687347787752
13.766683247369302
13.616109048165367
13.756151057036229
13.62371269801224
13.768066346787466
13.614890905018996
13.752534569231353
13.621488784714638
13.774390445765794
13.607367680907537
13.753059684202677
13.62436161322831
13.78437977677163
13.601100873909889
13.754145232070847
13.62991100972579
13.785666815392798
13.60274023535244
13.757286965862226
13.629934695841142
13.786050815441923
13.611731131930586
13.767258979909418
13.62621619909783
13.777662154276753
13.626274853285292
13.778582717792979
13.624664159766992
13.770908249124217
13.638788995780304
13.780028274974255
13.612917173453717
13.771540940092194
13.643195625103484
13.774570686634268
13.610323151863012
13.758555900426394
13.639772785075493
13.763138097369318
13.613729824178021
13.752083091111798
13.637175146284246
13.755933739383597
13.621799634469664
13.758056192876733
13.6301151207436
13.763551725628972
13.629911483178187
13.76675330856977
13.62388542644183
13.776389198540752
13.640205961182877
13.769121767187254
13.629544639480232
13.773402622559647
13.654011675503535
13.767905750979143
13.643551607180775
13.76123585951709
13.662905035324286
13.763529959386261
13.654943083587103
13.751064960614086
13.656964157713471
13.765191394086758
13.663906067072558
13.746671964419487
13.642294662482755
13.7667715223177
13.65821072047648
13.760830441073484
13.625972250687072
13.766823969104173
13.646870027504711
13.773698147009751
13.616651618136943
13.759236990333127
13.63316305085542
13.766242616589004
13.615964288396409
13.75511635820604
13.622879465873803
13.769011333481542
13.613889615488521
13.75245555018714
13.621854703157744
13.776183659859289
13.606236593066715
13.752556986715232
13.624824877703809
13.784283041315094
13.600947272174917
13.753795905625823
13.631084505993487
13.785863565820675
13.603579835770342
13.758113259853086
13.629316620364591
13.784864749433789
13.613013673092274
13.769239034677874
13.62614721031797
13.775884137061336
13.628076097898708
13.780136239884273
13.622982589995203
13.770790314225344
13.639317117075338
13.779124375171179
13.611974630590955
13.770363946448743
13.643469288795815
13.773126236957243
13.610093609693088
13.756680315485768
13.639232869862004
13.761796123291928
13.615078605752624
13.752512949373807
13.636559011566982
13.756021750568665
13.622344987342393
13.759035053905793
13.6289449384678
13.765503142325453
13.631147406282768
13.767519550783991
13.62351977441974
13.777450848128094
13.642154597515685
13.767934284056736
13.630902425342704
13.772586926827977
13.655886068802053
13.767825211128622
13.644903406075779
13.758896083713864
13.662533133118533
13.762768694963443
13.656708460270922
13.749464705970395
13.654985545733338
13.765256909917484
13.663757394014205
13.747545301849051
13.640174797010648
13.767482923135232
13.656494974610826
13.763600044300027
13.624059893983826
13.76558708575376
13.64540864440923
13.772840343869408
13.61626066256712
13.75843726110597
13.630976359238716
13.766097013467276
13.616000167665394
13.754452392538127
13.622305023854814
13.77017640701548
13.61304889518795
13.752756769523973
13.622467913466847
13.777949181197963
13.605302445969272
13.752441005029418
13.625342900909974
13.784497707265222
13.601018153724564
13.753855539656767
13.631295098337606
13.786033911217448
13.604663842361902
13.759327171905317
13.628537026514755
13.783516729285415
13.614496132965684
13.771543675831875
13.62605234002847
13.774386329959828
13.629480642228145
13.78190213851631
13.621026693414816
13.770758161173502
13.64001935911145
13.778425067579441
13.611290630206266
13.768462521449118
13.643602800492676
13.77091091305548
13.6100899745965
13.75493322735694
13.638900909396808
13.760147104070514
13.616633968329209
13.753179610186633
13.635884750096125
13.756549061688164
13.623085765022934
13.760451769870063
13.627999104446316
13.767304952692545
13.632525089106291
13.768692622345995
13.623538214257495
13.777496701943509
13.644331572104399
13.767146681831251
13.632587022536583
13.771761598552247
13.65777110041377
13.76709358357729
13.646460737665224
13.75690498497558
13.661905326292109
13.762440091580814
13.658686715147427
13.748250228902242
13.653164072030865
13.765510901407822
13.663323198989136
13.748813844410275
13.637892617444109
13.767777088376052
13.654963228438756
13.765789987301751
13.622342043617396
13.764112690357283
13.643538691764002
13.771669835407861
13.61609656588866
13.758000525381282
13.629604919946
13.765971047027419
13.616237649628175
13.754198417195191
13.621988370282741
13.770883006768804
13.612375233273596
13.753021648411126
13.622683962236728
13.77933866516458
13.604266213864248
13.752731658837483
13.625921151191738
13.784997861403253
13.601316891836156
13.754353169537453
13.63162179664506
13.786323922315662
13.605994047064732
13.760954631190986
13.627920687455374
13.782428901870652
13.61622553189256
13.772695751303381
13.62602383049702
13.7731587395106
13.630951348964064
13.783705210411556
13.618908004777786
13.771044809358054
13.640961658148703
13.777957145581816
13.61085774630337
13.766609715427633
13.64312183267256
13.768955829956345
13.610303700366481
13.7535504963768
13.638785948923063
13.758851062389907
13.618383238832017
13.754268000248501
13.634927335540484
13.757489082317099
13.624012398484153
13.762282612853715
13.626615250257043
13.769225866575269
13.633487630178742
13.770180347363556
13.62394605044941
13.777089519128493
13.646541584831219
13.766743694594124
13.634595804587297
13.77072591087519
13.659213398381146
13.766181296746144
13.647963895955503
13.755289872393657
13.661293397748246
13.762352157468207
13.660879324800812
13.747306482500978
13.651447384377757
13.766093117301159
13.663051356845303
13.750449340297555
13.635737415843547
13.768025835490032
13.653352920935998
13.76789323833298
13.620818673288623
13.76263451442566
13.64159068741869
13.770003104531359
13.616155010905384
13.757818898371683
13.628179106631565
13.766155273425754
13.616612067079306
13.754216915973403
13.621837082400978
13.771082864551914
13.611870017372171
13.753177679346672
13.622970633914186
13.781081743776395
13.603183144476
13.753355180855186
13.626709503978478
13.78547408675083
13.601702155536147
13.755159285106389
13.632133122805717
13.786885402344385
13.607564757329461
13.76235660993914
13.627396985132116
13.781420626828544
13.618193424224884
13.773610619177658
13.625993774909043
13.772222791402152
13.632675713997617
13.783335536718727
13.617058675849087
13.771277170695884
13.64213521328164
13.77759250748598
13.610676021761025
13.765135362062276
13.642797399880946
13.767331476398613
13.610735937695065
13.752639509819607
13.638850203007332
13.757908902312144
13.619552252584327
13.755798176775528
13.634224314803992
13.758580984203071
13.625127212573728
13.764119024071118
13.625841270833972
13.771179032368343
13.634714968413252
13.770904879925245
13.624728338937699
13.776311477679265
13.648425174714921
13.766738881671401
13.636813951735986
13.768902299073396
13.660402799474568
13.765442710404107
13.649385552744901
13.753989921752002
13.660757968554321
13.762696808860948
13.662597138299136
13.746485232579584
13.64932877102436
13.765933077149018
13.662429917949714
13.752437619204501
13.63355662137429
13.76765636408101
13.651829438244391
13.770303314996305
13.619496029801853
13.761521480297935
13.639928483947328
13.768605573412351
13.61639945196045
13.757581618311562
13.626593631805735
13.766709288253725
13.616504286249326
13.753583707891496
13.621579420055381
13.771658891707323
13.610721419297743
13.75300613304131
13.623346248536233
13.782473243739862
13.602303500539941
13.754247505811794
13.627689074966227
13.785477091972583
13.601735088582787
13.756004395013955
13.631673470843461
13.787459899091994
13.60878321748736
13.763385745060827
13.62697364015616
13.780586969434728
13.620400923637042
13.774856548526548
13.625509213149485
13.771575219430567
13.634654277013931
13.78266212502392
13.61548576391528
13.771506235583786
13.642833642870805
13.776470224653394
13.610720625800989
13.763456899241264
13.641830155149254
13.766085755170069
13.611386246738078
13.752188939567336
13.638439215538
13.757289233291148
13.620157214278066
13.756912664523231
13.63279754127179
13.76001928755181
13.626429366871374
13.76541021454682
13.624680697630493
13.773323650407248
13.636189949778402
13.770998818424927
13.625888598630828
13.775151356064018
13.650054738979968
13.767042978671014
13.639052303276294
13.767029432760442
13.661786208043903
13.764980521936067
13.65080621140838
13.753125316761201
13.660083672779
13.763498958219216
13.663567574847935
13.746077033272181
13.647162977663971
13.76594610466169
13.661830758931888
13.754602543246436
13.631072029244562
13.76736837955551
13.650413815954053
13.77219109459589
13.618385481391549
13.760577137159826
13.637612075761607
13.767547055523002
13.616299925826388
13.757371553569113
13.625178024690044
13.767206774514115
13.616189207267748
13.752996107406043
13.621367548954305
13.77260264063782
13.609153016445688
13.753221062459701
13.623962461256294
13.784006040700463
13.601645909763123
13.754587995723519
13.62861052369376
13.785421273128444
13.602015434240307
13.756775094400549
13.630836334396417
13.787395178255432
13.609908156837093
13.764797085341815
13.626496032632827
13.779425200806243
13.622849114963612
13.776427260181245
13.625015320121737
13.771076590679078
13.636888779176015
13.781505083655524
13.614191078185554
13.772052374596306
13.643164099072813
13.775492812416285
13.61081623135112
13.761442518873068
13.640818213776448
13.765064748630007
13.612254531178802
13.751963538935572
13.63792902239753
13.756477656331873
13.620887125060019
13.7573759472852
13.63164439177692
13.761389971444276
13.627920193152471
13.766293424063063
13.624693001572705
13.774698509548267
13.637881575239545
13.770489301613681
