19.25062338539138
19.238016517253172
19.26135757495926
19.22578294556065
19.258969725084306
19.246377337026455
19.25799042911758
19.258627569760037
19.278751366110118
19.29566226371801
19.32673152306251
19.356855030771577
19.400637162298658
19.442633133256717
19.498765309841367
19.55115001548853
19.618379121753932
19.679668910971074
19.75892263289382
19.822614021281446
19.908242099014956
19.976835695548438
20.064060309574877
20.13488899492696
20.222716619819053
20.292227772821832
20.377112508469907
20.444366888356566
20.52297940688639
20.58515715665901
20.657052072601225
20.711791081587524
20.776402706768206
20.825488156096924
20.87896922047282
20.925838561232712
20.967712709504504
21.011480441693585
21.041805684778307
21.080724217800146
21.10495833893519
21.136536300655838
21.158621193996595
21.183177017300366
21.204839824492844
21.222031427153244
21.244234436381966
21.2524464022938
21.273123293369423
21.27606790618092
21.2942833392678
21.29132357261222
21.310901206340024
21.301687374799638
21.32360430634584
21.30780608130329
21.33166080110836
21.31227003249897
21.33816279215434
21.315993309946826
21.34360104524561
21.319094188265098
21.348007106605046
21.320523588503463
21.35137568134717
21.321570059553338
21.353809127207754
21.32243412077781
21.355002839657335
21.32314726736923
21.3559923853806
21.32373562738983
21.35681208537675
21.32422085936288
21.35749063787218
21.324620903932395
21.35805200265564
21.324950612262786
21.358516155873197
21.325222270603074
21.358899731674164
21.325446037582974
21.359216565776137
21.325630308315887
21.359478154549148
21.325782017226164
21.359694041721962
21.325906889661404
21.35987214336157
21.326009650761407
21.360019020415333
21.326094198701146
21.360140106857642
21.32616374827538
21.36023990036025
21.326220949819277
21.360322121408682
21.326267987638776
21.36038984591154
21.326306661433243
21.36044561558696
21.326338453612294
21.360491529751624
21.326364584922775
21.3605293215708
21.32638606039423
21.360560421343827
21.326403707271602
21.360586008986616
21.32641820631985
21.360607057523012
21.326430117649075
21.360624369100716
21.326439902011632
21.36063860479809
21.326447938359642
21.360650309278
21.326454538314945
21.3606599311687
21.326459958091117
21.360667839903954
21.32646440831356
21.36067433963134
21.326468062106247
21.360679680694144
21.326471061749398
21.36068406910642
21.326473524159542
21.360687674369284
21.326475545399138
21.360690635916345
21.326477204387125
21.36069306842723
21.326478565951117
21.360695066206592
21.326479683337865
21.360696706791906
21.326480600277677
21.36069805392516
21.3264813526817
21.360699159999946
21.326481970037396
21.360700068076163
21.326482476555377
21.360700813538188
21.326482892112125
21.36070142545961
21.326483233024504
21.360701927725952
21.32648351268623
21.360702339958333
21.326483742090744
21.360702678273118
21.326483930260732
21.360702955906643
21.32648408460089
21.360703183728802
21.3264842111877
21.36070337066534
21.326484315007338
21.360703524044972
21.326484400151116
21.360703649884556
21.326484469975835
21.360703753123595
21.326484527235504
21.36070383781679
21.3264845741895
21.360703907292308
21.326484612691278
21.360703964281786
21.32648464426124
21.360704011027057
21.326484670146534
21.36070404936791
21.326484691370087
21.360704080814045
21.326484708770902
21.360704106604278
21.326484723037087
21.360704127755024
21.326484734732983
21.360704145100257
21.326484744321405
21.360704159324147
21.326484752181866
21.360704170987972
21.326484758625618
21.360704180552176
21.326484763907853
21.360704188394454
21.326484768237837
21.360704194824606
21.326484771787133
21.36070420009675
21.32648477469644
21.3607042044193
21.32648477708111
21.360704207963188
21.32648477903571
21.36070421086859
21.326484780637745
21.36070421325049
21.326484781950803
21.36070421520315
21.326484783026974
21.36070421680389
21.326484783908988
21.360704218116098
21.326484784631866
21.360704219191746
21.326484785224288
21.360704220073472
21.326484785709805
21.360704220796208
21.326484786107684
21.36070422138863
21.326484786433767
21.360704221874204
21.326484786700977
21.36070422227221
21.326484786919963
21.360704222598415
21.3264847870994
21.36070422286577
21.326484787246443
21.360704223084912
21.32648478736694
21.360704223264495
21.32648478746568
21.36070422341168
21.32648478754659
21.36070422353231
21.32648478761289
21.36070422363116
21.3264847876672
21.360704223712176
21.32648478771172
21.36070422377857
21.326484787748196
21.36070422383298
21.326484787778078
21.360704223877566
21.326484787802563
21.3607042239141
21.326484787822626
21.360704223944033
21.326484787839064
21.36070422396857
21.32648478785252
21.360704223988673
21.326484787863553
21.36070422400515
21.3264847878726
21.360704224018644
21.326484787880005
21.360704224029703
21.326484787886077
21.36070422403877
21.32648478789105
21.360704224046188
21.32648478789512
21.36070422405228
21.32648478789845
21.360704224057265
21.32648478790118
21.36070422406135
21.32648478790343
21.360704224064694
21.32648478790526
21.360704224067437
21.326484787906764
21.360704224069682
21.326484787908
21.360704224071526
21.326484787909003
21.360704224073032
21.326484787909834
21.360704224074265
21.326484787910502
21.360704224075278
21.326484787911056
21.360704224076102
21.32648478791152
21.360704224076784
21.32648478791189
21.36070422407734
21.32648478791219
21.3607042240778
21.326484787912452
21.36070422407817
21.326484787912648
21.36070422407847
21.32648478791282
21.36070422407873
21.326484787912953
21.360704224078937
21.326484787913067
21.360704224079104
21.326484787913166
21.360704224079246
21.32648478791323
21.360704224079353
21.326484787913298
21.360704224079445
21.326484787913348
21.360704224079523
21.32648478791339
21.360704224079583
21.326484787913422
21.360704224079644
21.32648478791345
21.360704224079676
21.326484787913476
21.36070422407971
21.3264847879135
21.36070422407973
21.32648478791351
21.36070422407976
21.32648478791352
21.360704224079786
21.326484787913532
21.360704224079797
21.326484787913536
21.360704224079807
21.326484787913547
21.36070422407981
21.32648478791355
21.360704224079825
21.326484787913547
21.360704224079843
21.326484787913554
21.360704224079843
21.326484787913568
21.36070422407985
21.32648478791357
21.36070422407985
21.326484787913564
21.360704224079853
21.326484787913575
21.36070422407986
21.326484787913568
21.36070422407986
21.326484787913568
21.360704224079864
21.32648478791357
21.36070422407985
21.326484787913568
21.360704224079857
21.32648478791357
21.360704224079857
21.326484787913575
21.36070422407987
21.32648478791358
21.360704224079868
21.32648478791358
21.360704224079868
21.32648478791358
21.36070422407987
21.326484787913582
21.360704224079868
21.32648478791358
21.36070422407987
21.32648478791358
21.360704224079864
21.32648478791357
21.360704224079868
21.32648478791357
21.360704224079864
21.326484787913575
21.36070422407986
21.326484787913575
21.360704224079864
21.326484787913575
21.36070422407987
21.32648478791358
21.360704224079875
21.326484787913575
21.360704224079875
21.326484787913582
21.360704224079868
21.326484787913582
21.36070422407987
21.32648478791358
21.360704224079875
21.326484787913575
21.360704224079868
21.32648478791357
21.360704224079864
21.32648478791357
21.360704224079857
21.326484787913575
21.36070422407986
21.326484787913575
21.360704224079864
21.326484787913575
21.36070422407987
21.326484787913582
21.36070422407987
21.326484787913575
21.360704224079875
21.32648478791358
21.36070422407987
21.326484787913582
21.360704224079868
21.32648478791358
21.360704224079864
21.32648478791357
21.360704224079868
21.326484787913575
21.36070422407986
21.32648478791357
21.360704224079864
21.326484787913575
21.360704224079864
21.32648478791358
21.36070422407987
21.326484787913575
21.360704224079875
21.32648478791358
21.360704224079875
21.32648478791358
21.36070422407987
21.32648478791358
21.36070422407987
21.32648478791358
21.360704224079875
21.32648478791358
21.360704224079868
21.32648478791357
21.360704224079864
21.32648478791357
21.360704224079864
21.326484787913575
21.360704224079864
21.326484787913575
21.360704224079868
21.326484787913575
21.36070422407987
21.32648478791358
21.360704224079875
21.326484787913575
21.36070422407987
21.32648478791358
21.360704224079868
21.326484787913582
21.36070422407987
21.32648478791358
21.360704224079875
21.32648478791358
21.360704224079864
21.32648478791357
21.360704224079864
21.32648478791357
21.360704224079857
21.326484787913575
21.360704224079864
21.326484787913575
21.360704224079868
21.326484787913575
21.360704224079875
21.326484787913582
21.36070422407987
21.326484787913575
21.36070422407987
21.326484787913575
21.360704224079875
21.32648478791358
21.36070422407987
21.32648478791357
21.360704224079864
21.326484787913575
21.360704224079868
21.326484787913582
21.360704224079864
21.326484787913575
21.360704224079864
21.326484787913575
21.360704224079864
21.326484787913575
21.360704224079864
21.32648478791358
21.36070422407987
21.326484787913575
21.360704224079875
21.326484787913582
21.360704224079875
21.326484787913582
21.360704224079868
21.326484787913582
21.360704224079868
21.326484787913575
21.36070422407986
21.32648478791357
21.360704224079857
21.326484787913575
21.360704224079864
21.32648478791357
21.36070422407986
21.326484787913568
21.36070422407986
21.326484787913568
21.36070422407987
21.326484787913568
21.36070422407987
21.32648478791357
21.360704224079875
21.326484787913575
21.360704224079868
21.32648478791358
21.360704224079868
21.32648478791357
21.360704224079864
21.32648478791357
21.360704224079864
21.326484787913564
21.360704224079868
21.32648478791357
21.360704224079868
21.326484787913568
21.360704224079868
21.326484787913564
21.360704224079868
21.326484787913564
21.360704224079868
21.32648478791357
21.360704224079868
21.32648478791357
21.360704224079868
21.32648478791357
21.360704224079864
21.326484787913575
21.360704224079864
21.326484787913575
21.360704224079864
21.32648478791357
21.360704224079864
21.32648478791356
21.360704224079868
21.326484787913564
21.360704224079868
21.326484787913568
21.360704224079864
21.326484787913564
21.36070422407987
21.326484787913564
21.36070422407987
21.32648478791356
21.360704224079864
21.32648478791357
21.360704224079864
21.326484787913575
21.360704224079864
21.326484787913568
21.360704224079864
21.32648478791357
21.360704224079864
21.326484787913564
21.360704224079868
21.32648478791356
21.360704224079864
21.326484787913564
21.360704224079868
21.32648478791356
21.36070422407986
21.326484787913568
21.36070422407987
21.326484787913564
21.360704224079864
21.326484787913568
21.360704224079864
21.32648478791357
21.360704224079868
21.326484787913568
21.360704224079864
21.326484787913568
21.360704224079864
21.326484787913564
21.36070422407986
21.326484787913564
21.360704224079864
21.32648478791356
21.36070422407986
21.326484787913568
21.360704224079868
21.326484787913564
21.360704224079868
21.32648478791357
21.36070422407987
21.32648478791357
21.360704224079868
21.32648478791357
21.360704224079868
21.326484787913568
21.360704224079864
21.326484787913568
21.360704224079864
21.326484787913568
21.360704224079864
21.32648478791357
21.36070422407986
21.326484787913564
21.360704224079868
21.326484787913564
21.36070422407986
21.326484787913564
21.360704224079864
21.326484787913564
21.360704224079864
21.326484787913575
21.360704224079864
21.326484787913568
21.360704224079864
21.32648478791357
21.360704224079868
21.326484787913575
21.36070422407986
21.32648478791357
21.36070422407987
21.32648478791356
21.360704224079864
21.326484787913568
21.36070422407987
21.326484787913568
21.36070422407987
21.32648478791356
21.360704224079875
21.326484787913564
21.36070422407986
21.326484787913564
21.360704224079864
21.326484787913575
21.36070422407986
21.326484787913568
21.360704224079868
21.326484787913568
21.360704224079864
21.326484787913564
21.36070422407986
21.326484787913568
21.36070422407987
21.326484787913557
21.36070422407987
21.326484787913564
21.360704224079868
21.326484787913575
21.360704224079875
21.32648478791357
21.360704224079864
21.32648478791357
21.360704224079857
21.326484787913568
21.36070422407986
21.32648478791357
21.360704224079857
21.326484787913557
21.36070422407986
21.32648478791357
21.360704224079868
21.326484787913557
21.360704224079864
21.326484787913564
21.360704224079868
21.32648478791356
21.360704224079864
21.326484787913575
21.36070422407986
21.326484787913564
21.36070422407986
21.32648478791357
21.360704224079864
21.32648478791358
21.36070422407986
21.326484787913564
21.360704224079857
21.326484787913575
21.360704224079864
21.326484787913557
21.36070422407986
21.32648478791358
21.360704224079864
21.326484787913564
21.36070422407986
21.326484787913575
21.36070422407986
21.32648478791357
21.36070422407987
21.32648478791357
21.360704224079864
21.32648478791357
21.360704224079853
21.326484787913568
21.36070422407986
21.326484787913575
21.36070422407986
21.32648478791356
21.360704224079857
21.326484787913568
21.36070422407987
21.326484787913557
21.36070422407986
21.32648478791357
21.36070422407986
21.326484787913568
21.360704224079868
21.32648478791358
21.360704224079864
21.326484787913568
21.360704224079868
21.326484787913575
21.360704224079864
21.326484787913568
21.360704224079853
21.326484787913568
21.360704224079857
21.32648478791358
21.360704224079868
21.326484787913564
21.36070422407986
21.326484787913568
21.36070422407987
21.32648478791356
21.36070422407986
21.326484787913568
21.36070422407986
21.326484787913568
21.360704224079868
21.32648478791358
21.360704224079868
21.32648478791356
21.360704224079868
21.326484787913575
21.360704224079868
21.32648478791357
21.360704224079857
21.32648478791356
21.36070422407986
21.326484787913575
21.360704224079868
21.32648478791356
21.36070422407986
21.326484787913564
21.360704224079864
21.326484787913564
21.360704224079857
21.32648478791356
21.360704224079868
21.326484787913568
21.36070422407987
21.32648478791357
21.360704224079864
21.32648478791357
21.360704224079868
21.32648478791357
21.360704224079864
21.32648478791357
21.36070422407986
21.32648478791356
21.36070422407986
21.326484787913575
21.36070422407987
21.326484787913557
21.36070422407986
21.326484787913564
21.360704224079875
21.326484787913564
21.360704224079868
21.32648478791356
21.360704224079868
21.32648478791356
21.360704224079868
21.326484787913568
21.360704224079868
21.32648478791357
21.360704224079868
21.326484787913568
21.360704224079864
21.326484787913575
21.360704224079864
21.326484787913564
21.360704224079853
21.326484787913568
21.36070422407987
21.326484787913557
21.36070422407986
21.326484787913568
21.360704224079868
21.32648478791356
21.360704224079864
21.326484787913568
21.360704224079868
21.326484787913568
21.360704224079868
21.32648478791357
21.360704224079868
21.32648478791357
21.36070422407986
21.326484787913568
21.36070422407986
21.326484787913575
21.36070422407986
21.326484787913564
21.360704224079857
21.32648478791357
21.36070422407987
21.326484787913557
21.360704224079857
21.326484787913575
21.36070422407986
21.32648478791356
21.360704224079864
21.32648478791357
21.360704224079864
21.32648478791357
21.360704224079868
21.326484787913575
21.360704224079868
21.326484787913568
21.360704224079853
21.326484787913568
21.36070422407986
21.326484787913575
21.36070422407986
21.32648478791356
21.360704224079857
21.326484787913568
21.36070422407987
21.326484787913564
21.36070422407986
21.32648478791357
21.360704224079868
21.326484787913564
21.360704224079868
21.326484787913582
21.360704224079868
21.326484787913564
21.360704224079868
21.32648478791357
21.360704224079868
21.32648478791357
21.360704224079853
21.326484787913568
21.36070422407986
21.326484787913575
21.360704224079868
21.326484787913564
21.36070422407986
21.32648478791357
21.36070422407987
21.32648478791356
21.36070422407986
21.326484787913568
21.360704224079864
21.326484787913568
21.360704224079868
21.326484787913582
21.360704224079875
21.326484787913557
21.360704224079868
21.32648478791357
21.36070422407987
21.32648478791357
21.36070422407986
21.32648478791356
21.360704224079864
21.32648478791357
21.360704224079864
21.326484787913564
21.36070422407986
21.326484787913564
21.360704224079868
21.326484787913564
21.360704224079857
21.32648478791356
21.360704224079868
21.326484787913564
21.360704224079875
21.32648478791357
21.360704224079868
21.32648478791357
21.360704224079868
21.32648478791357
21.360704224079868
21.32648478791357
21.36070422407986
21.32648478791356
21.36070422407986
21.32648478791357
21.360704224079868
21.32648478791356
21.36070422407986
21.326484787913568
21.36070422407987
21.32648478791356
21.360704224079868
21.32648478791356
21.360704224079868
21.326484787913557
21.360704224079868
21.326484787913568
21.360704224079868
21.326484787913575
21.360704224079868
21.326484787913568
21.360704224079864
21.326484787913575
21.36070422407986
21.326484787913564
21.360704224079853
21.326484787913568
21.360704224079868
21.32648478791356
21.36070422407986
21.326484787913568
21.360704224079868
21.32648478791356
21.36070422407986
21.326484787913564
21.360704224079868
21.326484787913564
21.360704224079864
21.326484787913568
21.360704224079868
21.32648478791357
21.36070422407986
21.326484787913568
21.360704224079864
21.326484787913575
21.36070422407986
21.326484787913568
21.360704224079857
21.32648478791357
21.360704224079868
21.32648478791356
21.360704224079857
21.326484787913575
21.360704224079868
21.326484787913564
21.36070422407986
21.32648478791357
21.36070422407986
21.326484787913568
21.360704224079868
21.32648478791357
21.360704224079868
21.32648478791357
21.36070422407986
21.326484787913568
21.360704224079864
21.326484787913568
21.36070422407986
21.326484787913568
21.36070422407986
21.32648478791357
21.36070422407987
21.32648478791356
21.36070422407986
21.326484787913568
21.360704224079868
21.326484787913564
21.360704224079864
21.32648478791358
21.360704224079868
21.326484787913564
21.360704224079864
21.32648478791357
21.360704224079868
21.32648478791357
21.360704224079857
21.326484787913568
21.360704224079864
21.326484787913582
21.360704224079868
21.326484787913564
21.36070422407986
21.326484787913575
21.36070422407987
21.326484787913564
21.360704224079857
21.326484787913575
21.360704224079857
21.32648478791357
21.360704224079864
21.32648478791358
21.360704224079864
21.326484787913568
21.360704224079868
21.32648478791357
21.360704224079868
21.32648478791358
21.360704224079857
21.326484787913564
21.36070422407986
21.326484787913575
21.360704224079868
21.326484787913564
21.360704224079864
21.326484787913568
21.36070422407986
21.326484787913564
21.360704224079857
21.326484787913568
21.360704224079864
21.326484787913564
21.36070422407986
21.326484787913575
21.360704224079868
21.326484787913568
21.36070422407987
21.326484787913564
21.36070422407986
21.32648478791357
21.360704224079864
21.326484787913568
21.360704224079864
21.326484787913575
21.36070422407987
21.326484787913575
21.36070422407986
21.326484787913568
21.360704224079864
21.32648478791358
21.360704224079857
21.326484787913564
21.360704224079868
21.326484787913568
21.36070422407986
21.326484787913575
21.36070422407987
21.326484787913575
21.360704224079868
21.326484787913575
21.36070422407987
21.32648478791358
21.36070422407987
21.32648478791357
21.360704224079864
21.32648478791357
21.360704224079868
21.32648478791358
21.360704224079857
21.326484787913568
21.36070422407988
21.32648478791358
21.360704224079868
21.326484787913568
21.360704224079875
21.326484787913575
21.36070422407987
21.32648478791357
21.36070422407987
21.326484787913575
21.36070422407987
21.32648478791357
21.36070422407987
21.32648478791357
21.360704224079875
21.326484787913575
21.360704224079864
21.32648478791357
21.360704224079875
21.32648478791358
21.36070422407986
21.32648478791356
21.360704224079875
21.326484787913575
21.360704224079868
21.326484787913568
21.36070422407987
21.32648478791357
21.36070422407987
21.326484787913568
21.36070422407987
21.326484787913575
21.36070422407987
21.326484787913568
21.36070422407987
21.326484787913568
21.36070422407987
21.326484787913568
21.36070422407987
21.326484787913557
21.360704224079875
21.32648478791357
21.36070422407986
21.326484787913564
21.36070422407988
21.32648478791357
21.360704224079868
21.326484787913568
21.360704224079868
21.32648478791357
21.360704224079875
21.326484787913568
21.360704224079875
21.32648478791358
21.360704224079875
21.326484787913568
21.360704224079868
21.326484787913568
21.36070422407987
21.32648478791357
21.36070422407987
21.326484787913557
21.36070422407987
21.326484787913568
21.36070422407986
21.326484787913564
21.36070422407988
21.326484787913575
21.36070422407987
21.326484787913564
21.36070422407987
21.326484787913568
21.360704224079875
21.326484787913568
21.360704224079875
21.326484787913582
21.360704224079875
21.326484787913568
21.36070422407986
21.32648478791356
21.360704224079875
21.32648478791357
21.36070422407987
21.326484787913557
21.360704224079868
21.326484787913568
21.36070422407986
21.326484787913564
21.360704224079882
21.326484787913575
21.360704224079868
21.326484787913568
21.36070422407987
21.326484787913575
21.360704224079875
21.326484787913564
21.360704224079875
21.326484787913582
21.360704224079875
21.326484787913564
21.360704224079864
21.326484787913564
21.360704224079875
21.326484787913575
21.360704224079868
21.326484787913557
21.36070422407987
21.326484787913575
21.36070422407986
21.326484787913564
21.360704224079875
21.326484787913568
21.360704224079864
21.326484787913568
21.36070422407987
21.32648478791358
21.36070422407987
21.326484787913568
21.36070422407987
21.326484787913575
21.36070422407987
21.326484787913564
21.360704224079868
21.32648478791357
21.360704224079875
21.326484787913575
21.360704224079864
21.326484787913557
21.36070422407987
21.32648478791357
21.360704224079864
21.326484787913568
21.360704224079875
21.326484787913568
21.360704224079868
21.326484787913564
21.360704224079868
21.32648478791358
21.360704224079868
21.326484787913568
21.360704224079868
21.326484787913564
21.360704224079875
21.32648478791357
21.360704224079864
21.326484787913564
21.36070422407987
21.326484787913575
21.36070422407986
21.326484787913564
21.360704224079875
21.32648478791357
21.36070422407987
21.326484787913568
21.36070422407987
21.326484787913568
21.36070422407987
21.326484787913564
21.360704224079875
21.32648478791358
21.360704224079868
21.326484787913568
21.360704224079868
21.326484787913564
21.360704224079875
21.326484787913564
21.36070422407987
21.326484787913557
21.360704224079875
21.32648478791357
21.36070422407986
21.326484787913564
21.36070422407988
21.326484787913568
21.360704224079864
21.326484787913568
21.360704224079868
21.326484787913564
21.36070422407988
21.326484787913568
21.360704224079875
21.326484787913582
21.36070422407987
21.326484787913568
21.360704224079868
21.326484787913568
21.360704224079875
21.32648478791357
21.36070422407987
21.326484787913554
21.360704224079875
21.326484787913568
21.36070422407986
21.32648478791357
21.360704224079875
21.326484787913568
21.36070422407987
21.326484787913564
21.36070422407987
21.326484787913568
21.360704224079875
21.326484787913568
21.360704224079875
21.326484787913575
21.360704224079875
21.326484787913564
21.36070422407986
21.326484787913557
21.360704224079885
21.32648478791358
21.36070422407987
21.326484787913557
21.360704224079864
21.326484787913575
21.360704224079857
21.326484787913557
21.36070422407987
21.32648478791358
21.36070422407987
21.326484787913575
21.360704224079868
21.32648478791357
21.36070422407987
21.32648478791356
21.36070422407988
21.326484787913586
21.360704224079875
21.326484787913568
21.36070422407986
21.326484787913557
21.360704224079882
21.326484787913586
21.36070422407987
21.326484787913554
21.36070422407987
21.326484787913575
21.360704224079864
21.326484787913557
21.360704224079864
21.326484787913586
21.36070422407987
21.326484787913557
21.360704224079864
21.326484787913568
21.360704224079864
21.32648478791356
21.36070422407988
21.32648478791358
21.360704224079864
21.326484787913568
21.36070422407989
21.326484787913554
21.360704224079868
21.32648478791358
21.36070422407987
21.326484787913568
21.360704224079857
21.326484787913568
21.36070422407988
21.326484787913557
21.360704224079885
21.326484787913575
21.360704224079868
21.32648478791356
21.360704224079857
21.326484787913554
21.36070422407988
21.326484787913564
21.36070422407988
21.32648478791358
21.360704224079857
21.32648478791357
21.360704224079868
21.32648478791356
21.36070422407988
21.326484787913568
21.36070422407987
21.32648478791358
21.360704224079843
21.326484787913564
21.360704224079875
21.32648478791356
21.36070422407987
21.32648478791358
21.360704224079868
21.32648478791357
21.360704224079868
21.326484787913554
21.360704224079882
21.326484787913582
21.360704224079882
21.326484787913582
21.360704224079853
21.326484787913568
21.36070422407986
21.326484787913557
21.360704224079885
21.32648478791356
21.36070422407987
21.32648478791358
21.360704224079853
21.326484787913568
21.36070422407987
21.326484787913557
21.36070422407987
21.326484787913575
21.360704224079868
21.32648478791357
21.360704224079857
21.32648478791356
21.36070422407989
21.32648478791358
21.360704224079875
21.326484787913582
21.360704224079857
21.326484787913575
21.360704224079868
21.32648478791356
21.36070422407988
21.326484787913564
21.360704224079868
21.32648478791358
21.360704224079857
21.32648478791357
21.36070422407987
21.326484787913554
21.360704224079875
21.326484787913582
21.360704224079868
21.326484787913568
21.360704224079857
21.32648478791356
21.360704224079882
21.32648478791357
21.36070422407988
21.326484787913586
21.360704224079853
21.326484787913568
21.360704224079868
21.326484787913564
21.36070422407988
21.32648478791356
21.36070422407987
21.32648478791358
21.360704224079857
21.326484787913575
21.360704224079875
21.326484787913557
21.360704224079875
21.326484787913582
21.36070422407987
21.326484787913568
21.360704224079853
21.32648478791356
21.360704224079882
21.32648478791357
21.36070422407988
21.326484787913582
21.360704224079857
21.326484787913564
21.36070422407987
21.32648478791357
21.360704224079882
21.326484787913564
21.360704224079875
21.32648478791358
21.360704224079864
21.326484787913575
21.36070422407987
21.32648478791356
21.360704224079875
21.326484787913582
21.360704224079875
21.326484787913575
21.360704224079853
21.326484787913557
21.360704224079882
21.32648478791357
21.360704224079882
21.326484787913582
21.360704224079857
21.326484787913568
21.360704224079868
21.326484787913568
21.360704224079882
21.326484787913568
21.36070422407988
21.326484787913575
21.360704224079864
21.326484787913568
21.360704224079882
21.32648478791356
21.36070422407988
21.326484787913582
21.360704224079868
21.326484787913568
21.360704224079857
21.326484787913557
21.36070422407987
21.32648478791357
21.360704224079882
21.32648478791358
21.36070422407986
21.326484787913568
21.360704224079864
21.32648478791356
21.360704224079875
21.326484787913564
21.360704224079882
21.32648478791357
21.360704224079868
21.326484787913568
21.360704224079885
21.326484787913568
21.360704224079885
21.32648478791358
21.360704224079864
21.32648478791357
21.360704224079864
21.326484787913557
21.36070422407988
21.326484787913575
21.360704224079882
21.32648478791358
21.36070422407986
21.326484787913568
21.360704224079868
21.32648478791356
21.360704224079875
21.326484787913564
21.360704224079882
21.32648478791357
21.36070422407986
21.326484787913564
21.360704224079885
21.326484787913568
21.360704224079885
21.326484787913575
21.36070422407986
21.326484787913575
21.360704224079857
21.326484787913557
21.360704224079875
21.326484787913564
21.36070422407988
21.326484787913575
21.360704224079853
21.326484787913564
21.360704224079868
21.326484787913557
21.36070422407988
21.326484787913568
21.36070422407988
21.32648478791358
21.360704224079864
21.326484787913568
21.360704224079885
21.32648478791357
21.36070422407988
21.32648478791358
21.360704224079857
21.326484787913575
21.360704224079857
21.326484787913557
21.36070422407988
21.326484787913564
21.360704224079875
21.32648478791358
21.36070422407985
21.32648478791357
21.360704224079875
21.32648478791356
21.360704224079885
21.326484787913575
21.360704224079875
21.32648478791358
21.360704224079868
21.326484787913568
21.360704224079885
21.32648478791357
21.36070422407987
21.32648478791358
21.36070422407986
21.32648478791357
21.36070422407986
21.32648478791355
21.360704224079882
21.326484787913564
21.36070422407988
21.326484787913582
21.36070422407985
21.326484787913568
21.36070422407988
21.32648478791356
21.360704224079882
21.326484787913582
21.360704224079875
21.326484787913575
21.36070422407986
21.32648478791356
21.360704224079882
21.32648478791358
21.360704224079875
21.32648478791358
21.36070422407986
21.32648478791357
21.360704224079868
21.326484787913554
21.360704224079882
21.32648478791356
21.360704224079875
21.326484787913575
21.360704224079846
21.326484787913564
21.360704224079875
21.32648478791356
21.360704224079882
21.32648478791357
21.36070422407987
21.32648478791357
21.36070422407986
21.32648478791356
21.360704224079885
21.32648478791358
21.36070422407988
21.326484787913575
21.360704224079857
21.326484787913564
21.36070422407987
21.326484787913564
21.360704224079882
21.326484787913557
21.36070422407987
21.32648478791357
21.360704224079846
21.32648478791356
21.36070422407987
21.32648478791356
21.36070422407988
21.32648478791358
21.360704224079868
21.326484787913568
21.360704224079857
21.326484787913554
21.360704224079885
21.326484787913582
21.36070422407988
21.32648478791358
21.36070422407986
21.32648478791357
21.36070422407987
21.32648478791356
21.360704224079885
21.326484787913557
21.360704224079875
21.32648478791358
21.36070422407985
21.326484787913568
21.36070422407987
21.326484787913557
21.36070422407987
21.326484787913575
21.36070422407987
21.326484787913568
21.36070422407986
21.32648478791356
21.36070422407989
21.32648478791358
21.36070422407988
21.326484787913582
21.36070422407986
21.326484787913575
21.36070422407987
21.326484787913564
21.360704224079882
21.32648478791356
21.360704224079868
21.326484787913582
21.360704224079857
21.326484787913575
21.36070422407987
21.32648478791355
21.36070422407987
21.32648478791358
21.360704224079868
21.326484787913568
21.360704224079857
21.326484787913554
21.360704224079882
21.32648478791357
21.36070422407988
21.326484787913586
21.360704224079857
21.32648478791357
21.360704224079868
21.326484787913568
21.360704224079875
21.32648478791356
21.36070422407987
21.326484787913586
21.360704224079857
21.326484787913568
21.360704224079875
21.326484787913554
21.36070422407988
21.32648478791358
21.36070422407987
21.326484787913568
21.360704224079853
21.326484787913554
21.360704224079882
21.32648478791357
21.36070422407988
21.326484787913586
21.360704224079857
21.326484787913564
21.36070422407987
21.326484787913568
21.36070422407988
21.326484787913564
21.360704224079875
21.326484787913582
21.36070422407986
21.32648478791357
21.36070422407987
21.326484787913557
21.360704224079882
21.326484787913586
21.360704224079875
21.32648478791357
21.36070422407985
21.326484787913557
21.36070422407988
21.32648478791357
21.360704224079882
21.326484787913586
21.36070422407986
21.326484787913564
21.360704224079868
21.326484787913564
21.36070422407988
21.326484787913568
21.36070422407988
21.326484787913582
21.360704224079864
21.326484787913564
21.360704224079882
21.32648478791356
21.36070422407988
21.326484787913582
21.36070422407987
21.32648478791357
21.36070422407986
21.326484787913557
21.36070422407988
21.32648478791357
21.360704224079882
21.32648478791358
21.360704224079857
21.326484787913568
21.360704224079868
21.326484787913557
21.360704224079875
21.326484787913564
21.360704224079885
21.32648478791358
21.360704224079868
21.32648478791357
21.360704224079885
21.32648478791357
21.360704224079882
21.32648478791358
21.360704224079864
21.326484787913575
21.36070422407986
21.326484787913554
21.36070422407988
21.326484787913575
21.360704224079882
21.326484787913575
21.360704224079857
21.326484787913568
21.360704224079868
21.326484787913557
21.360704224079882
21.326484787913568
21.36070422407988
21.32648478791358
21.36070422407986
21.326484787913564
21.36070422407989
21.326484787913568
21.360704224079882
21.326484787913575
21.360704224079864
21.326484787913575
21.360704224079853
21.326484787913554
21.360704224079875
21.326484787913564
21.36070422407988
21.326484787913575
21.360704224079853
21.326484787913557
21.36070422407987
21.326484787913557
21.360704224079882
21.326484787913568
21.360704224079875
21.326484787913582
21.360704224079864
21.32648478791356
21.36070422407989
21.326484787913575
21.360704224079875
21.326484787913582
21.36070422407986
21.32648478791357
21.36070422407986
21.326484787913557
21.36070422407988
21.326484787913564
21.36070422407988
21.326484787913575
21.36070422407985
21.326484787913568
21.360704224079875
21.326484787913557
21.360704224079882
21.32648478791357
21.360704224079868
21.32648478791358
21.360704224079864
21.326484787913557
21.360704224079882
21.326484787913568
21.360704224079875
21.326484787913582
21.360704224079864
21.326484787913575
21.360704224079868
21.32648478791355
21.360704224079882
21.32648478791356
21.36070422407988
21.326484787913582
21.36070422407985
21.326484787913568
21.36070422407988
21.326484787913557
21.36070422407988
21.326484787913575
21.360704224079875
21.32648478791357
21.36070422407986
21.326484787913557
21.360704224079882
21.326484787913575
21.36070422407988
21.32648478791358
21.360704224079864
21.326484787913575
21.36070422407987
21.326484787913557
21.360704224079885
21.326484787913564
21.36070422407988
21.326484787913582
21.36070422407985
21.326484787913568
21.360704224079875
21.326484787913557
21.360704224079885
21.326484787913568
21.36070422407987
21.326484787913568
21.36070422407986
21.326484787913557
21.36070422407989
21.32648478791358
21.360704224079885
21.32648478791357
21.360704224079857
21.326484787913568
21.36070422407987
21.32648478791356
21.360704224079882
21.326484787913557
21.36070422407987
21.326484787913575
21.360704224079846
21.32648478791356
21.36070422407987
21.326484787913557
21.36070422407988
21.32648478791357
21.36070422407987
21.326484787913564
21.36070422407986
21.326484787913554
21.36070422407989
21.326484787913575
21.36070422407988
21.32648478791358
21.360704224079857
21.326484787913575
21.360704224079875
21.32648478791356
21.360704224079882
21.326484787913557
21.360704224079875
21.32648478791359
21.360704224079846
21.326484787913564
21.36070422407987
21.326484787913554
21.360704224079875
21.32648478791357
21.360704224079875
21.326484787913568
21.36070422407986
21.326484787913554
21.360704224079885
21.32648478791358
21.360704224079875
21.32648478791358
21.360704224079864
21.326484787913575
21.360704224079875
21.326484787913557
21.36070422407988
21.32648478791356
21.36070422407987
21.326484787913586
21.360704224079853
21.32648478791357
21.360704224079875
21.326484787913554
21.36070422407987
21.32648478791358
21.360704224079875
21.326484787913568
21.360704224079857
21.326484787913564
21.360704224079882
21.32648478791357
21.36070422407988
21.326484787913582
21.360704224079853
21.326484787913575
21.360704224079868
21.326484787913564
21.36070422407988
21.32648478791356
21.360704224079868
21.32648478791359
21.360704224079853
21.326484787913564
21.36070422407988
21.326484787913564
21.360704224079875
21.32648478791358
21.36070422407987
21.326484787913568
21.360704224079853
21.32648478791356
21.36070422407988
21.32648478791357
21.360704224079882
21.326484787913582
21.360704224079853
21.326484787913557
21.36070422407987
21.32648478791356
21.360704224079882
21.326484787913564
21.360704224079875
21.326484787913582
21.360704224079857
21.326484787913568
21.36070422407988
21.326484787913564
21.36070422407988
21.326484787913582
21.36070422407988
21.32648478791357
21.36070422407985
21.326484787913557
21.36070422407988
21.32648478791357
21.360704224079882
21.326484787913582
21.360704224079853
21.326484787913557
21.360704224079868
21.32648478791356
21.36070422407988
21.326484787913568
21.360704224079875
21.326484787913582
21.360704224079864
21.32648478791356
21.360704224079885
21.326484787913564
21.360704224079882
21.326484787913582
21.36070422407987
21.326484787913575
21.360704224079864
21.326484787913557
21.36070422407988
21.32648478791357
21.360704224079882
21.32648478791358
21.360704224079857
21.326484787913568
21.360704224079868
21.326484787913554
21.360704224079875
21.326484787913564
21.360704224079882
21.32648478791358
21.360704224079868
21.326484787913564
21.36070422407989
21.326484787913568
21.360704224079885
21.326484787913575
21.360704224079864
21.326484787913575
21.360704224079868
21.32648478791355
21.36070422407988
21.326484787913575
21.360704224079885
21.32648478791358
21.36070422407986
21.326484787913568
21.36070422407987
21.326484787913554
21.360704224079875
21.32648478791356
21.36070422407988
21.326484787913575
21.360704224079868
21.32648478791356
21.36070422407989
21.326484787913575
21.360704224079882
21.326484787913575
21.360704224079868
21.326484787913575
21.360704224079857
21.32648478791355
21.36070422407988
21.32648478791356
21.360704224079875
21.32648478791358
21.360704224079857
21.326484787913557
21.360704224079864
21.326484787913543
21.36070422407988
21.326484787913554
21.360704224079864
21.326484787913575
21.36070422407986
21.326484787913554
21.360704224079864
21.32648478791357
21.360704224079868
21.326484787913564
21.360704224079836
21.326484787913557
21.360704224079843
21.326484787913547
21.360704224079857
21.326484787913554
21.360704224079857
21.326484787913575
21.36070422407984
21.32648478791355
21.36070422407985
21.326484787913554
21.360704224079846
21.326484787913564
21.360704224079843
21.32648478791356
21.360704224079836
21.326484787913547
21.36070422407985
21.326484787913575
21.360704224079853
21.326484787913568
21.360704224079832
21.32648478791355
21.36070422407984
21.32648478791355
21.36070422407986
21.32648478791354
21.360704224079846
21.32648478791357
21.360704224079825
21.32648478791355
21.360704224079843
21.326484787913554
21.360704224079846
21.32648478791356
21.360704224079846
21.326484787913564
21.36070422407984
21.326484787913543
21.360704224079843
21.326484787913568
21.360704224079846
21.32648478791358
21.360704224079836
21.326484787913536
21.360704224079846
21.326484787913547
21.360704224079846
21.326484787913547
21.360704224079843
21.326484787913568
21.360704224079843
21.32648478791354
21.360704224079846
21.326484787913568
21.360704224079846
21.32648478791357
21.360704224079853
21.32648478791356
21.36070422407985
21.326484787913543
21.36070422407985
21.32648478791356
21.36070422407985
21.326484787913564
21.360704224079832
21.32648478791354
21.360704224079857
21.32648478791355
21.360704224079846
21.326484787913554
21.360704224079846
21.326484787913568
21.36070422407985
21.32648478791355
21.360704224079853
21.326484787913557
21.360704224079846
21.32648478791357
21.360704224079846
21.32648478791356
21.360704224079846
21.32648478791354
21.360704224079846
21.32648478791356
21.360704224079846
21.326484787913568
21.360704224079836
21.32648478791355
21.360704224079846
21.32648478791356
21.360704224079853
21.32648478791356
21.360704224079853
21.326484787913568
21.360704224079846
21.326484787913547
21.360704224079853
21.32648478791355
21.360704224079843
21.326484787913568
21.360704224079843
21.326484787913557
21.36070422407985
21.32648478791354
21.36070422407985
21.32648478791356
21.360704224079846
21.326484787913564
21.36070422407984
21.326484787913547
21.360704224079843
21.326484787913564
21.36070422407985
21.326484787913557
21.360704224079846
21.32648478791357
21.360704224079843
21.32648478791355
21.360704224079846
21.326484787913554
21.360704224079843
21.326484787913564
21.360704224079846
21.32648478791356
21.360704224079846
21.32648478791354
21.36070422407985
21.326484787913554
21.360704224079846
21.326484787913564
21.36070422407984
21.32648478791355
21.360704224079846
21.32648478791356
21.36070422407985
21.32648478791356
21.360704224079846
21.32648478791357
21.360704224079843
21.326484787913547
21.36070422407984
21.326484787913554
21.360704224079846
21.326484787913568
21.36070422407985
21.32648478791355
21.36070422407984
21.32648478791354
21.36070422407985
21.326484787913557
21.36070422407985
21.326484787913568
21.36070422407984
21.326484787913543
21.36070422407985
21.326484787913564
21.36070422407985
21.32648478791356
21.360704224079853
21.326484787913564
21.360704224079843
21.32648478791355
21.36070422407984
21.326484787913554
21.36070422407985
21.32648478791357
21.36070422407985
21.326484787913554
21.360704224079843
21.326484787913543
21.360704224079853
21.326484787913564
21.360704224079853
21.32648478791357
21.36070422407984
21.326484787913547
21.360704224079846
21.32648478791356
21.36070422407985
21.326484787913557
21.360704224079857
21.326484787913564
21.36070422407985
21.326484787913543
21.360704224079843
21.326484787913554
21.360704224079857
21.32648478791357
21.360704224079853
21.326484787913554
21.360704224079846
21.326484787913543
21.36070422407985
21.32648478791356
21.360704224079853
21.326484787913575
21.360704224079857
21.326484787913547
21.360704224079843
21.326484787913557
21.360704224079853
21.326484787913554
21.36070422407986
21.326484787913564
21.360704224079853
21.326484787913547
21.360704224079843
21.326484787913554
21.36070422407986
21.326484787913568
21.360704224079843
21.326484787913557
21.360704224079857
21.326484787913543
21.36070422407985
21.326484787913557
21.360704224079853
21.32648478791357
21.36070422407985
21.326484787913554
21.360704224079843
21.326484787913557
21.360704224079853
21.326484787913557
21.360704224079853
21.32648478791356
21.360704224079846
21.326484787913547
21.360704224079843
21.32648478791356
21.360704224079857
21.32648478791356
21.360704224079843
21.326484787913557
21.36070422407985
21.326484787913547
21.36070422407985
21.326484787913547
21.36070422407985
21.32648478791357
21.360704224079843
21.32648478791355
21.360704224079846
21.32648478791355
21.360704224079853
21.326484787913564
21.36070422407985
21.32648478791356
21.360704224079857
21.326484787913547
21.360704224079843
21.326484787913557
21.36070422407985
21.326484787913564
21.360704224079846
21.326484787913557
21.36070422407985
21.326484787913547
21.36070422407985
21.32648478791355
21.36070422407985
21.32648478791358
21.360704224079846
21.326484787913557
21.360704224079853
21.326484787913554
21.36070422407985
21.32648478791357
21.360704224079843
21.32648478791356
21.360704224079853
21.326484787913543
21.36070422407984
21.32648478791356
21.36070422407985
21.326484787913568
21.360704224079846
21.326484787913557
21.360704224079853
21.326484787913547
21.360704224079853
21.326484787913554
21.360704224079846
21.326484787913575
21.360704224079846
21.326484787913554
21.360704224079853
21.32648478791356
21.360704224079846
21.32648478791357
21.36070422407985
21.326484787913557
21.360704224079846
21.32648478791354
21.360704224079843
21.326484787913557
21.360704224079853
21.326484787913568
21.360704224079846
21.32648478791355
21.360704224079846
21.32648478791355
21.36070422407985
21.326484787913557
21.360704224079846
21.326484787913568
21.360704224079846
21.32648478791355
21.360704224079857
21.32648478791356
21.360704224079846
21.326484787913564
21.36070422407985
21.32648478791356
21.36070422407985
21.32648478791354
21.360704224079846
21.326484787913557
21.360704224079853
21.326484787913564
21.360704224079836
21.326484787913543
21.360704224079853
21.326484787913547
21.36070422407985
21.326484787913557
21.360704224079846
21.326484787913568
21.360704224079846
21.326484787913547
21.360704224079853
21.32648478791356
21.360704224079846
21.32648478791357
21.36070422407985
21.32648478791356
21.36070422407985
21.326484787913536
21.36070422407985
21.326484787913557
21.360704224079846
21.32648478791357
21.36070422407984
21.32648478791355
21.360704224079846
21.326484787913554
21.360704224079853
21.326484787913557
21.360704224079853
21.326484787913568
21.360704224079843
21.326484787913547
21.36070422407985
21.326484787913554
21.360704224079843
21.326484787913568
21.360704224079846
21.326484787913557
21.36070422407985
21.32648478791354
21.360704224079857
21.32648478791356
21.36070422407985
21.32648478791357
21.36070422407984
21.32648478791355
21.360704224079843
21.32648478791356
21.36070422407985
21.326484787913554
21.36070422407985
21.32648478791357
21.36070422407984
21.32648478791355
21.360704224079846
21.326484787913554
21.360704224079846
21.326484787913564
21.360704224079846
21.326484787913557
21.360704224079846
21.326484787913547
21.36070422407985
21.326484787913557
21.36070422407985
21.326484787913568
21.360704224079843
21.326484787913554
21.360704224079843
21.32648478791356
21.360704224079853
21.326484787913557
21.36070422407985
21.326484787913568
21.360704224079843
21.32648478791355
21.360704224079843
21.326484787913554
21.360704224079846
21.326484787913568
21.36070422407985
21.32648478791355
21.36070422407984
21.326484787913547
21.360704224079853
21.326484787913557
21.360704224079853
21.326484787913568
21.360704224079843
21.326484787913543
21.360704224079846
21.32648478791357
21.36070422407985
21.326484787913554
21.36070422407985
21.326484787913564
21.360704224079846
21.326484787913547
21.36070422407984
21.326484787913554
21.360704224079853
21.326484787913568
21.360704224079853
21.326484787913554
21.360704224079843
21.326484787913543
21.360704224079857
21.32648478791356
21.360704224079857
21.32648478791357
21.360704224079843
21.326484787913543
21.360704224079843
21.32648478791356
21.36070422407985
21.326484787913557
21.360704224079853
21.326484787913568
21.360704224079846
21.326484787913547
21.360704224079846
21.326484787913554
21.360704224079857
21.326484787913564
21.360704224079853
21.326484787913557
21.360704224079846
21.326484787913543
21.360704224079857
21.326484787913557
21.360704224079857
21.326484787913575
21.360704224079857
21.32648478791355
21.36070422407984
21.326484787913557
21.36070422407985
21.32648478791356
21.360704224079853
21.326484787913564
21.360704224079846
21.326484787913547
21.360704224079846
21.326484787913554
21.36070422407986
21.326484787913564
21.360704224079846
21.32648478791356
21.360704224079857
21.326484787913543
21.360704224079853
21.326484787913554
21.360704224079857
21.32648478791357
21.360704224079853
21.326484787913554
21.36070422407984
21.32648478791355
21.360704224079853
21.32648478791356
21.360704224079853
21.326484787913564
21.360704224079846
21.326484787913543
21.360704224079846
21.326484787913557
21.36070422407986
21.326484787913564
21.36070422407985
21.326484787913564
21.360704224079853
21.326484787913547
21.36070422407985
21.326484787913547
21.36070422407985
21.32648478791357
21.360704224079843
21.326484787913554
21.360704224079846
21.326484787913547
21.360704224079853
21.326484787913564
21.36070422407985
21.326484787913568
21.360704224079857
21.326484787913543
21.360704224079846
21.326484787913554
21.36070422407985
21.32648478791357
21.36070422407985
21.32648478791356
21.36070422407985
21.326484787913547
21.360704224079846
21.326484787913554
21.36070422407985
21.32648478791358
21.360704224079843
21.326484787913554
21.360704224079853
21.32648478791355
21.360704224079853
21.32648478791357
21.360704224079846
21.326484787913564
21.360704224079857
21.326484787913543
21.360704224079843
21.326484787913557
21.360704224079846
21.326484787913575
21.36070422407985
21.32648478791355
21.36070422407985
21.326484787913547
21.360704224079853
21.32648478791355
21.360704224079853
21.326484787913575
21.36070422407984
21.32648478791355
21.360704224079853
21.326484787913568
21.36070422407986
21.326484787913554
21.360704224079846
21.32648478791355
21.360704224079843
21.32648478791355
21.360704224079843
21.32648478791356
21.36070422407984
21.326484787913557
21.36070422407985
21.32648478791355
21.36070422407985
21.32648478791355
21.36070422407985
21.326484787913554
21.36070422407985
21.326484787913575
21.360704224079836
21.32648478791355
21.36070422407986
21.326484787913575
21.360704224079853
21.326484787913547
21.360704224079846
21.326484787913543
21.360704224079843
21.326484787913564
21.360704224079836
21.32648478791355
21.360704224079853
21.326484787913557
21.360704224079825
21.32648478791358
21.360704224079846
21.32648478791354
21.36070422407987
21.326484787913536
21.360704224079853
21.326484787913575
21.360704224079868
21.32648478791354
21.36070422407986
21.326484787913593
21.360704224079818
21.32648478791354
21.360704224079864
21.326484787913547
21.360704224079846
21.326484787913593
21.360704224079843
21.326484787913554
21.360704224079853
21.326484787913536
21.360704224079825
21.32648478791358
21.360704224079846
21.326484787913554
21.36070422407987
21.326484787913536
21.360704224079857
21.326484787913557
21.360704224079875
21.326484787913543
21.360704224079864
21.326484787913568
21.36070422407983
21.32648478791355
21.360704224079857
21.326484787913554
21.36070422407985
21.326484787913593
21.360704224079846
21.326484787913564
21.360704224079843
21.326484787913536
21.360704224079818
21.32648478791357
21.360704224079853
21.32648478791357
21.360704224079853
21.32648478791353
21.36070422407985
21.32648478791355
21.36070422407988
21.326484787913547
21.360704224079853
21.32648478791356
21.36070422407983
21.32648478791356
21.360704224079864
21.326484787913557
21.36070422407985
21.326484787913586
21.36070422407984
21.32648478791357
21.360704224079843
21.326484787913536
21.36070422407982
21.326484787913582
21.360704224079846
21.326484787913564
21.360704224079857
21.326484787913532
21.360704224079853
21.326484787913557
21.36070422407988
21.326484787913543
21.360704224079853
21.326484787913564
21.360704224079832
21.326484787913557
21.36070422407986
21.32648478791356
21.360704224079853
21.32648478791359
21.360704224079843
21.32648478791356
21.360704224079843
21.326484787913543
21.36070422407983
21.32648478791358
21.360704224079846
21.326484787913568
21.360704224079857
21.326484787913532
21.360704224079857
21.326484787913564
21.360704224079882
21.326484787913557
21.360704224079857
21.326484787913557
21.36070422407983
21.326484787913554
21.360704224079853
21.326484787913557
21.360704224079853
21.326484787913582
21.36070422407984
21.32648478791356
21.360704224079843
21.32648478791354
21.360704224079836
21.326484787913575
21.360704224079843
21.326484787913564
21.36070422407986
21.32648478791352
21.360704224079857
21.326484787913568
21.360704224079882
21.326484787913557
21.360704224079857
21.326484787913554
21.360704224079832
21.326484787913557
21.360704224079857
21.326484787913557
21.36070422407985
21.32648478791358
21.360704224079832
21.326484787913564
21.36070422407985
21.326484787913547
21.36070422407982
21.32648478791358
21.360704224079846
21.32648478791356
21.36070422407986
21.326484787913518
21.360704224079853
21.326484787913568
21.36070422407988
21.326484787913564
21.360704224079853
21.326484787913557
21.360704224079836
21.326484787913554
21.36070422407986
21.326484787913557
21.360704224079853
21.326484787913575
21.36070422407983
21.32648478791357
21.36070422407985
21.32648478791355
21.36070422407983
21.326484787913575
21.36070422407985
21.326484787913568
21.360704224079857
21.32648478791352
21.36070422407985
21.326484787913564
21.360704224079875
21.32648478791356
21.360704224079853
21.326484787913547
21.36070422407984
21.326484787913554
21.360704224079868
21.326484787913557
21.360704224079853
21.326484787913582
21.360704224079832
21.32648478791357
21.360704224079846
21.326484787913554
21.360704224079825
21.326484787913582
21.360704224079853
21.326484787913564
21.360704224079853
21.32648478791353
21.36070422407985
21.32648478791357
21.360704224079875
21.326484787913554
21.360704224079853
21.326484787913543
21.36070422407984
21.326484787913557
21.360704224079864
21.32648478791355
21.36070422407985
21.326484787913586
21.36070422407983
21.326484787913575
21.36070422407985
21.326484787913557
21.36070422407983
21.326484787913582
21.360704224079853
21.326484787913568
21.360704224079857
21.32648478791353
21.360704224079846
21.326484787913568
21.360704224079875
21.326484787913554
21.360704224079857
21.326484787913547
21.360704224079843
21.326484787913557
21.36070422407986
21.326484787913543
21.36070422407985
21.326484787913582
21.360704224079825
21.326484787913564
21.360704224079857
21.326484787913564
21.36070422407982
21.32648478791358
21.360704224079857
21.32648478791356
21.36070422407986
21.32648478791353
21.360704224079836
21.32648478791357
21.36070422407988
21.32648478791356
21.36070422407986
21.326484787913547
21.36070422407985
21.326484787913557
21.360704224079868
21.326484787913554
21.360704224079853
21.32648478791358
21.360704224079825
21.32648478791356
21.36070422407985
21.326484787913557
21.36070422407983
21.326484787913575
21.360704224079853
21.326484787913557
21.36070422407986
21.326484787913532
21.360704224079836
21.32648478791357
21.360704224079882
21.326484787913557
21.360704224079853
21.326484787913547
21.360704224079857
21.32648478791355
21.360704224079868
21.326484787913547
21.360704224079853
21.326484787913586
21.36070422407984
21.326484787913564
21.360704224079846
21.326484787913547
21.360704224079832
21.32648478791358
21.360704224079853
21.326484787913554
21.36070422407986
21.326484787913536
21.360704224079836
21.326484787913575
21.360704224079882
21.326484787913557
21.360704224079853
21.326484787913547
21.36070422407986
21.32648478791355
21.360704224079864
21.326484787913543
21.360704224079853
21.326484787913586
21.360704224079836
21.32648478791356
21.360704224079846
21.326484787913543
21.360704224079836
21.326484787913575
21.360704224079846
21.326484787913564
21.360704224079864
21.32648478791353
21.36070422407983
21.32648478791358
21.36070422407988
21.326484787913557
21.360704224079857
21.326484787913543
21.36070422407986
21.326484787913557
21.360704224079868
21.326484787913532
21.360704224079836
21.326484787913586
21.360704224079825
21.326484787913557
21.360704224079846
21.326484787913543
21.360704224079832
21.32648478791358
21.360704224079846
21.32648478791357
21.360704224079864
21.326484787913532
21.360704224079832
21.32648478791358
21.360704224079864
21.326484787913557
21.36070422407986
21.326484787913536
21.360704224079857
21.326484787913557
21.360704224079868
21.326484787913536
21.36070422407984
21.326484787913593
21.360704224079825
21.326484787913557
21.360704224079853
21.326484787913543
21.360704224079836
21.32648478791359
21.360704224079846
21.326484787913568
21.36070422407986
21.32648478791352
21.360704224079832
21.326484787913582
21.36070422407986
21.326484787913557
21.36070422407986
21.32648478791354
21.360704224079864
21.32648478791355
21.36070422407987
21.326484787913532
21.36070422407984
21.326484787913596
21.360704224079825
21.32648478791356
21.36070422407985
21.326484787913547
21.360704224079825
21.326484787913586
21.360704224079853
21.326484787913568
21.36070422407986
21.32648478791353
21.36070422407984
21.326484787913586
21.360704224079864
21.326484787913557
21.360704224079857
21.326484787913532
21.36070422407986
21.326484787913554
21.360704224079868
21.32648478791354
21.36070422407984
21.32648478791358
21.360704224079818
21.326484787913568
21.36070422407985
21.32648478791355
21.36070422407982
21.326484787913582
21.360704224079853
21.32648478791357
21.360704224079857
21.32648478791353
21.360704224079846
21.326484787913586
21.360704224079864
21.326484787913557
21.360704224079853
21.326484787913518
21.360704224079857
21.326484787913554
21.360704224079875
21.326484787913536
21.36070422407984
21.326484787913575
21.360704224079818
21.326484787913564
21.360704224079857
21.32648478791355
21.360704224079818
21.32648478791358
21.360704224079853
21.32648478791357
21.360704224079853
21.326484787913525
21.360704224079846
21.326484787913586
21.36070422407986
21.326484787913564
21.36070422407986
21.32648478791352
21.36070422407985
21.326484787913564
21.360704224079882
21.32648478791354
21.36070422407984
21.32648478791357
21.36070422407982
21.326484787913575
21.36070422407986
21.32648478791355
21.360704224079818
21.326484787913582
21.36070422407985
21.32648478791357
21.36070422407986
21.326484787913536
21.360704224079846
21.326484787913582
21.36070422407986
21.326484787913564
21.360704224079857
21.32648478791352
21.36070422407985
21.32648478791357
21.36070422407988
21.326484787913536
21.360704224079843
21.32648478791358
21.36070422407983
21.326484787913564
21.360704224079853
21.326484787913547
21.360704224079825
21.326484787913582
21.360704224079857
21.326484787913575
21.360704224079857
21.326484787913536
21.36070422407984
21.32648478791358
21.36070422407986
21.326484787913557
21.360704224079853
21.326484787913525
21.36070422407985
21.32648478791357
21.360704224079885
21.326484787913536
21.360704224079843
21.32648478791358
21.36070422407983
21.32648478791356
21.36070422407985
21.32648478791355
21.360704224079832
21.326484787913586
21.360704224079857
21.32648478791356
21.360704224079846
21.32648478791354
21.36070422407984
21.32648478791357
21.360704224079864
21.326484787913564
21.360704224079857
21.32648478791352
21.360704224079853
21.32648478791357
21.360704224079885
21.32648478791354
21.360704224079853
21.32648478791357
21.36070422407983
21.326484787913557
21.360704224079843
21.326484787913547
21.360704224079846
21.326484787913586
21.360704224079857
21.326484787913564
21.360704224079846
21.326484787913536
21.360704224079836
21.32648478791357
21.360704224079864
21.326484787913564
21.360704224079853
21.32648478791352
21.360704224079853
21.326484787913568
21.360704224079885
21.32648478791355
21.36070422407986
21.32648478791357
21.360704224079832
21.326484787913554
21.360704224079853
21.326484787913554
21.36070422407985
21.326484787913586
21.36070422407986
21.326484787913564
21.36070422407985
21.32648478791354
21.360704224079832
21.32648478791357
21.36070422407986
21.326484787913564
21.360704224079853
21.326484787913525
21.360704224079853
21.326484787913564
21.360704224079882
21.326484787913543
21.36070422407986
21.32648478791357
21.360704224079836
21.326484787913554
21.360704224079857
21.326484787913557
21.360704224079853
21.326484787913586
21.360704224079846
21.326484787913568
21.360704224079857
21.326484787913536
21.360704224079832
21.32648478791357
21.36070422407986
21.32648478791356
21.36070422407986
21.32648478791353
21.360704224079853
21.32648478791356
21.360704224079882
21.326484787913547
21.360704224079868
21.326484787913557
21.360704224079825
21.326484787913554
21.36070422407986
21.32648478791356
21.360704224079857
21.32648478791358
21.360704224079843
21.326484787913568
21.36070422407985
21.32648478791354
21.36070422407983
21.326484787913568
21.360704224079857
21.326484787913564
21.360704224079853
21.326484787913532
21.360704224079853
21.326484787913554
21.360704224079885
21.326484787913543
21.360704224079864
21.32648478791356
21.36070422407984
21.326484787913557
21.36070422407986
21.326484787913557
21.360704224079857
21.326484787913586
21.36070422407984
21.32648478791357
21.36070422407985
21.326484787913536
21.360704224079832
21.326484787913575
21.36070422407985
21.32648478791356
21.360704224079857
21.326484787913536
21.36070422407986
21.326484787913557
21.360704224079882
21.326484787913547
21.360704224079857
21.326484787913557
21.360704224079843
21.326484787913557
21.36070422407986
21.326484787913554
21.360704224079857
21.326484787913586
21.360704224079843
21.326484787913557
21.360704224079853
21.32648478791354
21.360704224079843
21.32648478791357
21.36070422407985
21.326484787913564
21.36070422407986
21.326484787913536
21.36070422407986
21.32648478791356
21.360704224079885
21.326484787913557
21.36070422407986
21.326484787913554
21.360704224079836
21.326484787913554
21.360704224079853
21.32648478791355
21.360704224079853
21.326484787913586
21.36070422407984
21.326484787913557
21.36070422407985
21.32648478791354
21.360704224079843
21.326484787913568
21.360704224079846
21.326484787913564
21.360704224079864
21.326484787913525
21.360704224079857
21.326484787913568
21.360704224079885
21.326484787913554
21.36070422407986
21.326484787913554
21.360704224079843
21.326484787913554
21.36070422407986
21.32648478791355
21.360704224079846
21.326484787913582
21.360704224079825
21.326484787913557
21.360704224079857
21.326484787913547
21.360704224079832
21.32648478791357
21.36070422407985
21.326484787913557
21.360704224079864
21.326484787913525
21.360704224079853
21.326484787913564
21.360704224079885
21.32648478791356
21.360704224079857
21.326484787913554
21.36070422407984
21.32648478791355
21.360704224079864
21.32648478791355
21.360704224079846
21.32648478791358
21.360704224079825
21.32648478791356
21.36070422407985
21.326484787913547
21.360704224079836
21.32648478791357
21.360704224079857
21.326484787913568
21.36070422407986
21.326484787913525
21.36070422407985
21.326484787913564
21.36070422407988
21.326484787913557
21.360704224079857
21.326484787913547
21.36070422407984
21.326484787913554
21.36070422407987
21.326484787913554
21.360704224079846
21.32648478791358
21.360704224079825
21.326484787913564
21.36070422407985
21.326484787913554
21.360704224079832
21.32648478791358
21.360704224079853
21.326484787913564
21.360704224079857
21.32648478791353
21.360704224079846
21.326484787913575
21.360704224079882
21.326484787913554
21.36070422407986
21.326484787913543
21.360704224079843
21.326484787913557
21.360704224079868
21.326484787913547
21.360704224079846
21.326484787913586
21.360704224079825
21.326484787913568
21.360704224079846
21.326484787913557
21.360704224079825
21.32648478791358
21.36070422407985
21.326484787913564
21.360704224079864
21.32648478791353
21.360704224079846
21.326484787913575
21.360704224079882
21.326484787913554
21.360704224079864
21.326484787913547
21.360704224079843
21.326484787913557
21.360704224079864
21.326484787913554
21.360704224079846
21.326484787913582
21.360704224079825
21.32648478791356
21.36070422407985
21.32648478791356
21.360704224079818
21.326484787913575
21.360704224079853
21.326484787913564
21.360704224079868
21.32648478791353
21.360704224079836
21.32648478791357
21.360704224079882
21.32648478791356
21.36070422407986
21.326484787913547
21.360704224079846
21.326484787913554
21.360704224079875
21.326484787913557
21.360704224079846
21.326484787913575
21.36070422407983
21.32648478791356
21.360704224079843
21.326484787913554
21.36070422407982
21.32648478791357
21.360704224079857
21.326484787913568
21.360704224079868
21.326484787913532
21.360704224079836
21.326484787913575
21.360704224079885
21.326484787913557
21.360704224079857
21.32648478791355
21.360704224079857
21.326484787913547
21.360704224079875
21.32648478791355
21.36070422407985
21.326484787913582
21.360704224079843
21.32648478791356
21.36070422407984
21.326484787913547
21.360704224079825
21.326484787913575
21.360704224079857
21.32648478791356
21.36070422407987
21.326484787913532
21.360704224079836
21.32648478791357
21.360704224079882
21.326484787913557
21.360704224079857
21.32648478791355
21.36070422407986
21.326484787913554
21.360704224079875
21.326484787913547
21.36070422407985
21.326484787913586
21.36070422407984
21.326484787913564
21.360704224079843
21.326484787913543
21.360704224079836
21.32648478791358
21.36070422407985
21.32648478791357
21.36070422407987
21.32648478791353
21.36070422407983
21.326484787913575
21.360704224079875
21.326484787913557
21.360704224079857
21.326484787913547
21.36070422407986
21.326484787913557
21.36070422407988
21.32648478791353
21.36070422407984
21.326484787913586
21.360704224079832
21.32648478791356
21.360704224079846
21.326484787913547
21.360704224079832
21.326484787913586
21.36070422407985
21.326484787913575
21.36070422407987
21.32648478791353
21.360704224079832
21.32648478791358
21.360704224079864
21.326484787913557
21.360704224079864
21.32648478791354
21.360704224079857
21.326484787913557
21.36070422407988
21.326484787913532
21.36070422407984
21.32648478791359
21.36070422407983
21.32648478791356
21.36070422407985
21.326484787913547
21.360704224079836
21.32648478791359
21.36070422407985
21.32648478791357
21.36070422407987
21.326484787913518
21.360704224079836
21.32648478791358
21.360704224079857
21.32648478791356
21.36070422407986
21.326484787913536
21.36070422407986
21.32648478791355
21.36070422407988
21.32648478791354
21.360704224079846
21.32648478791359
21.360704224079825
21.32648478791356
21.36070422407985
21.326484787913547
21.36070422407982
21.326484787913586
21.360704224079857
21.326484787913564
21.360704224079868
21.326484787913525
21.360704224079843
21.326484787913582
21.360704224079857
21.326484787913557
21.360704224079857
21.32648478791353
21.36070422407986
21.32648478791356
21.36070422407988
21.326484787913543
21.360704224079846
21.326484787913575
21.36070422407982
21.326484787913568
21.36070422407985
21.32648478791355
21.360704224079825
21.326484787913582
21.360704224079857
21.32648478791357
21.360704224079864
21.326484787913525
21.36070422407985
21.326484787913582
21.360704224079857
21.326484787913557
21.360704224079853
21.326484787913518
21.36070422407986
21.32648478791356
21.36070422407988
21.326484787913543
21.360704224079843
21.32648478791357
21.36070422407982
21.326484787913564
21.36070422407986
21.326484787913554
