1.0263914411258304
1.0216793707468845
1.0137778881233337
0.9957170087587595
0.9647525025732515
0.9002948826890608
0.7855040838668453
0.6473658768875808
0.4835443544806148
0.3911015314463805
0.31773184565281465
0.27805942280665097
0.23877701682858105
0.21308180503090485
0.1878358518379169
0.16846190231904198
0.15458648182786788
0.13875194345512587
0.12967012046961757
0.11682683986207458
0.11101917893384779
0.10482537928473462
0.09967820502425005
0.0950659697699496
0.08678231181425812
0.08383524316970996
0.07880653978131905
0.07548641881492622
0.07043645961179613
0.06794584313783604
0.0640019183628553
0.062043709677840155
0.05773703971361107
0.05567836733852166
0.05235268455537247
0.05430069692850508
0.04952060654196832
0.05012537754614704
0.04585559736545464
0.04788770693037603
0.0425692920514245
0.046409707512222606
0.04021302389044187
0.045566233472028796
0.039079045548873544
0.04720630568634814
0.03709658053785595
0.04770895914449036
0.03637621503000242
0.048343757006779293
0.03576420744107673
0.04984984894092322
0.03551179009543869
0.053570215398464696
0.03475330176103352
0.05388800009454391
0.0339952623669632
0.05813223491085438
0.03384095541395794
0.057237130668547985
0.032874774562757864
0.06132801318690516
0.03275614645269582
0.0659955550495194
0.03300143644157796
0.059898464661417905
0.03540626586292145
0.06705581672713735
0.034196528928469354
0.06108283843019607
0.035423750111032944
0.07066108244845028
0.033488591608991536
0.05909898913817547
0.03448100260780176
0.06637723650161234
0.03623504712186109
0.059179901035244904
0.03542592492405725
0.06428610919785763
0.03558863348497174
0.06832958057849325
0.03425607730758175
0.06852410471138876
0.03595115240883657
0.06738865481907079
0.03392383348001328
0.0677485714779461
0.03579299766069242
0.06117255662743271
0.036557109850754284
0.06920764681098941
0.034238494455685234
0.06754740762559294
0.035241378741630795
0.072880721588302
0.034343078427612084
0.06435584364179812
0.03505367087983728
0.06712947436271242
0.03591386325357155
0.06925737887905128
0.03529728899976835
0.06683786727132432
0.03645477916240191
0.06938041143018157
0.035723751005911915
0.06609238838619934
0.0354878432849907
0.06127646928445164
0.03856515997258725
0.06920688449962566
0.03682348534717831
0.06623948733710808
0.035719943766113066
0.0725282201476701
0.0355301413353972
0.06730036848627546
0.036182442781573704
0.06946783024823396
0.034595456336956994
0.07194957173587745
0.03585388793969925
0.07456309131074404
0.03643559559450799
0.07506077813904852
0.0347853477493685
0.07533965328834237
0.035109322097503
0.06705880769988648
0.03637467730411212
0.07389444570971936
0.03590918612075843
0.07294484021371757
0.034714421088594904
0.0785576218199511
0.03496048050109728
0.07298689019065994
0.03644305038494401
0.07284791907528387
0.033989995291854924
0.07173951049976399
0.03671294650321111
0.07416454240186343
0.035641513082991794
0.07589165693663535
0.034546753226990565
0.07795621304893528
0.035832593427384055
0.07070954600695988
0.03580777600077447
0.07353055384890356
0.03735150254089668
0.07226714226073043
0.03567219300596242
0.07759480866320662
0.03448419253565878
0.07578619662215537
0.03650052861837892
0.07563660826241245
0.03576574869410979
0.07005032109247282
0.03827246256616882
0.07304457039347857
0.03738309207215373
0.0744542318602746
0.036311179523671966
0.07830814015609242
0.03580779847760261
0.07316178769131515
0.03718792074350113
0.074950782354943
0.03911853356787291
0.07269401241745133
0.03838166500757088
0.07734267476781809
0.03628805657454454
0.07531028335808879
0.03521486879129871
0.07644849035202661
0.03618637672983011
0.07035229862605301
0.039863475374814106
0.072466787016419
0.03798349656480593
0.07430201181727039
0.03738434793947077
0.07792015387114327
0.03533766061371588
0.07469783160026085
0.03619180626955944
0.07490950056136943
0.0380450352027237
0.07094876569145252
0.03972736136485078
0.07526822345155318
0.0376997759983768
0.07360091223111329
0.0349733729470194
0.0778497509527012
0.03524625315839171
0.07047057827629825
0.038211826561587475
0.0713603545004146
0.03782613676662972
0.07169542579427053
0.03754570210064948
0.07420840822476094
0.035144212966493574
0.07323848777120139
0.035532361889723786
0.0746656221885882
0.036846398408461885
0.06963511933090637
0.03859293350068039
0.07574380868164096
0.03805750404772393
0.07160878125623066
0.03557160537657639
0.0772257977827317
0.03470852459874727
0.07129814395293844
0.03775985730357876
0.07227606099311597
0.037241748674762806
0.07403886521243955
0.03770236050607242
0.0748665049332058
0.03651749465341066
0.07583534133265549
0.03555222478498541
0.07638354880911759
0.03548272532436321
0.06922583468196244
0.037672849520645466
0.07317449979711153
0.03780338551227379
0.0714018202474819
0.03585927768445001
0.07674656072802813
0.03481929238705203
0.06973133294813308
0.03698307563502243
0.06939052871297437
0.03698727795628754
0.07149442327161874
0.037909774557114875
0.07231692591491175
0.036882204999899866
0.07340284680379726
0.0354591350176988
0.07527912122889105
0.034710600756223155
0.06897125388474991
0.03638724599844242
0.07447688522645296
0.03753491239252008
0.07311704210268259
0.037042710550752235
0.07887946696701752
0.035080075191880736
0.07430124495643907
0.03546440497906135
0.07492889743938322
0.03631712057369494
0.07083957875339213
0.03768567381419884
0.07302586124535534
0.036922956744866516
0.07526417831842667
0.0358231874877237
0.07814008507784077
0.03491344772225283
0.07192301526730167
0.03595845587760005
0.07376193136240004
0.03848650388654984
0.07314663803374205
0.037942202036976944
0.07825621379645413
0.03559192559462846
0.0748374373149013
0.034134473538557274
0.07582522463224883
0.03650728333217649
0.07010374536461124
0.038301206396775374
0.07224509331149351
0.03753636685218902
0.07412145120084028
0.035927047679461616
0.077744189852686
0.03457044425423024
0.07340613064884931
0.0357204201723451
0.07366142593368116
0.03795176664239699
0.07145999167833283
0.038433377203797824
0.07706256876212117
0.036135583234842755
0.07523458479694232
0.03412203236324258
0.07773977317297143
0.03571454416628629
0.06990762815841355
0.037776994697317566
0.07149691690563789
0.03760027182903159
0.07318000715464523
0.03671342444796528
0.07623928164260028
0.035037740289712724
0.07458106058997625
0.03543113081038104
0.07381205589951909
0.036832693396737705
0.07011265839414596
0.037729482972847624
0.0756171177887185
0.03695821934883825
0.07412325095495251
0.03467244211442357
0.07791885377787904
0.034838540836484924
0.07028648999603314
0.03712189240727006
0.07215140807362931
0.03687959920119121
0.07354704705933242
0.03644882476049228
0.07518521261533262
0.03539728810445006
0.07554088929595956
0.035002955114849
0.07538647128920131
0.03556263242245519
0.06946476731421034
0.03728552575057083
0.07512908561933168
0.03716165132803418
0.07275724700398334
0.03499576367968475
0.07909404332008142
0.03459849087043927
0.07156882861496179
0.036800337855556746
0.07275488964359532
0.03711889432875902
0.07317782371676344
0.03711784478543349
0.0739524336057975
0.03571738387063967
0.07535349992773617
0.034771021465563406
0.07661792790762553
0.035301347344570314
0.07015031774848043
0.03604353416921882
0.07488847070965186
0.03829123179989888
0.07334882256148857
0.03547348332005734
0.07838464989903364
0.03502564139358273
0.07338481315042934
0.035813263032832256
0.07422965518534856
0.037227531894970786
0.07152460078066608
0.03747768913835114
0.07300810243258778
0.03700998473269439
0.07491837497078495
0.03530870714430828
0.0780124898843629
0.03455530450406849
0.07059897408235309
0.035616007790809104
0.07375485658624553
0.03860417583110893
0.07301168930759308
0.037041566497463596
0.07743738629527201
0.035563646179796043
0.07364015816563022
0.0352805504450836
0.07381721386417711
0.03581320489505316
0.07026671336384986
0.0380843051623514
0.07237138529131303
0.037009447344516534
0.07370256124544251
0.03613818164161288
0.07750005061955888
0.034459996959021466
0.07179410584232575
0.03603658355659855
0.07353539672187144
0.038064904738793516
0.07171080904094682
0.03852015540762703
0.07707337321098755
0.03605398787519864
0.07489312157905945
0.03446688107514538
0.07566518097453381
0.03590145740736204
0.07004824112120013
0.03823098002231304
0.07162272117019271
0.03776641230293409
0.07355558273365843
0.03649332758387655
0.07610505597718961
0.03468881295024036
0.07336341295819694
0.03548680387879009
0.07281245477178983
0.03711870997614184
0.07032383929147887
0.03826846649384965
0.07587190378093472
0.036951010485583136
0.07359808225552478
0.03434966841225178
0.07596192472891172
0.03515545435703839
0.07013907940893412
0.03796610249310266
0.071675523081875
0.03773723894229097
0.07370143191385034
0.03647002680709712
0.07553335234625538
0.0350798650545744
0.07449469426539446
0.03505139396783129
0.07365491837569628
0.0359905392800721
0.06927104307216718
0.037601938686236465
0.0754167692560616
0.03763989160707625
0.07271750331683058
0.03464195138389149
0.07767497813212759
0.03454998471060411
0.07087103260104086
0.03734243350419801
0.071635469802137
0.03766562709294358
0.07319965609470641
0.03697603259010102
0.07417344189161743
0.03580514447516159
0.07452455241906966
0.03494440993253046
0.07461935217439633
0.03533931990416874
0.06929339526217534
0.03683667820696756
0.0750779289067171
0.038297633566866204
0.07260478911971437
0.0350927272747202
0.0765064763552257
0.03480230640139013
0.07188506359010893
0.036321674289341715
0.0711733967138609
0.037564064463095216
0.07171389471810218
0.03716012744346296
0.07284628295387698
0.037128158394771064
0.07349430202278999
0.035559023741174485
0.07613587359618343
0.034686849862881716
0.06888006254876063
0.03657113099500206
0.07363662092343158
0.03832329945507448
0.07285387708311984
0.03659453211936795
0.07748241908411063
0.03540779581846883
0.07283150592402636
0.03511825173033549
0.07249202399544585
0.03677683427438661
0.0699934977166259
0.037902310366248027
0.07227770648702223
0.037377427297525946
0.07301723513259355
0.0361020656366045
0.07670159456781386
0.03447848190875824
0.07029935061940168
0.03600368276821208
0.07317547689597492
0.03817555908933806
0.07219689868271967
0.03819812217025639
0.07820130593062137
0.035846676495401936
0.0747745604859308
0.03445127684723962
0.07474788318316852
0.03611301216295592
0.06969347638863851
0.03813207693798413
0.07147613204539414
0.03764087588058232
0.0741547338462101
0.03657468738696291
0.07624284160069218
0.03455707602778609
0.07242778585979397
0.03551324256987401
0.072381611173121
0.03731920775017806
0.07068529481204894
0.038263586622828485
0.07695495840358572
0.036604261761461435
0.07403922285822713
0.03449247960719111
0.07552757807777796
0.035264165054064885
0.06965041743413697
0.03782625539649058
0.07115500486763283
0.03747035905959859
0.07376702186461044
0.03613115392784796
0.0756108926215699
0.03427847089754365
0.07385437709678987
0.03495805540364639
0.07259056114768396
0.03594498729963129
0.06912804751088035
0.03769814387631252
0.07608426303433063
0.03701526432549677
0.07308630688747055
0.03475604037269951
0.07743791456095302
0.034754281470523
0.07001087940544601
0.037382225435184754
0.07098650123210529
0.037464886196342036
0.07346907061176372
0.03683884258425267
0.07442840328831593
0.035442478068091914
0.07436286678717445
0.03483108346354646
0.07342535709442768
0.035352133492583676
0.06879083717989551
0.03685228332586737
0.07545389242823056
0.03819656663629699
0.07304072970587863
0.03476140310387124
0.07750222586355886
0.03471617918830937
0.07142713613865537
0.03663817610127089
0.0714774488376432
0.03751478877787196
0.07308107669331111
0.03704788257518192
0.07331130259430821
0.0367872920235762
0.07434580324929768
0.0354020196083776
0.0757196496250064
0.03473508397923005
0.06890434025137003
0.03654076669653073
0.07479956485567035
0.03820084240342848
0.07300842660849116
0.035960168515087605
0.07823010976791471
0.0354460266154578
0.07275827743925525
0.03540913431070151
0.0724823786748983
0.036859006173282687
0.07101345939932634
0.037656805937659424
0.07248066129435413
0.03718329344639683
0.07351636943383345
0.03597561350090379
0.07615522332742522
0.034631418090020724
0.07013099235305782
0.036092203823455855
0.07355403864542992
0.03813491782772502
0.07286975962186075
0.0376366641969001
0.07807496735181339
0.035725169798454026
0.0743972254055352
0.034584763248757616
0.07407864284041944
0.03627814656342746
0.06969463742390819
0.0378864280319361
0.0715266561808815
0.037526610351437645
0.07398562859060846
0.03645288052037724
0.07648394612399358
0.03453343087379381
0.07182004729306772
0.03563712708847021
0.07238560473344366
0.03771090824045794
0.07116660646829448
0.038298053918287896
0.0771802064170554
0.03606325294116158
0.07404284914557048
0.03347840933455507
0.07490227781186871
0.034928076028713
0.06978450864197629
0.03755898427036594
0.07131437453639784
0.03778016360596387
0.07359223053144505
0.03634657985029616
0.07586863990315762
0.03475697394311804
0.07327455052845473
0.03496802476500262
0.07234419179828239
0.036312645872235004
0.06972402183292128
0.03783493911470375
0.07636861687154735
0.037139247438618815
0.0734237904482588
0.03470774538515439
0.07690167682831243
0.035087619127466524
0.0696340599121987
0.03745016531591325
0.07103435228826298
0.03764682094016327
0.07298492801782014
0.036925038447263
0.07486426630708333
0.03513178855306527
0.07394723741220495
0.03468071122949271
0.07291465210412572
0.035515005816127355
0.06908535380956266
0.03692173553417448
0.07556348511348031
0.03789736308189753
0.07296039933476108
0.034567989938839215
0.0767216137574456
0.03465244780854786
0.0710621782061849
0.03688378750232387
0.07121460223888573
0.03736303177150644
0.07353382887356795
0.036732401586936254
0.07374465971048531
0.036182534955070324
0.07407915012054145
0.03523874462229654
0.07508579594364537
0.0347442133187052
0.06854988843866545
0.03646577848625345
0.07499900053159997
0.03799573405704443
0.07282106438312813
0.03551351545801119
0.07789222416195854
0.035105451030325065
0.07258839121317828
0.03568965124414619
0.0717226401155628
0.03694351791504736
0.07169746035192749
0.037226975201900714
0.07276683242073144
0.0368855212667446
0.07328209514324022
0.035485582663756
0.07567676290917673
0.03460265219023078
0.06951660367607992
0.03604179060231594
0.07399618013675455
0.037937050640026455
0.07342723402278094
0.03695911377055158
0.07769060147979126
0.03500620643907264
0.0742189533213105
0.0347662441578657
0.07314644863092443
0.036221964357127275
0.07011179342394308
0.03753388407110959
0.07157342622585856
0.03750876160703113
0.0736921621546519
0.03601753806194018
0.07690399498046377
0.034565685491697994
0.07093641980185361
0.03594689930284397
0.07257416130136575
0.03801128085954431
0.07167838526360261
0.03833004571055453
0.07718598266370633
0.03540030556399529
0.07408489157449216
0.034712757359454637
0.07402298860945859
0.03599274890498542
0.07002390382265011
0.03819565544573107
0.0715119126534193
0.037859483670636525
0.07339714372815069
0.03611217374641486
0.07624776348204111
0.03486782738581507
0.07229722536468873
0.03537298593349037
0.07241273820740042
0.03679925291144322
0.07037238073567814
0.038171196391328356
0.0765965362041974
0.036290726522251834
0.07409780025345052
0.03492954766848612
0.07610546687839036
0.035553372066972545
0.07002155168317167
0.0377968679564723
0.0710134541074579
0.03782024125894356
0.07338739056717156
0.03667514156400774
0.07516251900655573
0.0352224637951327
0.0737055952355345
0.03513852615288078
0.07261982925570633
0.03619802988441289
0.06933886057994361
0.03738496809814274
0.0758030911843527
0.037734155848718816
0.07283094913361232
0.03481394596576825
0.07630781213084198
0.03504615178041498
0.07066744031299184
0.037412330542988134
0.07110813136491013
0.037483656041338305
0.07407139971521237
0.03688763084740413
0.0741708821359138
0.03621071694381121
0.07398754773806071
0.03534789887513209
0.07441446627861685
0.03523470596496099
0.0683358951728284
0.03678860610828797
0.0751935782900368
0.03821871147979405
0.07250755025972724
0.03542692288277729
0.07778096983332718
0.03517749988590548
0.0722849992287038
0.03636070125809915
0.07126017561360826
0.03714480908266558
0.07241719953072609
0.03725027277108104
0.07307054861520244
0.036790094651308745
0.07346443615305198
0.03546768415961911
0.07510368093007956
0.03494010884373345
0.06907141161630309
0.03629105793581726
0.07468034204815674
0.038082800107701986
0.07334346638631539
0.03644057470845407
0.07759091367237905
0.03533452383421222
0.07355461514621728
0.03537204902217081
0.07247028532253758
0.03647074208970283
0.07067153743054497
0.037370155323566835
0.0718206994866172
0.0375401334552446
0.07371916716267471
0.0362405743600361
0.07687860189188905
0.0344622259106511
0.07035449365976805
0.03606811751321928
0.07304855866552759
0.03811153036016969
0.07196470905458223
0.03799702009933822
0.07735858864477946
0.03522799879724406
0.07399678857497696
0.0347343810080087
0.07362163311833891
0.03611207898330833
0.07008226248077362
0.03818855407100032
0.07172662077898852
0.03773578131942262
0.07342210206111412
0.03605055330067286
0.07647025707146933
0.034628699344013775
0.0717064277287318
0.03548988439170397
0.07259233040120384
0.03717681047718447
0.07074152130299247
0.03835462101266286
0.07696401293694466
0.035870061517128723
0.07449314804540956
0.03470462889775588
0.07576192257213385
0.035647809835585124
0.06999639201605305
0.03780200151214615
0.0710186353786182
0.03782933002868919
0.07330436662106757
0.036392702655043706
0.07535019314776753
0.03509405356161883
0.07330575731749368
0.035279672174582104
0.07217027784866208
0.036023773709311285
0.06955440226619075
0.03706294594047475
0.07605181050313603
0.036919434572795784
0.07320068386275833
0.03486687227707773
0.07608885380054785
0.03533168167743394
0.07028916627471424
0.03725261778197011
0.07123709727637416
0.03708308271835034
0.0737977066886767
0.036273352679468074
0.07442777625496348
0.03579578493825789
0.07407005494002361
0.03525792052542857
0.07363758940125147
0.03526514284773513
0.06837082066726116
0.03658523380286347
0.07543952690153839
0.03790490073239925
0.07245716552924532
0.03528568613423373
0.07764509751959506
0.03512476941756111
0.0718375658411917
0.036610483861713096
0.07104591308328562
0.03723488438154412
0.07265882385045537
0.03693246133179906
0.07327273951403103
0.036465601260230227
0.07358560463576608
0.03542218724845648
0.07459798470874887
0.03513009277348215
0.06865909234514798
0.036208530675590204
0.0750625501095111
0.03794936927006474
0.07314123610135581
0.03597274136618215
0.07758648463022996
0.035390218943683195
0.07307448982997246
0.03568389150085342
0.07193856217737557
0.03668391172089302
0.07114362979919077
0.03686398104927651
0.07197628706215795
0.03750107746988114
0.07361623997183245
0.036267072570005575
0.07655461824490147
0.03465719806710288
0.06985320951821508
0.03633801037337835
0.07342095813340427
0.03775488182916647
0.07229979007883718
0.037527281718668086
0.07742633036322222
0.03512307144208023
0.07381237308078693
0.034834139426785767
0.07320534879511782
0.03629762074599672
0.07005052034391915
0.037806097433678
0.07187809568817081
0.03755542848920145
0.07316949880516482
0.0360501788720264
0.07667546949654751
0.03460012419382015
0.0711135348884293
0.03569771857420016
0.07274994661994574
0.03743836140128595
0.07140950286227561
0.03834489552765158
0.07737318614079604
0.03561249390727589
0.07502449668710696
0.03481774426770479
0.0751803841772653
0.035835862414372324
0.07028081786249475
0.03790272219299547
0.0712174693574076
0.03771659985289336
0.07351326299567472
0.0362923198263201
0.07561486381322004
0.03509414902655488
0.0725614437736422
0.03534495352196085
0.07220351855916678
0.03654067687641598
0.07013610607528079
0.03772085432624138
0.07634034868719847
0.03672581814765739
0.07347392970043373
0.034875990920536976
0.07581039319206125
0.03554503768924599
0.07024845561182655
0.037618009522911555
0.07151166710346386
0.03741841732951708
0.07368294502956693
0.03640042126973904
0.0748090784637576
0.03547329006183942
0.07392845179518988
0.03517434328744562
0.07312154985845154
0.03553631296504499
0.06874785626242305
0.036818849946956334
0.07574979148999152
0.03774353446989451
0.0725413493916399
0.03526446581399596
0.07739867253601837
0.035177082582612464
0.07131075344028849
0.03667869077244357
0.07095829906581991
0.036912376516954115
0.07282033537198068
0.0368814882174055
0.07357624868976122
0.0359917610054436
0.07374315500250941
0.03531489147655259
0.0740229749084793
0.03526746267555529
0.0685082746201934
0.03626337839556446
0.07519897532471514
0.038052395424454
0.07292887905255686
0.03556822541383329
0.07737879876843685
0.03540616787559571
0.07264056037312186
0.035970949866685746
0.07144095812382743
0.03686979231479082
0.07179703638763278
0.036626249906849144
0.07221892799343137
0.0372887245826839
0.07356058256085636
0.036242331227191386
0.07601364878894022
0.03474450562541936
0.06932019336602985
0.036212800550823064
0.07399996724512405
0.037779007504050846
0.07266510704306252
0.03704545672640944
0.07752192838991648
0.03520996603047902
0.07335589234399989
0.03497924048138246
0.0727707806003028
0.036348547589552284
0.07029731017400914
0.03756412338050543
0.07183670370121317
0.03738418935537737
0.07289875981305002
0.03614973710641292
0.07648792506181089
0.03452025650072502
0.0704378174735012
0.03587215872276588
0.07288896835509404
0.037575890202432204
0.07209309858489281
0.03820952320497498
0.0776190615119152
0.03544851718138985
0.07506885059272325
0.03483302586818997
0.07437047073555565
0.0360408721994627
0.07011607065008064
0.03773367151538453
0.07138844103424831
0.03765693326465455
0.07353477555308961
0.03620628704239103
0.07587826441670967
0.034995227297858145
0.07193418483654637
0.035453787969030245
0.07211412390959175
0.03672726839826229
0.07067548429140859
0.03782499339460999
0.07671390666584828
0.036288825694063845
0.0738992816849543
0.03495841788295401
0.07547360537517114
0.03555201096904892
0.07027080665347211
0.03769018656618842
0.07148290502500175
0.03743979276135077
0.07367063802061578
0.03632896356534929
0.07516833062176768
0.03520674923641051
0.07343721064855373
0.03518004942439684
0.07270831120480487
0.035836708204106386
0.06929385420010642
0.037055254773470096
0.07604711880668379
0.037404940168972056
0.07276680707639226
0.03528358805169981
0.07711260992537708
0.035322029924179495
0.07089287541126323
0.03689120138845898
0.0710692632124577
0.0372035101208756
0.07303439328855396
0.03681608286537377
0.07405444447476565
0.03586602497319964
0.07383397783544679
0.0352544490789959
0.07341359959742039
0.03547916044451348
0.06858801087375369
0.036363030319769604
0.07547431124793086
0.03810451204489551
0.07264034165761675
0.03529965435203622
0.07710701046495926
0.035357047685512115
0.07231247643478757
0.036422055334880625
0.07121134021970695
0.03709380991836685
0.07260690783558606
0.03654996268855517
0.07267164579214817
0.036918529698350196
0.07358716020771601
0.036044574168348234
0.07547721110563305
0.034807970348197055
0.0687818677140203
0.03617541109155533
0.07471064716752714
0.0379091894219619
0.07265846478101655
0.03653351390420086
0.07764902194835985
0.035298406932271716
0.07290466083107251
0.03530123976059025
0.07225588654311846
0.036431569514530054
0.07084784219341636
0.03726668883524747
0.07193479457216141
0.03719990860422999
0.07279002779596427
0.03618446514226236
0.07596613582140849
0.03449943986768011
0.06985130794228096
0.03598827470121795
0.07335709586697538
0.037563234488773904
0.07271519979061895
0.037875079199475185
0.0775996025538247
0.03535540103683729
0.07470938768861766
0.0348291759372129
0.07367202801450128
0.03606485815834656
0.07003188319042612
0.03756895067736739
0.07131074583420768
0.03762841006761057
0.07341157623455369
0.03620638099638228
0.07624478595115378
0.03491644377583947
0.07136463341242517
0.03560803578698163
0.07222669617185373
0.03709301311066442
0.07112236647846677
0.03799900073495214
0.07691635599165325
0.035945141843020834
0.07416427532817531
0.03491844484196335
0.07494338056636736
0.035661199920668976
0.07024980752673991
0.03771935674360991
0.07156905040365452
0.037553620694774574
0.07343508841465504
0.036335730052361126
0.07550457865987945
0.035051814387568915
0.07271095956131521
0.03515237480833801
0.07250446252564156
0.03595159441618303
0.06978169359279657
0.0373510549738541
0.0764390951339304
0.03696929410072451
0.073318288133942
0.0351692300342
0.07677695382256049
0.03561541916642791
0.07058763124347935
0.03691212371003609
0.07131772466148231
0.03725959872326445
0.07298646679014119
0.0366227321720478
0.07449793073797227
0.03566898362576985
0.07374628688807416
0.03524532064533509
0.07293272796616025
0.035612553188171185
0.06884445094829093
0.036531484336703494
0.07565770575546742
0.037920343676555814
0.07260482892054565
0.0351122652972141
0.07676695262217186
0.035360665333933484
0.07190924670156887
0.03657744739052633
0.07116662870158502
0.03720504678618453
0.07297892074665273
0.03657574832499995
0.07316689121112521
0.036520106541225214
0.07362127169050331
0.03587266062517705
0.07494287155830026
0.03492005318196716
0.06838687505100743
0.03619731773758928
0.07506597447103017
0.037990759297502584
0.07261101602103359
0.03540936156989877
0.07780803790461097
0.035503783466544085
0.07256704825944382
0.035643446254945435
0.07174909042023168
0.036646115486418405
0.07124207278197633
0.03701120814986733
0.07206937959042004
0.03636341182932599
0.07280005883534924
0.03629949279358117
0.0755494504819473
0.03469756213886388
0.06941461861917006
0.036130738976613314
0.07377569153765247
0.03759019403752218
0.07304934870256319
0.03732261327491589
0.0775784452224238
0.035264781870636155
0.07426488423767298
0.03499771139171945
0.07307838118779042
0.03598941763304402
0.0699850552073849
0.03731569586951342
0.07131384953018345
0.037172645924446385
0.07317963283390963
0.03633382518246991
0.07661510367788514
0.03483940486689032
0.07080711748458515
0.03581058663987426
0.07225362234895752
0.03718891376246415
0.07154269901591113
0.038039334449488704
0.07713705496890241
0.03521258930936732
0.07432918223966006
0.035157002973412295
0.07439693458075627
0.035748224068455
0.07022837796740261
0.03775407462505476
0.07176304584227633
0.037561500824877844
0.0732801757928234
0.03638324274207505
0.07593061036539209
0.03465142867054242
0.07208214995654426
0.03518158269741359
0.07256126090195333
0.036141736492237335
0.07048513553584598
0.03762577694341221
0.07687857980409166
0.03591832113605492
0.07384785967403941
0.03512065359881365
0.07651564851728465
0.03584936588246426
0.0705495550332042
0.03704272856116451
0.07145949815103865
0.037307078011340616
0.07312294606902552
0.0365168439327284
0.07484421905020323
0.03489748532284383
0.07344094090669412
0.03523056398385833
0.07269042041990792
0.03595629749364828
0.06922937642804265
0.036717486617498823
0.07601847014025061
0.03695843982664323
0.07246173221984267
0.03507971898358752
0.07648771978793054
0.035374226742721004
0.07164513914857537
0.03679435992314279
0.0712103685275682
0.03715042382543116
0.07348337374479728
0.03650519885896722
0.07375893870799988
0.03559020184262324
0.07362600872219904
0.03561477951449493
0.0743396490079293
0.03505198918821125
0.0682856197922887
0.036228405235501464
0.07536535948447129
0.03756783224112475
0.07231886602405538
0.034964224202425793
0.07778384660340062
0.035668799923278406
0.07240412382904403
0.03599506247516504
0.07144138408194232
0.03673532560141823
0.07206196310636191
0.03662481227506491
0.07238802222724468
0.03607895664960283
0.07291452137152947
0.03533829988224262
0.07501545658191122
0.034171076793805294
0.06917329396801833
0.03521789185237416
0.07461432110300473
0.037001763983381133
0.07289584012617438
0.03624100345029971
0.07764684552890518
0.03525035173586408
0.0737146612023411
0.03434436538706229
0.07142571690101317
0.03541357379947525
0.0687302174709339
0.03701064199448878
0.06905773865080267
0.03690186730189303
0.07139800189007453
0.036528994708823884
0.07572906001408385
0.034528011387933065
0.0696053169087604
0.036067721680769355
0.07230837376728261
0.03698270282314481
0.06987325230048143
0.037039375730049506
0.07650356442614041
0.03430607471885378
0.07426452640459097
0.03488242514991723
0.07409954516046462
0.03581533655032055
0.07002160724609717
0.03763699687627074
0.07198529984448557
0.03716269405955707
0.07301267812081311
0.036181175173716516
0.0764493140844032
0.03446723285494241
0.07166521344363587
0.035348160522648796
0.07273472407159878
0.036020856459492344
0.07096192902649462
0.03741191538011855
0.0771098724517086
0.03474832597978783
0.07429095330249906
0.034683073487401586
0.076200083667463
0.03593318627129995
0.07042561898295044
0.037421862170286986
0.07151197320812391
0.03720527911942199
0.0730467188374789
0.03618634704691905
0.0741694629438285
0.034659551449116976
0.07286174207239333
0.03529801933573524
0.07239008659664291
0.03552116112301645
0.06972628475475566
0.036994380599056964
0.07605520921343649
0.03539007327124761
0.07266674815210314
0.03468317998587389
0.0761900128533575
0.035433268409407734
0.07109490811915453
0.03690714316700082
0.07164011840352126
0.03696974350041429
0.07321775315722695
0.03590885095526509
0.07272141112829401
0.03509817489930188
0.07357132614524138
0.0354756331942701
0.07377282242268499
0.03469831078813537
0.0684274532085231
0.036550458271153774
0.07535384372324708
0.036393639201372015
0.07217943702830447
0.035193817325308824
0.0772366470476622
0.03572965496145452
0.07210931575442069
0.03633864024431877
0.07145736626211177
0.036902226006598295
0.07191004102175344
0.03639868300061807
0.07184295201811874
0.03577310610962439
0.07303021318290295
0.03605172929670693
0.07458019788427228
0.03482722003946854
0.06877354577201573
0.036300956767151275
0.07462098272356461
0.036575636762385816
0.07271320862037173
0.0360374209555809
0.0767360190939227
0.03547314166856666
0.07325849536937927
0.03544743280943933
0.07233836209947012
0.03592738427396281
0.07056214743602796
0.036718891393340156
0.07086240803093002
0.03685077368993232
0.07290090239235941
0.03672054221640193
0.07632643858486086
0.03463385580220889
0.06986938199674056
0.036237065393554695
0.07310536684842227
0.03673623841161933
0.0719474146766422
0.03749571981476263
0.0763767245497907
0.03453281670897064
0.07381896639258176
0.03495432762107679
0.07357833248660887
0.03586050613458127
0.06982565385140303
0.03754682619547762
0.07182342550668348
0.0370203320114754
0.0726651138741955
0.03631705555691228
0.07598231188494338
0.03462868971144723
0.0711873517595302
0.035609612012618835
0.07276786041136754
0.03630218066481136
0.07169035550218182
0.03761249384852312
0.07649127907595524
0.03457046705212446
0.0748457474021513
0.03486017464548231
0.07541867294692944
0.03591972840575505
0.07037768439074693
0.037438658609046487
0.07156584968370759
0.03733173727124791
0.07310014693000517
0.036333014831131126
0.07437901272379475
0.034700423804976246
0.07232494222004439
0.03528025195676843
0.0722779846661541
0.03570604648146852
0.07037820055963591
0.03716545236467586
0.0762555244526565
0.034973509824486416
0.07294795915095714
0.03480824128853956
0.07585334824521367
0.035585468839685296
0.07081387825642445
0.037086193717003835
0.07181303443899205
0.03692324951552163
0.07335596090642567
0.03590448006154211
0.07319322805189339
0.034816023165332534
0.0735312816599483
0.03530919355207701
0.07330833085722732
0.03494508640125772
0.06886005409396229
0.03663444798042163
0.075665317902216
0.03604904482122928
0.07221233908227687
0.03509768136807476
0.0771701697527531
0.03578221914259638
0.0719325504103005
0.03645032686447673
0.07147332268812664
0.03698354750256364
0.07214935332943731
0.036362090702812565
0.07212320381039246
0.03545232157180753
0.07328784785019721
0.0360904278725566
0.07400575732053592
0.03493720997477631
0.06860407315566337
0.03630007251267242
0.07499777499737979
0.036521680599270655
0.07255745662828054
0.03560603940005889
0.07677855590202971
0.03580658268422993
0.07288908786456023
0.0355732107390134
0.07197392318037488
0.036066264277603545
0.07127044933010143
0.036392073258804926
0.07087429814070667
0.03674916945743528
0.07298695193637239
0.03692245784131942
0.07580195545893004
0.03446666139848746
0.0692899565231212
0.036268698168183
0.07357340442115243
0.03667343987539781
0.07182673515349113
0.03707243150939766
0.07650228889998956
0.035045668798174626
0.07338131541425573
0.034685960084871056
0.07313112621411455
0.035877075162942015
0.07006671609550501
0.037259976087091196
0.07151474115735858
0.03679725023018
0.07243456631368511
0.036556072968419735
0.07610061231588607
0.03422242392484873
0.0705585969481697
0.03580220852491262
0.07296302447981991
0.03650686611348787
0.0720380410967373
0.03774301758123085
0.07642950251476904
0.03460859105252509
0.0748391042063755
0.03441510320884522
0.07463449369966758
0.03584791364603529
0.07035462692545665
0.0374088019824271
0.07155391678115582
0.0373471703516874
0.07325213899439718
0.03638100045131755
0.0748364537484682
0.034424581116584856
0.07181475729308856
0.035343771006438
0.07227198161806303
0.03594816441475167
0.0709742057131338
0.03731030679633862
0.07618849905906842
0.034699554417468415
0.07329879959769442
0.034567121621905374
0.07555046294819816
0.03568465906142756
0.07080533070547054
0.0372676741441635
0.07202504327460041
0.03687492736010858
0.07351920826230275
0.03534795409974704
0.07375983198688096
0.03420249284637041
0.07306769408667674
0.0352128245931342
0.07302003509660425
0.035161921885662285
0.0695060358198217
0.036762468220015526
0.07592200797612583
0.03545447725880382
0.07236471312601239
0.03496301964727972
0.0769695401690702
0.035809466611758545
0.07181320306942159
0.036656040102068
0.07157321600497617
0.03698293395468579
0.07261834586285636
0.03603171586303759
0.07262744279454658
0.034550320740534296
0.07341378315120166
0.03578824970612516
0.0734252719127129
0.03510704119302634
0.0687767095525254
0.036373729868604536
0.07537274109997767
0.036445429184566114
0.0722680146483247
0.03472542613153986
0.07663959599921998
0.03544053293023006
0.07265719439012944
0.03620466944258673
0.0717553053271179
0.036263264400368735
0.07196296818304687
0.036223567404918486
0.07094095133572309
0.03565855634791801
0.07311011933888215
0.03637786415802264
0.07513290921816844
0.03451955214396772
0.06895228379247896
0.03623392585639004
0.07419021773334668
0.03658277989940674
0.07196321762194803
0.03594165992252212
0.07670488411280844
0.03467176995436326
0.07299179448715969
0.03496797071679132
0.07260887211673643
0.035834705930215247
0.07066334881017435
0.03721217527811881
0.07126675039326363
0.03614530783036833
0.072378197317783
0.03605876410838782
0.07585483680487265
0.03419792595208633
0.07009265613937628
0.03588146996956009
0.07344694112575122
0.03659379352784672
0.07247110919182422
0.03691422791468963
0.07631433486467375
0.034478271893370355
0.07464132743690068
0.03437974523602888
0.0739450538044156
0.03566696795500843
0.07000415527651427
0.037225670575912966
0.0713362840629712
0.03731336553040896
0.07300442429007419
0.035960625713876974
0.07539765449662647
0.03438776618948836
0.07134954319786752
0.03551638512273655
0.07213267183272161
0.036075185242788084
0.07123385213107251
0.037138474686299154
0.07619969103941675
0.034431563516120575
0.07370048120050704
0.03477737714578489
0.0752540457934238
0.03577516714011799
0.070637717765982
0.03718976396784427
0.07220594473806728
0.03701974022410185
0.07334796831465625
0.03578477171089271
0.07426093014416418
0.03399534590833497
0.07250275735532286
0.0351575905146116
0.0728699907475608
0.03523573939017239
0.0701138673225429
0.036883367103722954
0.07617246486457506
0.03546939777122869
0.07282414795582468
0.03472655342198362
0.07665032552711068
0.03596972610267831
0.0715161184828964
0.036625440654640094
0.07159838638546821
0.03691354752366138
0.07267234681920202
0.03598924064898379
0.07303415319537379
0.034273625791273105
0.07324282685783427
0.03566234117782493
0.0729231331859721
0.03524660963149299
0.0690190893833898
0.03649653401836865
0.07556152566657444
0.03629075190685504
0.07214689342475934
0.034485329821629024
0.07647345936002775
0.03541630300640017
0.07249768258198667
0.03638876399118487
0.07173594224856061
0.03663567296864429
0.07225426486209693
0.03621177429045446
0.07135931946755314
0.03524007228139647
0.07316184591094632
0.03614424254517494
0.07460052589435862
0.03474596609337597
0.06867055901917654
0.03632743703035423
0.07464066747205024
0.03659711943029846
0.07204388750189586
0.03544242490755962
0.07699537397900509
0.035036108104086715
0.07261325487890252
0.035296835312384416
0.0721988039199031
0.03593619517896575
0.07094887763369984
0.03689444191435005
0.07112051183595097
0.03583523957310526
0.07229973652759504
0.0361809100089008
0.07535655613911814
0.03447998830813243
0.06965792943032666
0.035969482541330595
0.07364030939716411
0.03659202654787774
0.07235476926390992
0.03660632712123078
0.07635101181591823
0.034648829518729114
0.07427017709255816
0.03461921595095819
0.07337353325299427
0.035527755919740556
0.07005967970897255
0.03711932558226761
0.07099104000959978
0.03714886471533204
0.0727534073909254
0.03602221140924826
0.07590661586543893
0.03438496085148074
0.07086784010858561
0.03570661667315564
0.07231328919238475
0.036168985520548085
0.0713470445750444
0.036981982532935734
0.07621521449963395
0.034156606985486566
0.07405067653182708
0.034782197903821525
0.07472534690900832
0.03567972045705097
0.0705163344982813
0.037188548415014275
0.07226503085032213
0.03715561576796046
0.07318047069074492
0.03576710632064822
0.0748021860839378
0.03410291297570474
0.07193075752959363
0.03525004358188633
0.07295355921271159
0.035367576010040626
0.07081627748248318
0.037001879598492535
0.07637044189610734
0.035130847490104394
0.07330349540589468
0.03490843345506858
0.07617171028132821
0.03618749242196881
0.07128753682227446
0.03671241505514045
0.0717372601407926
0.03688374518618638
0.07292992285432771
0.03593396682449183
0.073355796459848
0.03413287462380479
0.07280835606306574
0.035612939431746475
0.07257306675315353
0.03536737872981016
0.06950874120433585
0.03664322486265395
0.0758451303776317
0.03603023140920505
0.07210501989333311
0.034471440717659334
0.0762677094818603
0.035607270213287
0.07230058850607492
0.03644940910951088
0.0718962563862218
0.03687660681938259
0.07266833119113149
0.036059754855623564
0.07196014882050854
0.0348193211840974
0.07313193452020143
0.036105618552081574
0.0740491701927849
0.03485639216728657
0.06862774592903577
0.0363117313999397
0.07509644435887163
0.03656334673640024
0.07204782554216027
0.035022775866183395
0.07708720703816642
0.035384174399187056
0.07233390603411327
0.0355672935125302
0.07198012254492858
0.036124288013225904
0.07147005116660467
0.03661587019193885
0.07123118147962683
0.03555459876350888
0.07235657762505712
0.03623238077866575
0.07478955642907799
0.03460751267007467
0.06921753753451526
0.03602390288158943
0.07400417769419243
0.03669587983451115
0.07230220537321604
0.03603831020062638
0.07639326016555131
0.034812944762708346
0.07380582840091623
0.03481768453390552
0.07287974183753979
0.03539486264727068
0.07033924901646672
0.03706666101902223
0.07077378949183706
0.036855925695074114
0.07259816347381046
0.03601567254643216
0.07599575703867549
0.03443687424437566
0.07045575145477752
0.035808418027831045
0.07263303717126028
0.036169334542293326
0.07145081629468024
0.03683295743343933
0.07617353948331401
0.03425252536789699
0.07404701928293876
0.03471621062460397
0.07422565408839897
0.03562948630676607
0.07034665327815676
0.037133478438211576
0.07203064562302787
0.037087153801238656
0.0729197026617902
0.035939937301713624
0.07525041268757415
0.034274466374689845
0.0714789610789783
0.035334339910525134
0.0730230377450154
0.03553655063499362
0.07151586450163429
0.037046510030734434
0.07638258178812671
0.03487238112731062
0.07384885176706998
0.03495574411985215
0.07565534387773895
0.03613903045889429
0.0711362478823534
0.03677630112705733
0.07204420582085294
0.03691543100313412
0.07315755149426652
0.035973993922955735
0.07374013073788183
0.03366291794519452
0.07227378885584546
0.035063631880312425
0.07238361689064335
0.034926376169823886
0.07005315047209175
0.03676068823105315
0.07607893731180206
0.035613478011614415
0.0722198955890964
0.03470579450623463
0.07596410284001336
0.03588653574501009
0.07197173578003352
0.03607861110138173
0.07212840466733007
0.03682533229215686
0.07294715420395785
0.03597569361581516
0.07247530729836452
0.03444035628259463
0.07315739688405008
0.03595172775004535
0.07356211840202272
0.03494706047021358
0.06878136448804638
0.036349608494818705
0.07544596221751369
0.03638664323472126
0.0720413719661667
0.03502372404750593
0.07697100691398415
0.03562226194441414
0.07222483322550088
0.03594922014491863
0.07194116252054375
0.036354363896498654
0.07188319280648302
0.03653947660329784
0.07135840967940144
0.03514499433425315
0.07246233893615191
0.03632286857148804
0.07423025674011742
0.03478330476076001
0.06885626852361527
0.03609805442778172
0.07448403342378522
0.03666942862782331
0.07216264634317132
0.035649679967291674
0.07651478261925428
0.03500936497060834
0.0734267112573955
0.03482536630974571
0.07260204752455034
0.0353684763075017
0.07076404808616402
0.03694786719923086
0.07065399316443409
0.036263891780497645
0.07253331045119826
0.0359318961932079
0.07587508811251029
0.03411315194608978
0.06993958193411509
0.036283063791005536
0.07303261848883744
0.036144124930713194
0.0715791389411337
0.03690291239834622
0.07624235924939743
0.03406704085396997
0.0737271888311878
0.03428756903040591
0.0737244146297463
0.03545206661581334
0.0703695749552722
0.03672010548740592
0.07170029541600353
0.03682879979860963
0.07261196548672906
0.035772211683128406
0.07546813518404132
0.03388486435720725
0.07115258129905633
0.035181064542655405
0.07315307972533305
0.03560597455711918
0.07204313616966782
0.037126383406984334
0.07638780238283442
0.03429582021205497
0.07413057580564324
0.034648219301367585
0.07507138469006021
0.03556540119614115
0.0711173475875397
0.03645897469674898
0.07212371838109566
0.036692373316182504
0.07319638260973188
0.03585024091629774
0.07423040630613958
0.03360976073857757
0.07178287132726277
0.03503407551591356
0.07247932837495161
0.035165219383524675
0.07079210341057252
0.036773113827418
0.07614065734170769
0.03486721741134074
0.07241853134260352
0.034301024946231315
0.07526834401617846
0.035248798738187904
0.07212872640803088
0.03540981715556261
0.07214251514210471
0.03682295504575491
0.07285829480922988
0.03527229255282608
0.07336988483279
0.03413680167422283
0.07275096769369886
0.03493270217089484
0.07351651205359935
0.03436589544728962
0.0690970341972302
0.035952420840673134
0.07540384770107095
0.03622780494868159
0.07111275005660006
0.035080730616331504
0.07478369156542615
0.03583229799059533
0.07015964583606382
0.03555416535077041
0.06949271507483859
0.03559493728845241
0.06991664570255554
0.03565983613637491
0.07009419380817847
0.034826799063355854
0.07044887715747479
0.036008490395712585
0.0723724443474421
0.03424417873180416
0.06734998024426893
0.035536266599212774
0.0735241446717118
0.035567862845705525
0.07116072365661558
0.03483924225813859
0.07487741713474018
0.03597447569674478
0.07202547443658641
0.03485362814390514
0.07087801896168627
0.03534790437645746
0.0706441593222231
0.036036508032175736
0.07038960490291413
0.035423715962032254
0.07195672773565592
0.03514728114839162
0.07454358972586007
0.033983516132052895
0.06861010640343503
0.03567552531872951
0.07342726849389382
0.036196868213098705
0.07187279689863343
0.03670075012146885
0.07584480573444141
0.03384938088803427
0.07276132135770472
0.033849254649581585
0.07178219453578716
0.034881346589244265
0.07035754568039207
0.03640835118210449
0.07118912758090812
0.03656659441406281
0.07209344815498582
0.03537456940574826
0.07487901567319767
0.03358895365674604
0.06978938251745193
0.03462823797991034
0.07345493132370848
0.03561389301859527
0.07227056564249548
0.03688288112328848
0.07558500630079185
0.03414953129343877
0.07364240279040786
0.034012350345861864
0.07318294039885365
0.03480947207550634
0.07065312688178595
0.035957433311446046
0.07121383480832712
0.036547171441871834
0.07273396180205627
0.035145646916691385
0.07425563820190441
0.033446418701362515
0.07064728873042467
0.03491773689628475
0.07181184933349645
0.03502071639207125
0.07151544317050157
0.036648230978528464
0.07547565864835158
0.034467390898596885
0.07241640215546653
0.03449017568258882
0.07439460796294534
0.0351470999982015
0.07099570162147036
0.035411761567368846
0.07143212937953189
0.03611634902749289
0.07304341190367913
0.03497985469972895
0.07341924886269091
0.03338771144530789
0.07190738177545132
0.03480919748901706
0.07250571131530786
0.0343612084390833
0.06941389121760426
0.035769187058939174
0.07566651476243307
0.03529139897502617
0.07245047818368329
0.033852204082201305
0.0759280853236734
0.03529812885323485
0.07124932097987706
0.03500000573392907
0.07053687054556983
0.0361013581985969
0.07181080391875694
0.03551175768218511
0.07202608580393702
0.033864228773173466
0.07196413184990792
0.0358057104509739
0.07231234028620012
0.03444958614051275
0.0671369761882958
0.03607305798223346
0.07299785491412655
0.03604909462736072
0.0698497126263141
0.03462539155943232
0.07502330886969569
0.035062248305897596
0.07142782235057171
0.03468472722108422
0.0706358106283202
0.03507471748758493
0.07056343744297569
0.03591187071172442
0.07034165378168229
0.03547236171419493
0.07190275015444433
0.03567697340340956
0.074117735285897
0.03372100373277422
0.0678771388773229
0.03568161924640007
0.07339795998415503
0.035777403760922775
0.07167237703136288
0.03615933746091706
0.07588302994734143
0.03433975073960068
0.07227529592178275
0.033858993012028105
0.07126496526820518
0.034779684556484544
0.07034774042750831
0.03629899874956468
0.07056054696866597
0.0361383087196019
0.0715249318755435
0.035651549295472956
0.07501622691884906
0.03382102741813849
0.06896499850300801
0.035289146087477456
0.07300793047484401
0.0353138885949961
0.07226966872494216
0.03647679920669023
0.07565759215594886
0.034482504212423215
0.07372289765250192
0.03401238595673128
0.0725538259116826
0.03479553129132564
0.06997389642168192
0.03547441676496239
0.0706087621419044
0.036669337468435724
0.07233024461041805
0.03544997871010563
0.07488002390259971
0.03371276368423472
0.07025745744504296
0.034713246973455625
0.0714405081130898
0.03480215440864619
0.07145964466428861
0.03656077258038552
0.07561756127591285
0.03462976871255222
0.07282427879256712
0.034252944669010243
0.07387124322548888
0.03499203952557837
0.07081608559104713
0.035300053394969534
0.07142046309623064
0.036060052592072005
0.07278368355370056
0.03514849988620864
0.07402057343337284
0.03353899293825498
0.07129468570146716
0.035003972553948916
0.07218746669546235
0.034294865385414604
0.06981754014879021
0.03657045186659601
0.07579531454908343
0.035680541478570166
0.0724842764961021
0.03434780444197705
0.07520200589974399
0.035626398796676347
0.07108996701761831
0.035019074315436154
0.0705361759188294
0.035761815609359704
0.07206028665881861
0.03555056677955798
0.07249615573468018
0.033929331133225424
0.071956320648426
0.035664517514965535
0.07178143672094336
0.03459581769945895
0.0685151788447339
0.036142572155567314
0.0754189635737004
0.03603753149563958
0.07166525691999419
0.034533187658659203
0.07553209737858466
0.03536124365066752
0.07186941116000199
0.034938376194045793
0.070752852531794
0.034784638819101814
0.07159209430983002
0.035092224147388794
0.07055332787081149
0.034985524022969026
0.0719361398251763
0.035574832884031404
0.07330896103435276
0.034030661272658455
0.06720310418795232
0.03546807039596372
0.07414915515774304
0.03550250263150925
0.07130781217672857
0.035204834952294754
0.07610720049671237
0.03434895212794289
0.07137898262333389
0.0341275699886648
0.07088341336473288
0.03471455489397378
0.07058035941695241
0.03624602643627564
0.07031899593166753
0.0356530203935166
0.07157223107878251
0.03565967349594488
0.07434827925738777
0.03395666954358287
0.06802951202438734
0.03530516598178635
0.07336484961205256
0.03576607923235759
0.07171120824426208
0.03645729414917414
0.0757116916957728
0.03439847322132311
0.07273476937452392
0.03404625682191229
0.07187356424409556
0.034395636142982425
0.06977935401120042
0.036044491030910605
0.07011884799012459
0.036619920526459696
0.07098554145468139
0.03569904358622223
0.0738571152518817
0.033781528960878625
0.0689720528406677
0.03519503107711103
0.07130825152963206
0.03533839832266835
0.06987240315802969
0.03667389079588536
0.07444394772611812
0.034357866113086645
0.07175793389061776
0.03414089524426742
0.07324204428662051
0.03489423222892291
0.07034128540938421
0.03567630203207213
0.07135330112113152
0.03611885306354218
0.07306216941094167
0.035194795813480236
0.07417559805995656
0.03351668463502039
0.07036128246960859
0.03492583527354032
0.0723399988124802
0.03458224528696451
0.07022910947972444
0.036670584580716745
0.07579212099745916
0.03534425730581259
0.07214559699750225
0.034408897628977995
0.07469860973799367
0.03551945307911085
0.07059988356887154
0.03535829916955591
0.07063149252134247
0.03601606229060154
0.0727677263700457
0.03561443709811003
0.07278132714828395
0.03365148964743242
0.07143925380889653
0.03551434500446463
0.071440321575642
0.0348112130599005
0.06863996887871078
0.03622080084537783
0.07553894884276618
0.03592915765598684
0.07129023619042366
0.03445211862977651
0.07531022673521129
0.0352344439117858
0.07131176962099861
0.03532765756672196
0.07089365588971135
0.035407704606132705
0.07215196194884639
0.03549153650776867
0.07135453880228095
0.034552389901306525
0.07212112052772983
0.03556193156882976
0.07279558634165786
0.03412923375792147
0.06732317415280366
0.03569617797743073
0.07464051926350766
0.035865265445796476
0.07125339650165169
0.03529795025069577
0.07625906767085854
0.034743139064836365
0.0712439111434818
0.0344698931015818
0.07070948865901826
0.03478500011828359
0.07125021406578701
0.036142008720530264
0.07051432780624481
0.03520891952159761
0.07160662730660113
0.03573729020955916
0.07360222407488728
0.03335156652284412
0.06766247875133728
0.03477888168894734
0.07395241468130725
0.035707194299447596
0.07165823774480051
0.035633645671433595
0.07573027292148694
0.03461405802217916
0.07240308735246234
0.033242038483430936
0.07131112307959016
0.03349942219485309
0.06999365605235841
0.03564522744195051
0.0699063335371792
0.03607226042793231
0.07196157715972583
0.03551055611975832
0.07488528982787566
0.03364798682482676
0.06880620702694994
0.034826418410274194
0.07185430352418912
0.03488238865190008
0.07097920618901955
0.036550207026627736
0.07556108569141624
0.03422990704808404
0.07230866596349138
0.03406014773389494
0.07270074080900163
0.03429790860145666
0.06995113085833798
0.03557717355054964
0.07121328429698139
0.03564912222599433
0.07265672074196972
0.03551135663089489
0.07447716976747136
0.033609439871103854
0.0699605975548789
0.03482336354582591
0.07238522769153227
0.03463182408088449
0.07106729510683499
0.0367801105126527
0.07589300946613906
0.035058877858342385
0.0723698083251841
0.034544967635970314
0.0739590682400833
0.034788789250873614
0.07046667240933258
0.03534404550632562
0.07097007620312983
0.035467085448540464
0.07278412227975489
0.03557572580601081
0.07313378668613021
0.03356579326515109
0.07080184856797493
0.03482013753837085
0.07114263509314939
0.034150736806831
0.06933466643601513
0.03605191480545157
0.0755979048894295
0.03560186428441672
0.07110857987440414
0.03463886553587668
0.07492735335474675
0.0345992103534985
0.07091849426453158
0.03486789673022423
0.07108589600142384
0.03511835126767761
0.07231669918452605
0.03513902362893502
0.0717617842962192
0.034881320608530345
0.07204263881970545
0.035894448278373146
0.0724275967052562
0.033974275089524365
0.06782909251370478
0.035504047964095266
0.07505668384521359
0.03549050887844127
0.07123523920329408
0.03538205510961235
0.07621713206412682
0.03494242273286957
0.07117716963726965
0.03471345724172096
0.0695790125844906
0.03447464917407115
0.07154739206175591
0.03585560384197345
0.0706076180007947
0.03547027580130158
0.07149602370250654
0.03615241735780504
0.0727940186523779
0.0338837923906837
0.06764708260212973
0.03517496910185948
0.0742518061530093
0.03543377842640469
0.07144294781541852
0.03626485600039693
0.07588279871228562
0.03479299829126789
0.07211975107314278
0.03440226781923088
0.07114956540573623
0.0336388534458796
0.07058888271329124
0.035835608989304914
0.06981220216736309
0.03671765870628642
0.07167872397554753
0.03595614224623257
0.07476926185646993
0.0339227833549696
0.06850765627229448
0.03490645417943427
0.07226552542199181
0.03494850614222366
0.07111449324106564
0.03694295956804989
0.07563924793704521
0.034259003424316196
0.0721967293538189
0.03450706430537152
0.07227552042460723
0.0337576437335853
0.07002106601180338
0.03549622466219392
0.07084935877235811
0.03604876171057741
0.07214684606061131
0.035757598983728635
0.07436132174556735
0.03405525652733662
0.06984656835542151
0.0338631098052699
0.0726290779345413
0.03383042120762488
0.07184569444329536
0.03620096539765242
0.07577965217040426
0.03474683136107822
0.07238555281652004
0.034382283145622715
0.07335688416481713
0.03380399828129005
0.07057358088096723
0.03419703562035243
0.0712385348023459
0.035672056260189926
0.07290487939576838
0.035083784430494654
0.07352449754707435
0.03452408260758921
0.07050625354829271
0.034654090487288486
0.0712167609089002
0.03452109848499103
0.07025329455836316
0.035891270794324075
0.07568616849153847
0.035266230287279494
0.07118152481113552
0.034591116516817906
0.07453933755077344
0.03490878699717638
0.07068807878838608
0.03447460845405339
0.07129494607953736
0.03551732202874243
0.07245810317819393
0.03518514676012739
0.07239271035770359
0.034927741514294015
0.07157304837741277
0.03553454538529661
0.07212794310246658
0.03478639288076906
0.06843423224073639
0.035201143492590105
0.07539965758225947
0.03570067685451522
0.071305165568345
0.03508615445598987
0.07604367773664988
0.035188830100702125
0.07124337488061981
0.03430746588930338
0.07100225295212456
0.03490414513419527
0.07174881634390126
0.03569161138710473
0.07090068711304433
0.03549934288168556
0.07140160414660589
0.03575293218369881
0.0723721780611112
0.03456672892813824
0.06765212187534649
0.03484171150159723
0.07472625951621108
0.03528994483816321
0.07126110640527568
0.03587625122814429
0.07575327297048386
0.035185327894582716
0.07191645751654105
0.0339758805582087
0.0709846735271817
0.033744357060735836
0.07118924703222194
0.03585673910742782
0.06987498710570463
0.03682357608949594
0.07153201882818873
0.035825020563624035
0.07422052293330315
0.03456203808823424
0.06818771021789784
0.03451563653343458
0.0727750866556614
0.03517874452936719
0.07111089015425186
0.0368503595905458
0.07581064068074979
0.03451126731042587
0.07193694932054659
0.0340589667361701
0.07173249015207342
0.03370720690131107
0.07025954833178942
0.0354665204334012
0.0705508033505821
0.03647014450744043
0.0717489302523611
0.03574201917489951
0.07433455806848266
0.03479497655086471
0.0692201863950792
0.03431694070030921
0.07289181811695647
0.03479463738941029
0.07210000246530912
0.036814445390779375
0.07568835038255274
0.03500815675136238
0.07244320791718548
0.03476776918347928
0.07279219142262881
0.0340144935877283
0.0703853633054841
0.03481193524779685
0.07106612920454955
0.0361500981852096
0.07272143166192421
0.03530963303588786
0.0740074305246135
0.03446530012428637
0.0700405292107354
0.034557132150961914
0.07130860233517933
0.034469790539799504
0.07086776077556399
0.03618923996041002
0.07561609163857264
0.03499600631172655
0.0712671312164027
0.0347720411780683
0.07402068435135073
0.034800384935539205
0.07061120775093988
0.03444901743648838
0.07144190066572906
0.0355878650108428
0.07256576157075592
0.03527715116827782
0.07303382618579482
0.0347316239070088
0.07113331931663143
0.03514742411805776
0.07195350432826139
0.034606203495759255
0.06922432406870305
0.03536150535652879
0.07563214106444997
0.035688119696417595
0.07138092629165486
0.03494658010657053
0.075525823612675
0.035139172929012585
0.07131759614349463
0.03432166896979026
0.07112438868021442
0.035099845294437
0.07207382985466826
0.03551620221210291
0.07132596325577865
0.03513500577034773
0.07134123800154944
0.0358214766289739
0.07184255894918246
0.034655231439364005
0.06791642275175043
0.03492086645264961
0.07503516399892601
0.03522763668101728
0.07108912961608103
0.03560021844601958
0.07558964543184622
0.0353735291838098
0.07178839662433899
0.03409070659889394
0.07102151572695929
0.033938358087081795
0.07181145622834156
0.03576617730789193
0.07017255206100047
0.0364886566528306
0.07148693823548503
0.03593516710385966
0.07361809794478566
0.034479967597920894
0.0679011694419911
0.034518779352123795
0.073386268788261
0.03527103366784376
0.07104453430071248
0.03672868927006323
0.07603884489900174
0.034611992002272406
0.07168370115136866
0.033964414989324246
0.07136690800489018
0.0336923018240754
0.07059870534175662
0.03559639835192888
0.07034737309411435
0.03652334076265728
0.07145443512263291
0.035966659686318056
0.07423102365106682
0.03479762675439716
0.06876600139770549
0.03430557940970663
0.07305971074854055
0.0349381699336107
0.07193015080606242
0.036897636910504766
0.0756861695072402
0.03502803400925663
0.07238022969689475
0.03465692542305936
0.07222202951215154
0.0337475160449361
0.0703502269379349
0.03489052823692612
0.07078630466810147
0.0363109569763858
0.07246208970642483
0.03545180410796613
0.07432303494680403
0.034442884564778446
0.06976783789976558
0.034453387549351
0.07152377588648583
0.03449674798181295
0.07129901986853729
0.03640321477927035
0.07556738850144487
0.03486384362689832
0.07137759048056219
0.03488807524914191
0.07337710170788074
0.03456896465128223
0.07062744774795567
0.03446904442712439
0.07154888902682989
0.03571602920995959
0.0726506070662623
0.03527255833082173
0.07354345943844938
0.034648513079334975
0.07068847435399547
0.0348828736071371
0.07193221360102708
0.03438420429844433
0.0700107925683067
0.035585418300014764
0.07560795825863621
0.03559599736544442
0.07142982221974253
0.03482499713031465
0.07482745617423511
0.035038033301815014
0.07101749794057077
0.034321997864122204
0.07119107311534403
0.035288660774735206
0.07227042569747108
0.03540609214503852
0.0719069592672539
0.03487244449492694
0.07111476005290798
0.035310975492902436
0.07143268348287383
0.034752082850705204
0.06847696392670617
0.03508835420738158
0.07523059893679701
0.03528279633515761
0.07091076163895561
0.03499449902458748
0.07536671463676517
0.03525696131061806
0.07172331643690781
0.03362494387063445
0.07124668019879853
0.034185491816806725
0.07199833294111324
0.035410220927044614
0.0706648486215056
0.03627892020448021
0.0714882010008348
0.03566624243507999
0.0730328921439376
0.03422618537535137
0.06782858461996769
0.034121496802683074
0.0739784067675568
0.03494115432337552
0.07107500640559923
0.03614918018441881
0.0761798778732598
0.03492591621526042
0.0715201825025917
0.03446663447662574
0.07115542903891912
0.03330378404580505
0.07098891356662965
0.0352434947867699
0.07047569950766239
0.03661028067513433
0.07073649111615916
0.03553325724532916
0.07366433777775636
0.03480144210138591
0.06817542350454348
0.03386872835966112
0.07294870756506532
0.034409231209524715
0.07157408432788669
0.03615907582852088
0.07570467524206068
0.03472074941857878
0.07204724282297434
0.034267759470812315
0.07185177980289889
0.03373897066128794
0.07053286884714392
0.03462170776340232
0.07009255859936162
0.036432386768287715
0.07191006310637983
0.03514038777065255
0.07368056440421274
0.03397803435540488
0.06878096105572966
0.03420408527884103
0.07155828562237715
0.03402975625313101
0.07072024593367901
0.036157566394337676
0.07497828141066248
0.034096741816434725
0.07048218933495948
0.0344742113463114
0.0726415471463862
0.033882292059247386
0.0704270677515201
0.033549670226036915
0.07116252915317017
0.03478109965305239
0.07247795713284932
0.03503258800263174
0.07292312429039716
0.034299392203462606
0.0699215096050519
0.034380850436097926
0.07188884900548105
0.03391450917506186
0.07017506878990079
0.03537250172715346
0.0747875017541837
0.035165042913126186
0.07104848065229548
0.03496257105178849
0.07369079926395106
0.034671061528184735
0.07076785346095149
0.03393926191822937
0.07063320115081301
0.03506313927112314
0.07187178230987669
0.035635489873074126
0.07167210567000637
0.03463650070253724
0.06986953450248312
0.035977774982164715
0.07093472380420195
0.034359803114215874
0.06860855958991004
0.035131581550785815
0.07430873295416632
0.03489354615481411
0.07052144431719208
0.035222702485605724
0.07437962531699834
0.035431493507752196
0.07113919931178507
0.03425394709482296
0.07101415305962858
0.034270813082051536
0.07161384452948283
0.03547878513216184
0.07068190891999186
0.03520657770557775
0.07041207821385334
0.03613257312203684
0.07212193970405986
0.03459448331808371
0.0675645608590558
0.034420648660088746
0.07359927579527309
0.03466324647150277
0.07117426326228711
0.03557652246752113
0.07532120293018425
0.035144459716287366
0.07083957639760516
0.03414212598504813
0.07083385465685063
0.03374815730537064
0.07095901953968604
0.03575125720610202
0.06987682972171486
0.035952469534314906
0.06981629046218561
0.036063903593868275
0.07260272314955712
0.034830219571469416
0.0677890696410941
0.03437031602587806
0.07309526148532373
0.03447131785190335
0.07145459536144068
0.036130502301082924
0.07488394785537093
0.03515338954769595
0.07120431166628009
0.03436184609076616
0.07128154395789771
0.033294725361247064
0.0703889912837846
0.03475956285562401
0.0697841469616095
0.03623729268465919
0.07093351571731236
0.035705442305329224
0.0733842714606699
0.03441256227753132
0.06872816049704934
0.034476993286289344
0.07173086129256405
0.0339414461486907
0.07067937039328175
0.03633698803076497
0.07451266134591482
0.03471919795934835
0.07029446409252767
0.0347677628878524
0.072178548928363
0.03407602156695675
0.07022590666643168
0.03420367041368131
0.07093745674420497
0.03528436118543031
0.07186500993090308
0.03493222761053261
0.07288047107804808
0.03416062211541441
0.0695645969140068
0.03501271502310297
0.07213174734213688
0.03373731332346176
0.07097463603291893
0.03579029376946044
0.07481244548570194
0.035178299563124446
0.07076933540793232
0.03457202547912304
0.07309402660165688
0.0345251316264503
0.07079510578577192
0.03385998418357726
0.07079391787403488
0.03527716547594543
0.07192337654421452
0.035575708609840696
0.0721045053837344
0.03421107578564937
0.06949968791570865
0.035866259308324044
0.07089022593940612
0.034075547688072624
0.06941915345360651
0.035276351911323243
0.0743428235297057
0.034941776196819124
0.07030117363259794
0.03477815325158878
0.07402962431873743
0.035424048518055556
0.07105037953207365
0.03417206110789138
0.0711558381362573
0.03454484332023207
0.07170438729206766
0.03538644955411968
0.07105143984924986
0.03486577779462985
0.0700282974234128
0.036102346236428835
0.07184454953599381
0.03470721825552327
0.06792146620143655
0.03452796395236805
0.07398139060721223
0.03463418709980829
0.07099029999316313
0.035232209366644264
0.07525762920708318
0.0353217725481237
0.07094894989100571
0.03412972268689985
0.07095472018147385
0.03401253707378158
0.07120004858155565
0.03584753868811416
0.0700519602072179
0.035669545021534556
0.06958964520168706
0.0361608471131777
0.07202423766124992
0.034801535816786695
0.06767166989477444
0.034429513487599005
0.07338626368198997
0.0344141266979854
0.07134110498288916
0.035939905695046424
0.07496766650632304
0.03531246871016104
0.0711825578994348
0.034254613725988564
0.07110668070810061
0.033308782995896596
0.07073544464515245
0.03501798328432225
0.06977156275883908
0.03640063745643665
0.07050694582487894
0.03588999091757672
0.07324653905471389
0.03458879644530756
0.06831338453641982
0.03434673441690552
0.07214458383541314
0.03404340695566388
0.07079923240799192
0.036357500744019826
0.07464757842785434
0.03476749742214663
0.07024986877875822
0.03467413417871285
0.07166644795640503
0.0337910344745064
0.07029476956482497
0.03436714148583455
0.07068883212634645
0.03553844678461969
0.07144215183253928
0.03550580190639326
0.07277708711502734
0.034484656172328446
0.06913093478867047
0.03486146321107944
0.07230137479081837
0.03367620314386366
0.07169344470600383
0.03597803247510106
0.07477261962525047
0.03516881938291981
0.0705602287806813
0.03469430769593689
0.07255539852333572
0.03427867148576433
0.0706860502880234
0.033892846655070225
0.0709889290110232
0.035404058679397554
0.07204220807177716
0.03550157410962772
0.07254531411865563
0.034098962042525445
0.0693490398975315
0.035789314893646236
0.0709959379694483
0.03380206770378022
0.07009758532985917
0.035474300966048734
0.07434516386766249
0.034836043272220674
0.07009406805474577
0.03478832861864657
0.07359240300618859
0.03516265665430699
0.0708964215643823
0.03408165476755017
0.07137344855282828
0.03476460605863839
0.07177161426681154
0.03533250097474632
0.07143952686160325
0.03460546308151485
0.06971532540181934
0.03606402894322755
0.07162040042102048
0.03462082303477416
0.06852260575537678
0.03469703068080846
0.07425990459258124
0.03466024011532017
0.07070482324992043
0.03497942648220395
0.07505050733731777
0.035412755113214275
0.07103773870935852
0.0341796974015176
0.07103982030383527
0.03431288108331218
0.07131193974704894
0.035900393482402676
0.07034008530131489
0.03530185247741624
0.06951018048349702
0.03630857795022423
0.07151808471738207
0.034739079984373124
0.06781544394470919
0.034512037266622934
0.07366273047493763
0.034331233722985854
0.07113907880486871
0.035738019898563865
0.07493631305406848
0.03540742797750778
0.07116724483651217
0.03420278100329724
0.07110427549382176
0.03344166666821045
0.07126218545856712
0.03497532701573372
0.0698760927687722
0.03597397308753121
0.07019754300284047
0.03570892472485654
0.07304958212711608
0.03481631687673611
0.06811494498581354
0.0342934224482873
0.07247635253458456
0.03420053751668823
0.07083310711961596
0.03624485846641581
0.07487505364980797
0.03488235676916555
0.07028859528831698
0.034611937421452084
0.0712324661003546
0.033574430633002555
0.07056134158080189
0.03452979380081379
0.07047586967299142
0.035644713667451276
0.0708937627327214
0.03567427270620459
0.07277502417694424
0.03461103028362601
0.06880556101409424
0.03461075361666574
0.07238806642936896
0.033706327453967906
0.07182765199976636
0.036171662561204874
0.0746796152589453
0.03514190906212404
0.07044173842850882
0.03482033206552949
0.0720562748722582
0.03402817982511726
0.07059867348460395
0.03395920381311927
0.07084186230883878
0.03548205622161595
0.07198979456109914
0.0355432751028221
0.0728349039821483
0.03401625878086541
0.06927982732675682
0.03564459966816681
0.07111947893201828
0.03361446890305869
0.07065716837217582
0.03555502023971008
0.07430231059297712
0.03479129780536324
0.06992114725652082
0.034834615570733224
0.07305080530529764
0.03497605557976845
0.07093321520189332
0.03402372631104693
0.07146459469793974
0.0348682946290376
0.07179996285779074
0.035357587204899475
0.07195267994413064
0.034394599228266855
0.06948424741926836
0.03547408842967095
0.07149014677136692
0.034350943370904795
0.06932332683436902
0.03490298060956621
0.07444519044521838
0.03476746671743738
0.07051546100171972
0.034422282557574506
0.07447500795846092
0.03523919774882553
0.07124824474177904
0.03417589962572868
0.07115812232897371
0.03446979280941073
0.07138852744863576
0.03538191629605842
0.07068321294648884
0.034808537452274406
0.06940045441799633
0.03625398090336309
0.07108301807887632
0.03461432656302419
0.06809009942542936
0.03461813938860184
0.07382084666386637
0.03427309220121469
0.07077861037967266
0.035418029767807564
0.07458084165313045
0.03558252804682204
0.07118749640354288
0.034131374444778664
0.0712442772710152
0.03362414358215503
0.07171844786813739
0.03521531305015033
0.07007534993031767
0.03591459369399318
0.06995556620817861
0.03636352160298273
0.07267797108719701
0.03471298462382062
0.06795994591664953
0.03422254956765923
0.07274650234354348
0.03422112823378172
0.07082814415705976
0.036012645596685114
0.0751679245128507
0.03502716509082431
0.07045757343442889
0.03451934103075767
0.07102920736692518
0.03348062172814438
0.07082520565507287
0.03473034942286426
0.0702772863197062
0.035804365537189735
0.07031835475771633
0.035863975096613425
0.07265872281740958
0.034615312955929414
0.06860698357965428
0.0344365563960301
0.07257634460859093
0.03383014819522846
0.07173341644731322
0.036154245895423605
0.07467593045893826
0.035148346738849305
0.0704227175360572
0.034621478600052595
0.0716127676123417
0.033698837178025756
0.07059770641789999
0.03398190436167726
0.07068904931502142
0.0356113582107505
0.0717616308243675
0.03551560530427764
0.07296375396496757
0.03389983503161685
0.069002678703441
0.035418827467703494
0.07119971840867682
0.03351348519266343
0.07093009256961409
0.0356689421128093
0.07427542591691287
0.034741503571513815
0.06967781004364099
0.03476540124359844
0.07259594017862946
0.034724142047812864
0.07083111723621849
0.03392976864602952
0.07155469811091633
0.03497373906432485
0.07179047530430406
0.035297215414824806
0.07250235046665987
0.034237483754911105
0.0693514118461054
0.03522216703206472
0.07149940017841994
0.0340582396584725
0.0702438616750386
0.03513226193961612
0.0744267923763262
0.03486880062438957
0.07035026609943659
0.03436353873368474
0.07385507845360142
0.03498305364058466
0.07115997799512859
0.03411885091511544
0.07119515391354148
0.03466184291867651
0.07148752045154723
0.03551502334161088
0.0710526242645309
0.03445559609745083
0.06906027023514542
0.036238962372099094
0.0707657678918786
0.03446389684072133
0.06858621535531478
0.03474781578925517
0.07387937164538527
0.034287191060039704
0.07046608629453152
0.03517935353530585
0.07436364143921388
0.03567695176834796
0.07123997563677781
0.03411537306176797
0.07153748200602911
0.03379952016640202
0.07182575029901837
0.035328901205094417
0.07032426289676046
0.03566666915804089
0.06977436049889574
0.03648599299136316
0.07227253286418303
0.03482476031814839
0.06797960043789557
0.03421953309081285
0.07310012093919506
0.03413225511722363
0.07085479480120167
0.03588253638700328
0.07524158768320513
0.03521004680290577
0.07059953190928095
0.03446971788413171
0.07103478339201681
