1.0244892367094085
1.0213207718567507
1.0127487196327105
0.9925748455796449
0.9558227212595519
0.8972063549045396
0.7828805971195539
0.6340276025999274
0.4891736377779584
0.3892083054073058
0.32423011182887224
0.2746216337591809
0.2311955590669265
0.21184129208584587
0.18920429460941376
0.16870312197301382
0.15037496975491632
0.13683859476287197
0.12769262212005222
0.11590354378420263
0.10668981945753003
0.09744651689154916
0.09472838722338515
0.08904855651753182
0.08316051864741811
0.07983048405078759
0.07431809306642138
0.07340961161539047
0.06801627766958689
0.06628588211406035
0.06005842567757764
0.061680369474987326
0.05460967865950667
0.05586026800797989
0.05071941694157885
0.05335518704717448
0.047173598998624465
0.0493705115585713
0.04406152719837546
0.0477681341432356
0.04044740390305646
0.04380180776288507
0.03741618715004344
0.042619356966120146
0.0340650818105626
0.04233783381150128
0.03187622999690614
0.040255236096852755
0.031023676447265638
0.04303339791081044
0.02910139862337649
0.04233153940902483
0.02780090380094213
0.04214726013232494
0.027888388575473516
0.04208745718602318
0.028032947454017135
0.04460274788424722
0.02656832572139455
0.04441902938574639
0.026199907391348753
0.048869530490949824
0.025415083778103826
0.0487190690519837
0.025106975801723094
0.05346252911286209
0.02450256855489831
0.05024907609962911
0.024673853912923153
0.05622546077824847
0.024792338356564407
0.052348984861827395
0.02455095733254718
0.05917751367860685
0.024244116395832932
0.05962074083814227
0.023994413963912026
0.06247721221641547
0.027378135319416567
0.06453939580322558
0.025920040595036133
0.06365809630688209
0.026597764922254023
0.06598654881621198
0.025697308094113577
0.06625099939207826
0.02858826554231087
0.06351960976466914
0.026513460051175282
0.07096031221813846
0.027590009653025247
0.06561855112056758
0.02615807771113042
0.07106431535023768
0.027100251895157152
0.06976083297415227
0.026368001683255936
0.07088389727252092
0.027429839710689744
0.07338264472046221
0.02896688427778607
0.07261338195595239
0.02926965368828325
0.071444423569464
0.027495570929296678
0.06985502724621447
0.029043214915778028
0.06968940004290146
0.02772492648498231
0.07013952077354633
0.029077525350085842
0.0714248674688309
0.028348508901794304
0.07125727470124243
0.02757258971281553
0.07191714160845086
0.027830217615667424
0.07231314536540044
0.02774607847199236
0.07100740051417855
0.02779778447930321
0.07107323862846472
0.0299946930780047
0.07294640520300007
0.027385888678073476
0.07192444191642396
0.029063756775252424
0.07400268737462178
0.02812146659378383
0.06907843096143264
0.0289597876437679
0.06999401807976643
0.028797366742801242
0.07148212015316836
0.029850650888339617
0.07214299401985254
0.028150384599817297
0.07191701119273812
0.028324134727570897
0.06970017115172969
0.02900415254164253
0.07008527318880951
0.028473512513252287
0.0703399256424065
0.028482025036194097
0.07280827234493303
0.03142334675811071
0.07116662291513669
0.028334111253117588
0.0688224688875299
0.029667117805541984
0.07000267253890936
0.03223491309759848
0.07066955434825471
0.03153479798458536
0.07122377994055215
0.03170088491299087
0.07010231136116009
0.03051212648266854
0.07242968508350421
0.029948898286662296
0.06878318542994137
0.03099685259953662
0.07045296160028565
0.033807802501069184
0.07046825478050124
0.031928449087435584
0.07092825249291172
0.031199847231821117
0.07290442300234615
0.031269718555741496
0.06862787156334095
0.03279409962914198
0.07134184408880999
0.03214924570901775
0.06990719249720016
0.032728279233214766
0.06961801316932453
0.030168001667624754
0.07064156854844185
0.02934538242174521
0.06705545170198832
0.03219004788126816
0.07105785452054346
0.029663530032032443
0.07207057926183286
0.030374812188252383
0.07047493151054156
0.028552295098551048
0.07115826073230604
0.030394419429583052
0.0680499717422967
0.03120692833499846
0.07122384873332727
0.03043982661672959
0.07155798729523472
0.03261304808493792
0.07247858665017401
0.028331727506398036
0.0675191702236975
0.0313058526532462
0.0713886715758744
0.03186552380497901
0.0711275374189027
0.030795389906740418
0.06871914726248031
0.030530397003453974
0.06984241342357791
0.030020435938838328
0.06720973337682007
0.030970187706344382
0.06649747957848938
0.030831708977608792
0.07302229432141527
0.03197883061194552
0.07234751519641625
0.031170954485107982
0.07251882633270597
0.03176329693304618
0.07100917476517692
0.03259827466150326
0.07204336592168639
0.031344789875470985
0.07155661246793231
0.031781757480789
0.07330639595652215
0.032006750813798744
0.07170378104825705
0.029781412044114754
0.06950868562282927
0.0316145780909838
0.0699522402952178
0.03096003870175811
0.07029302038834401
0.032073863648634536
0.07154668181749119
0.03157179653411411
0.0729452372798236
0.03030865623701502
0.07033741750486233
0.031607152404790534
0.07094535734949453
0.02874479890940366
0.0696839912412063
0.03303521435464418
0.07257736289437604
0.032909872231241
0.0740127090084747
0.032877410286695385
0.06948125559974926
0.0304964689673909
0.07083685520446212
0.03030727689174833
0.07349307837776915
0.030585433062808032
0.06884474447751845
0.032484562982174045
0.07457283507978266
0.03446722706440564
0.07261189927416792
0.03215046758993021
0.07146105719677054
0.03154379144968703
0.07057716324506906
0.03363429348125051
0.07411361976902536
0.03125320589755088
0.07276086177355291
0.033707281118445634
0.07519658290378736
0.03276211483744614
0.07322888960259637
0.029915453595238103
0.07102872803360723
0.03195084123191053
0.07067434263102153
0.03015057072078778
0.07381146272228986
0.032834684469781196
0.07197419744612236
0.03249196370237303
0.07515056058161496
0.034309878573053405
0.06992810268743128
0.032787735840271136
0.07157642927485305
0.03168255726041613
0.07018049720937028
0.031461711862132
0.07273394869973142
0.03111682263043838
0.07026295511353296
0.029997224313327294
0.07317366383628664
0.031045521389928672
0.06913232355974003
0.029662311459520085
0.06956556251643813
0.032700349363328704
0.0677787887366645
0.031107802778388368
0.0716910232906501
0.03095874782070949
0.06925132395693104
0.031412961789597155
0.0703202401281652
0.031939261999947295
0.0660946402813381
0.03234560951443017
0.0684288702830184
0.03195531948036302
0.0681008193506977
0.029944981156807424
0.07109081075773913
0.03293745718362607
0.06954010926413379
0.031917456089668735
0.068405132205608
0.0347118157048994
0.07050428488324201
0.03352953543884965
0.07285696549954823
0.032310906358331455
0.0703759487897943
0.031602398390822774
0.07081523203057621
0.03437168659106012
0.0689278641252553
0.033817333768621775
0.07165209284333124
0.034959778288712676
0.0693455632897614
0.031652672035767
0.07217520797316265
0.03464581587412432
0.070116497668827
0.03357782706037393
0.07222564574517662
0.0331264209880544
0.070868909464189
0.03005145303864284
0.07248053324556812
0.034127771862504874
0.06977850566802746
0.03275680294353316
0.07218722660204233
0.03362186080909357
0.06543204032192144
0.03089469395453121
0.07048520269786167
0.03190853135469348
0.07051670952987511
0.03378792624487988
0.071540959555572
0.03601087963773282
0.06919105710814291
0.032100601892639816
0.07060484639845421
0.03214347743415149
0.0720342098677649
0.03209614630554081
0.07185911082363274
0.035595579558173863
0.07338234944794426
0.03294838024717631
0.07630434123363522
0.032679830406644315
0.07159544957873577
0.030308258122510975
0.07224408508880781
0.032129473988131305
0.06982831267019751
0.03194648074357676
0.07431369388358014
0.03442819426391184
0.07465548981402406
0.030285706579120643
0.07529427120064734
0.032524985207005204
0.07330084015910246
0.033878006686030866
0.06915529864063592
0.03491286490058769
0.07036402787252913
0.0332129848779618
0.07303674059957518
0.0345473776992817
0.06960098030378045
0.032396446875180736
0.07161463734827139
0.03424451585833722
0.06428620462897904
0.03262088405392868
0.0696762967418462
0.03331832929081643
0.0700004236782227
0.03526358282845218
0.07450150945807414
0.034338734022790814
0.06893297459563373
0.033351494471670316
0.07017981247453244
0.03569763189134895
0.06608402324433571
0.03365368746442862
0.06868392975797384
0.035618134512394914
0.06902706584634613
0.03193982114047645
0.07048097242238849
0.03400857624967922
0.06783928013155142
0.033432121121661496
0.07021209695610246
0.03675555416663945
0.0711253805134561
0.03228049870664893
0.07286235188728184
0.03543352196226518
0.07081799504323494
0.03218569248043404
0.0686931056138775
0.03297036853237455
0.06655154899124248
0.03262485980919369
0.06853193391482305
0.03443412289767879
0.06755724792999873
0.032710940723792145
0.07057492243767965
0.03324809398312194
0.06795688469651741
0.03273037490349673
0.06926934969305798
0.034002352268278066
0.06742916277342531
0.030695387163617582
0.06974630737018847
0.03330127912151927
0.06858199890964814
0.03170074913226206
0.07111705308183533
0.03351934133276612
0.06638815868543813
0.033373296671872485
0.06932993035123929
0.03448355552577391
0.07015430716780925
0.03306081338473482
0.07043342978798517
0.0328527444904265
0.06863592059392853
0.031899662741661866
0.06770133991059936
0.033051243532970495
0.06957119909225716
0.03392555078398275
0.07250583386493256
0.03393507685775854
0.06922340402448837
0.03189872576954158
0.0733727864301414
0.033714870680812456
0.06812794749243405
0.03266824817953061
0.07104841527130522
0.034328275852738774
0.06960028819480611
0.03250572349087547
0.06931640150670686
0.03335707400721478
0.07099659561293797
0.03179397348738759
0.0742263414335855
0.03208243797746197
0.0693120730736156
0.03114871754103813
0.07529019276266635
0.03400221375111615
0.0702849089658865
0.032837787168551805
0.07268894350220323
0.03154382712763421
0.06775587894748661
0.03378860305795076
0.07249754014244514
0.033466381172045284
0.0701242023618538
0.03381806757372741
0.07165729486740598
0.03343654160685771
0.06975248363160758
0.03372602808737428
0.07224303768997462
0.033718837328990635
0.06618815826395251
0.03284102084103614
0.07173503476586125
0.033664432072151355
0.07177230043455962
0.03186475303021748
0.07272512582997438
0.032935931428452164
0.07019983900761576
0.032050965657173955
0.07006424472219551
0.034526333218323935
0.06932974947360851
0.031868826939433964
0.07698913733298915
0.03352486149976528
0.0697744729575914
0.03377465929959576
0.07182277439136073
0.033897899558796483
0.06747467195354484
0.03371112148592188
0.0745766215482566
0.033873415235048
0.07093257641058
0.03295105666664882
0.07409612365453279
0.03439688358589291
0.07039806674484499
0.032794055159046515
0.07016845413392231
0.03495752121309967
0.07033019749458219
0.03138798623266026
0.07518701468865621
0.03629686825031486
0.07003267564455537
0.030714341138003223
0.07089680093917972
0.03192163537517091
0.06744381783927789
0.03242096306927185
0.06899525626481103
0.03268620254846401
0.0674694370136904
0.033368436005629484
0.068127994772511
0.033705237979848604
0.06999341509032699
0.03241109954931248
0.0700022144175295
0.03166247096126154
0.06646730733487792
0.031804113998464806
0.0724483630535044
0.03458964469668858
0.07033541836185817
0.03392530687799065
0.07135170540434606
0.03296775894474738
0.07104224544904428
0.0315396193040335
0.0714017488622331
0.033092974911578206
0.07052937663969103
0.033149759446995046
0.072448864280888
0.0344264352041944
0.06892482534407988
0.032953293860609266
0.07368140237946097
0.032058432427306584
0.07086698385264191
0.03190899349012438
0.07281450796022532
0.03316830451404302
0.07069991913128686
0.03235437513970411
0.07420255926670183
0.03349865438846901
0.07055218710716421
0.03257212847939608
0.07018162572283888
0.03337234199884055
0.06752464597039852
0.03139723754463749
0.07018995587604411
0.0345869008503564
0.06892402724912358
0.03465934283484598
0.07289127740554568
0.03416536444039682
0.07009296495689343
0.03162104389003567
0.06999685278860918
0.03344915587289984
0.06845291006351255
0.03347223167734721
0.07477364158071392
0.03403079557679299
0.07005472271622049
0.03414997226720673
0.07057389837426746
0.03466058354042613
0.07036144687595772
0.03183145821022079
0.07132473994489934
0.033863456956506686
0.0710079079106339
0.032566073386990003
0.07128510885441446
0.03432124496291247
0.0695020193660916
0.033262775447640856
0.07231308427815965
0.03354994112396293
0.068700644415467
0.03332027365008724
0.07327853509020033
0.033937876152311114
0.06903064038817663
0.03387002754082732
0.07369168252652304
0.03332190301894162
0.07049100610509347
0.03250062903782389
0.07145524035377439
0.032594226726988786
0.06647095071379863
0.0322597651644624
0.0682481357245567
0.03394852412088839
0.06995384818544519
0.03274723687572051
0.07464751560511082
0.03556221507503791
0.06925540399170656
0.032310146081176154
0.07166571325495266
0.03504289860627377
0.06880572860343896
0.03416773960406505
0.0744020885884017
0.03450344848898243
0.07180651348201177
0.033774011162943894
0.07115689195760617
0.03348558126089676
0.06975239471643827
0.031853914075695614
0.06950580351729503
0.03365016340877256
0.07394322006833089
0.03327219247000026
0.07460458496325918
0.03478952899920825
0.0686550120071786
0.03365405398319128
0.06819216397220874
0.03292443268832946
0.07016021274850276
0.0315287668978492
0.07322417041781926
0.03452392209646451
0.07127788916005642
0.032900561403440456
0.07146426938776489
0.036452824171239885
0.06864022382470586
0.03191492784937757
0.07194205306618133
0.03384065840152155
0.0706345915449443
0.03275641507162767
0.07605121694889405
0.033447088004394075
0.06916744646611976
0.035058281534752954
0.0717494814019556
0.032547789750614634
0.07109999619595796
0.031889213668277766
0.07529444848617588
0.03315212431377051
0.07196235389098876
0.032336026401634944
0.0755375180974704
0.03581406493404265
0.07065187496858788
0.0304458427894592
0.07071940450076308
0.03275893297891092
0.07062509240134918
0.031004745139351003
0.0750056849590561
0.03422402249316825
0.06932974241854574
0.034008010330787264
0.06877270812830184
0.032320294652054764
0.06746685489474502
0.030459686990096234
0.069334667134377
0.0322194772248469
0.06947014668637094
0.03199604257288977
0.07106809685884057
0.0354361137943756
0.06881572384970952
0.03258973510122447
0.07152952795046887
0.031277607864253446
0.06842351152231775
0.031783795362038764
0.07233251638838221
0.033461571036978575
0.06830229695255838
0.0328842729667226
0.07116524525312716
0.032301144552056925
0.07022324606427477
0.0304456112064561
0.0689360758819686
0.032923386733878866
0.06753587926663918
0.03146420289514987
0.06989366500820875
0.03358685568908045
0.06992049921400845
0.031404562607744886
0.07111231414175001
0.03280907825126493
0.07265939323540227
0.0308663078074934
0.07305242339782997
0.03196312497586307
0.06912463578419839
0.03282206407668097
0.07239720337069562
0.031856874444448104
0.07083712932835955
0.030785928977091953
0.07160215890453761
0.03191004519319944
0.06788724581695253
0.03110202303025576
0.07375275154536495
0.03428085889319748
0.06895890244003422
0.031050550724401074
0.07232966660095815
0.032823981830247186
0.06709753944868273
0.03225146280335843
0.06893130600618246
0.03265344710838749
0.0713073212525795
0.03307048863046697
0.07354093642415624
0.033705702933884384
0.07208805098309459
0.03133857580645979
0.07289118800895136
0.03514466100746338
0.07089332607572134
0.032268516552440354
0.06999426358895446
0.034031945389678034
0.07189025171289525
0.031133708480402394
0.07320903157610455
0.03294633147661457
0.06877715068010995
0.031465869334921744
0.0704031090613798
0.03447481142527277
0.06873720999401868
0.032238997441970306
0.06823924940748372
0.033134589335113165
0.07072584254084228
0.03231510503860125
0.07459312613685751
0.03333538105873992
0.07178236484539416
0.03274158895157642
0.0682993627268446
0.0342741052257345
0.06698270548900818
0.030746688015104964
0.07218689281843882
0.03285235554814396
0.06724558532608406
0.03075370435045308
0.07342778009287328
0.035416462651573596
0.06914151433397851
0.033953716836044326
0.06961516284272751
0.03391261362657864
0.07234024363450345
0.03181947839700127
0.07402671053712806
0.034341622490311106
0.07190547223553857
0.03340507669633385
0.07087484642416748
0.03356261559462099
0.07100495240276164
0.03208708913317188
0.07046273879544265
0.03234366625481026
0.0695888836499621
0.03174389027526563
0.07125357712498497
0.03516744738252219
0.07060039568435374
0.032870092870115206
0.06853231318060955
0.03365856919043774
0.07311090088166212
0.032891231495347416
0.07338678860149574
0.0344035538582148
0.06923251668240896
0.03399268033897001
0.07089572628059375
0.03320914869153775
0.06913128883004481
0.032433834483966355
0.06979356831717376
0.0335851711074211
0.06904060779220277
0.03154910463369938
0.06872810857176083
0.03643096260553565
0.06806283700810217
0.032339001294355935
0.06756706838288813
0.032911557846477056
0.07276011506981012
0.03282470633117313
0.074705520658986
0.03434968625583606
0.06833729844527425
0.032515512784365895
0.07078591174749833
0.033711351508606845
0.06883220302182977
0.03448777007636081
0.07054113879361415
0.033719743112520406
0.06916307748981748
0.02981193890353665
0.0688321231406329
0.03284306734410039
0.06947780423238471
0.03262957393687894
0.06613155912195007
0.03487552654548062
0.07293476587706628
0.0330936625365796
0.07046651034991237
0.032446527971438724
0.07156520792926617
0.03142429277999524
0.07062041670736349
0.03350487355063528
0.06828543682548949
0.03468126777140145
0.07142116999592756
0.03519305068717567
0.07039017365721528
0.03303122726851149
0.07137496224414555
0.03358720363096696
0.07270459679735487
0.03291973752234298
0.06739567530441068
0.03401436142456748
0.07097853774936405
0.033131301862528315
0.0683071390454825
0.032941168288966115
0.07001587074610041
0.03505760450458115
0.07086622433132075
0.03353081828982862
0.06577456640868694
0.03192950288376289
0.0742827493654681
0.0331532582883637
0.07117539054267859
0.0314998316128644
0.07177999786967568
0.03363547175555827
0.07057215088962478
0.03296132699227386
0.06932793537301522
0.033560465907491274
0.07377778771489603
0.03140880148128187
0.07009298275159775
0.03278050529042495
0.07260081596377438
0.031844021461898034
0.07132576621587858
0.03425526594009533
0.07040196255625294
0.033001688340864845
0.07342359043283685
0.032544525732763105
0.07106184393808325
0.030826079559713296
0.07284149372070756
0.031937742945109926
0.06966473734638763
0.03356092496479489
0.06932231384955914
0.03352640183813134
0.07294195610912564
0.032285669808279384
0.06983119042457285
0.03315609662914904
0.07160000690160952
0.029504994997137404
0.06733471607572639
0.03420662539580128
0.06667206802821089
0.03362596060047729
0.07038433858011882
0.034230811336859644
0.06777085851375887
0.03333383342787382
0.07178699664071032
0.03326655095531313
0.07007701677489818
0.032690601954452336
0.06930752726263749
0.03252841166090186
0.07429793848925409
0.03173502981961644
0.07019310348496528
0.03497375189824914
0.07131136624034674
0.03159802239837195
0.07255005452850238
0.03276162812603935
0.07097527374572074
0.03185106603327555
0.0709523699956265
0.03492256717405248
0.07103107434203548
0.033617774736323026
0.07134643168951127
0.0326065654961797
0.06756596408694399
0.031771262841503216
0.07183347049923366
0.032604814757597404
0.07082188575579709
0.03193825089520747
0.0713895500748221
0.03486297525385285
0.06898293603763392
0.032859545959300615
0.06972199443330647
0.03253215205794186
0.06713947529730017
0.032154632626084693
0.07063762664948961
0.032277092847487025
0.06969698055004328
0.03224942087583414
0.06897466504701212
0.03379267764127465
0.07099334197621983
0.03321172562552608
0.0701746167778665
0.03391052941756571
0.06977971981575944
0.030585584399945603
0.06927203063049228
0.03361911238788853
0.07113649797033707
0.03171885881578015
0.07154784109035638
0.03129368524851406
0.06928212171179217
0.03201038571329455
0.07230630839541699
0.033251646285133545
0.07328242203257855
0.031204031756216617
0.06776532067236313
0.03553279622870121
0.06748802558665512
0.032770516833680735
0.07212991691754243
0.034197322463816175
0.06829845446118034
0.03298087158445384
0.07112754831745643
0.03548261553039601
0.0696233662645988
0.03321436375499554
0.06889816368725772
0.034809766680199763
0.07004964833097842
0.031517682266943334
0.06926244920429045
0.03337728685851523
0.07118333853368107
0.03263995801751709
0.06815802805971295
0.035428266116321945
0.06928004515025027
0.03218274117080321
0.07160356857873218
0.03411713730921344
0.07041163707173383
0.032033319784107304
0.07015927411525463
0.03413209315918189
0.07082223976318876
0.033010148527082624
0.07337019289332145
0.034211188972969125
0.06829951706967598
0.03226162208915058
0.07009661010151408
0.03324982676577708
0.07105380525553434
0.03230463105402306
0.0702094182253995
0.03363194518036438
0.0675454115257451
0.03358375554597798
0.06953241238294539
0.03388327083837805
0.06650179621101676
0.03116463136600643
0.07011979504652593
0.03544885623813508
0.07112145521062903
0.03375632621176745
0.07285705398235269
0.033613757413590996
0.07117782347236544
0.033339787639094176
0.0708844717072871
0.03352932785352404
0.0700834670017838
0.03247112517375251
0.06767030386224593
0.03415581865574915
0.07091488217561535
0.03285922758393399
0.07237394842045503
0.03437066888413897
0.0703621401589725
0.03436818685960509
0.06852468181380603
0.0343898994246019
0.06751139248782441
0.032908387883372595
0.07082245461893295
0.031981293820199305
0.07093575849289062
0.03135569215182015
0.07335773021468095
0.03509695271826732
0.07207591734316
0.03361612662233105
0.06856135955528757
0.034246140052106876
0.06886801717957797
0.030438381522403562
0.07008022179741241
0.03476831668985173
0.07097712594819912
0.03402529358362768
0.07384837808991336
0.033627706488682324
0.07177837720525596
0.03178713140423417
0.06895826444853376
0.031238702069539395
0.07062479400960642
0.034258040683898365
0.07169636861124129
0.033637038041524334
0.07187619661215836
0.03372848701650314
0.07236761863157805
0.03283871067526569
0.0704084420484441
0.031919668868661315
0.06867375268677917
0.03558461135351519
0.07196090419154251
0.03408869585060908
0.07159490861839102
0.033159234745730036
0.07141773607917337
0.030278972146153348
0.0698188481827406
0.03250793258526418
0.06771815916573355
0.03376991394487598
0.07034009986164616
0.03240135926482416
0.07256178008619725
0.03338910304132618
0.07049814584798836
0.030788366687547884
0.07230200184488136
0.032203862850656725
0.07027480795235103
0.03515094318072672
0.071420043162283
0.03209012928046082
0.07326791390309817
0.032924014028385545
0.07080815716261989
0.03178771111887733
0.07366607188408418
0.032123993835754164
0.06589789687411984
0.0322866179499569
0.07003667302802133
0.03276936114563626
0.07039353696695196
0.03367959118529489
0.07367818455143882
0.033050663541794326
0.07443330798586863
0.03359015507901529
0.07092892463147203
0.03449548295841708
0.07113502248348076
0.03228986019948231
0.07042973791772432
0.03658932047773388
0.07041762055409223
0.032746052667077356
0.07471279084083719
0.03316059238635512
0.07021635773802523
0.033276604892205804
0.07123445916915955
0.03185739852248709
0.06912733803540282
0.033462484770076316
0.06886980250451759
0.03337670684316285
0.07396917677593554
0.0327751394123749
0.07207600228747259
0.034655446459169806
0.06904213973667768
0.0316480084309732
0.07212378709146221
0.036610630010011004
0.07008782133113489
0.030994312021253793
0.07234933948080725
0.03389154306013214
0.07098915685739413
0.03167372449663462
0.07157794919481275
0.03063173509701035
0.07157501970396218
0.03336417627196736
0.07038095907217629
0.031937150618169756
0.07224877403177339
0.033804541940666885
0.07340165450615076
0.03163789267815409
0.07135939102684304
0.03229123848446351
0.07238654316340504
0.03568634921580493
0.07075504088719775
0.030730424577189087
0.0710308665554291
0.03466963726207097
0.0691580964718598
0.032564066426146863
0.07066554897142739
0.032032014175024076
0.07432749823203921
0.03336657227811904
0.07058707657466888
0.032698469482754546
0.07185805139746133
0.032814071606632585
0.07259710580128831
0.033993967031226785
0.07320865932544712
0.03108508732431298
0.07253821907014212
0.03392425813776711
0.07091815148004292
0.031694336426086316
0.07077952142311635
0.0349527251283357
0.07036437954523524
0.03189629077755716
0.07355585394545829
0.03387655883222809
0.07167051145718191
0.03182619545380568
0.07186768534553936
0.03331397888452016
0.06949360392776271
0.03359365804487055
0.07067340413759542
0.03442465716524287
0.07150893090443468
0.03095711133213689
0.06868574500270265
0.03365782254950002
0.07102926828077905
0.03081002197113649
0.06979502683351796
0.03298964487154165
0.06783213182953926
0.03284185665491295
0.06909890593967867
0.03394569779498658
0.06818330464447867
0.033134212387909576
0.06727518957010431
0.032283684401977375
0.0677148031627672
0.03193330449824226
0.0691591659737363
0.034658725816006
0.07282593480542464
0.03342702588013667
0.07110683134756222
0.032331138902229495
0.07154030103606429
0.03175431725665879
0.06941855094378706
0.034235681207471384
0.06856214483720094
0.0321797094589504
0.07121116717413403
0.034452498705782174
0.06971853237883086
0.029666012036590347
0.0677812160827538
0.03234694966529988
0.06788035265498962
0.032338794005625365
0.07284636209116052
0.03245689209763547
0.07110678648384648
0.03364410965129163
0.06919062679503225
0.02919084470893965
0.07151212639569128
0.032452326070416634
0.06883472103460354
0.03334581331993263
0.06936642783563375
0.03237488739104218
0.07050919926613412
0.032926363594472915
0.0658972703166546
0.031198108715468884
0.06892754257312571
0.03312216360055353
0.06803388629326469
0.03240143597357002
0.06943223566378796
0.032570595616536684
0.06747433403114744
0.034332587636811567
0.06690059272307965
0.03134428340677182
0.07068087587965419
0.031088113001165915
0.0650471276856079
0.03346547369587347
0.0687316398493037
0.03425195388461592
0.06700809305414288
0.03313929785645527
0.0669518680901189
0.0316981545630327
0.07136897436582748
0.03245120598282557
0.06944793297137823
0.030574723051951278
0.06832012626891235
0.03350183946516202
0.06728389751903623
0.03466383553899288
0.06831557909272686
0.032970559052462024
0.06978760936416219
0.032128408217888725
0.06562178583521798
0.0329399564674819
0.0695249109626478
0.033247476594256684
0.06910379832641127
0.035139916785038486
0.07005280142574886
0.03138816035495808
0.06948602995199961
0.03136706082547936
0.06788484306531498
0.0320107362501271
0.06662205018874336
0.034117467810257304
0.06611128688728418
0.034781209397233774
0.07017619207683318
0.03254087517804725
0.06775866163110636
0.032052523111264844
0.06801733479831437
0.031364759352986396
0.0664372271579793
0.03219368620353409
0.06769837683147155
0.03412367629922647
0.06722895132915205
0.031683220374144526
0.0650000397762952
0.034236914154227006
0.06763898436066204
0.03182738873968302
0.06786004646166915
0.03335908471116939
0.06940729745520433
0.03440737337980453
0.0670555939710614
0.03251745571406458
0.06821542159866828
0.03373369988721705
0.066730310552136
0.0332747743181169
0.06893541944779152
0.0333540650626115
0.06640682823064463
0.033978884643923506
0.06682941648366851
0.03042610894924392
0.06680416747680763
0.03242413074228029
0.06972660450227496
0.032508480060136555
0.06913639620100095
0.03216720416679834
0.06945134170525505
0.03452388125933546
0.07012957919252258
0.03428174771505639
0.06955535816681331
0.03299205266803725
0.06833471606910026
0.03190304459528617
0.0711743662737942
0.03233384900087417
0.06969178917433089
0.03497700665783149
0.07000796338657907
0.03289594737671565
0.06831359650231679
0.03422650730659995
0.06985465737826813
0.030923935740590824
0.07115141571596666
0.031043052633902765
0.06927268285040823
0.03407757629714675
0.0693265377735173
0.033496912246130994
0.06780174664003467
0.0324571242717567
0.0715739138864862
0.030816955659858265
0.0704839956694084
0.032564398190323904
0.06859148393448805
0.033659743502997934
0.06813556451983206
0.03341056593711084
0.07091676219897285
0.03505571092186899
0.06801684927314465
0.0315916204070291
0.06892419921407644
0.032816452265203966
0.06883447217815311
0.032465084151746516
0.07080778219154585
0.0317012111797132
0.0694808922947529
0.032282769492513165
0.06806668375984365
0.032425239348690085
0.07183259558920456
0.03294002138708742
0.0703787558949759
0.03195145169630052
0.06890332112553499
0.03292536218093384
0.06920737825166054
0.032275771359094256
0.06919583445979118
0.031621826817757916
0.06722707751844313
0.03333646199366886
0.06773513980556913
0.03197414243324939
0.07131295600671327
0.03260868573321581
0.07410660450265191
0.0322922056489942
0.0689509510980047
0.03259698296898096
0.06575447504886282
0.03187891168670213
0.06911306541718282
0.03207633996714977
0.06685702868626939
0.031290903936586706
0.0717545505090368
0.03362285897372272
0.07361339114092469
0.03179853182522003
0.06859552478480682
0.03444619652161507
0.06621944763860112
0.03430908309478216
0.0708448487367898
0.030893811195133285
0.0718447821215703
0.03341884948983057
0.07102621463057547
0.03206920591683651
0.06760804031825907
0.033688475011314424
0.07133227601190513
0.034046710384325586
0.06505997068626515
0.03285575360038363
0.07199904863543609
0.03543311030947557
0.06796258259058009
0.03345214695015586
0.06879616265560443
0.03392597988619918
0.06894705668958646
0.034844839082614626
0.06750067281052867
0.033352946198607805
0.0685718929690037
0.03493459552159818
0.07174571611195348
0.032064942578024815
0.06946370254452927
0.03276933756940173
0.07236952842337856
0.03208042022715676
0.06831445408215746
0.034310715288919554
0.06962019149709803
0.03635728796322757
0.06801190288662473
0.032139594833706424
0.070170475052019
0.03236951042355975
0.06690259744672906
0.03235602397296395
0.06687133773856227
0.03200168364783522
0.06821627025180055
0.033526833170043624
0.06885449319695343
0.033168541029887
0.0705225821455033
0.03377323141773984
0.06868720697864968
0.03335772152092119
0.0643588961702378
0.03336123197681908
0.06891240206620376
0.0333581034681752
0.0688208644646397
0.03158915550155295
0.0699239165699454
0.032719864501007626
0.06526906944772347
0.03254662426626933
0.06819471825166522
0.0319625983932802
0.06857400973117257
0.0328482191736027
0.07045571318264882
0.03311387834023795
0.06867749831396286
0.032556814026890375
0.0668588151458722
0.03258266482534027
0.0657142209213454
0.032309490378841746
0.06917881604792475
0.034262252183954865
0.06860790638708157
0.03205750735996808
0.07000064459047786
0.03339468347726406
0.06806685416983378
0.03403494198426377
0.07036306683447922
0.0346870877305507
0.06713238659901259
0.03344321685394905
0.07057557936287581
0.030440500372632524
0.06843498900296013
0.03389244164827575
0.07078462329449108
0.03376981640756852
0.0689844355382338
0.03399885851984467
0.06708537993027792
0.032018740462357774
0.07164056100969554
0.031072953484998504
0.07006147951482941
0.03334057764987741
0.06662921243647435
0.03518885371600818
0.06891734474045182
0.03461935058089971
0.06789744934368992
0.033837860994080565
0.07081843165828088
0.03433122321877823
0.06841123911618302
0.03303149810022162
0.07236185413287992
0.03286418066660268
0.06808624979705198
0.03311105919113162
0.06925704957804152
0.0327397009570225
0.06838705283667981
0.03388687166755798
0.06957573784321334
0.03282975821718089
0.06727945279807497
0.032670803814039764
0.0687912189647351
0.032887192794091705
0.06726783856432335
0.03313309979400533
0.06938534566638645
0.03436156410047228
0.06726948496427174
0.03408023648931241
0.07132687923440023
0.03357198677540462
0.07141600407142741
0.032989816460611436
0.07177670371435507
0.033172443065061195
0.06837735262547037
0.033148056535623034
0.0685099178328476
0.0346826068606141
0.06768948873059126
0.03286806595314587
0.07124137942379782
0.032465560884726574
0.06896724165501608
0.03267508734129541
0.0695106961943506
0.03312427378795933
0.0686277987658443
0.03406109555085079
0.0745452409123352
0.034350718152458194
0.07023049084195059
0.03309446598568598
0.07193595509372694
0.031744887945099276
0.06768440977956358
0.033806941285194514
0.07146170260044094
0.03380163718417731
0.06563173098512662
0.031023133135356762
0.07375190306030013
0.033408228240876595
0.07017152737627788
0.03326701997774481
0.07073377884852308
0.032590418477773664
0.0701535333510067
0.032999810004362765
0.07349577179063084
0.032160607208093196
0.06995782059075048
0.03290327028999591
0.07084832773227923
0.03302806985300205
0.07060392046545777
0.03253905459867839
0.07308860455414651
0.032612984555638304
0.06605882215937252
0.03163484259701524
0.0722720685466619
0.03179040670994454
0.06794731160102664
0.0320943698147629
0.06817756951071068
0.03383153703472355
0.0713204969487894
0.03319243122012853
0.07205550842811662
0.0345960799499052
0.06802677650279353
0.03317384697655612
0.06847809741516094
0.032991325921380994
0.06806737072506013
0.032691904761368115
0.07073426594669517
0.03344383122790448
0.07078137217757746
0.033456951743840876
0.07301289332543412
0.03303529928766753
0.06524525128283752
0.03436302592853012
0.06989807473595629
0.033541572328102405
0.070370927949556
0.03162975577823238
0.06991513575928922
0.03345731631809169
0.07094432974505159
0.0324333905256523
0.06879212885586888
0.034991994528396846
0.0711782425994703
0.033125292386733514
0.07059766312871889
0.03273844176412462
0.07099879701109012
0.0317333917688478
0.0704154335473362
0.03405497105162942
0.06808431265656913
0.034052046899660564
0.07235638904194779
0.034965263063079476
0.07086221179636953
0.03046041292018065
0.06966558405664156
0.03300127764486617
0.07089984783813273
0.03459335521083097
0.07341168783364792
0.03185845644816487
0.07025378114907703
0.03205148757757438
0.07319603460347925
0.0323456634266223
0.07201604887763394
0.03097565936035379
0.0716468816114811
0.031669484201037504
0.06908686598422936
0.032631196853790456
0.07140096599631267
0.03330496667932107
0.07276437644254068
0.03054789332866036
0.07149985122000002
0.03303563771825878
0.07038331627494927
0.0335020013237334
0.07290599265029918
0.0342005541080772
0.06894355678193312
0.03409009675613579
0.07281357480342046
0.03392496644637563
0.0701693128802396
0.031137373631932187
0.0701204026736366
0.03152583654410732
0.06763036607444209
0.03308509739068978
0.07310851660687681
0.03390654001460887
0.06902776423466479
0.031169772708134137
0.06568885391818093
0.03549302991134131
0.06552619521137298
0.03275357051374854
0.06763360285231752
0.033267222971990876
0.07024180464168144
0.03332963965132004
0.06766486185718118
0.03230743514174412
0.06775045815695623
0.03457446588345111
0.0697929593362249
0.03316495399632263
0.06711900293391292
0.0337802365866076
0.06916676621902963
0.03413195856154915
0.06828331852532933
0.03082212258885839
0.0678426961859569
0.033691861691451566
0.06716475529613898
0.03171179031719762
0.07079928346956033
0.03440762502543343
0.06873001897244084
0.034449551098055024
0.07072210116199465
0.03372961501365419
0.07194800175994077
0.03212300533016686
0.06892817384645886
0.03427998112542835
0.06704115541004758
0.03335757874513577
0.07009248835632703
0.034189066065600224
0.06794052393802347
0.03402088555403765
0.07256163930327232
0.0331969686860054
0.06922671279659688
0.032880957631915654
0.0713907944439427
0.032753928121177237
0.06884726158224543
0.03335770537032718
0.0691502578546737
0.03342099005727473
0.07234861389443843
0.03138306359173002
0.06873054336631002
0.031199386763054893
0.06750201455429794
0.030759245023971517
0.07087602178432094
0.033812452749485356
0.07162026931839674
0.03255503521238025
0.07040568505869023
0.03252192443578628
0.06875871841591957
0.03210572191191669
0.06874723745339811
0.030897830085529716
0.06985857225776385
0.0335979685787723
0.07203668999173125
0.033543313066299034
0.07236295653999311
0.033341634815759254
0.06548151773589132
0.03161665504116566
0.06788439736696858
0.03195520822982937
0.07067175671696363
0.0333424044711251
0.07029433618707259
0.0313193467914996
0.07023544363186773
0.03131668511562778
0.07092327997006581
0.03218891835541589
0.06887061545577847
0.03170411251271843
0.06693730025073094
0.03220621647087763
0.07042531158113734
0.03381311163896755
0.07112841115278085
0.03291485005306266
0.06780855826504305
0.03146581115543991
0.07231951916080692
0.032316450754522524
0.07043718648555145
0.0328143714951197
0.06956877147579786
0.03267353751526908
0.07165305890872632
0.031189111614135415
0.06957023082377246
0.029976651147322276
0.07108296553544831
0.03355339970181527
0.06972563064991227
0.03191770924429264
0.06903635596781359
0.03338855127168024
0.0729460039663357
0.03444402783610394
0.06954992439702332
0.03314376783702757
0.07117093601928068
0.03382867422349954
0.06976933158161752
0.033093286161499286
0.07216385501658584
0.03425244167739651
0.07286333346367307
0.03507435761958991
0.07200598287702639
0.03206229117091803
0.07408446295682862
0.032763208784647516
0.06771703885811653
0.03353862258787134
0.0700141114928395
0.03530213116214277
0.07292331011667996
0.03554405764613266
0.07168886275252982
0.0330120531972534
0.07348251950630595
0.03230615284529893
0.06855355680282542
0.03473812751289022
0.06824628665706059
0.03254652440413903
0.07346352078814193
0.03413107521699269
0.07223651038120016
0.031197796941401
0.07205659847241444
0.03214746823673611
0.07004167701520107
0.032146508449497645
0.07142494247439751
0.03483259221043808
0.07324048443362198
0.03161492358570768
0.07476304007134331
0.03030352360287793
0.07077906040856446
0.032416958364613065
0.06903195786370821
0.034100091733603545
0.06858095234441604
0.03426284422425571
0.07105233748919514
0.034557152981760104
0.07247158859156007
0.031823100198569126
0.07108101205910057
0.03333668834360207
0.06881133637014243
0.03333199563602004
0.06837681796973562
0.03393582863252368
0.0691443368769292
0.03240800386193455
0.07520110051864017
0.03430167413326368
0.0675090261294198
0.031960512859776954
0.07109863989409584
0.032549633294317724
0.06780243827394132
0.031953910865424436
0.07236474637307364
0.03294995306059462
0.07003331538428913
0.032769740295834314
0.07119445385932976
0.03258362280330778
0.07003222280477785
0.03155889489049611
0.0718929461056366
0.03173272142397463
0.06841155740907726
0.031541047265830305
0.07179844842035288
0.034429728736707306
0.06817567365053454
0.03413683977865067
0.0693715200929857
0.03152891425260861
0.07020404688985353
0.03254813766039917
0.07354624582402831
0.033287826900004945
0.06877516663847841
0.032664327179175785
0.07025034547904639
0.03194407319933511
0.07223298428803196
0.030299976306561498
0.0716105334948429
0.032810214162417854
0.06957396942641167
0.03249346981258101
0.07083156391235441
0.03366637873786567
0.06924752000677856
0.031966014500151886
0.06990562913154458
0.032559414402497044
0.07199378432327733
0.031701318215688806
0.0746395823341817
0.0347334614790308
0.06843452370998412
0.031253304470484224
0.06955425692916395
0.03236299001240093
0.07050170647017565
0.030746749458763125
0.069867736816766
0.03255195903052884
0.06991807665540013
0.033757200568716436
0.06922895355586443
0.03308984359878486
0.0671119594272041
0.03358458542782805
0.07072056918652055
0.033771048832743254
0.07049996364720887
0.03307588529452519
0.06910603613918782
0.034580388101003896
0.0679523338060256
0.032001975619105366
0.06802444684080237
0.03252783103613116
0.069585596678562
0.03318941865540808
0.07086178121643477
0.032783296424337305
0.06753830887838641
0.032529710355529914
0.06994417123204122
0.033298157124305984
0.06578162782583602
0.03283241165071513
0.07271729125285568
0.0347050201320213
0.06662628579288923
0.03252320206692476
0.06822837755728928
0.03392400779351569
0.06760971956795651
0.03102011692833297
0.06908182504684665
0.03271713980976668
0.06831411581199105
0.03321281319340507
0.06983280512754392
0.0323692268178075
0.07043575228315405
0.03265817811370682
0.07115064787076512
0.03189311807197988
0.06907245907512972
0.03162456659975859
0.07110813233988468
0.033579127554791866
0.06889212087829923
0.03277902414177948
0.06988468875526724
0.034675938065197934
0.06636712471747878
0.03137266637992042
0.06686595269792067
0.03166683171060378
0.07124365156341941
0.0316991518560609
0.07252446802484394
0.031244452421240774
0.06624974114845766
0.0333877477845839
0.06969692016298563
0.03418068953650819
0.06569304355611534
0.03244936517856648
0.06766780759922095
0.03377822138223441
0.06947548897127984
0.033552645720754545
0.0721413885949672
0.034025187103115015
0.07043147774044452
0.03526266749479522
0.06854392957219779
0.03302727794862668
0.06924314765675195
0.03319174490531089
0.07119800062120467
0.03288510594695988
0.06971156118893601
0.03304455595915463
0.07210998320477377
0.033049735036537804
0.06621596752149854
0.033171869232430054
0.06810133165279018
0.033174686780854945
0.06800591495668455
0.03062758358523593
0.07108043974059022
0.031015850919527674
0.06844872513865412
0.033386042891149235
0.07366393553580947
0.03353227441944169
0.06920524371906102
0.032842166250892924
0.0701608367604979
0.031020185278113562
0.06779926477980538
0.0322530568999969
0.07102058070670167
0.03399326057513751
0.0694553063169782
0.03327203478878727
0.06959841513510595
0.03252221408738611
0.06880862171027889
0.033464018329234416
0.07093725541502148
0.032977211030744344
0.06476516665675366
0.03268208188073727
0.07229122595274638
0.032327741349764294
0.0704204062055813
0.033008102188559395
0.07047603322858384
0.031187828355243995
0.06927932137278806
0.03188577242009615
0.06943178053013897
0.03300938866945872
0.07317766744400397
0.03395875777819105
0.07342072212178655
0.03339103325974425
0.07128601120699149
0.032769883692783004
0.06948410929251962
0.032439668084427165
0.06659066605729809
0.0310917137786311
0.07476463650623542
0.033418995531304084
0.07291868092132194
0.0336451310344689
0.071440438283211
0.032693306146390023
0.06950086618174017
0.03310989844231056
0.06745413909605406
0.030842742148395684
0.07225456220655231
0.03206868565720355
0.07079654833821507
0.03431089215940375
0.07229475717594716
0.03303832974188549
0.06836976344243802
0.033578458751954386
0.0689745716031355
0.03176224795379293
0.0689652310602025
0.033869073265791465
0.07066672461122649
0.034681716049024515
0.07250089620974322
0.03168867143139429
0.06712181459543504
0.03403207307325369
0.0707638854029596
0.03224200239375909
0.06655462985677084
0.03307960906631118
0.07057994233553712
0.03332751930702114
0.06962641347790074
0.03236166467064575
0.0682357553416481
0.03380001667547123
0.06665386754723458
0.03200313956246671
0.07146371589003223
0.031912631375310176
0.06772680494003079
0.03340924956119536
0.06884117412339505
0.03315581274378336
0.06569278527762881
0.033207277852765164
0.06870316749994676
0.031839090603444455
0.07023129368183166
0.034294094659762575
0.07008077711946253
0.034664144350375785
0.07082716031143865
0.0338545433626617
0.06760147872518375
0.03370443158966228
0.07292892732239575
0.03225951149080474
0.06717862026353798
0.03486937944341395
0.06905464629397896
0.03468435698545165
0.07391703188569283
0.03468330878550999
0.06948489288409154
0.03325259449755783
0.06910569922066254
0.03295982081927097
0.06765972360732264
0.03484210108217215
0.07041770551553728
0.03214915977270415
0.06767226550602483
0.03429423967571489
0.07188014739258976
0.03469323248236009
0.07342223534180843
0.032503201345330426
0.06700113609921567
0.03485525234354908
0.06980288785526977
0.03348124276381138
0.07045885602770666
0.033537232722437194
0.06799166775262344
0.03368913254295019
0.07131850635856533
0.030989107261305212
0.06840397526830162
0.03434282244505752
0.07113715569967394
0.03398614592996273
0.06506001043305322
0.032347423141866345
0.0730225931899555
0.03342976032445
0.07074164547683648
0.03131308949614098
0.06981756818157912
0.03323585858276034
0.06791010928919672
0.034811044325652955
0.06837615281465219
0.034795757517075684
0.06766631031569988
0.033807578756193335
0.07228412431307106
0.032247328630894155
0.07018114563227888
0.0344066809205918
0.07277837430754511
0.033900943463193264
0.06779417032575878
0.032490671947164596
0.07004147346516575
0.03349642417017304
0.07112959017852079
0.03355887371945489
0.07021239213116767
0.03355686939690708
0.07119353466752791
0.031569147201078396
0.06944550109083991
0.0327460160901433
0.06677791482751586
0.034055095235256676
0.06787890689669769
0.032843584919117645
0.06666017986110935
0.03243028372000468
0.07403445972469601
0.03163275924353643
0.06958944008119111
0.033881434525072536
0.07094857719370726
0.033513780771365034
0.06938742697847547
0.0318548960466842
0.06828445497266097
0.03330142168144227
0.07225790758395852
0.032528502975354465
0.0703789531896461
0.034138925841411066
0.06983051835109343
0.03442615437736512
0.07011824812093861
0.032783467612909095
0.06571861732732323
0.03412512777511917
0.07257232873617624
0.03319528424176139
0.0699246805562751
0.03395132361328513
0.07223443578894734
0.03407270750177933
0.06921069719281535
0.0328777690282493
0.06638200899412147
0.033076212886876524
0.0667900923899171
0.03333051756583596
0.06708413637728325
0.03323647885395247
0.07162205552336115
0.03352133209555858
0.0727102695623344
0.03214644740011751
0.06643023460189122
0.03347017116925511
0.07155422879919705
0.032600334395634215
0.06820652293831288
0.033735546880793645
0.07083698490282625
0.034300913292748154
0.06845427644859589
0.03266886403952978
0.06962779443797093
0.03172730050457019
0.06895637826260322
0.0326598761508381
0.07240968897352974
0.033848491107402616
0.06811872981094166
0.03456551298456776
0.07317278870938872
0.033590617817854954
0.06856562520226739
0.033456265172053135
0.07300179220627331
0.032727222510378344
0.0702855154979378
0.03397659274506748
0.07439337122726317
0.032623777907744345
0.07059794752060947
0.03281881443792297
0.07066863011502945
0.03149892654660723
0.07018478915658974
0.03330690996506954
0.07033576549016465
0.03272861422899973
0.07199642427055583
0.031831857719073965
0.07001722149571761
0.03260843544777662
0.06717242781185061
0.03280765420087143
0.07467561387075804
0.03304064911372834
0.07229799501620303
0.034849054639539793
0.07434360512709727
0.03367837977063143
0.06902322262933247
0.035595928398524754
0.06867602905229139
0.03366567169156268
0.06866988191589347
0.032049023837043666
0.0701260019039438
0.03459738197280974
0.07042598129601443
0.03229712289430081
0.07372145231248614
0.03514789346648459
0.07018575968677074
0.034459901167832895
0.07442245234914291
0.034033116949694894
0.06652889883110572
0.032496746867467834
0.07149409154543862
0.031537824840292716
0.06945410253038291
0.035059595175589084
0.07143243055192998
0.03528758194204736
0.06968525299828267
0.0314060311564611
0.07244637485209153
0.032012195100757326
0.07113167981990104
0.03198796987200729
0.07062744667853056
0.03375123437655049
0.07004227691468735
0.03359283922160494
0.07285835580391924
0.03336637261457584
0.06999117890496871
0.03378689727025323
0.0719781077518182
0.030247698117720646
0.06740258187715219
0.032701199256326786
0.0700667466126859
0.03364689845715471
0.06834574439290483
0.032753104059764136
0.0747022602988346
0.0339250551169838
0.06975282167030741
0.03130107899961542
0.0688733867891334
0.03155056795380226
0.06748043489585417
0.033508590232490386
0.06643537180636357
0.03412811161203269
0.07036814324925683
0.033949402456715294
0.07198880412759001
0.03126360658022054
0.0707852451592106
0.03316818666206548
0.072030708834695
0.03243963078934068
0.0681295972404569
0.030954933659605506
0.07076630878982794
0.03474219123891837
0.06753793947621108
0.03095295412489857
0.07071064102741423
0.03454018057954958
0.07045613785926423
0.03207298782916623
0.07202894494892412
0.03349548009795039
0.06937084945373796
0.03402153178048764
0.07246539479326253
0.03346086208350269
0.07005510880981662
0.033544883155636245
0.07148339028894381
0.03211950037740085
0.07002422035797866
0.031742179295041875
0.06970727771414059
0.03546552982537647
0.0702645190367431
0.03437223188964045
0.07026567834297967
0.03386780901658257
0.06872339632254945
0.03388992969210448
0.07318938435405382
0.03217940087732386
0.06844102971107109
0.03221114605722795
0.0751968570076511
0.03366624009310374
0.07019692003864485
0.03384599670977505
0.0734255625389613
0.03334975352715118
0.0703750645157019
0.03276563771798359
0.068080880495016
0.03340489764388959
0.06862681541374631
0.033295694137850995
0.07424157129024014
0.03406542211030313
0.06891153129292392
0.033980304379443604
0.07198634914940019
0.032332650615553245
0.06447858026607374
0.030971938435572804
0.06994633388719677
0.032370649477144596
0.06888452125084554
0.033420108975638955
0.07361884469416188
0.03146234016096738
0.07043528270010396
0.03105391673092249
0.06783300648523392
0.03246170904894197
0.06937647783717091
0.0314520996677244
0.07096281019348245
0.03305323972731713
0.07022722439108049
0.030866097362135615
0.07162219574637138
0.03195902662340164
0.06805211416691903
0.03211462701122579
0.07311293718759669
0.03334820759572429
0.07073072231061547
0.0327042200941919
0.07329704961858093
0.03421136045734204
0.06855633715235009
0.032212337653989336
0.06866455934268373
0.033525427665540806
0.06984196462588946
0.03342480319245638
0.07126766679507779
0.033494490975460964
0.07240922921370267
0.0318441798178435
0.07121732185987271
0.03381382723811278
0.06930048551376156
0.03423294855764838
0.07067330696523856
0.033713150243973464
0.07198507982940053
0.03341378082111128
0.07515551531941152
0.031887453908877844
0.07297392147370577
0.03484667446759473
0.06924196663249604
0.03410327399660917
0.06998109156754466
0.03467190625673862
0.07009762112863226
0.033809504322778454
0.07090364538894464
0.03200946259970095
0.07014155212869244
0.034469796476632994
0.06867113894421528
0.032492003019636055
0.06820014250647648
0.033017038528088745
0.06771149838617813
0.03329662233045275
0.0728070871787313
0.03364597399790834
0.06750505102799453
0.0346766291596638
0.07154109789581344
0.032057146997563846
0.06776592426896824
0.0321727085213591
0.06861402755048403
0.03221991262590852
0.07126675478593719
0.03248137927520163
0.07187205908990281
0.03476530703885574
0.06917679534328594
0.032152362043914785
0.06863908952645761
0.03220349941105282
0.07190676202517846
0.03213256630063669
0.07308615565172794
0.03336029133530588
0.06856314670749646
0.03328912410288637
0.0721047017913784
0.03276188457650284
0.06997552283136482
0.03386236102627121
0.0703350335570616
0.030665684501288745
0.06915871983046537
0.03393361614036796
0.0696848238405085
0.034090042310066
0.07075516033967866
0.03278047672346569
0.07198728818461912
0.03283958451343118
0.07121249124761025
0.03205252748434428
0.071283444376288
0.031604822627790755
0.06702990646362562
0.03268119671789833
0.07161108629717101
0.03292609905297125
0.06702794008089401
0.03519330576547935
0.07298963680385971
0.031951616562576654
0.07224537807520184
0.03189012557829047
0.07060289477493052
0.032000806971122904
0.0700346990993242
0.03374516755729668
0.07002262847378586
0.033496317453964655
0.06870379063928857
0.0350447613155491
0.07203505525596561
0.033713740910382525
0.07119832774163082
0.031324865695649816
0.07121131473803659
0.03176735136382035
0.06758851399838557
0.034030779759843414
0.07326171183325317
0.032773771294329165
0.06939589437229664
0.03406924666144163
0.07043319915380417
0.030631265223869594
0.06867621347594474
0.03267342240396791
0.06980425587120642
0.03241624117096614
0.06684478534156905
0.03493468406365291
0.0694173199357762
0.0335810309593346
0.06999196165678073
0.03398843405133016
0.06881179221651018
0.03175792756049399
0.06791363965809652
0.03159709881376596
0.07293553556523392
0.03460039405577254
0.07028010768866615
0.035251529882353146
0.07005962489871304
0.03394941040168531
0.06977905425855475
0.03489441213813734
0.07011440138272086
0.033136085044036694
0.06826973359745234
0.03333682773657113
0.07220086070065508
0.0339509605735542
0.06955462374572297
0.033267796149187505
0.06951555089796113
0.032438028460052594
0.06878211370362429
0.031987478543303874
0.0716210617873509
0.0335725978616003
0.06839941255587634
0.03245703580683191
0.07155445016887356
0.03305517131376663
0.07052913427695333
0.034455387644482645
0.07141214553396256
0.0320675156518741
0.06763763529475007
0.03476989404458038
0.06962731702493703
0.03386472045228962
0.06919891176538433
0.03380423925937783
0.0687054999302349
0.03375210610300277
0.07138913981929777
0.031614108058436126
0.071124658840921
0.030036775999030943
0.06738221191183086
0.03039188314958592
0.06838994666157562
0.03290895741080765
0.06759925041137221
0.03240050241492245
0.07173882804669153
0.030781940608176923
0.06958826854167528
0.03140519870045443
0.07132305460340617
0.029586844153881554
0.06715086797094268
0.03252785778535085
0.06828528592195071
0.03162759806203819
0.0708085682928428
0.032675010407683024
0.07065626269305919
0.032589045040662755
0.06996051529012702
0.030947022058544254
0.0679566806819578
0.033636332613216226
0.06666959039548144
0.03212701572236551
0.06950768786465825
0.03208608965525094
0.0687149577601136
0.03293882527107824
0.07264588155798447
0.031891936632306654
0.0674651865947531
0.03307882458274689
0.06780366941356755
0.03127947937218013
0.06689916409348534
0.03351345819413979
0.07215112060809015
0.032647638001349594
0.07035452221831981
0.031454730818799674
0.07213179255994379
0.033090026911747866
0.06961904104008275
0.03197235104800489
0.06958134347478427
0.03202720098621044
0.06807146326231008
0.03249372877404813
0.07019847499035346
0.03289533041831462
0.06901555131753428
0.03197366408135175
0.07320235428296583
0.033092283241584156
0.07202102935278805
0.0348313997983368
0.06973611388510355
0.0322776470464168
0.06993056633639184
0.03136398512310064
0.06994973865329482
0.03231829752666894
0.07142617955079762
0.034135194534773636
0.07099437078254951
0.031548659378144245
0.06725845686646544
0.03047356185438316
0.07260044539626677
0.03147069364957658
0.06709962339856816
0.030840900297767357
0.07052454303578728
0.03424255818881929
0.06906613622990801
0.03335670438125016
0.07317690535531235
0.031606584483560775
0.07019176393714117
0.031586266737241575
0.07154744611106177
0.03163857592764396
0.06802253102045556
0.034680847303302814
0.06866099482095875
0.03309679260648823
0.06807879931426657
0.033117704737002346
0.07494001885503807
0.03338275561077751
0.07341732044707293
0.03392827118549932
0.07177944567221978
0.0324108818251695
0.06438593020839553
0.03189009298990257
0.07434194886920621
0.03346401088437074
0.06999336385249078
0.03342049129557665
0.07222424461663797
0.03312732910480634
0.06988406351743122
0.031182986172301752
0.06813598571611812
0.03217174478532669
0.0683199062510199
0.03357578581718961
0.07034239124537037
0.03248152175792591
0.07190790431229287
0.03242294477344331
0.07341391515174842
0.03154222751437742
0.07044961874586743
0.03108633994091053
0.07313445043887888
0.03306881822907013
0.06897633983640439
0.03369816888224085
0.07015634105677183
0.033625914243891136
0.0695733437251321
0.03374629238225901
0.07045522894025166
0.03327158005837486
0.07219824276389122
0.03253659010586222
0.07236266784423312
0.03199079389727783
0.0681543835301918
0.03346160623107594
0.0686283418512265
0.0316031462480682
0.06896748249499773
0.03309937274063886
0.0726359282968787
0.03294917360702058
0.07130655463217762
0.03268419817475018
0.07109127320896495
0.03196391316571358
0.06696940884314617
0.03384416780955956
0.06945401777678525
0.032935241908355534
0.07117894647914631
0.03188013755753193
0.07293764273433152
0.03046615942626905
0.06946674920139462
0.03333491388972131
0.07289864991898326
0.034296764641981246
0.06816844788021621
0.03286579384733723
0.07022719095412934
0.03281081335486327
0.07103891517565475
0.0324119671106583
0.07119292900583768
0.03406049331132294
0.068197259670975
0.03460737848884505
0.0690886878182034
0.031496581092442494
0.06683097231101792
0.03144758261712655
0.0714549095653619
0.03159006348358339
0.0709927460847691
0.031703851712596924
0.07232299046816837
0.032892563919361746
0.07167047036097396
0.030888078840715028
0.07009003234000305
0.03358710922237261
0.07036961598361954
0.03127353779697896
0.07318998446170362
0.03343301458086432
0.06967577138239599
0.03183750710305887
0.07281676285680694
0.031355350801592484
0.0683986699400364
0.03341505748089581
0.07330989538961821
0.03300201962045405
0.06745666260569892
0.03211213298024443
0.07277816648808445
0.03251472091424768
0.07140016923241264
0.032420114190190356
0.07037837258166314
0.035758897904699105
0.06852527970013364
0.031592485455009804
0.0712880825227842
0.03350857759128317
0.06929992858606107
0.033229023091704876
0.0701850642341298
0.031838725485046855
0.06911265708690363
0.033283444861008905
0.07361761793498725
0.03195168973694917
0.06983739450294317
0.03400006990368831
0.0735638643838468
0.03329757742333571
0.06892784980566907
0.03239169864013172
0.07188522519286561
0.034268834379589386
0.0687663040010481
0.03239335092592618
0.07054407259103365
0.03396712767522303
0.0701062678307051
0.03332428083085017
0.07345295205958527
0.03163860403697615
0.06844789717793723
0.035055717883410366
0.07216269668319139
0.03417349374828015
0.06754046734188444
0.03441326685335336
0.0730799040751869
0.03286041603505437
0.06897028978217927
0.032113057714774525
0.07238558019225781
0.032552626074298124
0.07170632215994784
0.03433401518894379
0.06938225614811092
0.03346445044592926
0.06758242397156033
0.03336285901301867
0.07006495410398302
0.03146688616432379
0.06909532485211005
0.03288138094537485
0.07125628085761884
0.032618597037169766
0.06601112457747763
0.03419907440751204
0.06876117206111594
0.03156610929046628
0.06512883725206237
0.03151097456979106
0.07108643199210156
0.03260396595889494
0.06751440618087626
0.03306862447119627
0.0657657203706572
0.034073905708202824
0.06720249399597063
0.03244965521432954
0.07135932617684962
0.032048987250430414
0.0663670128657308
0.0319775561321374
0.06886570832057885
0.031811241424027796
0.06867863880144735
0.03337004426142021
0.06888006643921953
0.0314699229962409
0.06830740975568653
0.03235849363525274
0.07191141215126808
0.0324202698867168
0.06740534140919202
0.03224200524267146
0.07067805944923251
0.032261069996589696
0.06640141856028961
0.03254411397034995
0.06807982747284315
0.030540793896003702
0.064723886970241
0.032115030604618705
0.07036190643280955
0.03173339158786317
0.07058724701404483
0.0319708779784781
0.07132436047867181
0.0307164851201402
0.06780238636783034
0.03216297849392639
0.06918536319838563
0.03260908092526598
0.06612259527317578
0.0313155530621741
0.06860457690112651
0.03336375068808959
0.06831458805366783
0.03383380155276315
0.07044643819124766
0.031115589739798367
0.06626231408087392
0.032322568495555204
0.06747450219589991
0.03093069738334478
0.06652706921976909
0.033114289508414906
0.06987747836339939
0.032651541224561646
0.06801112491640675
0.03238243144921782
0.06739840816561193
0.03479359491444148
0.06592692478714822
0.03203567752709387
0.07050765253698037
0.03322893142031542
0.0695028530279708
0.03129353207192914
0.07437177708626336
0.030894104648760565
0.0659091160199888
0.03424025369605894
0.07047681666191281
0.03201816604539973
0.06758952817772775
0.0329468110000088
0.06908110833712183
0.030213311007709052
0.07051166963871837
0.032946338164864274
0.069395726562618
0.03334682097053708
0.06896135703940225
0.032541314415794255
0.06981013248386066
0.03406903252575146
0.06932566942576726
0.03080169530409876
0.07030529265755919
0.031847547421757216
0.06810784343246089
0.03387541494524579
0.07210754569844194
0.031937358833845374
0.06879064990712173
0.03423925044279054
0.07178499556521266
0.03318002847573008
0.07130635504152238
0.03355432229529106
0.07349176988712855
0.032126007852148884
0.06839135185636273
0.03213831811000151
0.06804776213876199
0.033833729124418066
0.07069686245511915
0.0313517762023061
0.06968555694926627
0.032964454913389715
0.07021017710404764
0.03241636976322326
0.07112693544181999
0.030596399919889036
0.06740569162152352
0.03453432987901057
0.06996820725042138
0.03168305865409851
0.07098463739631862
0.03380784011748442
0.07209727646960937
0.033135729173214896
0.06904656294106304
0.031148095725280548
0.0704986677691393
0.03454319582857177
0.06965358856926049
0.030327305550456318
0.06839256659988127
0.0347665426596736
0.06921025504203422
0.030948280224981486
0.07407888846154682
0.02999674535058934
0.0674241130455702
0.034155468986620266
0.0724815411851873
0.03168071065221345
0.06522791981008391
0.03209556036855466
0.07018971812498899
0.03173180920762726
0.07119642394048517
0.032085623697293474
0.0707254362189351
0.03398790512990139
0.07104744853461051
0.0313508865569535
0.0695527792336697
0.032167220458211805
0.06830882832967429
0.03254018600117903
0.07354325024752884
0.03160991904389433
0.06966662803541677
0.03371911369028648
0.07433290311370111
0.03036016617793363
0.06673617637510298
0.033343471861063005
0.06994871523593872
0.032709494972995835
0.07195796208814717
0.03341673396664349
0.07496712050592909
0.034332015716774855
0.07241154503517976
0.03244712396083267
0.07161564258347292
0.032808266059946904
0.07040369136357708
0.031918029891514765
0.0681241426498876
0.03142296272147818
0.07137587569003377
0.03341940556332912
0.07389741060813294
0.031074755411658248
0.06807451364312846
0.03332851029392966
0.07079513633487503
0.031134863013864734
0.06596347169995187
0.03276193470241705
0.06931693325315984
0.03329262853957954
0.07203575503115003
0.032126270737564806
0.07536005930561554
0.031774505603932475
0.07034419809906604
0.03293357356383034
0.07008109828372616
0.03286041285109828
0.06912521408708548
0.03346743235827446
0.07514309225491546
0.032820888544152355
0.06926489035496639
0.03209509354491215
0.07313339761547068
0.03144196469315127
0.0676207038816627
0.03428732707611902
0.07028152060673196
0.03275339606392309
0.06801583408313898
0.033227155498790344
0.07045877378577489
0.032119748458077496
0.07304272453103887
0.03139736628225088
0.07346034702408163
0.03273883461817798
0.06826047881408494
0.033178621092423664
0.07060753702170411
0.03286342772136309
0.06754266019578356
0.032007744358046056
0.0731990299576546
0.03272449768974676
0.06939808315499438
0.030953932423408284
0.07152951733795647
0.03188764577178298
0.06918572782055485
0.03295593416608465
0.06871027195222935
0.03287102524947586
0.07274543906118978
0.0331867927599455
0.07127605319934607
0.0318034557493258
0.06771525065701296
0.03347405261993979
0.07194357962383546
0.030871810443841696
0.06835130026917707
0.03252445321247574
0.07205836865301221
0.034043852077171824
0.06751845749373976
0.033751300456316344
0.07246170163787247
0.03180915081897834
0.0688894517300781
0.03162836467704934
0.07383896229690305
0.034036458515730526
0.07081951969905458
0.03206653519241863
0.06919345323688664
0.03303009142825559
0.06672535548206472
0.03237741245188855
0.07121016726523662
0.030521301656339563
0.0684794297499926
0.03447113942650799
0.07245135792176496
0.031323652878382006
0.06619166204515069
0.034386271738212404
0.06775027932308884
0.031568367688103456
0.06908299793450746
0.03299967792615905
0.07351294834462897
0.032829998078185915
0.06937329886498314
0.031214793281061276
0.06875169749418893
0.03245638595485485
0.0690924036126099
0.03276483333508475
0.06663174079886354
0.03192268261868804
0.06884333385749884
0.032140616631779716
0.07626704546606874
0.031199619765451974
0.06926358990988768
0.031424227941983414
0.0706824236644811
0.03195297392136708
0.06653086889234575
0.03439808841653353
0.07006136420729278
0.03361477359903966
0.07334342287554321
0.03284667259774968
0.06969577638221627
0.03251053834438178
0.0709982705310055
0.032525561877625946
0.07096139002738872
0.031959847407945774
0.06817796893938322
0.032460814678673
0.07172452043797367
0.029288923063680698
0.06878931399288701
0.03417911328374308
0.07252611729872685
0.031533007992929664
0.07098333244591434
0.03352439721064022
0.07189741578170426
0.033203699444789084
0.07081814411362986
0.030895441648996467
0.0676737861623202
0.0316514897884193
0.06975896426177804
0.033901050769998706
0.07307618934504789
0.03197887997453288
0.06979854806310502
0.033410714694605145
0.07284733381455027
0.03132347991155854
0.0677642816493052
0.03280245871629466
0.07100132613321904
0.03232993464008025
0.06832589021022531
0.03287794626193615
0.07136696575371844
0.03222628789777015
0.06826214539796796
0.03239469298567822
0.0694137806011604
0.03244156921431483
0.06708010771180083
0.0317993328118811
0.06722015617543599
0.03211393982612888
0.07015755607710036
0.031212949009223282
0.07064994773014238
0.03314814701490997
0.06885094849423586
0.03286257695719885
0.07156991630356999
0.030458052318868875
0.06487698056048302
0.03348889802787319
0.07036139969622887
0.032188698162606444
0.07115955074021059
0.03388628601641167
0.07320126525587362
0.033568219533647026
0.06938872994337518
0.03102501435820416
0.06990263602139847
0.03156906487028096
0.0672589801963739
0.03264764020604266
0.07163963730685881
0.03423562318906219
0.06992184249714883
0.032190484301401895
0.0733473158185232
0.030885813835695667
0.07014452869580151
0.03287732841558689
0.06576690844243006
0.03293212103750578
0.06676594164439695
0.03468512246224705
0.07290117701623368
0.033118318334395165
0.07052049277284295
0.03247874402828407
0.0727883732957456
0.032549789266496106
0.06628102267253538
0.03240781233083367
0.06856871972431566
0.03174858851812735
0.06905464713935687
0.03334775530633519
0.07180653236944003
0.032669662111325375
0.07098199389214813
0.031805158007621966
0.0714725981270376
0.0316101784864962
0.06744503062961825
0.031435559710780006
0.07260061175958016
0.03440497612571934
0.07030741685681761
0.034054806457462936
0.07228866885657097
0.03384188148016223
0.06726545272723643
0.032595075739390605
0.07407388998245042
0.029528744784543863
0.07116823282103686
0.032334078339793126
0.07213009405400038
0.03354518501006192
0.06831099090553987
0.03211860546030457
0.06862817938987834
0.03179914449470005
0.07094335186980313
0.032720257248332864
0.07179305613678197
0.03381224867473752
0.07112337785405538
0.03301379558156084
0.0688164091716566
0.03319632025728903
0.06736225100786289
0.03098481694893327
0.06932482307561454
0.030486166532864442
0.06856268313700689
0.03319570421216907
0.07128386992062928
0.032640658621062066
0.06984176592019957
0.03470637456555656
0.07044938592948678
0.031214564931479137
0.06889885684302889
0.03154231580053823
0.07202289947355145
0.03297888359607998
0.06633460982052783
0.034376773066068136
0.0741847063176311
0.03432060363097594
0.06930848146790629
0.03180497365546701
0.07173202721020648
0.030550993679479062
0.06908885812615305
0.03312282660715759
0.07179941143443502
0.03305115349812099
0.06781797183131574
0.03353230755995037
0.06937181269240483
0.03230604360037217
0.06903882226335131
0.03219667839871427
0.06973951322337539
0.03252357159575719
0.0708488575833397
0.0316871127661497
0.07277068767093811
0.03287492779691317
0.06917142754933615
0.03245750323000101
0.0668243258684374
0.0307034212937256
0.07059510888258129
0.03456764191607876
0.07198419864152995
0.03251310395320334
0.06918406205025684
0.03339414341601166
0.06834140966547739
0.03227589441084965
0.07112509357286297
0.03145920502626941
0.06891814777930992
0.033048192902335544
0.06924846243213476
0.03260265749578329
0.06790157651229378
0.03294013143179046
0.06534916502913063
0.03393033121778885
0.06945721074459515
0.03145841953873882
0.0679814392548566
0.033277673296041525
0.06915227449497832
0.03131068140725483
0.06450873943447925
0.03265628995037843
0.06817711113934681
0.03401870450803503
0.06927166089222828
0.03050401712998319
0.07008672432698285
0.03192685616311788
0.06990661058048132
0.03352334962623953
0.06786204838218479
0.03365114575004034
0.0671441258728459
0.032440020652873824
0.0685244585750573
0.03268272141339328
0.06767284065946129
0.03280825310943924
0.07108940356958562
0.031021306958523405
0.0691580576500787
0.034826681537624145
0.06770310580661786
0.03456813346817262
0.06821461332580056
0.03233459856388044
0.06918148820218281
0.0321878309421749
0.06966457957877742
0.03267890432856716
0.06912043944721606
0.0344950348776725
0.06768422069775631
0.031271172530518004
0.06869136189838305
0.033042401248844076
0.06748746498571048
0.032670430872241064
0.07092639202414808
0.030437536495121837
0.0665523965434314
0.033851625141361426
0.0683055991219383
0.03323807664257238
0.06702258304786751
0.032467879450009535
0.0712525928239219
0.03210596594448919
0.06862004073626854
0.033418423162222655
0.07313569520409058
0.03266113125925077
0.06728995395101707
0.03361836985658317
0.06713885622974218
0.03476928337090669
0.06917532950014554
0.0326375017170905
0.07331234380443312
0.032492340873473996
0.06818798667233794
0.03305888995965502
0.07070486024006052
0.032521690956099907
0.06936660592547125
0.03471288227388129
0.06968937916963257
0.03563025369799498
0.06994244074378565
0.03319109213584353
0.07285643740295766
0.03241398856572768
0.06818447108364617
0.032155148912199505
0.07181469082188494
0.034437494238001
0.07050479648654273
0.03383671600401661
0.07354229165527804
0.031381068987049995
0.07003166972272037
0.03294756430632167
0.07252175982325032
0.031707853094538496
0.06713343431081707
0.03268378125569385
0.06954820021820375
0.03348762890814558
0.07088539274912073
0.03414149861973397
0.07620796402617261
0.034930529306797554
0.06709962347384207
0.03383383240333617
0.06896507351589012
0.03501384350217654
0.06961659271701119
0.03206251761739773
0.06921866823395031
0.03315953024130137
0.06968300740010239
0.03328683977669989
0.07107824053378112
0.031266831356635716
0.06929317218034754
0.03243845193301291
0.07196540923293812
0.033942367503168286
0.06861459287882285
0.03314686995748377
0.0727117613539562
0.03421404505345277
0.0676683893613008
0.03305383633744941
0.07046258486856975
0.03395525474551457
0.06519591662924736
0.033731571063646375
0.06748781505129173
0.033153563756502316
0.06935712935158098
0.032356200485556944
0.06915918882330765
0.030922148335885507
0.06883487769899707
0.03334739710279299
0.0660920691577251
0.034026346029872145
0.06973402739914375
0.032747747394196655
0.0720939195699021
0.03435970850136226
0.06989506910858886
0.032020789905235256
0.06809521561192854
0.03277115402800077
0.06554891503872534
0.03267605599164735
0.07006562959458981
0.03432204526440383
0.06844858698728544
0.033432844132399095
0.07409172778281012
0.031545890318904764
0.06898858100358864
0.033314002257093814
0.06888213036451642
0.032939856515196465
0.06565763290896319
0.0339414163268981
0.06979360328311954
0.032150241460479616
0.07235598482854927
0.03408282881778228
0.07126585868930987
0.03311709762427599
0.0696236351753559
