1.0266214364983517
1.0220088798553948
1.011943020147075
0.9959063122698852
0.9618845730642295
0.8925880120780227
0.8013267495903843
0.6588320821662063
0.5093774561032551
0.3702946489126271
0.2983015560261884
0.25934620399848873
0.21756526003074206
0.20227430801571222
0.17387360179017122
0.15876413027596925
0.1423669345438582
0.1316841198441684
0.11932513333501192
0.11103154842424694
0.10411865889110047
0.1001252517129646
0.09337173848286084
0.090783628974339
0.08528826047751369
0.08202725364457497
0.07708387745767095
0.0748052990646799
0.06982843814726436
0.06654279098311178
0.063821625917651
0.061575397246703585
0.05843973274023343
0.057708648799760114
0.05529895501698316
0.052992037371384505
0.05037708037960057
0.0485834738677816
0.04571698752174891
0.04416298688060268
0.04297578194643952
0.040347068095439156
0.03910243483389112
0.037389457307331134
0.036366318857013434
0.03556564743828759
0.03369524003192356
0.033102717812268236
0.032111869156121124
0.0313785143692589
0.030734107332060553
0.029923729288106413
0.0288694269925343
0.02842100024890168
0.02766519237537197
0.026735235170904155
0.02714237775070383
0.025561641073558832
0.02687714053445599
0.025964497187704397
0.024837141779651618
0.02514054942848141
0.024158861290936605
0.02654407521504147
0.023005248407841256
0.025598451623654813
0.023653942484900343
0.025960675681886643
0.024322365930569856
0.026039246910983988
0.02385181678389969
0.02850205734759527
0.024595586767695504
0.030485829873685522
0.02261761000044827
0.033492673944239666
0.02415355368584721
0.032411565552598186
0.02531822079496189
0.034688907405272675
0.02419693312678791
0.036351935733194486
0.026707495377959977
0.03886621803307687
0.025783431944378266
0.04245471916621384
0.027113274898959167
0.0416100964593415
0.027269979253393875
0.04430358805023778
0.02843931221322113
0.04394755028788094
0.02883617397883702
0.05181487983756531
0.027262383771709184
0.04911663677964483
0.03202459638342707
0.05056603581120517
0.03165998170093925
0.05167854264353214
0.03145014961117054
0.0546659241495097
0.03177111908966025
0.060524031063385005
0.03388226707935556
0.05952253146212621
0.033946958430615744
0.060034384088854746
0.03535463619640068
0.05843156138929266
0.03441082418019401
0.060437026552353036
0.0341477302575659
0.06429477865941012
0.03333550189899605
0.06515663176715043
0.03743081556779951
0.06453590418241041
0.03686418193790157
0.06580694180178333
0.03452312903351675
0.06290113459406627
0.03364347195613943
0.06849326953400828
0.03700094252165295
0.06841618980045892
0.03585036174283665
0.06792297834232777
0.03934475266704886
0.06844188776837634
0.03624463718425499
0.06901754459423894
0.03637220978990596
0.07072182644955098
0.03534294893868907
0.07226832837876077
0.040517795763210795
0.06769369130392917
0.04012700936782632
0.07113251001530811
0.03969064314845068
0.06698575280624543
0.03542579329938702
0.07009190603546982
0.040146737577734536
0.06995730303932793
0.037480758929563575
0.06895569606146508
0.04251806583293177
0.0726370861529361
0.03909771746976346
0.07124021733961913
0.03800954780708233
0.07225212442713468
0.03625576159311664
0.07172536862728335
0.041380582356608936
0.0698799545545682
0.039534602551155845
0.07284759864196243
0.04048042797715976
0.06842627432206988
0.03715582971147685
0.07381403252694017
0.040851521838403446
0.06991051975872781
0.03766479185332482
0.06998156280441384
0.04213330947521286
0.07295095153003538
0.039012183623685436
0.07245567379634528
0.03768371250730577
0.07226272716965507
0.036839667595768864
0.07176847871936125
0.04133348389040537
0.0697408598549029
0.03803325604470083
0.07120502092663411
0.04001911540665536
0.06979961643488965
0.039453103538213984
0.07407273427512232
0.04009888715680271
0.06979389415690088
0.03822948414882197
0.07124924700313631
0.04192736190756434
0.07317465916397892
0.03859844065862875
0.0736735001314009
0.03858214108434874
0.07218727733095033
0.037333600571769515
0.0725156445026736
0.04158486146405257
0.07044229796684151
0.0378624829979553
0.07157561107263492
0.040404182954504674
0.07203167852357706
0.04021632393021081
0.0744063437357043
0.0394165793553368
0.06974008855590472
0.03887003309213999
0.07290128174243819
0.042221062765915064
0.07371536168681893
0.03924936302511055
0.07547467302582674
0.039441595188930825
0.07329887523681919
0.03825989712662778
0.07394441807292387
0.04262762865030396
0.07152261240738668
0.038564323472746305
0.0720024375951993
0.04189315485539933
0.07379974354665327
0.040925160647203834
0.07487543146626571
0.039339483666666494
0.06970757376185342
0.0395794927597314
0.07403785729147717
0.042815968234660995
0.07299456850489253
0.04012709687378999
0.07659058105996644
0.04039598266360166
0.07419596705864892
0.03851328872715631
0.07464650281681473
0.04184761733464073
0.07197829824001645
0.038641549041957435
0.07142201622803192
0.042425764575840574
0.07442808608315929
0.04129838015664755
0.07513292953940197
0.038992304893905545
0.06910010429482649
0.03941405161026293
0.07473988301409488
0.04272927056923947
0.07272445721544618
0.04030035459965228
0.07691151868930449
0.04056618784555472
0.07502774705595532
0.038825649003999235
0.074101793978179
0.0415618199516554
0.07260190415984934
0.03846103571179855
0.07155458844431055
0.04259105834682843
0.07461986102017579
0.04125969543491714
0.07534559198456231
0.0387846773042178
0.06919051478460446
0.039695770141343824
0.07585014443233526
0.04243435063039001
0.07275018310873906
0.040386148944223335
0.07673479230814889
0.041586128066989976
0.07587202640621109
0.0389846591993194
0.07375471456346612
0.040780843921237
0.07310878747023797
0.03824534969542517
0.0718739436344654
0.04289792313252296
0.07495297668692011
0.04198443526390713
0.0755526607945204
0.038822383104148706
0.06910967168646602
0.03934909329816667
0.07702025320208937
0.04223654588510739
0.07253714701074816
0.040538565124238556
0.0757576604533621
0.042791559208097234
0.0768015162803531
0.03909151932337904
0.07360473966914312
0.039968384591482525
0.07414098510139468
0.03827210949482011
0.07245443860796813
0.043119329840800545
0.07379517798408979
0.042160957618982225
0.07599496316430943
0.039147207152794516
0.06942482441759448
0.039659791991664424
0.07871624308377641
0.04218242602296204
0.07253142645687444
0.04048242465694027
0.07334189751968631
0.04334410054366976
0.07656975195574774
0.039163548916317945
0.0738324532368384
0.03973218039908382
0.07511715586055007
0.038911793086531435
0.07452080328320271
0.04362530903189876
0.07308321623907064
0.042145481562071076
0.07485093610838245
0.04018537399742798
0.06995270432864635
0.040201105916697386
0.07780421739059984
0.04326372569259386
0.07329424432085174
0.04093916071868012
0.07255769731296045
0.043762775136330936
0.0759843910397322
0.03967924807556059
0.07403417317032156
0.0393242651097345
0.07475180065599997
0.039762750307198995
0.07327981385494357
0.04377813184413354
0.0726529273018557
0.04186196988629843
0.07436199560289099
0.040933480768056724
0.07109459601369003
0.040029494728176074
0.07722716093024153
0.04264474952517038
0.07313367918003583
0.04075540907194484
0.07256884538612492
0.04431560794210902
0.0755887996934708
0.03973546643694299
0.07460949684407894
0.03905833867389649
0.07474420164250067
0.03997185125544997
0.0735374176745136
0.04340272638920222
0.07218153547650655
0.04120022203378306
0.07374334717383836
0.04162487324745219
0.0718897294970175
0.04054613428241021
0.07684202291397865
0.04214760686940504
0.07294000060692961
0.040313158678779534
0.07268237625682988
0.044539036137529374
0.074566116666666
0.04008524046997028
0.075267238106414
0.03921042533795402
0.07428438970176324
0.03998228810904348
0.07421116583512204
0.04354527449019947
0.07203275296129413
0.040435292243323956
0.07248964122184322
0.0417733958111425
0.07290815723597877
0.040393241944993
0.0762255559149539
0.041782931583142544
0.07204748418733105
0.04056469901929482
0.07300678391913643
0.04418875642382784
0.07381136047188111
0.04041932062268293
0.07577683552233928
0.03910584371331886
0.07419281065240063
0.04012049997160512
0.07452228724148378
0.043501785497478386
0.07214494127341922
0.039816319400255505
0.07145147904119702
0.04221979428279613
0.07394377460769604
0.040419384811309134
0.07554846344045713
0.04120431012934183
0.07113558007011737
0.04065760338111996
0.07375586851332258
0.04384680768427415
0.07310123378538101
0.040681141279890226
0.07608005618367483
0.039362235535326216
0.07424673934818377
0.040045967954842686
0.07481521102047774
0.04325003357995278
0.07243985525569974
0.039679862421587254
0.07076594194150049
0.04268728631549429
0.07435329122268972
0.04088631532114719
0.07512914489530055
0.04059400429216844
0.07036484274300979
0.040530475160203173
0.07441083861357665
0.04377754984723093
0.07239986119790515
0.040817552199818107
0.0759837088507511
0.04011893287369046
0.0745166400654291
0.04000482761022281
0.07473613459839713
0.04281084749731669
0.07283252424812732
0.039740302835368495
0.0704506945023856
0.04307631184126676
0.07425983729816366
0.041348860025645404
0.07526063812715054
0.04001794695179416
0.0695571547701134
0.04028526561364295
0.07540219346761055
0.04366063756755483
0.07202225515326585
0.04091853636172765
0.07567967002703434
0.040926647715341095
0.07498753948084709
0.039874520027372205
0.07413314528704947
0.04234973482136518
0.07331065543751761
0.03950140614480662
0.07081748239696477
0.04322874728633091
0.0741817740492687
0.04152395848595678
0.07517248454501214
0.039692321805944925
0.06909653666833104
0.040220624151047206
0.07662006999741156
0.043550272947030136
0.07196649212190684
0.04110454732372145
0.07489468187135938
0.04200886899029497
0.07549125865984303
0.03985048880981322
0.07352546678512407
0.04147319831810706
0.07385424843207573
0.03931878009966443
0.0714889976491274
0.043536043722026914
0.07416907580019795
0.04181635498001059
0.07500001044082613
0.039685323893687334
0.06901286455068986
0.04012829971382005
0.07773814522272447
0.04355819171345149
0.07201366459216513
0.04118790238155606
0.07388030538918856
0.04265674185156468
0.07620314356443143
0.0399101600380186
0.07352402587387015
0.04040117282749979
0.07489773686925277
0.03936198081258372
0.07237779317663347
0.0435854621732654
0.0737868483532331
0.04197205925214375
0.07513654354536602
0.03994693181195318
0.06938752682460966
0.040253635841773217
0.07788113597499577
0.04354489062587652
0.07256180786185126
0.04091517079998206
0.07330148921970678
0.043170287145085987
0.07660699271969958
0.03979464933032999
0.07376001151669942
0.03958421343251323
0.07515544237653714
0.039529239130176246
0.07270898818111211
0.043552831906394876
0.0734303789657899
0.04211239008825616
0.07487877555423174
0.04036345061765871
0.07013308174674468
0.04007142164493591
0.07767252970695361
0.043168968748284756
0.0730503496907141
0.040815804149074535
0.07281181013463497
0.04380656533730054
0.07606387740541731
0.03966025659653705
0.07402417838956588
0.03913934113292542
0.07502698080243046
0.03980473749523729
0.0730953943885101
0.04360853028880302
0.07295152083506311
0.041625586408902765
0.07401435572298228
0.04103894322957096
0.07115764395701626
0.03986258244448894
0.07723759534369481
0.042523424929901535
0.07321175413025076
0.04049581376168102
0.0728560516557282
0.0442663084825923
0.07526244598785817
0.03968142538382462
0.07459093486992315
0.038844784818350624
0.07467913169468574
0.039956366135651455
0.07386418179936771
0.043590657680024666
0.07246100605673346
0.04083842707462427
0.07325174057283157
0.041444885676176386
0.0719666209107409
0.03995195625427039
0.07679195341422387
0.042091155336439964
0.07290890297774447
0.04047021008399862
0.07290465411692858
0.04427186014508518
0.0743807604625733
0.040038425553674546
0.07540540411250637
0.038861148109545274
0.07424974064548502
0.0400331921276356
0.07431354544629815
0.04362838757311715
0.07217734721804173
0.04016510598226194
0.0722474399524105
0.04175239152229834
0.07310811158040963
0.04020076036032992
0.0760536474528141
0.04168495618665577
0.0719116905684056
0.040666554560411315
0.07316965298270517
0.044052054694973745
0.07366862995959077
0.040442846081381406
0.07584842824991304
0.03903472559708924
0.07422840238181845
0.04009990036282061
0.0745585443148241
0.043442203776427754
0.07223566931532367
0.03976995876925829
0.07129371572314504
0.042319540320925955
0.07415363584702372
0.04049777661033597
0.07544835744348939
0.04106422827728907
0.07098256144020594
0.04061407509089422
0.07394988944427772
0.04382362840241289
0.07294675608271045
0.04069705635647243
0.0761862348267082
0.03947403294801723
0.07429082167655773
0.040032839799526404
0.0748707711293926
0.043157614920872826
0.07249063238772205
0.03969443716162417
0.07064759287362109
0.04273597155049423
0.07441355450196885
0.04097956156075584
0.07509474225675482
0.04043397924198118
0.07017802811101051
0.04052332074415455
0.07455161975257396
0.0437863044967084
0.07229576970493638
0.040812994478196224
0.07594310927788098
0.04024142422207708
0.0746191143371409
0.03995507082867311
0.07460942281037493
0.04271907350605372
0.07299816658693786
0.039690831478414956
0.07046120391473612
0.04306598491948902
0.07421938404377662
0.04133554193821026
0.07528859895473967
0.0399143004285018
0.06944006874655308
0.0402790876839268
0.0756035304339982
0.04363208562271191
0.07199026432197098
0.040916394266111884
0.07560962772304285
0.04108218582483181
0.07508347080058778
0.039850960361687796
0.07397380053570303
0.042232760678523724
0.07337336196257069
0.0394519780485919
0.07094586251485385
0.04326738666850564
0.07421213078156219
0.04153201893191937
0.07513772101134068
0.039644612702466504
0.06903015057713244
0.04024931152400481
0.07685286873442379
0.043537918919208426
0.07191595904110706
0.041083108780986276
0.07463535031270103
0.042149963353171165
0.07564824232399679
0.03983371911460611
0.07347171034145351
0.041262946886968056
0.07404064059589671
0.03933140628551705
0.07168369173368681
0.04355944007118381
0.07409910521100549
0.041807415656175545
0.07499619702559315
0.03971466413974775
0.06905494051888397
0.0401630281594639
0.07788092110176804
0.04356505470640626
0.07209834683626702
0.04110421073523748
0.07373953169353363
0.04274171130220835
0.07633877013698077
0.039915348685192566
0.07358187282444985
0.0402008259984888
0.07504645547186231
0.039397234653398235
0.07247419621952747
0.043579079428868905
0.07370156824212291
0.04201862112482297
0.07515896257520548
0.040005394730477685
0.0694957842299584
0.040268847067303964
0.07783928139514117
0.04355455314067359
0.07271741872312494
0.04087488224062323
0.07318437982799388
0.0432947427655897
0.07652807281639105
0.03974201378825463
0.07380205133594456
0.039462175765904856
0.0751430275197719
0.03957489975536917
0.0727743630306551
0.04355936708121375
0.07334905524911678
0.04204508962565114
0.07472410429280653
0.040482547638310294
0.07036194682332123
0.04002095039315515
0.07757148140633731
0.0430131295737914
0.07309536141899707
0.040743887185877646
0.07278814791668527
0.04392169065293942
0.07594142849141844
0.039636744874629946
0.0741430103987155
0.03907170643307647
0.07499675426062
0.039832052696370565
0.07322554531474872
0.04361311660683797
0.0728227130023786
0.041490460680794816
0.07385237764942201
0.04119826869261919
0.07128726205889038
0.03985465226306417
0.07718680545343172
0.042422481741605685
0.07321424930113432
0.0404562348257543
0.07285923381551442
0.044359093858022385
0.07508543619137774
0.039727941352402284
0.07472372349221203
0.03881639092309609
0.07454752797031039
0.03997429646768067
0.07396410172270945
0.043600842049419684
0.07237523407436104
0.04068083835526588
0.07303217529388169
0.04148521553760076
0.07219708748209142
0.04000197608804135
0.0766629639233713
0.04202201926739884
0.07267342490880285
0.04049875315636008
0.07295042417206778
0.044255899327360175
0.07421268330789126
0.04014323893064454
0.07559773866318854
0.038888331329612565
0.07420397348978937
0.040074575036078634
0.07440147593555507
0.04357949410373267
0.07214103483205243
0.04005167530825327
0.07203326530009962
0.041850660005380395
0.07336540455335427
0.04024053618805672
0.07589534916179451
0.04155947651763257
0.07172123179268208
0.040706231343364166
0.07329414588298075
0.04400396084302633
0.07352356207104689
0.040517462126361405
0.0758935801102934
0.0390896672546032
0.07420764936548899
0.04007805668974527
0.07459507859472474
0.04338015253858741
0.07229725151194984
0.039721035118182126
0.07113644050968074
0.04242387856098499
0.07430773331932296
0.04058074031633222
0.07534605497520475
0.04095422281830341
0.0708263297617581
0.040583781788066924
0.07406852732929137
0.04380707878037074
0.07277020242210869
0.04072424489208344
0.07617276635886601
0.03961976726071723
0.07431570015152916
0.04004180423328213
0.07485255900458648
0.04306413266017867
0.07254171424451149
0.03970604406269961
0.07055097474165425
0.042837456274776795
0.07441493835594006
0.041072050851983385
0.07509919088208755
0.04030354672597415
0.07002425307854321
0.040472916184882704
0.0747393356477531
0.04379083366289888
0.0721928237404176
0.04086519691374861
0.07590218667130454
0.040389564334106606
0.07472578615691534
0.039928187483431576
0.07450352352728451
0.04261072026351421
0.07318494785313291
0.03964337267561879
0.07050934554192546
0.04308464797788899
0.07418490324674484
0.04135117664523014
0.07525387313622471
0.03984037259106183
0.06935763671622025
0.0402548744128152
0.07585429822483494
0.04361151642595836
0.07198803057822221
0.04095409186500714
0.07548209308739734
0.041304811163804564
0.07515574791197453
0.03985032957548993
0.07383150870389488
0.042111514879279964
0.0734623611028102
0.03939323281770227
0.07105845034108509
0.04334583359902764
0.07424676019881561
0.041609252373831326
0.07509553920994691
0.039627451161699655
0.06899354544616158
0.04022032429232162
0.0771001458123092
0.043529906750075315
0.07190294866609025
0.041092115068965034
0.07440441965751109
0.0423200966740326
0.07579651667742507
0.03983917037690522
0.07344380543505272
0.04102875942926645
0.07425411255347171
0.03934196189183975
0.07189099767286329
0.043617314111327944
0.07401090415894661
0.041874722534725434
0.07501348848042859
0.039769861616891174
0.06911616114813231
0.04017295620875627
0.07793161004025492
0.04354724241674391
0.07220558499391509
0.041044289945949226
0.07362267332767401
0.042838491928865574
0.07643218955231326
0.03989118304737341
0.07358814027945745
0.04001569537591894
0.07510534184066407
0.039448874032222
0.0725635496429606
0.04357209133353974
0.07363823064615975
0.04207627968778677
0.07513030159368707
0.04007924455303857
0.06962632007253043
0.040245851257335964
0.07780723490836038
0.04350173989877214
0.07280331506779307
0.04083586685292661
0.07304371308636497
0.04342671959788159
0.07640170987724185
0.03970555276052047
0.07381859736958034
0.03935782259506977
0.07508883635545521
0.0396386097027487
0.07285403057690726
0.04356357300454204
0.07326192802181444
0.041959750959042794
0.07454409629189758
0.04061499700495637
0.07059338810077437
0.03995974570636736
0.07746874522694866
0.04286820683543867
0.0731652981696271
0.04067951865748666
0.0727916146074383
0.04399912962709121
0.0757914899029948
0.039627867633183426
0.07424338747410576
0.039011946247302975
0.07489262006290943
0.039874744759457195
0.07337989251372104
0.04360551689698043
0.07270455438884106
0.04131897667908973
0.07370869689479838
0.04132529455291047
0.07143392674000217
0.03986089815849539
0.07714624309655993
0.04233395414118193
0.0731833108986088
0.040434654530679785
0.07288335645075285
0.04436650088944142
0.07492283109241073
0.039789187692940924
0.07488335312060712
0.03880469334016504
0.0744367408773505
0.03997432115535785
0.07405259019947526
0.04360046838032856
0.0722942514870857
0.040539480542509804
0.07282432990800086
0.04153825843834994
0.07241057378131943
0.04006741051799602
0.07654218969799605
0.04195346919043794
0.07245973806010485
0.04052069562959567
0.07300116133287571
0.04422456409792834
0.07406128868901912
0.04021520714527308
0.0756977093027591
0.038933666454243725
0.07417677841263452
0.0401090238617474
0.07447999572747513
0.04354204312914286
0.07213044384476322
0.039952160124491876
0.0718186845201803
0.041960110686137655
0.07362587909497276
0.040284903600427656
0.07576888882818657
0.04144292631635078
0.07152687266242747
0.04071575046936468
0.07343280844982533
0.04393399490203854
0.07336690846844253
0.04056075931876168
0.07595504963032662
0.03916004004661627
0.0742066200842156
0.040053919552560616
0.07465687253615173
0.043327544532150576
0.07233482382635345
0.03968834114457411
0.07100206897186119
0.0425008952043467
0.07435432947345956
0.040663835308176556
0.07524682475997223
0.04084869884720247
0.07066131255437492
0.040567457472160735
0.07417331947138574
0.04379881362018455
0.07261722973689803
0.04072921261721238
0.0761295349756912
0.03977904253439378
0.07436512130374322
0.04003744100665766
0.07482059114171277
0.0429650869698093
0.07262105875430193
0.03972453360996115
0.07048503892751008
0.042931967984425445
0.07436702101162548
0.04116188194589343
0.07512871674874677
0.04019001391084811
0.06985287469531865
0.04041755169678266
0.07494813139074656
0.04374460897940642
0.07210965997198605
0.040870671238968564
0.07584944715699299
0.04054205655092312
0.07481701406030182
0.0399042544477417
0.07440124622957217
0.042514281298408584
0.07326055516528251
0.03958378732770527
0.07058824197665077
0.043113629343625344
0.07416746271024896
0.04137638811192624
0.07523120320566443
0.03978021170271175
0.06926749149910053
0.04024476405222914
0.07611715627616565
0.043602339161128816
0.07198824971638326
0.04100436098298373
0.07528925462204247
0.041520065958854845
0.07525071111879407
0.03985369551752114
0.07370523769348457
0.041947351463852506
0.07357766331079348
0.03935044677229132
0.07118846209023968
0.043406497626232776
0.07426601808309113
0.04165598661510944
0.07505166216029525
0.03962642427511187
0.06898969553535703
0.0401965753190748
0.07737361352112643
0.04353095899766926
0.07191731784691993
0.04110749865554738
0.07419650474685263
0.042418257124850624
0.07592647106822566
0.03984355186437672
0.0734451920671999
0.04079761722335259
0.07448493376123219
0.03933801622598704
0.07208099161637523
0.04360432270248674
0.0739094052543167
0.041910496774803296
0.0750477289612945
0.03983782861865779
0.06918835046035675
0.04019424872349094
0.07792276948216789
0.043535266667939325
0.07230779199707052
0.04099002534139363
0.07352718180132375
0.04294094756800986
0.07651951130565635
0.03986594322358376
0.07362002860619629
0.039846139797348044
0.0751339889616925
0.039480818616245826
0.07264602342800644
0.04355767439971405
0.07356655995505387
0.0420860305170064
0.0750567502388408
0.04016722653889436
0.06978354884625548
0.04018298997179649
0.07779927972623114
0.04341362146644284
0.07289995722814442
0.040814142047010844
0.07293403309976638
0.043561242751463315
0.07627836909150096
0.03968438270414235
0.07386412477476459
0.039270599517052446
0.07505120133071416
0.03971969921496155
0.07291829475096474
0.04358253859056589
0.07318538804387045
0.04182430399079997
0.07433877378054048
0.04075925171136354
0.07082954040256333
0.039910919771151625
0.07738447880414352
0.04273410494055613
0.07319649541217835
0.040611995971628984
0.07281561193076097
0.044080535858688416
0.07559613020986788
0.039632347937813533
0.07435889991294994
0.03893546587236048
0.07481346437263012
0.03993179570512009
0.07355829520250845
0.04359781686598457
0.07261159801948526
0.04114482458557325
0.07357893738527709
0.04140239906454282
0.0716029265588007
0.0398792463234386
0.0770549469083898
0.042246137122451774
0.07310534278183116
0.040432228887369616
0.07288073055897841
0.044328957575545815
0.07471453315283476
0.03986368748960155
0.07506776343445505
0.03880752717244932
0.07434984170625875
0.039985256696989026
0.07416203440629619
0.04361229257273496
0.0722327152113085
0.040406040542175545
0.07261311049097535
0.041602348394753616
0.07263973420068948
0.040130445463645414
0.07637543490987458
0.041875021265205155
0.07225206534566411
0.0405614288834766
0.07303189143414257
0.04415418567038218
0.07392511077767001
0.04028144697265413
0.07574588384768693
0.03896937108721954
0.07417505730618763
0.04010687446345093
0.07450829163908058
0.043517453044974654
0.07214725051429628
0.0398683158529123
0.07160803920568168
0.04207898378705122
0.07381197832517802
0.04034472501579738
0.07564735806216169
0.04130059503845445
0.07133110436343974
0.04068363673153178
0.07359964057388686
0.0438814245852789
0.07322918620632057
0.040599163026083865
0.07603233512057761
0.03925348167626657
0.07422459540805998
0.040038441831085875
0.07474144954516547
0.043281662344702744
0.0723996895564028
0.0396799948951953
0.07085859382817176
0.042575257948032845
0.07436138439108453
0.04076678023665071
0.07516522074071814
0.04070159325934923
0.07049468231059776
0.040545437871366496
0.07428442925270906
0.04378357687515882
0.07248580774112627
0.040747657197602934
0.07605077787535994
0.039960474491233994
0.0744391720740189
0.04001672875963013
0.07481290600485867
0.04287503924449703
0.07272987991406857
0.03974922257740781
0.07044893907850314
0.043002964141872546
0.07431828039873337
0.04124883500292315
0.07517665867793805
0.04008954716854419
0.06967450587960601
0.04035680744439719
0.0751850193518612
0.043700565088448835
0.07204739187454198
0.04087555164200872
0.07575084593609359
0.040717391151941396
0.07489137904248125
0.039876212588541175
0.07425520241535047
0.04242775204575719
0.07327862409493173
0.039534650508763154
0.07069684825779848
0.04315657683171496
0.07416766216001723
0.041416486514257715
0.0751895223660807
0.03971666035456486
0.06916903885112978
0.040246857550921604
0.07637758406625363
0.043577250399578396
0.07199176860284894
0.04106780360549425
0.07508346580376049
0.04174579618353044
0.07537053803785555
0.039844408562841445
0.07359528989319675
0.041714624668288625
0.07371949239619154
0.039328090020051734
0.07133952633710029
0.043475850460864315
0.07422948629217117
0.041695143910730946
0.07501205044678581
0.039642669579889996
0.06900537995646305
0.04017443678617533
0.07758084944875307
0.043544748575703104
0.07195776523326329
0.04113998208029544
0.07401174841941817
0.04253462040654
0.07607120179878983
0.03986361893366561
0.07347740292585395
0.0405715777497758
0.07471938269814027
0.03934378833333142
0.07223508221496491
0.04359878612037312
0.07383152935376992
0.04193669456690684
0.07509924642430817
0.039894523592208075
0.06929335638505855
0.040226927817268276
0.0779130594989494
0.04353548557738456
0.07243747704995618
0.04094168081498265
0.07340465300976444
0.043060503494601436
0.07660040237928628
0.03983448676269619
0.07368395201805589
0.03969333545664206
0.0751422231669065
0.039504282344303886
0.07267352878261721
0.043549900379051217
0.07349472417117105
0.042100808027013395
0.07496117010881376
0.04027112796632956
0.06996569790593528
0.04011612677131667
0.07774548313794757
0.04328130875147804
0.07299637873885276
0.04080882319452788
0.07285431648804484
0.04369450613700185
0.07616603876064823
0.03968078631070257
0.07393995309771428
0.03920286650722746
0.07502874792356001
0.0397852572767726
0.07300635697427862
0.043614892051379424
0.07306283268007441
0.04170604970596166
0.07415030982295256
0.040917293233555495
0.07102684704733878
0.03987739576323335
0.07729083926395541
0.042612013109855906
0.07319460199035627
0.040540712655499335
0.07286827607510628
0.04417690983639171
0.07540838884858847
0.039652745468118734
0.07450002032356959
0.038877091663062226
0.07474929396320464
0.03994900267067798
0.0737345921125133
0.04358844655181992
0.07254241371838384
0.0409702092334109
0.0734259864330162
0.041419739770639646
0.07179512102234592
0.03991396791350856
0.07690303613545887
0.04215493176222092
0.07303135794432249
0.040446678041298076
0.0728802498901318
0.04428889210226649
0.07452160301962174
0.039953994154158505
0.07525488255657502
0.03882982291518018
0.07428626917583407
0.04000726478401008
0.07424757516238156
0.043633690063849165
0.07219535296459689
0.04026199988320073
0.0724265534617122
0.041679945143035906
0.0728908040253937
0.040165688261418454
0.07619743310741148
0.04177608579158276
0.07205155230219165
0.040618115358162
0.07309516085210833
0.04408902818053481
0.07378640183187606
0.04036416458579082
0.07580876493081254
0.03900073718201282
0.07419817253366408
0.04010471795655074
0.0745367853435143
0.04349157375411225
0.07218983834479109
0.03980939081193771
0.07142475595981497
0.04220707870578549
0.07400139295663628
0.04042698409534944
0.07552338086032284
0.04116410107604794
0.07112521562276751
0.04064850482739814
0.07380097296092412
0.043841803523585576
0.07307707416565366
0.040649247998049774
0.07612529369831135
0.03936589195980765
0.07425612247667092
0.04003168177146542
0.07485027540333236
0.043231393004020416
0.07246929699763986
0.039681641534885695
0.07074281591548925
0.042659679838375174
0.07438393410382314
0.04087984636123759
0.0751129999899584
0.04055005225805986
0.07032162169439589
0.04052783652587451
0.07442002712960982
0.043778875666431426
0.0723780896418858
0.040778283482553204
0.07598536685774991
0.04011055681252712
0.07453404809155187
0.0399835586205709
0.07471201673224184
0.042795523570774645
0.0728671150595184
0.039729813732591594
0.07044323602172586
0.0430491326757461
0.07425901900578148
0.041314002204679075
0.07524314728519116
0.03998522876066831
0.06953013560037624
0.04030900466417908
0.07542223308100941
0.043655385923992214
0.07200670011841519
0.040894323361238535
0.0756665109570599
0.04091007281489726
0.07499102343065704
0.039857940738869904
0.0741086631797851
0.04232556770481541
0.0733202638130639
0.03949858498223133
0.07083556860748821
0.04321244482003611
0.07418531478917931
0.04147153617493019
0.07515852046915704
0.03966962420929968
0.06908224406901006
0.04025408892789181
0.0766591422635125
0.04354972838760317
0.07194446000410731
0.041077067568063556
0.07483624524668775
0.04198156208787824
0.07551416567521499
0.0398332598233293
0.07351440091990802
0.04145924190910172
0.07388728356926448
0.03932387482740976
0.07151924665940304
0.04351898453883441
0.07415290697001022
0.04174855608217382
0.07499361342562812
0.03967553367231258
0.06901914446789771
0.04016364406703317
0.07777892427778728
0.043568339988413626
0.07202501422748638
0.04115968577441449
0.07385091397506902
0.042663100201524175
0.07623313027731278
0.03989858402183931
0.07353572113088414
0.04035958698722951
0.07494241350787997
0.03936608319790252
0.0724016167220649
0.04358296603993188
0.07377218019852422
0.041974327243371704
0.07513634472660977
0.03995603268811136
0.06941053386961485
0.04025720635285204
0.0778721295707555
0.043546406186542715
0.07259521676900525
0.04091007170499007
0.07327755345296967
0.04318919996354779
0.07658835975486537
0.03978158492822205
0.0737789391279591
0.0395574336262185
0.07515993329946467
0.0395357372459635
0.07271901973574474
0.043555026208268136
0.07341343396643348
0.042094036222475276
0.07485420563237591
0.040384499808518264
0.07017469247608296
0.040060103694796304
0.07764938143768997
0.04313610507079473
0.07305684298031405
0.04080617327748602
0.07280537106462905
0.043827762009023
0.0760350993445258
0.03965272002501552
0.07404527480707457
0.039122745422818864
0.07502834874556742
0.03980816931670815
0.07311839875938952
0.04360873336880493
0.07292762744988213
0.04159939073645674
0.07397756570126193
0.04106787227834995
0.07118046038410292
0.03985796000997487
0.07722212226236438
0.04250172256757154
0.07321735264434645
0.04048714331085783
0.07285478281544332
0.04428234066217083
0.07522299528893604
0.03968778782025996
0.07461365807115315
0.03883526310786831
0.07465230453626219
0.039958655434181964
0.073897089186824
0.0435935824363288
0.07244288525371212
0.04080031335834063
0.07320339077923833
0.041450070832193375
0.0720093443826754
0.039957993138565996
0.07676585882930889
0.04207601924197047
0.0728610064239467
0.040479014982174405
0.0729152103720732
0.04426234517084872
0.07434328526768344
0.040058579810161095
0.07544293134181419
0.03886187556291222
0.07424184356032242
0.040040174323770286
0.07433024825871214
0.043618793455936423
0.07216875076969802
0.04013662176563584
0.07220028642125988
0.041769292969795126
0.07316253495403019
0.04020478425720716
0.07601841885615647
0.04165876879013018
0.07187814255251955
0.0406754885507242
0.07319235638911975
0.044038229895565786
0.07363674595479103
0.04046183257024496
0.07585499406705867
0.03904012243184903
0.07422172933669259
0.040099354068304914
0.07456276796811369
0.043430317669960236
0.07224760964989956
0.039754205412746976
0.07125814725117931
0.042342929374953514
0.07418673102897114
0.04051187207182418
0.07543138466061267
0.041040852068511526
0.07094845567395633
0.040608329693109194
0.07398631810825582
0.043815114915656234
0.07290798005092035
0.04070324732886162
0.07619410084683974
0.03949696564007703
0.07429345257095284
0.040033683945847935
0.07486614076064017
0.04314123683232056
0.07249753768013478
0.03969485377847064
0.07062441229766704
0.04275388353099269
0.07442209745464333
0.040995040598961904
0.07509237005831644
0.04040634316439546
0.0701449940005336
0.040524123391855835
0.07458722968905158
0.043784582802925465
0.0722739121976152
0.040821064392228185
0.07593356825198155
0.04026542220719509
0.07464208866706028
0.03994854087843891
0.07458563974074162
0.04269753706646923
0.07303254319675945
0.039678859088481344
0.07046771824224331
0.043069014816675216
0.07421099787667926
0.041331883238157195
0.07528813695021597
0.039897730378187106
0.06942017957662305
0.040274249478526175
0.07565084960274691
0.04362401127824559
0.07198758152485721
0.040921818610860944
0.07559680207901497
0.041119629134741924
0.07509339495077909
0.039849482405408275
0.0739422301525696
0.04221147758420472
0.07338837669142842
0.03943622841636455
0.0709654525153462
0.04328109682976103
0.07422061201076403
0.0415413176444422
0.07512748222283343
0.039639184145735286
0.0690193695034099
0.04024362601046536
0.07689938911277365
0.043533201850321473
0.07191085343332018
0.0410853611862175
0.07458768387878313
0.04218035536771428
0.07568065886963009
0.039834042615929904
0.07346294381043694
0.04121543633623061
0.07408072411131277
0.03933000568051753
0.07172697425139364
0.04356972006964721
0.07408051959559224
0.0418159900488099
0.07499574188349915
0.03972489200723051
0.06906598193941277
0.04016426256080019
0.07789231349079541
0.043562029601890026
0.07211874764226682
0.04109073507084966
0.07371446523257263
0.0427540712618984
0.07635509013840013
0.03991371372690497
0.07358118921366812
0.04016231555017641
0.07505615699367436
0.03940483336871617
0.0724944391436083
0.043579147627314574
0.07368696813624853
0.04202320733713685
0.07515778135936052
0.040017712607526665
0.06951863367567687
0.04026581158267163
0.07782974271350153
0.04354726484502983
0.07274340083564139
0.04086592873081485
0.07315424847930803
0.04331437599393372
0.07650442913140842
0.03973220451285323
0.07380209888023537
0.03943890832320784
0.07513015027016362
0.03958524730078137
0.07279045507083916
0.043559469093633826
0.07332989626477406
0.04202513617990613
0.07468956425386977
0.040506448490369676
0.07040829995760081
0.040006390611704246
0.07754759395945575
0.042982721707509206
0.07310725665558793
0.04073045018941206
0.07278734435102883
0.04393057556366905
0.07591368884132278
0.0396323998868448
0.0741663159043368
0.03905848167623949
0.07497383912558395
0.039838808159564136
0.07325425415835447
0.043616506517947386
0.07279780855377063
0.04145202757059019
0.07382093361561715
0.04123009209021441
0.0713138423739535
0.03985271801636073
0.07717829423936065
0.04240350425625576
0.07321314503946211
0.04045139984101803
0.07286408857328629
0.04435983100462079
0.0750505498459993
0.03973746330941649
0.07475270691637043
0.038810158062598216
0.07452339766687469
0.039973121478348916
0.07397992907982402
0.043600973918990864
0.07236141501242623
0.040646216675610504
0.0729901103728568
0.04149318722146845
0.07224142458110785
0.040010963282045134
0.07663537160947148
0.04200959119747809
0.07262894773587705
0.04050292254504523
0.07295838833345186
0.04424934055361306
0.07418000138053034
0.04015497129704626
0.07562837526852233
0.038892646435964295
0.07419637851030661
0.040083953641041
0.07441631729979055
0.043572384598432615
0.07213727786820141
0.040025549812019355
0.07199276614882211
0.04187003341403633
0.07341533080601172
0.040244221439120424
0.07586668513392578
0.041535916999371064
0.0716800908191744
0.04070809978037152
0.07332320646662428
0.04398528622440811
0.07348980465802614
0.04052976509155903
0.07590408745896128
0.039098948438325586
0.07420641109390427
0.04007248741372493
0.0746051065792
0.04337008945050829
0.07230275703219635
0.03970955580331688
0.07110778739526867
0.042443608479380605
0.07432972155836573
0.04059260596027796
0.07532703191681049
0.0409342333169136
0.07079235829241148
0.040580629159206405
0.07408697945579538
0.04380135118031276
0.07273729235516417
0.04072316721304587
0.0761656570523027
0.039646373398779224
0.07432343962969261
0.04004448160177445
0.07484409519514983
0.04304461989440266
0.07255461028877053
0.039705344898669045
0.07053496269972866
0.04285759358245454
0.07440399002163146
0.041085340046776
0.07510318074620649
0.04027936933126534
0.06998724619078694
0.040463101068438416
0.07477847192752937
0.04378280900261224
0.07217432183757518
0.04087596435101852
0.07589551912334844
0.04041439010769932
0.07474586333265648
0.039923738471735574
0.07448515851397663
0.04259150529027391
0.07321123171606893
0.039627830998036566
0.07052240471313659
0.04308857873506895
0.07417997136354025
0.041351005270287414
0.07524532317010019
0.03982729891612406
0.06934498332704361
0.04025261584120794
0.07590748644990208
0.04360644461164736
0.07198637641872607
0.040962364873554244
0.07544231938905527
0.041345538604036274
0.07517087632213601
0.03985088544419874
0.07380630265773146
0.04208413537224049
0.07348292413911621
0.03938138405980556
0.07108448932485738
0.04336009596087078
0.07424923844794419
0.04161581442390222
0.07508455589638369
0.03962540832467845
0.0689896413602647
0.04021651548896358
0.077152175340921
0.04352760183009699
0.07190368286922535
0.041093468218863546
0.07436133349793278
0.04233399297743687
0.07581984709951851
0.039838251133808955
0.07344117854109912
0.04098392895338896
0.07429944638279702
0.039344650700084846
0.07192833817929493
0.043614163484146165
0.07398889141482341
0.041880393908829874
0.0750169591587534
0.03978146110757351
0.0691274596523101
0.0401763284258618
0.07793854627406575
0.04354284660202364
0.0722237802596213
0.04103426478846958
0.07360282798999616
0.04285324941489317
0.07645035428058047
0.03988413515806576
0.07359139835998114
0.03998039514597312
0.07510919166606746
0.039459954737667745
0.07258241233988656
0.04356903111024076
0.0736294468653801
0.04208033618979526
0.0751171089122064
0.040094682100351504
0.06965491725840459
0.040235957342697797
0.07780294194837267
0.0434839038131677
0.07282068690448947
0.04083049021670723
0.07301986685248639
0.043448136577661424
0.07637490553828294
0.039699095051043014
0.07382465822463692
0.03933818585176858
0.07508081856634581
0.039652736376455784
0.0728650830830979
0.04356666696307427
0.07324861631869278
0.04192724345197603
0.07450071188174083
0.04064164734423577
0.07063782158458674
0.03994785665090685
0.07745014095375495
0.04284019409518484
0.07318249496298769
0.040669224780122165
0.07279443026869487
0.04401002622456741
0.07575327417924681
0.03962653936618053
0.07426376204516662
0.03899400980304024
0.07487494843470198
0.03988470925474721
0.07341370862150748
0.04360344378256198
0.07268470864772482
0.04127872801424177
0.07368079393177236
0.0413401257301565
0.07146516109327095
0.0398617312926753
0.07713463544930432
0.042317605181605565
0.07317156360143239
0.040433562893788
0.07288965961349192
0.044362530021542786
0.07487926308908788
0.039801728519559786
0.07491746484710697
0.03880190975525673
0.07441765942885047
0.03997549868730333
0.07407287405875
0.043602915133366435
0.07228058599403704
0.04050818506409769
0.07277956269168588
0.04154885998674343
0.07245393878371793
0.04007938100613767
0.07650950744721877
0.041936870585597516
0.07242028010267838
0.04052844819983693
0.07300583360141985
0.04420582046504992
0.07403215229577112
0.040226029699034244
0.07570834136319073
0.03893751953070582
0.07417449958346091
0.04010997394071236
0.07448678060307953
0.04353731598007303
0.07213221246697157
0.03993015511733531
0.0717740040265288
0.04198178690326899
0.07366924902494823
0.04029239013427613
0.07574675346978917
0.04141534575625842
0.07149094515657695
0.04070987727705325
0.07346306369165166
0.04392247085603026
0.07333730539884475
0.040567459362163445
0.07596901215859474
0.03917708341145698
0.07420893871116249
0.04005012694756397
0.07467128753736335
0.04331776819982762
0.07234529433868561
0.039685070636519805
0.07097069820905147
0.04251485569658624
0.074354522913569
0.040683064063400096
0.07522883001468536
0.04081811509942395
0.07062559045105328
0.04056543731882034
0.07419747794038739
0.0437949089349388
0.07258863737260988
0.040731902294441506
0.076112866323826
0.0398137375385064
0.07437795248485769
0.04003247247581401
0.0748171010718458
0.042946341426500015
0.07264044991933238
0.03973117369425821
0.07047520781394723
0.042947378569673185
0.0743595920166923
0.041182447218796964
0.07513546537367694
0.04016949867016179
0.06981470751738338
0.040404443613041706
0.07499237211139485
0.04373642055228911
0.0720953949341036
0.040870495170543523
0.07582877474965223
0.04057552762642472
0.07482936543003842
0.03989787918319753
0.0743772168265829
0.0424961806518087
0.07326209425589579
0.03957426465731473
0.07060723459944789
0.043121130509504293
0.07416616877487374
0.0413831406757205
0.07522971217403243
0.039766233805895945
0.06925034031054073
0.04024414439284093
0.07616626284048253
0.04360143798336732
0.07199061534582119
0.04101602297797674
0.07525306690560592
0.04156383635987484
0.0752722651648557
0.03985126223600729
0.0736810911050039
0.04190063834352351
0.07360379699274766
0.039344547500454914
0.07121603773733162
0.04341928363339359
0.07427202463854934
0.041662609248275424
0.07504172822248925
0.03962831798812586
0.06899314312474644
0.04019127867177639
0.07743017847373329
0.04353283101375432
0.0719230594747219
0.041112590155073916
0.07415785227653736
0.0424404256402917
0.07595354036026772
0.039846343765419415
0.07344928614272497
0.04075156157169108
0.07452982933026606
0.03933783072631269
0.07210934620597684
0.04360282752348439
0.07389171243071885
0.04191477546367292
0.07505740123576846
0.039849608281985284
0.06920681753202422
0.04019984585359154
0.07791927491398311
0.04353445248999394
0.07233118240117398
0.04097905874378339
0.0735021649959939
0.04296384927576591
0.07653449710673926
0.03985996988016914
0.07363030161705875
0.03981441800709163
0.0751347547022611
0.0394859263782893
0.0726557925775102
0.04355509525591722
0.07355009755996489
0.04208827509371582
0.07503952284213361
0.04018671579185446
0.0698176089922877
0.040168836097496156
0.07778792645880085
0.04339389213081689
0.07292223260101897
0.04081173444347542
0.07291572004233755
0.043590130662950206
0.0762553593105076
0.039682353103144566
0.07387683064368515
0.03925564531490716
0.07504496147256434
0.03973808113820609
0.07293388789039214
0.04358786019048461
0.07316204584413251
0.04179985286015854
0.07430002136496273
0.04078970378816323
0.07087432962028153
0.03990313718238975
0.07736383082362576
0.042708883238153736
0.07319414369256651
0.04059639734153195
0.07282399426456834
0.04409897043751877
0.07555814397118242
0.03963523588651594
0.07438497866744805
0.03892254308941411
0.07480059789887003
0.03993612529837123
0.07359648774275297
0.04359479054251739
0.07259588182741075
0.041113020077285116
0.07355115888892504
0.041404798095244846
0.07163937034187069
0.03988502198479509
0.07703268581242291
0.042227015480426865
0.07309087940180839
0.04043366477234355
0.07287781032453916
0.04431990429999357
0.07467498964903456
0.039880502953492894
0.0751075583011921
0.03881060526500716
0.07433529212413677
0.03998876677679619
0.07418615682603243
0.04361569340278982
0.07222329009654894
0.040375904061706214
0.0725740788071858
0.04161682743658774
0.07268799554896953
0.04014197484289756
0.07634547903663613
0.041860807931499884
0.0722100297370471
0.04057133937562958
0.07304177243688655
0.04414007948457369
0.07390010141126392
0.040296700109124575
0.07575696175047632
0.03897914843212761
0.07417764714115915
0.040107161796274854
0.07451208307443374
0.04351365393855668
0.07215361289149187
0.03985496506456006
0.07156940524665598
0.04210414579652248
0.07384885728082731
0.040359609376878214
0.07562069384082698
0.041273437823706925
0.07128783727671265
0.040678315729492605
0.07363698815003066
0.04387251110156513
0.07320428498162009
0.04060819743334521
0.0760495932629646
0.03927434313664189
0.0742289700602989
0.04003639812477948
0.07476121362756834
0.04327350188657675
0.0724159995353158
0.039680728916589886
0.0708333776828236
0.04259126129014975
0.07436462337587665
0.04078910412826687
0.07515230745218657
0.04067300458211811
0.07046535166132062
0.040540745071713076
0.07430886903208085
0.04378180617105736
0.07246252800010636
0.04075278210648096
0.07603668644336097
0.03999169830966825
0.074456758539898
0.040013840467503614
0.07481427680074886
0.042858374169624375
0.07275491527472357
0.039752806829042524
0.07044539815238061
0.043015952314614865
0.07430594310850405
0.04126206341404536
0.07518972792301169
0.04006746581664636
0.06964306343672169
0.040346262344098806
0.07523575975055008
0.043690477958095206
0.072037585269901
0.04087818300333348
0.07573291528148053
0.04075435444509935
0.07490922105653583
0.03987179846412747
0.07422442731609591
0.042411873096091436
0.07328480013700854
0.039526288544214076
0.07072207330059445
0.04316666627654465
0.07416977369818746
0.04142625359106305
0.0751815467882977
0.03970598458088636
0.0691520947410852
0.04024884330363387
0.07643272707695457
0.04357089610196683
0.07198850640265954
0.04107195771990711
0.07503479314197192
0.04179237597669515
0.07539725862894106
0.039841236080786685
0.07357686563907653
0.041662929153046556
0.07375081632890619
0.03932580559636704
0.07137302727830308
0.04348485398023351
0.07421252973642667
0.0417046425938498
0.07500672729837315
0.039647887299250145
0.06900547959900852
0.0401713845112577
0.07761824481644676
0.043548764317456586
0.07196902699207583
0.04114845274204722
0.07397783327706921
0.04255922450537773
0.07610208817706438
0.03986938316487644
0.07348736963311725
0.040528260690067305
0.07476859583133169
0.03934690970784485
0.07226893451342165
0.043594683472383995
0.07381904452639204
0.04194327673146751
0.07511095621874153
0.039907278230009606
0.06931684112513024
0.04023478928920652
0.07790297564633232
0.043536807718868004
0.07246665003592502
0.04093405755763054
0.07338214792250486
0.04308559978021782
0.07660451441177342
0.03982969581785863
0.07370037359332049
0.0396649349495944
0.07514397321230583
0.03950909949588869
0.07268050995783083
0.043549892018630444
0.07348368291935656
0.04210476487506919
0.0749389721536199
0.040293546459953894
0.07000515684925142
0.04010411098812033
0.07773584287163908
0.043252912635981584
0.07301094485524914
0.04080977534669988
0.07284212506273208
0.04372036773225665
0.07613895483610261
0.03967933875258465
0.07395856422062964
0.039186489471807855
0.07502691098120581
0.03979235976653166
0.0730267402554104
0.04361310900157757
0.07303401782543978
0.04168390136932328
0.07411467049922604
0.04094764124163312
0.0710629473656314
0.03987240221230769
0.07727517538760247
0.04258912154278692
0.07319716350085556
0.040528639692573656
0.07287080367079886
0.044197172324703736
0.07537048553733207
0.03965855005456764
0.07452102361345163
0.038867444931239496
0.07473432025846458
0.03995004129796877
0.07376509557749088
0.04358831398018145
0.07252553267215674
0.0409351635221589
0.07338988404451471
0.04142474518991438
0.07183600477086864
0.039922572692982515
0.07687320092109123
0.04213824633969487
0.07300845865681513
0.0404516892986786
0.07288438665862153
0.04428253240226184
0.07448494268312013
0.03997366927545016
0.07529068812705031
0.03883628547530508
0.07427643655858994
0.040012943721260075
0.07426244940296409
0.04363922228579412
0.07219090295420423
0.04023556115005163
0.07238419720039994
0.0416967955461473
0.07294324313862194
0.04017323296737571
0.07616117416765124
0.04175572266720859
0.07201487666776524
0.04063143138529212
0.07311180209175162
0.04407777559158991
0.07375545114058374
0.04038240886848865
0.07582339574084691
0.039007018915596145
0.07420574237640823
0.04010291752057315
0.07454524758362491
0.04348005444994076
0.07220146337272194
0.039800098175163556
0.0713915134224354
0.04223382275389884
0.07404093748682879
0.040442350309108616
0.07550250568145893
0.04113827173499519
0.07108771182327714
0.04063952042989792
0.07384272279162252
0.043835462888346145
0.07304347300694136
0.0406606039567003
0.07614561977739683
0.03939049134806364
0.07426521119865434
0.04003138049274471
0.0748676628581965
0.043212898818305166
0.07247261702879633
0.03968271484330988
0.07071726948070715
0.042677650270868187
0.07439028437896443
0.040903876390569555
0.0751063817352497
0.04052014696312023
0.07028381979416592
0.0405261190506903
0.07445078421190794
0.04377918490185204
0.07235942733268244
0.040785826352809015
0.07597397499447169
0.04014182738484302
0.07455357672611362
0.039975784036563766
0.07468482675255586
0.04278098004214224
0.07289779080832032
0.039718261946989374
0.07044569674661758
0.04305232134489955
0.07424812599199215
0.04131905738162064
0.07525402180138906
0.03996647197421827
0.0695055037768355
0.04030104745651748
0.07546545331886548
0.04364804318860916
0.07200116815987746
0.04089881240421538
0.07565147269407783
0.04095043512725377
0.07501376446724806
0.03985547388761486
0.07407314330586376
0.04230196413052454
0.07333170512549986
0.03949306348011988
0.07086670004428967
0.04322508868336495
0.0741909316674436
0.0414842519692349
0.07515502688908043
0.03966224265318606
0.06906709976300006
0.040252350913246686
0.0767126485404385
0.043545565823603145
0.07193567299493958
0.04107744308917572
0.07478506092464297
0.04202341738629936
0.07554547232101055
0.0398324639929608
0.07350180794707101
0.041409790801658804
0.07392373482646598
0.03932519944789117
0.07155835434770721
0.04352833023120073
0.07414026820643489
0.04176086163795159
0.07499239292709824
0.03968404322809051
0.0690258288461241
0.04016285595430647
0.07780862381919999
0.04356818870022262
0.07204155436225605
0.0411473977914882
0.07382181352757035
0.04268302634159717
0.07626051511222072
0.03990731217238637
0.07354851418001679
0.040319146099847054
0.07498616508592945
0.03937248300699804
0.07241803395178333
0.04358124903728949
0.0737530380371495
0.04198316133683912
0.07514135443749857
0.039967075921382864
0.06942977739495018
0.04026138847781996
0.07786687360296671
0.04354984760291311
0.07262988768744685
0.04090578934187189
0.07325406006640106
0.04321340329051211
0.0765722176000541
0.03977046987902119
0.07379380349388583
0.0395324539339861
0.07516503102746015
0.03954414994356071
0.07273116372621018
0.04355758383220476
0.07339633513958421
0.04208221219007952
0.07482453364702668
0.040407687710245534
0.07021942169766512
0.040050266521995524
0.07763040978856589
0.0431047424777628
0.0730648911888242
0.040790002063985836
0.07279932001926484
0.04385522995719063
0.0760105862675333
0.039647530657856464
0.07406972680514338
0.039108597861171594
0.0750308980710782
0.039813046385147044
0.07314353431982626
0.04360910875404049
0.07290361652464322
0.04157956607609388
0.07394509949097916
0.041099084685134554
0.07120603662356771
0.03985578353035618
0.07721141187761237
0.042481211654435504
0.07322328317877771
0.04047860817458214
0.07285402498792352
0.04430437133163588
0.07518763507306638
0.039696505189900665
0.07463925853261259
0.03882893069106089
0.07462482362658059
0.039961895515057466
0.07392024209941846
0.04359632830524501
0.07242475107420512
0.04076838777993943
0.07315920732768744
0.041457636479087345
0.07205454139439568
0.039967294659102634
0.07674238103212024
0.04206180257877426
0.07281300035975942
0.04048757175823081
0.07292638122133287
0.04425867823809671
0.07430958235934586
0.04008107346118756
0.07548273372202736
0.03886654514211288
0.07423196716680726
0.0400480193536346
0.07434904256944058
0.04360866079822118
0.07216039142042335
0.04011392367994313
0.0721570253008431
0.04178843871626619
0.07321670830653844
0.04021303929168277
0.07598570590983057
0.041633323948747206
0.07184260517467124
0.040683920110642174
0.07321571836506009
0.044029840543659694
0.07360807433116129
0.04047772632845919
0.07586349485686046
0.039050279859025684
0.0742166455289426
0.040096557188334554
0.07456928751044446
0.04341771285938747
0.07225993655106755
0.03974371623332035
0.07122607103918574
0.0423618237650669
0.07422131239522876
0.040531029766216115
0.07540806224464461
0.04101830470231379
0.07091680284933548
0.04060182291848219
0.07400961442565213
0.0438113474097008
0.0728722883207302
0.04071159863034511
0.07619646518707625
0.039525240303971865
0.07429745481589381
0.040035130323057985
0.07486272413956402
0.043124144744661516
0.07250659527924515
0.039698319106513114
0.0706042604424505
0.04277376796914676
0.07443009539958508
0.04101192707920123
0.07509202140482736
0.04037973579480435
0.07011385526389934
0.04051091071881402
0.07462422862124203
0.0437869495212589
0.07225255067640024
0.04083102250412717
0.07592490159717852
0.04029524552690464
0.07466651099580124
0.03994278834664798
0.07456357341330107
0.04267560443518284
0.07306878664833852
0.0396708435467414
0.07047618895780154
0.04307191309489189
0.07420346601743673
0.04133430888971612
0.07527744235854437
0.039882350917585074
0.0694024391840068
0.0402688980490163
0.07569969110058797
0.04361941657122209
0.0719863645487429
0.040928838773213704
0.07558368620794269
0.0411632875031536
0.07510688078238949
0.03984897456483976
0.0739127403558418
0.04218887112466618
0.07340508251533188
0.03942388782442372
0.07098676155929852
0.04329626630428227
0.07422974848872435
0.04155693764349799
0.07512082784317038
0.039635114016528146
0.06901080888399737
0.04023724303676492
0.07694763459404491
0.043531219562619204
0.07190731355307224
0.04108892023401411
0.07454086342691903
0.04221711818429628
0.07571645710529448
0.039835622950106814
0.07345624003022248
0.04116837549209698
0.07412223679423052
0.03933139590769584
0.07177159939806113
0.04358092616932693
0.0740628144148205
0.041831057884010835
0.07499859457361244
0.0397349832625044
0.0690792358521099
0.040165750228319246
0.07790202454561994
0.04355735221074575
0.07214054029091731
0.04107823158989366
0.07369026885665021
0.04277288017377093
0.07637283965745069
0.039912399941932464
0.07358255362272577
0.04012487970296086
0.07506713104409632
0.039414498362840215
0.07251410571278954
0.043579820623574385
0.07367331197675153
0.04203425652682276
0.0751594392031477
0.04003181360775737
0.06954351257332841
0.04026355788259066
0.07782243615997676
0.0435416154900912
0.07275823223008601
0.040857555855452095
0.07312512503328203
0.04334031392637131
0.0764778698208687
0.0397243168045222
0.07380422708322748
0.039417438032988826
0.07511855621192344
0.03959724465138113
0.07280775662407273
0.043559784008939985
0.07331148900106299
0.04201145595112925
0.07465657835393424
0.04053230207981719
0.07045262882151203
0.039993653892619344
0.07752619358043328
0.042953488761504115
0.07312024784341739
0.0407171029109808
0.072787457414668
0.04394561501367071
0.07588705091757657
0.03963007775754041
0.07418475520354821
0.039047744561702354
0.07495221760783982
0.03984672549117228
0.07328410357224548
0.043619272348713274
0.07277339056422343
0.04141979309768972
0.0737917199326081
0.04126393393087178
0.0713421030604089
0.03985337396487745
0.07717252981936308
0.04238542554833011
0.07321328732562356
0.04044642242656314
0.07286984745881243
0.04435949939521468
0.07501781441101521
0.03974908794934889
0.07478344832756549
0.038807170153955545
0.07450050688325688
0.0399727282367093
0.07399679103023064
0.04360049321472389
0.07234432557947654
0.04061746732518765
0.07295030558897214
0.04150327020591125
0.07228216152819514
0.040023348195120746
0.07661031421961352
0.041997879571565755
0.0725855508723262
0.04050661062348986
0.07296723813419774
0.04424836859316056
0.0741493390112393
0.04016879350865597
0.07564910665660006
0.03890093855695026
0.07419002923617359
0.04009395483753841
0.07443217007047778
0.043564501422078
0.07213416429588647
0.040004968336560004
0.07195444498327602
0.041891401330759054
0.07346644911097527
0.04025228165040955
0.07584028501863455
0.041512991209819335
0.07164023488194621
0.04070917649218391
0.07334869664707479
0.043971768283183256
0.07345792806064658
0.04054172513197973
0.07591574935893619
0.039112959504306835
0.07420558289789177
0.040067355338233204
0.07461637425693675
0.04335904499748005
0.07230897355086434
0.039703077470544475
0.07108111601588028
0.04246100696892494
0.07434641547154695
0.040609348603663775
0.07530827321959582
0.04091503261059948
0.07075982255596729
0.04057660924843671
0.07410642229916498
0.04380015109230192
0.0727059407035514
0.040723938875253024
0.07615950017417265
0.03967825208735295
0.07433233651357542
0.040047680091592375
0.07483680521115656
0.043024258998088795
0.07256939890326738
0.03970897637824288
0.07052069620476502
0.04287933429402723
0.07439391188991708
0.04110339568174339
0.0751090622265722
0.04025613679429078
0.06995186896404854
0.04045257048000097
0.07481864891824944
0.0437725192524807
0.07215694945124485
0.04087428643153161
0.07588960217814518
0.04044501918254473
0.07476618631462849
0.03992003243595928
0.07446828406359333
0.042571676867184036
0.07323903667323212
0.03961592698191654
0.07053688042983579
0.04309401645750046
0.07417584918087512
0.04135686901023001
0.07524004480196471
0.039815340137354764
0.06932435139413189
0.04024988075892092
0.07596182940025961
0.043604594052316106
0.07198546648658637
0.04097199634643697
0.07540326137070151
0.041391081786079524
0.07518914212114335
0.0398523427296372
0.0737829372870989
0.042054477171368634
0.0735048783197317
0.039372616902618944
0.07111095661711127
0.04337085295643317
0.07425231732488363
0.04162864885789324
0.07507663820229613
0.03962465757423059
0.06898768793977043
0.04021260626758981
0.07720549301078018
0.04352778255005917
0.0719054184916505
0.041095939438024726
0.07431901205263847
0.042354168095144175
0.075845986166597
0.03983866832253935
0.0734404059725255
0.0409393982409465
0.0743459387917625
0.03934246609705828
0.07196667242945798
0.04361114344859379
0.07396762298344897
0.04189245406357208
0.07502333649931708
0.03979453923116164
0.06914070110125545
0.0401800949768658
0.07793779964231609
0.043540317497083106
0.07224289870628102
0.041024937624111135
0.07358361033647749
0.04287435082046562
0.07647107766640762
0.03987867360042892
0.0735966528980618
0.0399460853424067
0.07511399566140448
0.039469426849776876
0.0726021416723235
0.043566382974175394
0.0736213286430507
0.042081229632196314
0.07510652987055952
0.040111799450131366
0.06968535767986692
0.04022705520048275
0.07780054852059912
0.043467370811375194
0.07283880645307331
0.04082542496359938
0.07299672747072913
0.04347574130424085
0.07635031332040265
0.03969445730200934
0.07383267797820278
0.039320304223163086
0.07507367325385438
0.03966829733237682
0.07287685126823613
0.04356976951225314
0.07323580843274821
0.04190099696579617
0.07445958034709521
0.040670091368386174
0.07068398746161376
0.039937852949308995
0.07743375289208207
0.042813164788093085
0.07320041653808151
0.04065879725912609
0.0727978177154832
0.04402697206487337
0.07571401515871945
0.03962710672454872
0.07428588448726892
0.038978498779886656
0.0748581947317642
0.03989565573698424
0.07344822233902842
0.04360111436519953
0.07266509381985696
0.041244589950334205
0.07365490639062337
0.04135682596794371
0.07149800951892543
0.03986522721622805
0.07712522146450564
0.04230200399162561
0.07315502922555883
0.040432153349722305
0.07289663380480732
0.04435955136838642
0.07483750889778572
0.039816247342984355
0.07495327750648301
0.03880228739470743
0.07439940408361832
0.03997726935379673
0.07409379519579376
0.04360459599285574
0.07226721109120259
0.040482659874582445
0.07273681497871608
0.04156141100505619
0.07249878436512779
0.04009482240241619
0.07647418600530374
0.041920820074823444
0.07238160126816841
0.04053560199641276
0.0730102607053261
0.04419253824705434
0.07400460698579386
0.040238886133418104
0.07571658829979405
0.038944299093598374
0.0741731324009977
0.04010857101385092
0.0744929175351358
0.04353169773510874
0.0721343611099488
0.03991358135684748
0.07173119499098098
0.04200529824133791
0.07370356999975414
0.04030424858107571
0.07572515850628443
0.04138604299101198
0.0714566629878276
0.04070263763869463
0.07349492112233244
0.04391150436554768
0.07330927212377207
0.04057463498905216
0.07598380239236634
0.03919491575323016
0.07421208268066766
0.04004670467002051
0.07468728933959196
0.04330831508377078
0.07235711938785082
0.03968260312317833
0.07094124595803628
0.0425292494897152
0.0743552958758898
0.04070292709021536
0.07521192160362081
0.04078827962914571
0.07059116181775892
0.040563246732550504
0.0742181599870122
0.04379146292534739
0.07256173288547255
0.04073508712683342
0.0760966464582344
0.03984913942613815
0.07439170331938916
0.04002794492081378
0.07481460764869924
0.04292800985892233
0.0726609470180158
0.03973856284428903
0.07046688431998797
0.04296316691605281
0.07435263592024983
0.041202406511977076
0.0751439671496283
0.04014970848704598
0.06977786492012487
0.040391840913091843
0.07503846140064091
0.04372879184493299
0.07208220110936327
0.04087092345629044
0.07580856861799806
0.04060970844084068
0.0748432701588588
0.039891916990564005
0.0743542278076789
0.04247852020479188
0.07326468973939348
0.039563537895481254
0.07062769602046835
0.04312915757591651
0.07416549405537688
0.04139052351411479
0.07521907425286203
0.039752938321376066
0.06922818984954743
0.04024402993575035
0.07621713352656292
0.04359914240739751
0.07199408425310043
0.04102825737688976
0.075215667805187
0.04160817910680866
0.07529526094733915
0.03984922469911511
0.07365804858350222
0.04185431574870361
0.07363096941384915
0.03933937477217872
0.07124499463578497
0.04343257621887731
0.07427470721175171
0.04166983260979162
0.0750331114701532
0.03963088522453771
0.06899780361661893
0.04018641862266846
0.07747378231758273
0.04353515214347549
0.0719300854247127
0.04111839037967229
0.07412015065926006
0.04246308429810641
0.07598174234111409
0.039849737213975
0.07345447188580445
0.04070603829953346
0.07457560965191526
0.039338321184914864
0.07213898696305623
0.04360171607248662
0.07387529061133541
0.04191953134722105
0.07506792373886177
0.03985979718671089
0.0692264083995379
0.040205888510875094
0.07791701735768787
0.043534065946037453
0.0723559052786664
0.040968781617097265
0.07347857338493781
0.04298719173650328
0.07655005248876715
0.039852715406950574
0.07364175954588743
0.039783347159198644
0.07513571484844185
0.03949173164199939
0.07265864500806742
0.04355303292897364
0.0735347179829359
0.04209087746501482
0.07502296134553738
0.040206799619208956
0.06985276596158291
0.04015510077014613
0.07777588665432349
0.04336920559674038
0.0729455416882699
0.04081000336798535
0.07289863478441627
0.043618248218614715
0.07623278883554546
0.039680979361521325
0.0738907384370339
0.039241421972011734
0.0750396157245298
0.03975717580029127
0.07295044636882364
0.043593740684111246
0.07313969904692096
0.04177586647457811
0.07426190867907069
0.040820655979558224
0.0709169650892811
0.039895903329909325
0.07734421038943774
0.042684126110740954
0.07319278226592878
0.040581511638325976
0.0728336081183831
0.044117777666459156
0.0755206912801011
0.039638707769656036
0.07441206706700138
0.03891026934083162
0.07478874593938276
0.039940938527963335
0.0736356047332452
0.04359234487228166
0.07258112805446053
0.04107999645128179
0.07352413090479107
0.041407726239450306
0.07167671908163127
0.03989135756658986
0.07700073340773941
0.0422083829230489
0.07307745926058722
0.04043582373765018
0.07287629009072973
0.04431139417653306
0.07463603092487227
0.03989789555350203
0.07514836120163178
0.03881436029166192
0.07432170565144144
0.03999270722212476
0.07420732421793706
0.04361952095030241
0.07221485616596282
0.040346504265558046
0.07253600806417576
0.04163179039160717
0.07273710877750339
0.040147191546188885
0.07631485945063295
0.041840632908696954
0.07216906033449347
0.040581929842724615
0.07305299283386836
0.04412654209353626
0.07387574422834799
0.04031255643065436
0.07576876352881526
0.03898643427450442
0.074181252174946
0.04010786594965926
0.0745168149465003
0.04351031054302737
0.07216102616605685
0.0398424267628976
0.07153186807557288
0.04212935294942222
0.07388573513547207
0.04037524377392566
0.07559454399394638
0.04124618478418121
0.07124571767159725
0.04067347527195388
0.07367567938026758
0.0438641100723556
0.07318017954712372
0.040617693177588975
0.07606747393542458
0.03929595378367788
0.07423429725376308
0.04003470331514576
0.07478192304568858
0.04326566735666212
0.07243341708721796
0.03968226185962654
0.07080926159948486
0.04260766032863313
0.07436848580028685
0.04081124308362478
0.07514065002706728
0.04064447956212255
0.07043209125502878
0.040536642754226346
0.0743345727412355
0.04378045188094273
0.07244016903097389
0.040758386628114165
0.07602313045390956
0.040020157155038996
0.0744753089202769
0.040009511837498186
0.0747980564877425
0.04284212607885943
0.07278108423245883
0.0397571361814123
0.07044305416277352
0.04302890773840218
0.07429429284267881
0.04127435781207281
0.07520393706388337
0.04004604139470404
0.06961296520414223
0.040336229854382476
0.07528764526687538
0.04368093621957973
0.07202862742278567
0.04088136183444802
0.07571555454704013
0.04079200408147495
0.07492806182691512
0.03986777046860526
0.07419464025608749
0.04239643927756836
0.07329202184922667
0.039518515562692536
0.07074848107985353
0.04317726603933852
0.07417257973031659
0.04143661164030943
0.07517447509595465
0.03969596245878286
0.06913601759332537
0.04025134719979886
0.07648891795807669
0.04356497864483985
0.07197736915033812
0.0410767248915529
0.07498686050160747
0.041839503770845804
0.07542490845429393
0.039838541766349045
0.07355959689999642
0.041611668384214415
0.07378316340510749
0.039324239244734896
0.07140765185289133
0.043492981795330614
0.07419642306912776
0.04171470291423847
0.07500223172494004
0.039653761705694804
0.06900689027407608
0.04016877968835086
0.0776566461972308
0.04355319794103934
0.071981341815346
0.04115734556464527
0.07394486458819827
0.04258430719974648
0.07613364314929942
0.03987574476857701
0.07349852439535967
0.04048550532435139
0.07481490037829301
0.03935068400294856
0.0723038282261828
0.043591055047810356
0.0738075373075581
0.041950309566808536
0.07512233852256842
0.0399206666015155
0.06933834250244665
0.04024309953924869
0.07789385848489226
0.0435385529624429
0.07249692352803329
0.04092709442268749
0.07335562591857483
0.04311112550216081
0.07660363665352403
0.039819107309306975
0.07371802598551866
0.03963720761802659
0.07514660410852751
0.03951463217010651
0.07268851891238559
0.043550394482187976
0.07347199397831232
0.04210905587498153
0.07491739284080805
0.040316538590085965
0.07004567328605076
0.04009252602023984
0.07771285572935312
0.04322484315084905
0.07302658004789374
0.040811395455706605
0.07283114913306918
0.04374655470470729
0.07611238576453293
0.03967187362574771
0.07397833997703407
0.03916964821221748
0.07502594700080992
0.039797096829444996
0.0730480721732628
0.04361114165450063
0.07300614949408576
0.04166221285303484
0.07407966279905716
0.040976680222229396
0.07109995979964402
0.03986796755421786
0.07726050479921151
0.04256669919017358
0.07320070091276747
0.04051726873523609
0.07286499295870193
0.044217790960821284
0.07533308831819797
0.03966493409342189
0.07454246493401874
0.038858454867546875
0.07472025551838658
0.039951517698206054
0.07379650783317536
0.043588755393177525
0.07250357183985319
0.040900733568989975
0.07334228388566774
0.04143026306543404
0.07187775446173074
0.03993173980646745
0.07684462744670446
0.0421220488727502
0.07297423788309351
0.04045740774109762
0.07288992303581994
0.04427670778255556
0.07444886975093612
0.03999390792690298
0.07532729428528886
0.03884342028219375
0.07426699537836723
0.04001905421634614
0.07427810609735203
0.043641801699302575
0.07218744205284085
0.040209862873906384
0.07233707070496107
0.041714108115438554
0.07299649236114462
0.04018148829928191
0.07612503134396303
0.04173584313226143
0.07197927814221049
0.0406454202950545
0.07312978316805788
0.044067091828239875
0.0737251873429928
0.04040124349738046
0.07583312822501596
0.03901407292849618
0.07421429474897276
0.0401014809603796
0.0745487908841499
0.043468886813197154
0.07221413098247947
0.03979080312090167
0.07135935290974797
0.042261087854034575
0.0740811324250987
0.040458474020012486
0.07548294335326775
0.04111308976192751
0.07105136535155543
0.04063102797718568
0.07387700146132449
0.04382963423355918
0.07301075194468003
0.04067242186611888
0.07615959417281734
0.0394158270802652
0.07427523170814601
0.040031426312768174
0.07487384014758929
0.04319467950161507
0.07247707821141837
0.039684561254308366
0.07069245711133919
0.04269600586781592
0.07439724985801366
0.04092857906364221
0.07510101319711784
0.040490891260104966
0.07024733591971323
0.04052499409996218
0.07448279004438173
0.04377990525627801
0.07234000128192393
0.04079385033434185
0.07596312006262529
0.04017378835939124
0.07457408462179428
0.03996840949434795
0.07465865059320231
0.0427664037062037
0.07292957966686807
0.03970741145842625
0.07044935545770793
0.04305595619254303
0.07423789409774649
0.041324761135053914
0.07526600252718092
0.03994838322586179
0.06948223824881052
0.040293607513223376
0.07550980252208954
0.04364124706357096
0.07199649424997943
0.0409037392319217
0.07563701185251975
0.040991461303172605
0.07503748001713688
0.039853396069970466
0.07403881539507727
0.04227880727978229
0.07334419441449566
0.039477881491709596
0.07089900110686911
0.04323823746757695
0.07419724390285351
0.0414975491212378
0.07515210451236538
0.03965551880610497
0.06905326311272254
0.0402510882858557
0.07675962703692348
0.04354183808932757
0.07192792871952441
0.041078451076582596
0.0747347298201176
0.04206580182407028
0.0755776900486008
0.03983214022807246
0.0734903830154036
0.041360803871798295
0.0739611989948047
0.039327241926049465
0.0715985687788779
0.043538048568807865
0.07412849153773064
0.04177372052541559
0.07499199486467478
0.03969320468738989
0.06903382242438595
0.04016252011619771
0.07783330587551028
0.043566161561620756
0.07205914321753501
0.0411323840694136
0.07379367816543957
0.042699965901951846
0.07628502375028651
0.03991299871380506
0.07356242694095448
