1.0252489330127323
1.0196519557693235
1.0101034105973214
0.9937217108075969
0.9514744673330517
0.8814371317977833
0.7810502996021114
0.6457554958315281
0.5149890012714786
0.3895780306799512
0.3164681781140649
0.2908842265662138
0.24707834744259397
0.22702325010699173
0.19672854179813168
0.17829460962603427
0.15787053750779814
0.14676521451371102
0.1335105769784068
0.11997269343559848
0.10953333411634918
0.10620895998104742
0.0991953080653377
0.09068911869338377
0.08554018425453427
0.0805948536013232
0.07735024315860932
0.06969888321996268
0.06404662056123997
0.062222079607206424
0.05761755575362088
0.05661847878345176
0.05277949915815816
0.05061246782136117
0.047789205131322544
0.04672483870805287
0.04703223544656444
0.04454569919288189
0.04011565538275173
0.04248285068282559
0.040803662758858626
0.03703467687232688
0.03826594937707215
0.035639700223932376
0.04017047193718596
0.03624092054341449
0.03859523147029192
0.036835837631605924
0.038115412247784294
0.03721938498688588
0.0350376781259359
0.038581689062795736
0.03789225905741303
0.04158955049793642
0.03824862078803651
0.044408687126792544
0.038680634585841936
0.04214280328807844
0.038744662410267715
0.04166137091923738
0.041498823440971326
0.0443570519874043
0.04356123059346365
0.043239562343555506
0.04848714812934361
0.04633074842573567
0.04715182528942499
0.04141850358686151
0.04857716901394001
0.042772895569273925
0.04570563563442788
0.04472359089859992
0.04770845275985194
0.04536214767856642
0.04935427991335575
0.04416253075683222
0.050612056287661016
0.04875858348474507
0.048731136717007274
0.04638397295955384
0.046231132191149826
0.04317664636273332
0.04965892212699066
0.046505613890967926
0.05036170018632578
0.047537859017800686
0.05080469921075011
0.04594373690886298
0.04999682787483091
0.047331929845644896
0.04856210868542302
0.04529490409856491
0.04798464699691113
0.04815189820093504
0.048697470966771864
0.04870521423060825
0.053361957981066174
0.0519868061860762
0.051386340083519555
0.04615361508088279
0.05366377457801681
0.044751286244758284
0.052705641882031716
0.050803408500450134
0.05106255799515925
0.04964989565229365
0.05167393509643885
0.050056472568449036
0.050319944520014634
0.05219404427329189
0.04937723522943141
0.04971169016506487
0.0495158788599671
0.051436276224713987
0.048758800154066695
0.049051816712059944
0.05112762671941396
0.05268812605241376
0.05170655398346108
0.051290110522157234
0.05086509984371821
0.04951788566014228
0.04865589494264993
0.05282307546248994
0.052143155099638724
0.05569071006228937
0.05036026545513353
0.054105875552644844
0.0560864510827344
0.05312539543980994
0.05302615004886976
0.05445302130028709
0.051924077380675136
0.049236405929784614
0.05275918073919465
0.04896104982056001
0.04802479529935096
0.04665477511851096
0.04951189850406425
0.048147784851202975
0.052617484271989916
0.048956490355136946
0.05197017533752678
0.049604800585927214
0.05192572384028862
0.048573562451688916
0.04894676295648014
0.048150155377602824
0.04717817378495167
0.04726228272004123
0.047949840766367394
0.048705027995025685
0.0510096267061648
0.051456610723285695
0.05323253040436207
0.046946131434434143
0.04716915972372844
0.04933082433588641
0.05188738428434002
0.04928755412835647
0.055076815252580916
0.051574284696216874
0.057547314893885065
0.05219137354676853
0.05637713732849382
0.054277347680089835
0.05633859836179451
0.05152034537073615
0.05159948568966599
0.055621959891578594
0.05321305476391554
0.05393380328420221
0.05476371855425301
0.05209574521194759
0.053050884015184235
0.050277638801878
0.05225061203193594
0.05317774994418906
0.05215578454947852
0.053139559433515934
0.05407897567833314
0.05263532597595446
0.0562745653172488
0.0509712567176551
0.06069665250764243
0.05148962669315488
0.05630275593991315
0.05216777204161954
0.05524416188472927
0.05141160124633296
0.050338941954491324
0.05039183267840087
0.050024178773434125
0.051788289612308094
0.04999619853307069
0.04890295942523381
0.050096700768645454
0.050243521491190254
0.05334001757700815
0.05226641656790395
0.05229894587609082
0.05125925227085665
0.05072706978970256
0.048799221712909825
0.0484305869762007
0.0464281418276274
0.047831699478373665
0.05254579547399986
0.05025566813891011
0.052328244682260876
0.05076096180224172
0.052458037407331376
0.05497713516375968
0.0516885706852404
0.05434065988854064
0.05286737415236785
0.05502490772575767
0.05389550858103168
0.05257004668619774
0.052608126348593444
0.055046030588377176
0.05189986426941102
0.0533291516930009
0.05177631944832289
0.0532367611874934
0.05422067412617894
0.05258238851672081
0.05450077601301981
0.050821344935301174
0.05402590207316866
0.05089126981723775
0.05119333658709767
0.05225587783209547
0.05313603096583341
0.05240832896465365
0.054437409176160224
0.05050328638734775
0.05546294298751317
0.0536785528984087
0.05256642976173163
0.05327925040957722
0.05809284811048917
0.052771574572412834
0.05051629258417249
0.05265386166508345
0.05077407003546866
0.05084951764150068
0.05143049364228708
0.04980839686664528
0.050843745194277784
0.0544553017407766
0.052556067490733924
0.052830835685141624
0.05618330956580325
0.05229460279985185
0.05365611908243312
0.05147026836529451
0.054074442929955606
0.05223865883089478
0.05314786542642452
0.05544134941453112
0.05613915229131832
0.05065104022345282
0.05287960648732655
0.05055094649681196
0.050685327987015194
0.051826432742534345
0.04869776693244499
0.04986031805803511
0.046173205579853396
0.05293381293408482
0.05006759278334409
0.051489240573781146
0.04873946940089148
0.05365410665141112
0.05121737175872857
0.054002259979363684
0.048557404545002285
0.050851916261202654
0.04984731698296844
0.05619846808185335
0.05427310110249417
0.04926555237672408
0.04890470306099969
0.0521365173427597
0.04830352572139363
0.0512344523824273
0.04912806448052836
0.05520186849939009
0.04936129284659923
0.05328143821439876
0.049964808964138
0.05228837630186698
0.05146249206095729
0.052382455479176325
0.05171601784354633
0.05495127918602335
0.05236269922181083
0.05273840404722804
0.050378042080649874
0.05167203218128408
0.05053340423296067
0.051787941373718865
0.05019945730674364
0.05255053297120693
0.05355783784148779
0.05104503569882244
0.054114326087330855
0.055159622022333585
0.05005802849125068
0.04972120946463894
0.05176352410123351
0.05604812063276247
0.05016183790102049
0.05281589881605907
0.051350238339974125
0.04957990886186027
0.05079173038381123
0.05151504261759245
0.047554138425113704
0.05153802488175994
0.04971465219878002
0.05273693529270945
0.051198017293961076
0.05557478233231591
0.05200127645263023
0.05274581285557353
0.04657080645790094
0.05059653350638031
0.05186381854302823
0.05371576117130525
0.05031502799761329
0.051941940571159424
0.051691354544243964
0.050523186195057065
0.05286069321726515
0.05153144517762904
0.05519437664527243
0.051489216023304155
0.051887162635451727
0.05076804984127873
0.05570551938994718
0.053226207383552555
0.05109803491036795
0.05247485401615626
0.0523665286777018
0.05066127441393716
0.050972212472884575
0.054358151144006994
0.05451663451561721
0.05324592464099812
0.05139693046586894
0.056790602967835606
0.05262746612730329
0.05358727837822299
0.0515845497545808
0.0562493913871697
0.052751625840083916
0.052047441399189695
0.05160740405877126
0.051444324664555195
0.0520772557856572
0.05391036074923623
0.05345034219387564
0.05590557734266911
0.05320660163076496
0.04952278768029269
0.05186641269869348
0.05255811613158762
0.05010773678330666
0.0544219327573006
0.051839929926046434
0.05460920591191246
0.0512894109609584
0.051089724899677696
0.05400899817252297
0.0529533115892179
0.056891153541831434
0.050086224946012184
0.0537384106289844
0.049289632119449193
0.05418971100928578
0.05105573620281807
0.05191589378493173
0.05086437699900025
0.05040295702881946
0.054408534356838095
0.049904419471156286
0.0514057743339026
0.0521508548806204
0.051803409509330434
0.051716800698134224
0.05068250844530707
0.05261550144082976
0.05372334021788164
0.05115852892585207
0.05415234153755908
0.05124115575084932
0.05465373107023294
0.05383149971558916
0.053362728304635475
0.051797939635019045
0.054107730315896156
0.05248818960356787
0.051434688753845374
0.05064617692593577
0.0534941280283929
0.04993781924873016
0.05503702501669138
0.04432805238676629
0.05265617301881567
0.05006987728441249
0.05166801546134026
0.04902740714281013
0.052021913931361824
0.05320870949257861
0.0508541578941795
0.05002047023056374
0.05193780844136474
0.04892375243904179
0.05264742941838389
0.050808195037349325
0.05025550978468945
0.05359058405776944
0.049849217747581595
0.05070326692290082
0.048031475822498275
0.05348203397435553
0.05039724393403419
0.05650000240535673
0.053838949581416266
0.04696390874539747
0.051194566769928763
0.054429359985087224
0.055942996204681586
0.05426648556264821
0.05050267696416641
0.05248293357553793
0.053348954201217276
0.049262724474960856
0.049582394230125705
0.05208668506583014
0.05031911083681761
0.05157817006295254
0.05402364117279222
0.05036694824735214
0.05461497761306913
0.05328122764055417
0.05100367026227644
0.05006366304211043
0.051647574357920965
0.05199977891102255
0.0563056096416541
0.0525423841251634
0.0517365049798466
0.05409169435926597
0.054487081188090536
0.051390975306787656
0.052602873547864984
0.049316168516153586
0.05508192039814446
0.052448041545531524
0.05392694446020731
0.05187834687142443
0.05518175200093003
0.051724309279279845
0.053839225470423836
0.05228342952681822
0.05505045645454837
0.055371824971876496
0.05498839606296481
0.05101102870877396
0.05137449248355223
0.054067473496526575
0.0514447290698109
0.0497190932936546
0.05355015320362942
0.051608071622152814
0.052062666746898974
0.051321915953694876
0.05096805798352256
0.04771432167041393
0.053218541360851586
0.04939998809638818
0.053773610470770526
0.048677094776192725
0.05415000170286956
0.05296904721765102
0.05354870436271495
0.05323010149705322
0.052042898248582534
0.053096228084864625
0.051751451808444905
0.04976223256228916
0.05099557013040193
0.052702523846653526
0.05226092316621695
0.051740861868792294
0.05389926502566261
0.05104867752851158
0.05349585004759326
0.05059869263668538
0.052842536529407715
0.05456489386649822
0.051960475400437925
0.055044723908817754
0.05016397717758394
0.05081209178228728
0.04864496053137327
0.053184327690879996
0.054173213573900376
0.05047142670127589
0.05084820392312362
0.05321333044023102
0.052878381011591015
0.0523546573520398
0.05288120197360333
0.05810092985448409
0.05447342404263815
0.05240436159194684
0.052824200776891074
0.05384659819138972
0.0515921344333603
0.050994254332982866
0.05537017233848406
0.05396340173042256
0.05208797730253244
0.054141649028767634
0.05109453165606628
0.04918418247338404
0.056750545543820675
0.05285621484707601
0.0510270091612509
0.053430577426773034
0.05266907673065982
0.05773217738668257
0.04831054337251837
0.049528004373037775
0.05306988416276831
0.050229534152221755
0.05460645769674222
0.05468236494507144
0.051780194512861435
0.05371045447342863
0.05325352713853184
0.05606002875841236
0.04798496244114685
0.054558358267170926
0.05094569512509599
0.051839230767935625
0.047908054351203336
0.05484324695872326
0.05237309244719262
0.04747361970201261
0.05149870732435526
0.05232427604405652
0.05215886302026999
0.05009174108963316
0.05265360864621358
0.05129003069286234
0.05064996113733668
0.052256671314231264
0.051503096106436046
0.04894788101905435
0.05144167369197452
0.04922798623255991
0.0505626454010516
0.050912243810842764
0.0523147507515306
0.049520576514194156
0.04930458121670654
0.046034421929819
0.05487398335651958
0.050149651791842095
0.05343765499906719
0.05039530510617124
0.05133413180388436
0.049816353226492686
0.05014197512808448
0.051844788787102934
0.05198039676093947
0.052160684195967415
0.05165208769114309
0.05474422728696361
0.05266737688279544
0.05059238601644678
0.051507250051106124
0.05341928055236909
0.051794716787193384
0.051191994208131864
0.05393741925885717
0.05262619482287909
0.05374206574613031
0.051069283066232284
0.05151940395251101
0.0504610580674515
0.04925019407765343
0.05055206564275946
0.05170389605364294
0.052269540080850496
0.05277850201401047
0.04824471241327186
0.0529909553879489
0.04865387086496106
0.05541702777261071
0.04898443462678522
0.05199407375199762
0.05146643404979022
0.05090703348387507
0.04994384966265266
0.050677770379672415
0.05002314515999888
0.05213337977728678
0.051913750278273794
0.052752785149561505
0.049440905407839845
0.05410461756660815
0.05300872136871205
0.05458476189196926
0.05074543447382556
0.05206138095525738
0.05049141598553971
0.053687103349922626
0.04939532393872114
0.04792552383328031
0.051287923521333496
0.051263606155034024
0.051521232476772
0.05193683575124305
0.04896973353072742
0.053009137762743325
0.05384045608009677
0.05275395516103288
0.04850876255789608
0.05046080557632184
0.04849711088531693
0.05030234281467652
0.04788314138899427
0.04953962785092441
0.05045910669534388
0.050254556608634156
0.049418523630491665
0.053545588807237726
0.05070894754562253
0.0502437056498125
0.05507978745713253
0.05343847978955137
0.05526835433216061
0.05149001106904643
0.05318449152137752
0.054906664058919245
0.05254198512363151
0.05276655387176771
0.05323337183629852
0.05504825398022949
0.055216488459700175
0.05332932806974268
0.05279409073783454
0.050545818554664196
0.053396150349029885
0.05294030410424996
0.051465979579626925
0.05191427946431119
0.05200442092611324
0.052727570311305025
0.0526404087547741
0.04975381574501119
0.05088008086822854
0.05539914132018461
0.0545806999485867
0.04951173901067638
0.053947008954536954
0.05076305799327209
0.051559569150779305
0.050089314142478025
0.05332404863033128
0.04950238767393098
0.05614536129441176
0.04943777716115347
0.055113269210397685
0.04612387036149271
0.05420817268351273
0.052645824386614304
0.052945539872375776
0.049696385611415185
0.05224760859464668
0.050848712556903
0.05194203762607763
0.051616472761030686
0.05399652481073512
0.05053488333599047
0.051643645946758986
0.048020450584741435
0.052030901235763226
0.04908277667357215
0.05043590703941066
0.05063076276307016
0.052035148016423886
0.05180131952358442
0.050970490306602445
0.05310130674262637
0.05218073297267521
0.05266410264839452
0.049361352584398416
0.052844104251496146
0.04793551027233119
0.05181023495926557
0.04925383073054625
0.05066924787225588
0.04959154551441878
0.052676255056051426
0.04989626350451005
0.05131094671027034
0.05010395704539637
0.05157194803122707
0.0488573461050419
0.05276000385501425
0.05220064690073648
0.049984346575172485
0.05042678801104992
0.04881138401796334
0.05455520345070191
0.050735731596557414
0.05241304538121932
0.04857073686645708
0.05400401564680993
0.05164787369400974
0.05173387850873049
0.05099940740175915
0.05174171666833728
0.05261737973570936
0.05244864640961904
0.05187197537443259
0.05240756411835434
0.0522794183614535
0.05227425596399499
0.055369957605368475
0.051182950761742126
0.05521089214422537
0.05298322502291357
0.05512045693152841
0.05141936591069457
0.05105113092741752
0.05099318107254069
0.05054654121662691
0.05073806079819445
0.05394964390763652
0.05477827572576557
0.0520284491113432
0.052790190936977684
0.04994561643736642
0.0504151434662719
0.0522049696548921
0.051743306751194144
0.04728783217383999
0.05211180386462016
0.049151894750734226
0.0533685723642529
0.05282815240566578
0.049641504340533875
0.05245007963508735
0.05268187442026194
0.05217913125860999
0.05271635271241932
0.05270572069261159
0.05063757775025766
0.0511565201295648
0.05075381439850087
0.04701601323968388
0.0519254587075783
0.05085116567391301
0.04963299196085771
0.053539710519091344
0.05104235955573466
0.051680933947968646
0.05126446708590149
0.05157452231308717
0.05454471355014489
0.05048493185637333
0.05146410536730984
0.05292454453252818
0.05325647802850084
0.05111996508042281
0.05148247473963794
0.05047770830667094
0.052378601011887106
0.05038199537362484
0.0510057288192119
0.04924269343349579
0.05423976331961996
0.05064800082613473
0.053722499532818116
0.05092035884441291
0.05262505982431989
0.05131366523155292
0.05387808792285973
0.05268043861645084
0.05460681540179768
0.05211132613679513
0.05258332905693972
0.05294283210306662
0.051019395144712675
0.054191093387226774
0.05220705518179104
0.05357537500717826
0.04842023598811386
0.052436639003259386
0.05277113855437491
0.0516109840444764
0.052067583707930125
0.0496920555405257
0.05063310974921566
0.05205219237937825
0.05500778742900872
0.05249708606927443
0.04908678559933451
0.05078312058503814
0.0493798782580692
0.051078879464266876
0.05332762814463448
0.05280486563177719
0.04947920247495969
0.05228976691772074
0.054129976908556005
0.05168952651983065
0.048525424046293994
0.0524758882107449
0.05079596106399124
0.049790241462703354
0.050238870226227236
0.052615476342317495
0.05247521821207069
0.049600572069602875
0.049379125038108006
0.053643670868787505
0.052889992972117314
0.052361645673206
0.05203248566688545
0.052056529715566464
0.05062108518373972
0.049279916202615535
0.05486503836970846
0.050031466610427455
0.05310324086544837
0.049008026277740924
0.05180714710602207
0.05376607058895738
0.053699004594651524
0.054301755413570615
0.05327332070603709
0.05034003696497554
0.050693108297605295
0.05406372376619188
0.05307715976002622
0.048590018676055995
0.0528879990268052
0.048637451445525316
0.05328959642243693
0.05124841564215184
0.05041465812835051
0.05219245005006826
0.05054912269749867
0.05217008001635119
0.05165924532931385
0.05003501451967779
0.05219822230247127
0.05142085986143327
0.05091001803108271
0.048520178754781595
0.05396289726806084
0.048969553298852705
0.05222309886337172
0.04846520512224675
0.05067848129048895
0.04842509337178051
0.049896665580984774
0.053542042148133726
0.05245070275719288
0.05151701726796971
0.05031226131216299
0.05383739761955456
0.05145215240364374
0.05391342170083176
0.04885331687924575
0.05539508048892803
0.05335942349746199
0.050914342232439555
0.05246974955288898
0.052465673155988324
0.049685525660274184
0.05081117996145657
0.050116662736540786
0.0535360862338133
0.0488847734300478
0.050294059330914916
0.04878096263226574
0.050259023917358196
0.05275064133412021
0.048822992673422924
0.049579445907413075
0.04959437893906707
0.049613209931879135
0.05061619746262554
0.049958870056856806
0.04970711492471081
0.04928897638401053
0.053073048695216125
0.050586706409707964
0.05442056985352243
0.04960288236427971
0.051851492968372874
0.0508568514156156
0.05246745944183873
0.05324331286071436
0.049296025601096305
0.05259477587898212
0.052846938911824036
0.052490252369354846
0.05376011857032437
0.0520784314631699
0.050015232574302806
0.05235381605606149
0.05012777790552931
0.05068251810570476
0.055715219964439996
0.05107085537053627
0.054048327350725275
0.051924473283494615
0.05315920249607214
0.05160180254293391
0.05256772972397145
0.056744348882636034
0.05343759934299176
0.053359411101604554
0.05286829464630704
0.05328036568998395
0.05588441018081445
0.05169066437528651
0.05079022144720297
0.0498215995053516
0.05238574198943725
0.05224090316667284
0.05188885167047409
0.0529804913201211
0.0542660892830832
0.048188011426458725
0.0532052856991867
0.04855729808746698
0.054090882383388814
0.052184511101220604
0.05461340953722888
0.05389172113372782
0.054780484131429136
0.050905282871238425
0.0555672747373373
0.05234927287895104
0.056696603776962916
0.052798138492342224
0.05244276389565325
0.048622847509615326
0.05397012935564128
0.05068400037423336
0.04915875430508056
0.05156284194300581
0.05192029415496667
0.05142254457632365
0.04966059362103531
0.05118113179526149
0.04893356415871541
0.052785406054916446
0.05054695970927734
0.04838046212057557
0.05197520093343466
0.05599966094425826
0.050707562073361113
0.0498723491858267
0.052789051729356606
0.05159714893769109
0.05240557058427876
0.05113825588448992
0.0530063183035904
0.04941186984548292
0.05036533591755109
0.05309407979079162
0.05300134045081894
0.051838754308524145
0.05064046132646288
0.05225129142664672
0.05225717680358566
0.050449113384567916
0.05290759184294897
0.0515982588518041
0.04930571933783784
0.05133816668842742
0.05187501304197066
0.05157977859529264
0.05034448112982328
0.050822814223760636
0.051191606896849914
0.050956615379148425
0.05014384993402678
0.04989704774858729
0.04874542008416214
0.0488721800121092
0.0504396713475706
0.0513505692782964
0.050305047108334715
0.05407214707185245
0.05042721719751822
0.04980299291568629
0.05242192439199262
0.05350093074836861
0.05172783759612697
0.05316989177148421
0.04928285177724966
0.05290584190836802
0.05114761680307774
0.05082322209171642
0.051607492391810623
0.05372935304236865
0.048368025834362796
0.055884757665880275
0.05104919894910853
0.05467483270924694
0.04841490628861465
0.05128682906393421
0.05196613595879988
0.05300012193552827
0.05001234148760029
0.05031355913085042
0.04821798819283474
0.0501210105250748
0.05014429972945006
0.05154300247434457
0.05246016893618734
0.05053029456057065
0.050402356991372216
0.05360501285509172
0.05206748907923022
0.05045690256721679
0.05262116626434104
0.05097106089203663
0.052644439534099884
0.05061751365374572
0.05277350876005817
0.0503256247102115
0.05209815049327388
0.04839710745259544
0.053856678739269935
0.05178626523769203
0.05125093069110159
0.049997433224681136
0.05192655992116809
0.053242341417668454
0.049367572344046276
0.0497756385361028
0.051292081088832715
0.05169262859074108
0.050720482711688136
0.0520722175091835
0.050875297556281875
0.0551657539100605
0.05089805823682181
0.05580264143734867
0.05240758467352223
0.05032173428299375
0.0517012680726594
0.05265485166781294
0.053504489486676916
0.04857358896669469
0.052600385515962376
0.05020525179032429
0.051694063284180324
0.05370044210524315
0.05022628534582333
0.051727104379825514
0.049115899541786585
0.05083224115777394
0.051650330585183306
0.05187634498090468
0.05143987208943878
0.05088481576657413
0.05326024509787423
0.05360308682400547
0.04964165421745125
0.05130839831823641
0.05277306142188511
0.05339993177575353
0.04903354499815708
0.05245222046806746
0.051012312901924525
0.054780264370462774
0.048764474550955096
0.0542903301599175
0.04823459024795833
0.05473281574083287
0.04976869500124085
0.052211077812805345
0.04930375507021289
0.05137896803133405
0.046541026497676906
0.050736932464033345
0.052704584780540895
0.05361453464819717
0.04869531735282657
0.05275832805836815
0.05000253824387675
0.051378650812511875
0.05137686767529295
0.05160124100049975
0.049055077008235436
0.052152321023418054
0.05002529250389212
0.049675378220597706
0.05283669575060062
0.052700618504654156
0.052689463476186284
0.05162668180819326
0.05274891340308291
0.05467403499917127
0.05056180935608409
0.05340798744891328
0.05190061843857545
0.05089310504098379
0.05417719086087127
0.048758608166152996
0.05047013310768794
0.050075455709939085
0.05185162949673608
0.05191554973252332
0.05072517505813428
0.048374381860267796
0.051255426347136084
0.052022204297048714
0.05461771862904147
0.05189779762132656
0.0508454166506642
0.051871390831924456
0.05436279216036029
0.05155486443773648
0.05041283386392418
0.05173715534204516
0.05000428085322931
0.051511153982629634
0.05196270831141323
0.04746560627965115
0.0508865633311374
0.051832309244824244
0.049441861990877974
0.051510011362528446
0.049892173062218347
0.0523722628159275
0.05023242888377095
0.05301221082244598
0.0520431322931148
0.051755511326647456
0.05100758819223576
0.051567909534250986
0.04998123059922937
0.052171326596129414
0.05127092502829733
0.04712709786620586
0.04831797966095513
0.04915373526857207
0.04912668918824242
0.048797629095272396
0.049444320261337986
0.0509893251681408
0.050810927273989705
0.04902932670209043
0.05106399950953604
0.05206883403720826
0.05141596511661429
0.05031312917113625
0.05199182999218301
0.05213758491978104
0.051462337241345156
0.05114924864468745
0.051989647600657926
0.05127269458947492
0.05119884445004693
0.05277543662758556
0.0496752680088607
0.049844396783164484
0.053837797885163526
0.05329968212860895
0.053372672742785524
0.05079128202892672
0.049284291751010754
0.05176294578458445
0.05075655220257548
0.05233956548639348
0.04714494435490173
0.051286469677690606
0.05232447020752867
0.05347426170702384
0.04909561124980186
0.05329445603372666
0.049207126946231854
0.052379816650453194
0.05083059750587348
0.05410048470761752
0.05105789414339945
0.05361921328540679
0.049960069117808835
0.05165754309634545
0.05032957589096769
0.0543298308313324
0.05242311246149706
0.04999840148578701
0.052674070411802124
0.04918745891627517
0.05346315789778481
0.05248971975685679
0.05263566924817768
0.048182049440021156
0.04993104335376942
0.04880633227912992
0.04905198047031444
0.05387836236713743
0.049658670766292864
0.05101792514670814
0.05122932551386291
0.05083226369993619
0.05202833741035248
0.04803664922819378
0.05253197681210812
0.05122859146047799
0.052153879111313514
0.050625738578136216
0.0499852632563988
0.05350901713431692
0.052918479838622544
0.05007611950411194
0.052344550207669156
0.05147457540222168
0.051083001666713014
0.05210288115565621
0.05056787734341778
0.053506041584882896
0.052224468365316475
0.04874986249467703
0.05268504922019291
0.05555495845616436
0.049960719456600536
0.052268022400809785
0.05348479892159287
0.048728840469269875
0.05117608974747249
0.05221981100744701
0.04988667435447624
0.05104504644877744
0.051046168920094386
0.053338849793149165
0.050105489959161996
0.0478569130602156
0.05070073026147075
0.048626777966611794
0.051491340575148294
0.04472705571788377
0.04962446180069055
0.051163109033271856
0.04897380754770398
0.052073585945214905
0.04961094411791494
0.05511988730872389
0.052966196258120594
0.051879479595602865
0.05297975940156394
0.05038166174780507
0.05133908444879859
0.04991483767059559
0.04971088020124362
0.05247073431351567
0.049153367441090785
0.05356634079027887
0.0496306751817532
0.04998129356951889
0.0487367318178376
0.05128852705612638
0.04976711328873237
0.05201508216403118
0.05150592700087996
0.05384820948674988
0.047498569624367756
0.0523918692873192
0.049581014368167066
0.050270905640228354
0.0500051723793516
0.050285207054270274
0.05088353907749785
0.050931414079532306
0.05308512247190681
0.0517428112895294
0.05060227314640433
0.05034191168312302
0.05272014156762845
0.050151085394214305
0.05131020499571887
0.052010607618427976
0.050634677067759065
0.05009678387620322
0.05108948459909733
0.04947763449606462
0.05351306855055429
0.04908118429270604
0.05317979000423179
0.050887403450863775
0.05100846821905069
0.051260846109908643
0.05111912818505726
0.05351225178225341
0.04995588227465485
0.054021941755841255
0.05037725313805604
0.05144610853922143
0.05056389314977286
0.05668694752573846
0.052624547974528126
0.05517046715723456
0.05030352259663849
0.05154595948223988
0.05124433649738236
0.0536985397815851
0.05346039470325529
0.04981800278804829
0.04818773142485799
0.05065108280328622
0.05139298379068379
0.04946377919818817
0.0501744978309755
0.04980275423796934
0.050595829885336036
0.050406594606972076
0.05267594568920811
0.051690922606126254
0.05225433556576357
0.048473484373797775
0.052524182062511644
0.052314257448244895
0.05179945619466472
0.05387371960356936
0.05129403100959306
0.04968726066019966
0.05035444944668587
0.051168736490521616
0.04944186552311832
0.05124099670113065
0.050219308802128874
0.050915576299997385
0.05216015562001282
0.051198892465869485
0.049736459097156134
0.049637096278599226
0.05464143036394422
0.04959087171253323
0.04993478711542343
0.048483483975177856
0.05068796891581939
0.05272410217240437
0.051617652038174755
0.05089532676166968
0.05097100578939424
0.05458731975625922
0.04942290502405747
0.05218733289622905
0.04992409355477582
0.05141309459037157
0.054141124220031527
0.049954785232898674
0.05077857347848152
0.05198982127178689
0.05146237996558361
0.05129988983904879
0.050353373450098625
0.0496714446718481
0.050485120760001084
0.04979014570984309
0.052428436577070615
0.05427918566671783
0.052479026619946585
0.05198837711313925
0.0547488993643782
0.049500551675070226
0.05323308886689456
0.04940684020082181
0.050194818291415866
0.0485325780590549
0.05261989559036161
0.05104232136801616
0.05241206408813871
0.0519949255691862
0.05062554800364357
0.050486109141482924
0.050704047431188025
0.049700153539946494
0.0543940746006376
0.04696628145988276
0.05274148769708318
0.05097719317665179
0.05305081628349773
0.05010950746258186
0.053121919255635905
0.05216091669279122
0.05032908504038918
0.05173004373486637
0.05183145760760277
0.05001186300907032
0.0545023494765397
0.04940398080988586
0.048104067882523076
0.05083246502878335
0.050815380335664635
0.05271322600412599
0.048378465969220956
0.050520961589115974
0.05332374747447041
0.05301348010756815
0.05260888705136138
0.05388344798533574
0.05059264680869837
0.050460272953097976
0.05049933845634147
0.053060809150884
0.051042629488094696
0.054476849480018325
0.0514480132590109
0.05005133683630858
0.05327481951555161
0.0506999026241527
0.05448147239333915
0.05075601621496137
0.052615484447083825
0.05462993599493762
0.051116872640828065
0.05148193398562239
0.05413142376825093
0.05087239333166593
0.05081131116184687
0.05303511217982782
0.04899426662081535
0.04845495729415359
0.047326235922216846
0.0516007102603195
0.050726619196693815
0.04998424239395244
0.051842959402878974
0.05392106122765462
0.04891422027315038
0.05355526171671347
0.05079852382086362
0.047871101236608975
0.048864286470377376
0.052049280649572885
0.05125397443606009
0.052442694137363056
0.05239807258539461
0.05054320927427555
0.04720528820070288
0.052581799820007054
0.052099642121778304
0.047995835764413006
0.05407042394024313
0.05261984386373139
0.0500543100261475
0.04889994455004339
0.05205475165856291
0.048067547496124435
0.049297679181762755
0.05263974286397884
0.04992778736339505
0.052451436854331304
0.05233625336604904
0.05281545046493323
0.049865737448169564
0.0530954702466283
0.051441251509316124
0.052217286112498894
0.05380342375104293
0.054128280986468554
0.052955225635150524
0.048137575966484526
0.04899561821910737
0.053003215407566
0.05141497503868701
0.05491673450848604
0.05264208279013449
0.053359110836681725
0.049744324960910885
0.05068835609261191
0.05166686217728602
0.05208160285849679
0.04979601856818623
0.05228370761208911
0.05103304347645529
0.05037842392301066
0.052285839891100735
0.05300917596563439
0.0530449607192446
0.05014937108809324
0.050966159354096374
0.05386976499147072
0.049252323020946155
0.04983029553849417
0.0520041130562144
0.050627734404553926
0.050063836134590214
0.05130148846907264
0.0496237085496202
0.05227514567484016
0.05114993162583182
0.05253496075377633
0.05229394269633369
0.05195397848709167
0.048850510896773225
0.05142987776879258
0.0505414178573473
0.05292274555976487
0.05373795658435551
0.050742626657908615
0.05492523662400437
0.05168829196496113
0.048909895673912594
0.04873369314735954
0.05084335085771883
0.050052750088742166
0.04749788917140813
0.05058650292999264
0.05022628924286057
0.051860417733155646
0.05167669356259423
0.0529660361115654
0.048341683125893264
0.051745432038783845
0.04884683643884581
0.05090163953528859
0.04865933265557682
0.051164644053445
0.05207783978842865
0.05259920149731569
0.05036766746010813
0.0510948396860852
0.04804152312187702
0.05050063894678056
0.05027344634428814
0.0526895538917609
0.04936484957627943
0.05535104762161918
0.049661535401102956
0.05385901239372301
0.05297050024797758
0.05266762837967449
0.052523210924181704
0.05260993041161678
0.05216041883273491
0.05322379957363229
0.05341950172188827
0.050301627905345786
0.0496403239287156
0.049531444859727464
0.05385156871410986
0.05077560628830127
0.05243833190242973
0.048749968249599575
0.05424955843433086
0.04838079816670896
0.04957579267951213
0.047364045208921804
0.048116907668033504
0.05185371106832447
0.047133781693803015
0.05074229877885595
0.046429338165570454
0.05429500611544142
0.0496197839772674
0.052534340357785904
0.05128825619147329
0.04859645020499499
0.049314161735904784
0.05159283435081415
0.049293615417105974
0.05303810888496382
0.04900089844881651
0.05359733079840906
0.05158491787448215
0.05223279289591602
0.05133198337607324
0.051845482319309966
0.05523658526266414
0.05169260415638547
0.05159400344175495
0.05063433731469353
0.05056947594445027
0.051972614455905515
0.05219634494002785
0.05050008488557471
0.05587555252213806
0.053236052407233975
0.05412781568361618
0.05012839714101172
0.04994133198166275
0.04606353919715041
0.05329202711101077
0.05234328089757227
0.05432032619478514
0.052810357015421173
0.05100001728361778
0.04897202995274839
0.05277701100972813
0.05337602840091433
0.05008848774689961
0.051512195914690535
0.05205843325572687
0.052856792696818096
0.05100709544143536
0.05206993259042833
0.05338456088174068
0.05145718093199203
0.05289069507378617
0.050583843133255216
0.054146189771157704
0.0477416910810305
0.05288436201623572
0.050222852880612276
0.051852160133426785
0.05049359785827677
0.049318683532625515
0.04832554818496008
0.05248975584284098
0.05077918813262115
0.05139241816768277
0.05006503408321162
0.053540079614626694
0.05340660309658262
0.05032117669911267
0.050139410144453375
0.05169379992947125
0.051848976989419274
0.04936678314156543
0.05106761257459316
0.05116210958189185
0.054208126272148494
0.0510008016530922
0.054676938260723416
0.05136306175187339
0.055392764915694774
0.05371355354654572
0.04997107482719031
0.05156191779750649
0.053686255971963644
0.053141490661486525
0.051264352648080456
0.053723398120855706
0.052814942475819464
0.0542224103283505
0.05358959471638647
0.055905816747041655
0.049584026264220885
0.0525256841632292
0.055867859434014566
0.04914250392448987
0.05273607423925026
0.05106698305849823
0.05359533136368199
0.048105125867026303
0.048561597349191576
0.050827880173640656
0.05058602144849502
0.04819144492654444
0.04869203893746736
0.05046184818365791
0.05175036430598967
0.05199886345691192
0.05033181625298888
0.05177679577906445
0.05011427446294842
0.05270317531360375
0.05102265538383077
0.0506871487448757
0.05183408650099115
0.050488572836420144
0.052979685653205155
0.05038610434078842
0.05350199576293051
0.05269051731942082
0.05032694056538252
0.051612787485787286
0.048702322967212434
0.05200119534078856
0.0483484674519811
0.05136210144374473
0.04833557224774624
0.051190027961473546
0.05065518540121668
0.051909031792872595
0.0494861721419203
0.050769265629760224
0.05174455859866099
0.05090370285518066
0.050833453918168764
0.05470136093350338
0.04822466284074103
0.04923261571872267
0.05036990662866825
0.05167941922070404
0.048020611483238024
0.05235401984533187
0.05006233519867107
0.0519177993315664
0.048358440779536424
0.04790805548294228
0.0479162213585752
0.04861738452686884
0.049445705407630394
0.05269636996230796
0.051341456332725285
0.0499405569854227
0.05236296989885988
0.05173300947893787
0.05350031081078703
0.050169773187414723
0.04852845911908198
0.04802476202950625
0.05129443382691766
0.05273589227872527
0.05130635317014178
0.050923948799725276
0.05299022866021116
0.05255684660146202
0.052357504757737885
0.052109719567233787
0.04932099934086356
0.047921706630590866
0.05111793868252788
0.05084132834591349
0.05511721358376118
0.047577856249297765
0.053811232181007626
0.05364351141290721
0.05142699060065759
0.04911735948971722
0.04960436273309379
0.05354899075422775
0.048892217944457195
0.05116836690429809
0.05171406401581416
0.050690871094533074
0.05322113620969143
0.04989218694261173
0.050493735196348054
0.049602986220672746
0.04874372593331598
0.0507419087006528
0.051522065055637965
0.052496632874616964
0.05079806746362889
0.052393144052301624
0.05366918853301654
0.05151509839139067
0.050893351070613754
0.053493327745106935
0.05149382224722478
0.05359361182272445
0.052001091632125365
0.05035599471838149
0.050137908699913004
0.04773640075411628
0.051147009408128705
0.04998129559035188
0.051388763863219375
0.0500561287779304
0.04984292679182289
0.05202035030515488
0.0472666923876847
0.05026853870903422
0.049424667364958395
0.0503460328007893
0.04679715821745063
0.051592319695579404
0.05295965656320893
0.050241999660793485
0.04911572584897026
0.04922981235645161
0.051462390379427875
0.05186578192991271
0.047900950311003936
0.04996451833076184
0.0505549890715889
0.05035788799323606
0.04876608005958462
0.049896771716447415
0.048970274219538805
0.04865391610739489
0.051900136855149825
0.049024877061203606
0.05353122271595663
0.04925879900642918
0.05016004754858183
0.04758836632014799
0.054874581569517855
0.05057380071060707
0.047538073094070245
0.05084145186912118
0.05303495187870057
0.05152191260935196
0.05036052407535212
0.0499311360090676
0.05147189346428186
0.04958717438331622
0.05410010162018703
0.053786146320200574
0.051865373098362984
0.0514189586827295
0.052661119142594276
0.0527214607893923
0.053374198501697
0.055935525351709925
0.050984877370990674
0.05117764180536224
0.05299296739039492
0.04913584330097418
0.05186198781654302
0.05326689006495822
0.053077542634565086
0.054628031726547704
0.05307293943499151
0.055466784874887216
0.04950966574001269
0.053187530514263635
0.05289505120158142
0.052469068808474614
0.049775467846762095
0.05467285379765456
0.05201939993729693
0.05029303623398391
0.049267910524307436
0.04864169712988347
0.05099541973731842
0.05166013636868793
0.05166581100911147
0.049551312391492464
0.05365862920882436
0.050293082458029485
0.052427142626692895
0.04773520762061655
0.05119683034742087
0.05312942302709379
0.051753189989418386
0.053766235829024504
0.05008004969249861
0.04888605149506685
0.04982346572356382
0.055077618433365005
0.05033310286154249
0.053892127520761585
0.05196675387952497
0.05075036649698795
0.04858471124929146
0.053739072944855096
0.04997722119142781
0.05071695330670933
0.05021564315478485
0.05173321572917191
0.052779173558912484
0.049034538769358094
0.050934651191110486
0.05423150031688678
0.05328302745457446
0.05264840755159256
0.05000957791904945
0.05308758652181402
0.05029136212579738
0.049642714598663505
0.05155596925014117
0.05154488989035636
0.051560404123262876
0.05026573723729194
0.05162640916285021
0.049593303455802026
0.05086455411935799
0.0485342411934567
0.05231371166779751
0.05537550496382056
0.05214789083039826
0.050290112282830854
0.05248470639400141
0.050058762072836875
0.05300510279331183
0.0495347200361072
0.04713143768226264
0.048515368654433684
0.052450791977162105
0.04885578158367525
0.05000657550745244
0.050086973899548505
0.05308471130782643
0.05243514713164168
0.050946320103738854
0.05390699930159883
0.05138917166195551
0.05310721063465707
0.05041371637519428
0.05264900391958914
0.054363225050668
0.05082693347152187
0.0504865149114343
0.05500771645635789
0.05168115415378791
0.052703823981020456
0.04809751424227244
0.051097610190072106
0.054244902429907996
0.051352751775112976
0.05176334950222348
0.053730941015791345
0.05444973002136791
0.053137378558630426
0.05316019060268198
0.051733671588621924
0.049944087676611626
0.05171229218786238
0.05274504897143836
0.05206977744336514
0.04910398033800362
0.04774320619508748
0.050941309550955875
0.05053176819269959
0.04972248498222061
0.04922554723412974
0.05201251021079306
0.05365385555352825
0.053574718744971855
0.04887130426396055
0.04909081010959175
0.04879540911524722
0.053577117954327534
0.04787276681883692
0.05218449777586936
0.052629929453400164
0.0535652200879638
0.050039921051688
0.05225117915575155
0.05266460719949401
0.054242366164277356
0.05330914895230435
0.05189797477933486
0.050756573591764484
0.04967708390474124
0.05023840327573241
0.051361929277328265
0.054671291437258906
0.04922202541147688
0.05257746241079366
0.04585590384922234
0.05267862321808232
0.0506621013886666
0.05126314488866567
0.05139801367577435
0.04859583096535082
0.047125141237017804
0.05017147900666028
0.05102433900277871
0.04941958419936165
0.05361347112623534
0.05407086048932935
0.05532790414455919
0.05196040531745312
0.04894109926318283
0.05129175787038398
0.05200649462348441
0.05196534720482996
0.048445934877544054
0.04982386987303086
0.049189346401377544
0.051730315304745624
0.05448096211403646
0.05139135300455553
0.05347130822906418
0.05097892551929272
0.05308682712999045
0.056400783778305943
0.05107461067703306
0.04993650681477399
0.05340031097275144
0.05697349002250726
0.05361402327740673
0.05172431898487868
0.051914303011502155
0.05348541260085046
0.054359405095291545
0.049531405148179254
0.05181773600569556
0.054061784010800036
0.04889036748896174
0.05281614661984315
0.0517669668703944
0.05106874438314079
0.050598565347942985
0.051955602134088466
0.05196624275341429
0.05294870641750235
0.050349949072408015
0.04932077493812241
0.050979351852156164
0.04996867484005642
0.0509327822374967
0.05345105992438591
0.051310813528727475
0.053532706849542644
0.05346020164129475
0.051775112537537235
0.05229476968547108
0.04938506645826156
0.04829499018001119
0.05344293622699043
0.048611616346275685
0.052332536366516545
0.048482653169376555
0.050430455071039375
0.05087420762625027
0.051322288046381934
0.04957316047421566
0.05019161370173923
0.05074540217493726
0.05057091971542158
0.050077901484537383
0.04984688045225693
0.05087176030623653
0.050516667571852164
0.048686781784783376
0.04834121913617529
0.05192382268762279
0.05342647643656582
0.05229993895383841
0.049879161542450985
0.05370024418436785
0.051795648778062774
0.05232368399676996
0.04872750292146185
0.05188909465261919
0.051423292930130836
0.05376066801459769
0.04868008101420534
0.054036679501771705
0.05265578994198961
0.05355572267007728
0.052046724155929244
0.05274415012509177
0.05162891614211719
0.05524824807294941
0.0508219486727555
0.05183166853299853
0.052641418226881974
0.05356551911564246
0.051369217898094656
0.05150902308283198
0.05058595657350758
0.05253095209270146
0.054897332315395585
0.05344362178958972
0.05123411521448167
0.055566513470354
0.054625793088606885
0.05443040319873024
0.05053588502659515
0.05600487836184248
0.053413918166981024
0.05384903999392886
0.04961486265685959
0.051322452958563386
0.051676458651572166
0.05270656976510842
0.04992251844455036
0.054774119941042525
0.05166164701206515
0.05238711982492591
0.05355759192338154
0.049899496011793665
0.04750605236173776
0.05371149366866746
0.050705963652278425
0.0519133853733321
0.05378898345194627
0.051534710779658356
0.04914642844520795
0.04905075329643734
0.04912166221994492
0.04755463113552711
0.05352672565534853
0.047283417543766894
0.053533532692606106
0.050294154336082225
0.05177167177091035
0.05137011190865732
0.05004787336170874
0.05055547428955225
0.053461100506013305
0.050800217813605573
0.054187530649233616
0.050250439094274395
0.051875138965885435
0.050789304613876894
0.0523500816853752
0.04981779885254451
0.05090327554755147
0.047948194748623815
0.05024736256431638
0.05038065661792201
0.05094505814694455
0.04928895033106835
0.04896472314218195
0.05273664827628297
0.05295163135000305
0.04862031859246047
0.05084180625972693
0.05333829895232021
0.05264624667639625
0.0493012731633872
0.050655743993207186
0.05160833165031015
0.05177680313593169
0.048954721372371085
0.04852004421241754
0.04987497763758747
0.05015746003193769
0.04816356992151856
0.04941257586246605
0.04925463567601375
0.05013178812223727
0.05129135828235211
0.049462976224864
0.05073403682489648
0.04881854782930354
0.05182104019711535
0.050640835281198955
0.05274547430798809
0.05137247495478159
0.050175344540615195
0.049174766652030244
0.05388083659270647
0.05116360904222211
0.054814975890973554
0.0501853381607758
0.051312049294341716
0.047663445465294295
0.05098605795502462
0.049902226721997275
0.053030595206567416
0.04738577295295976
0.05357200306541424
0.05132065654861081
0.051844249490133255
0.04659383024471257
0.05385501496649905
0.04858817406876991
0.05219705077083483
0.049512904306684126
0.05134066684222888
0.05033107229323609
0.05432489225445137
0.048461722355244534
0.05482254583519301
0.049622293993618415
0.05319638615167553
0.05210699921846839
0.052421595918869364
0.050977160296448165
0.04903151744073341
0.054776510311295025
0.054702098015414154
0.05274353956337042
0.0517661411807205
0.05286971702376291
0.0515396825475984
0.0546063771504457
0.05193351738515794
0.0517257248298094
0.05143197951525426
0.051277034370184535
0.05384102845226347
0.0519603080524965
0.050582581971272654
0.05285768726063108
0.04985670123654613
0.05102679456246319
0.0533741672635936
0.05281027873757412
0.04987790410418614
0.05110730859266635
0.04901426731747823
0.051703690161337676
0.050442169988966556
0.05303959019200875
0.05178964694871633
0.05378616571472361
0.0516118242675673
0.05368653248585637
0.052510371037434354
0.05386506268671867
0.04978385622108672
0.052498770158444306
0.0506170141197522
0.050274867229483634
0.05120320548420112
0.047742946036885225
0.05266387712464363
0.050892173219690674
0.04987685686106714
0.052389983490373514
0.050123388518272145
0.05475976219865733
0.04646741104366732
0.05386456867728075
0.05097170337303122
0.052114918580396
0.05439800216678388
0.05048155962213756
0.05175413968797815
0.05114899233167141
0.053147403032662716
0.050725918914158924
0.04802750844584021
0.052823398158202896
0.048858906100903064
0.051819463223527235
0.04927149106816288
0.05130659552254547
0.04927675185549007
0.053811259779720996
0.05143542225734512
0.05012480519052104
0.04917564477529874
0.05361081425127207
0.05281178735540893
0.04907332714266043
0.05064106996125526
0.05044662304210736
0.052901754804394865
0.05296902662255214
0.05065137451262003
0.050477318136082
0.05362623280615158
0.05140012662799176
0.053534583468015734
0.04881435334898246
0.052009822046729534
0.05029416157406632
0.052669475125897175
0.05179842714957052
0.049563825694123195
0.05190914833568134
0.05135008000594546
0.049248817332529136
0.04944575449270148
0.05061736800447364
0.04982719657247488
0.05092874210774577
0.05084438467109563
0.05157518819231899
0.04880716012412416
0.05256136354513294
0.04939286997260987
0.055604331194750806
0.048456288820175955
0.05011843716333714
0.04889695864732177
0.049281028897281275
0.04779368967850549
0.05128169410890891
0.05068796922362656
0.05028537078474858
0.04808592141023565
0.04943376652616622
0.052300880237158315
0.05218771333977591
0.05209485424940411
0.05280247265371082
0.052307982640054054
0.05234157027508593
0.05088168726855994
0.05170501364050571
0.048681331520078
0.04620095913238333
0.049878165677639766
0.051003347512216364
0.05024216115323221
0.05480970887021501
0.05027428010246823
0.05301374948386487
0.04806986850251463
0.053638410300777116
0.05118199071978603
0.04877451864295484
0.05060885961461802
0.052551578104645405
0.04931613982241268
0.05207021246104806
0.053113963385949814
0.05407564513925112
0.051465012085492215
0.04919961901652465
0.05293357886401779
0.05073195169875628
0.05147191433221505
0.054449876013859054
0.05134566140153981
0.05297792906490939
0.05099330178419399
0.04837914355028565
0.05118789021963882
0.052280320700944204
0.054841364930585106
0.048844503853329335
0.05456253502923424
0.04910674690446543
0.05328298078030757
0.04961400275493644
0.05244556476599081
0.05082704109950353
0.05145334576272394
0.05352156223310675
0.054072416203173136
0.05079789569203626
0.050992325022945484
0.04944482625202835
0.052982218788258664
0.04914838850088855
0.05109320706455574
0.05069370265475736
0.05120899351247456
0.05116675332987654
0.049801117001234844
0.051071723476371234
0.047951709033091455
0.0516131551382455
0.04763825375537524
0.05078790113165166
0.0516832573170104
0.05125275944267789
0.048162552459548105
0.05264816133872182
0.052328511892493955
0.05309866488559972
0.05310649533587089
0.04973553230687609
0.04988671908776248
0.05517525997944981
0.048884355361588534
0.049869586424257935
0.05136891908587572
0.04867889801621637
0.051831445802079205
0.04904175559349394
0.05583295855212895
0.05362346794193982
0.04877874149733897
0.050737482296411715
0.0519974018216848
0.052955809403931464
0.0523509835263402
0.04979364417855877
0.05072030465794241
0.050779143906509935
0.051465528933784255
0.05290130047427693
0.053315616472940836
0.052512190986251844
0.048126231192507654
0.054028321973648485
0.05404949331302807
0.05118085798961181
0.05500612654574933
0.048304515274739036
0.05104198582393189
0.053508019498034014
0.05084238918171852
0.05121102329005658
0.04996218417327414
0.05310660399238769
0.05268365484269626
0.05214564080209868
0.052184681513671144
0.0538751903683508
0.0506364581242501
0.053705046209728255
0.04908267316825145
0.05152437244375185
0.047942983601742435
0.051019127718654946
0.05427048537178334
0.050501085051695045
0.05510384274428486
0.051040767458622606
0.052419935845922465
0.05349588295738827
0.05191844889637112
0.05318647610795962
0.05009791468192974
0.05245431578480228
0.04965512883117988
0.05055014953638265
0.05103347796260829
0.05246841304760759
0.04876892120252734
0.05441341214863297
0.05244257803021089
0.05272431907558623
0.048856290172986955
0.05248276550953867
0.05111581251854371
0.04878084397466475
0.05100004185550888
0.051968638092692795
0.050383758441792006
0.052498361288356936
0.052393970331715084
0.049623745729210224
0.05009021512965401
0.04723819345621261
0.0528598257260615
0.05095382633724613
0.050632825069143364
0.05026791212653975
0.05206156006614045
0.05299890658260636
0.05167906311943209
0.05269638445949095
0.054856000738977014
0.05167953864975533
0.05471880924923035
0.04999119064602244
0.05470741354968238
0.052154754179416625
0.05251152980855549
0.049299696206961695
0.04957417948433866
0.052180168003875524
0.054656151182130804
0.05384961571339718
0.050596916807386164
0.05058242393752005
0.04973242603797199
0.05200235208739454
0.05169386082790833
0.05155303172421981
0.05164432836189345
0.0556572637914881
0.05006211485262773
0.04975642916741683
0.049145819653145614
0.05207521227480624
0.04798454638436582
0.04935334824211463
0.05128415126697158
0.049650792754412545
0.04990871248490411
0.04960439568515984
0.047987580268285604
0.052739001796863784
0.04900928149701122
0.053011590753302695
0.047664393154444935
0.05307483247344429
0.04876126918694486
0.05159978467778624
0.05302663320808386
0.0517095854117671
0.04871592813782526
0.047206282963505784
0.049998299768722984
0.05135000627692237
0.051784674996533345
0.049151485159820846
0.048480842477414576
0.05224166104604896
0.052245943712863264
0.050364550210421695
0.05240574297993758
0.04965302786998638
0.053029674409105824
0.04981640220334767
0.04565214412749559
0.04836797035618633
0.05108222036951578
0.04910077780524937
0.05106497543838989
0.049793208456563876
0.052816699226651935
0.04773661685438212
0.050322079880257616
0.04959840174607697
0.05156460358708289
0.04867315849411518
0.05035666871914538
0.04965873226327016
0.051096983079493785
0.04896642844343357
0.049423197242586904
0.051171585291603906
0.05559498703827558
0.049790723140492064
0.05108277408985807
0.05112728687864203
0.05340424993667996
0.04953416280277068
0.052212785715532416
0.05052413487303917
0.05026682781082031
0.04865192520268659
0.051244951907585025
0.05060898915226007
0.05257281093788906
0.04964868699170854
0.051165622084023414
0.0509480914782039
0.0509711746424847
0.053535205806600004
0.049916949961475734
0.050207370989008536
0.0543782556938662
0.04857880480162093
0.04971244400757986
0.05171838920023175
0.05174179923784024
0.049780528338359484
0.05080826949990443
0.05123868886877397
0.05281849812539529
0.049765066010922336
0.05264933313240751
0.05172488592335492
0.04649589096352989
0.05179234293149136
0.04601099889187474
0.052292330206502965
0.05196121407620282
0.05120575072064104
0.05040841300473364
0.0522747974659283
0.053636824301106306
0.0488068875081047
0.04749148772401879
0.0519104240877983
0.049341500086653056
0.05070688624066141
0.049290898956646956
0.04986201155218965
0.05018819531049033
0.05252972692318741
0.0479526608402324
0.04862495326011765
0.050992089011682215
0.053572987260116944
0.051242486872775925
0.05054585019330608
0.05020744057752239
0.05053107579742133
0.05108147859934121
0.04990330768808496
0.0544523839762764
0.05088816175109404
0.05026878693940218
0.04822538048240286
0.05126335536101545
0.05345009497061901
0.052125373313938746
0.050983278509563495
0.052247615693990314
0.05353563486687057
0.054344666284777195
0.05166192883376102
0.05133906760410694
0.05109767190990902
0.04995434009371367
0.05136355888641592
0.05357958707930879
0.047593718900493
0.052656084003074075
0.05344213384545273
0.05179870450895248
0.050332671188322214
0.05162719702111281
0.05276054320497653
0.05020975703573572
0.05074374663606681
0.05302481831000713
0.05025835858389335
0.0499481239049346
0.05222974374084813
0.05122220866950858
0.054687878626843746
0.05302072200154505
0.051168721491471544
0.05181149104611569
0.0510220790405385
0.054178761796645866
0.051066403763016285
0.050865518585633124
0.050814127525886196
0.04852005921264396
0.05247730509762266
0.05204930393148149
0.05167641425163742
0.05193283367952309
0.04976917585963855
0.05253752516124698
0.0555603731417882
0.0495397326503029
0.05260229719046235
0.05057834019970619
0.05465767880023444
0.0531219275293517
0.050575017544431985
0.052905358398684356
0.052518548852695295
0.050653152482700345
0.05195290121652846
0.0496929821203185
0.05072826354557219
0.05508974503653485
0.05366192279362711
0.04918890304398037
0.05185273528084025
0.05272106476060372
0.05014912442026024
0.05279554250017986
0.053222729060180454
0.05266495387945679
0.05195701520211659
0.046615724447998524
0.0534185771017415
0.05135848610521019
0.0520864814374328
0.051924084467189976
0.05538670312483577
0.05059149240207579
0.04942872884435756
0.049775900797572076
0.0526925165282855
0.05021834379665359
0.05186684854587725
0.05169813893898227
0.05309503910587026
0.049787249934753655
0.050748534776957975
0.05231227278836755
0.05415753323097807
0.04668146925625274
0.04959097897834945
0.0523612985697273
0.05199078249912244
0.05073660758048152
0.047775571610197874
0.050138612941933905
0.05531934402375788
0.05221020066813031
0.05141535314660002
0.04922010373740614
0.052943910585096295
0.049210564476546995
0.05094267506473901
0.049339029680713076
0.052816512404522446
0.0481710132441785
0.053364617057481495
0.05025220312372088
0.053255877967621344
0.050016516879256234
0.050186257915116765
0.05293125637754064
0.04981640948844642
0.05285249597663484
0.049660727796904766
0.04915398896477382
0.047629364033600054
0.050666468019967874
0.05133630035197232
0.05205347065723707
0.04737241615295125
0.051124822569193956
0.04813484013984463
0.05313118458272245
0.051442327383375036
0.053099774075109046
0.05109420833465771
0.05362395120488276
0.05074097665649538
0.04975844116006761
0.052697997100302034
0.051328828983256566
0.05383670019974747
0.05158942987841824
0.05369781504504503
0.05427987088448193
0.055880738969305226
0.049688126718212385
0.0489714584483271
0.05135460582014619
0.050240772651270645
0.050781936713607576
0.04998445091231677
0.05405712065093093
0.053486315115606475
0.05091064878704645
0.05338172093921112
0.05277632882711584
0.05125011436504765
0.05100434532077252
0.05038447300826496
0.05421109313879925
0.05095155265676946
0.053222515502410375
0.04995937376144286
0.052322809502548744
0.04809297446131715
0.052863657779056814
0.0492887055984832
0.05649321620312081
0.048694771734999705
0.04904806099598349
0.05320639211352207
0.053668422576364415
0.0488977014232196
0.05001232923758618
0.049569034080937206
0.04928540472296322
0.05032107027357291
0.05387333013340977
0.04792513615365993
0.05203109189551471
0.04978205351981361
0.048760137165288056
0.053426826224034586
0.050357563135944354
0.050108835591875685
0.05025877354649361
0.05204223985283481
0.050499811509143656
0.05336142639941258
0.048889944276378154
0.051634680472438806
0.04988770594796653
0.05076371907059683
0.05037013773073506
0.0506728291262059
0.04957616899878414
0.05100378544892905
0.048556796756626955
0.053005993248145776
0.04701961878121251
0.05128907507581136
0.049441191436755474
0.051039640905511593
0.04492744293982483
0.05374652504107705
0.04986847797142985
0.05248101513038985
0.04803516661949971
0.053023557155383844
0.050534843778984026
0.05187401305557018
0.0520051556401766
0.052001517856935145
0.04960865859133548
0.05262889871316583
0.05059628416460421
0.052770693776265705
0.05035925464131078
0.04971659244210224
0.04844325595670354
0.05373168783930608
0.049707260117502025
0.04970848835825313
0.05101213107055399
0.05451282832716868
0.05006932676369281
0.049060200418268064
0.0529847676978677
0.05059729220683447
0.056770007258464775
0.05046727476079229
0.05021094253038673
0.05003979862808099
0.04951873749945995
0.04920183637715649
0.04954058118312267
0.054833986645576906
0.05058469590819803
0.05256303838225789
0.05167283104192795
0.04991225655761719
0.052975554061361486
0.04886650858069316
0.05108310299267279
0.05340918749421813
0.05079843239772749
0.05014426449490212
0.052669820912484455
0.0536383688252733
0.05161986829534636
0.0518917801385577
0.04932613692333998
0.0526469712337176
0.054254468979859256
0.05410075446301706
0.051072357424972674
0.04957383609469607
0.053139068808920414
0.049379612643875324
0.05046360606251517
0.05393811789532276
0.04774468257081182
0.05173058286393274
0.05411863527645633
0.04944380540137683
0.05028810704320068
0.05207070069279007
0.05125528510713035
0.048771100401318115
0.051386998889935025
0.04998311682722729
0.0532227651234548
0.04863863724989878
0.05140490868486825
0.05359449849001534
0.053489637908272096
0.05044799708064133
0.04940139491858518
0.05481434289185964
0.051759433369406936
0.05028619802701031
0.05188784457367677
0.05404915812350005
0.052354015802749766
0.05087471277299364
0.049417107463547355
0.05157065284708726
0.05546226319143896
0.051721618003897886
0.04923550505340888
0.05316197187263632
0.04998250464419398
0.05212887142859266
0.05338709956350884
0.05218930872595631
0.052833636194246164
0.053734300830568
0.049685058189272394
0.05269583644059666
0.054426438202007016
0.049942492096280024
0.05403014797164576
0.051038436055426316
0.05337575377247595
0.050417783510284885
0.05012226574415224
0.05309262045047143
0.0501311438984568
0.04904266267444843
0.05159375970178455
0.05247323476002638
0.05243075506282096
0.05291359404526132
0.051780908434744255
0.053533254278103334
0.05113384169874795
0.05052038547449109
0.0549981406142358
0.04946853622418344
0.05097732757031809
0.051541869531480704
0.053024294749742656
0.053546763414755144
0.05023899999390342
0.05187812964251799
0.051932720111413755
0.05496394714177749
0.05277187697364461
0.05184608150708949
0.05265826745067517
0.051270950846843924
0.05071349447280374
0.054149057098622666
0.05297025651511193
0.050972914854161146
0.05643971212877746
0.04920204873183035
0.049790117629334725
0.050964391090263315
0.053273684780209475
0.04909809049425304
0.05334408153763283
0.051899836648930685
0.05353177836514256
0.051708044223086364
0.051085690838658264
0.050374470491088515
0.051780529332067345
0.05097860836574368
0.050361978364704456
0.049986734300422705
0.052352147732045176
0.0533795127479354
0.053372759313818637
0.05166044891181269
0.04966014717749244
0.0511914461202594
0.05063301043229434
0.04987202520323489
0.05071740971171329
0.05006863668208968
0.049911976839086325
0.05423057772358108
0.052758049767240786
0.04970222115950373
0.05065357795223958
0.0512198276177113
0.053273435514696516
0.05041738526090545
0.05161282799228575
0.051086273059650016
0.05136735220640888
0.04937259896633099
0.051010064038552905
0.050629606393204935
0.04938618171097454
0.04954331964903709
0.04913567893951056
0.04937177804946774
0.05318343898397209
0.05089393305189681
0.05279321114489117
0.05243900350907496
0.051730482958679956
0.05049162972263134
0.05167309199903394
0.049835999751591795
0.04877844372135968
0.05126660137663861
0.05094116898570644
0.05053633523911241
0.04847234232745593
0.051449221050051376
0.048194710518756186
0.05142472946248879
0.051354516245960775
0.052270676288006586
0.04904504889583387
0.051831872488815156
0.053626042848307354
0.051867782865436224
0.050326637859289314
0.05005196409846181
0.0495746083039718
0.0531082354909783
0.04938971537373463
0.05078212345500714
0.05108681615453124
0.050437535351584344
0.05169566628272542
0.05078242720129013
0.05158365182572772
0.05233062310517674
0.050107097377688405
0.05012645110922368
0.05161237512230399
0.05531617335213464
0.04915944988758821
0.04970284172652814
0.049746634172558396
0.05468136143615748
0.04871548488511326
0.05142728697206746
0.051918083012185125
0.0510844416694291
0.05057468670792862
0.0490203437444517
0.049037544095034004
0.05167707529755241
0.052434055150617394
0.05033391532398539
0.05007805176050249
0.052502921161540914
0.054723031063016854
0.048578798754302294
0.0509437671522003
0.051760456019583144
0.05210017502808049
0.05333992902035203
0.04980715854176183
0.051703109994110576
0.049703971643511285
0.050665849078717476
0.05068458002696161
0.05331711908151679
0.0538846350078389
0.04994318235828435
0.04992943541197361
0.04806046977760334
0.053746412263079364
0.04937070711385125
0.04901015182448242
0.04939525639377074
0.052109951760716616
0.05045642658193017
0.04762986484692048
0.049890231265722784
0.047194383919425174
0.049878689258652874
0.050438581089450985
0.052037608086611974
0.052286057408783504
0.04841220162951728
0.0520156433018511
0.047728850450156374
0.05260193841984686
0.051063875397815775
0.05047435355754332
0.05098857503194629
0.04857916181368612
0.049054981812195454
0.04952860986060857
0.047719612776458024
0.053935052108079425
0.047076011816808906
0.05332137986005199
0.05166022734634004
0.05029040082948268
0.04919638152161001
0.04912871751159972
0.053258850864672115
0.04993264678249733
0.05360903821167533
0.051087174025170316
0.04990878169741447
0.05129496462631949
0.04898485991188921
0.05112870601955433
0.049563538875989833
0.052452770585590655
0.05293540557518257
0.049891158794774564
0.04922424129867192
0.05302850878807493
0.049930298990501464
0.05474850920255067
0.049234876700855225
0.05339440988862719
0.05174765126328196
0.05077764786910553
0.055432834497640575
0.05340456060829483
0.05092512889672286
0.054202660936403496
0.049488464752280956
0.05301244008452345
0.051496079723047705
0.051237778320874866
0.04739160632562544
0.05251737311631706
0.05198037951206833
0.052220893137905094
0.050941124270549545
0.05076093328621649
0.05249679719477204
0.05306932459434034
0.05127161671879672
0.04939563697583307
0.05184878965154692
0.05200431808066119
0.052787318219565095
0.04570384210868385
0.054408909037482904
0.05126413302370212
0.05137821882563301
0.051009700303407936
0.051881307090304085
0.052277504792893295
0.049306185263021274
0.05342469919453798
0.05292787166904139
0.047416291777182575
0.05209650054262347
0.05439731008197095
0.05006786978441989
0.05091817691307742
0.05500837468737907
0.05320002178292083
0.05022647969974885
0.052935597919874774
0.053344542398081715
0.0512772219535068
0.051049750540235035
0.05304193600111897
0.04854203756393716
0.05158559404796045
0.04833915135209604
0.04902315142588866
0.051542198520540455
0.05337623611359737
0.05193562882555005
0.05072780244443082
0.05397457186630185
0.05237995447641752
0.04818599715050638
0.04992876132626709
0.049164779157140355
0.04820992047032349
0.05089528191996465
0.05036912979160142
0.050371650302715135
0.05126794228125041
0.05094263535422179
0.05351846976259301
0.05259714130351401
0.05222349395139699
0.05033494038983431
0.052200928700908464
0.05141513877287783
0.04849793617874725
0.048239915379044235
0.0512109518587666
0.04809619926681516
0.050367799405914036
0.04857771875704206
0.049692317847698134
0.05301214165612365
0.05321721090708202
0.05297940507204288
0.04844682509486895
0.051120381091382484
0.04766566680055176
0.05244052239947483
0.051355446150661656
0.0487328290785507
0.05031801420550667
0.05196501738369116
0.050534570688121616
0.05256604754690795
0.04960335578422496
0.05029468001255653
0.05062187126419501
0.048672218447412326
0.053293980398656356
0.051249683675638966
0.050564861907356096
0.0511754480159693
0.04962562434906761
0.05225305552204524
0.05026422937579569
0.04978963684612573
0.0505705711352872
0.05174627678298567
0.0496617507177675
0.05026301414849457
0.05276343086962448
0.050136503937798595
0.05097594621937727
0.050441555157568006
0.053659677278005836
0.0466870739565221
0.052133067048490966
0.05113992069210197
0.049282002089402276
0.04984084515580281
0.05116253176775371
0.04936115424700003
0.05209898881201947
0.051902166671826906
0.05075122380464641
0.05253505266035687
0.05034849377059223
0.051972461154790706
0.049233405408753886
0.049443415409216276
0.05020213349316679
0.05365920905903596
0.05168467243140457
0.0551221921857313
0.05000606376603685
0.0513609065110995
0.050337897713276326
0.05231824625991614
0.04947702175814921
0.05146334594949899
0.04732441175439605
0.050727482275815236
0.04958141088175473
0.05458512615243647
0.04804054861216217
0.05229544710984294
0.05163139117991354
0.053871605448539604
0.050586041870400555
0.054795220304850775
0.05240203808235428
0.05171818378465244
0.05010261970999212
0.05229347666794099
0.051768342456147184
0.05335340591454155
0.05245177108456822
0.0507746756679107
0.04949779685827483
0.051580512166639295
0.050949748709992464
0.05127412879200593
0.050170172366083315
0.053172582459251605
0.0520981850884095
0.05316161162366985
0.050470005786363986
0.04927495666406252
0.0530225889600849
0.050502256830949534
0.053073251382138566
0.05539787136568765
0.05050799392874664
0.055057437671335925
0.05151830921553244
0.05401963290383894
0.05090157004609645
0.049341700425952074
0.05307848003673947
0.05225292526236599
0.04700203593897099
0.0551824183491582
0.05131914411076204
0.052661957639207786
0.05061729237612631
0.054140538644838324
0.05071321348058827
0.05118185195378828
0.05023956565731642
0.05212058333234607
0.05246035353989906
0.05060095161369612
0.05057243157550413
0.051564827480848195
0.05242044952547704
0.05398392372563274
0.049252172408369384
0.051494244484522056
0.05104966065596559
0.053005824858626586
0.05209766890530045
0.05267756008830777
0.0537043857607943
0.049585274848636354
0.05015520521539604
0.051242959570984424
0.04963206769443644
0.048518593594065296
0.0483987507329753
0.04946418230944495
0.05031019615883162
0.051796306641450594
0.05172750178501233
0.05234305412915997
0.048421712050896466
0.04863129076852508
0.0495338313680377
0.050579865082980076
0.0518127324388378
0.051882267745795276
0.0498770435048279
0.05109680515885467
0.05020287572651645
0.05061497919068117
0.052559123577914
0.052137960739251914
0.050872878993823256
0.050041166006245176
0.04971570670910776
0.05121589717128277
0.050084897824480855
0.05016713196067765
0.04869629745826688
0.05156691226767824
0.05460505757502143
0.05123352098167301
0.052998854091995486
0.05159119713058647
0.05083408055994259
0.053046630321961004
0.04998770176017611
0.05348437594869445
0.04795234049138994
0.052225846506624395
0.05240318322314119
0.05170978335183127
0.051227337419498
0.04963787413246252
0.053385153150769034
0.05336587035243812
0.05488813127855505
0.05260137774426969
0.051128911433367334
0.050590470572537856
0.05290582419385977
0.04920429444932324
0.0513951883545271
0.048225078212048654
0.05024436598769026
0.05104237609791912
0.050979335477882026
0.04905791999449593
0.050185591160283524
0.04722965474710573
0.049413864364922955
0.05069656567635192
0.050038252906298604
0.047913722457450465
0.04806808466207816
0.05063524367921763
0.05150028455595441
0.04916752577727598
0.050559909295099674
0.05134848460794693
0.04842112796353894
0.05121098818174483
0.05236401383639321
0.04919543730440847
0.05392490687030969
0.050381919971105464
0.04945618781730644
0.04959885212114431
0.050777745021880344
0.05258273518115808
0.053189633995981624
0.050641057954188336
0.04778505002559574
0.0508406942784257
0.053551996286566525
0.0493927748855143
0.04803931794609193
0.05127301863103952
0.04956218727135901
0.0522998814214509
0.04712654700263836
0.05153725718910844
0.05142868971369261
0.05037396814823158
0.050284845946120205
0.05279164080537294
0.05061557914796138
0.05220092552340508
0.05042043360722549
0.05146778414280907
0.05256616368750306
0.05232676060678004
0.05267863699886476
0.053499314335885347
0.05073552948893331
0.050840529774115316
0.047715525831154786
0.05296646827352177
0.04931837161993625
0.051098134630255684
0.048614483422620494
0.050861054449199146
0.0517232342292077
0.052682442358766006
0.04744534664581777
0.049944353152171994
0.05254443153716048
0.051594271367788345
0.050947217442198364
0.051039020134899665
0.051725382336990935
0.051281155575468716
0.053544194590975064
0.04957385408911426
0.053845671803309715
0.05203542693593499
0.05039557717077793
0.05250448024951101
0.04988052558615202
0.052794551274061845
0.05332834097793396
0.053703903615470734
0.051138655697229134
0.0528920155127685
0.05156337244043461
0.054862753356684
0.05048150818257253
0.051708306527928086
0.051944570026880764
0.05039009449243262
0.04966383651152144
0.05316125809186725
0.054114075788976264
0.05251325304176087
0.05112559626092715
0.050237471724520796
0.0549937831284988
0.04951709412725649
0.05204147503412111
0.05289365915913794
0.051941356128777115
0.049947386022392834
0.051794576328174725
0.05326878376705686
0.04988267541119044
0.05199846375474291
0.05018234454800506
0.05026321162118391
0.047519407443569944
0.04859458762573821
0.0526735700569834
0.04897073288138163
0.04871436620494339
0.050726825692200314
0.0536881227251727
0.050078757163564795
0.05037797718136244
0.04816418722977801
0.054573853135938044
0.049281521295152717
0.050360915628163805
0.050392872719538274
0.05137024904809332
0.051204729186287504
0.05003055895124324
0.05000278686364254
0.051238033935227835
0.053926150748635104
0.04993967235219785
0.05301066963283258
0.052636016261337494
0.05128025592500306
0.05280028442529806
0.05081375506417069
0.05124968537161872
0.049991250039596924
0.051823476130271155
0.05073751585993609
0.05288419766661651
0.05151848789652583
0.052572712013483625
0.0518820412866757
0.051160443137859876
0.052446559791030994
0.051948074547991496
0.053426656737131165
0.04926884460360263
0.048243241740449264
0.053512199499327895
0.052647086426771704
0.051890565290148453
0.054135503850371816
0.051321989023263924
0.05184018058244835
0.05009170501847576
0.05027244338465597
0.04996420392776793
0.046307574378936255
0.051828111056933045
0.04968380253339854
0.05430426880990001
0.05228105119951608
0.049302942550517044
0.05204492027950563
0.04894220227266424
0.05258586532352298
0.047959342056741634
0.04870804103585114
0.052519368383048826
0.049955569798359946
0.05137506334364643
0.05202097524441915
0.050511506477027325
0.05180740711436997
0.05389371653684948
0.04955081964950891
0.048752930650967585
0.052106621931334654
0.04973949627550864
0.0522212079243967
0.05121554000081299
0.052629542770484816
0.050745095398702735
0.05348301220958754
0.04918337611766516
0.04785101367633743
0.04891053805934448
0.05579465889265087
0.05011455154988482
0.04646462332598086
0.05441689823377979
0.05154723911858527
0.04936036248685242
0.05337636822937636
0.05282261511239003
0.047651116653675746
0.05357864835355401
0.05218051768636027
0.052387326409612196
0.050155302547911264
0.0492121118971417
