1.0271632691714594
1.022465967572215
1.0132726046769593
0.9948123315688382
0.9621054762737774
0.901348601698734
0.7986457917477414
0.6738923800992991
0.526801650255154
0.41935562593872305
0.3548966952814436
0.3112096624149422
0.2757846355085218
0.24877680058711268
0.22369892351232748
0.2104255168671522
0.19020862138608666
0.17033788208309864
0.1576670020857907
0.1564027753947753
0.14969461528482345
0.1402115208924888
0.13164924478845982
0.12226345377612477
0.11562292735572542
0.11162306907868791
0.10332126934367697
0.10208675752067653
0.09705837041146627
0.09275644731852059
0.08947337216594295
0.08348423173198467
0.08699060023576131
0.08493554304547457
0.08763677814645576
0.07886880885605835
0.08400050663696469
0.08096182136074412
0.0764857002272351
0.07831555414420226
0.08013077512950226
0.0776058406853814
0.07694304093858492
0.07409696215445907
0.07794529875932234
0.07413345297380908
0.07539726278495845
0.07237015426963919
0.07029983415312298
0.07461513304451751
0.07447426226004072
0.07194231490840851
0.07184396221148026
0.0776157092799455
0.07145178593627514
0.07105829788117098
0.06888950480262857
0.07050186363368566
0.07064996636166701
0.0722646132032467
0.06885495469215545
0.06934730382142404
0.06503098325676304
0.07085939766260833
0.07034964430346458
0.06975480404610146
0.06921747482412356
0.07220854616690194
0.0732719655444506
0.07399080037904412
0.07067814441464124
0.07176277412527014
0.07191331380964265
0.0699545742820375
0.06510152499127651
0.06926649332565359
0.0684915568990345
0.06957561183059621
0.06718610995215056
0.07293890101587326
0.06766843297926893
0.068500302017069
0.07288928559775741
0.07407720269407189
0.07120849288110748
0.07087075663199821
0.0707433046901075
0.07232759907982411
0.06766037596522152
0.06976957160196177
0.0727145876687278
0.07108957859632292
0.07075433741064985
0.06586891246718588
0.06808180961379642
0.07122556233756919
0.07258906621575095
0.06998397555406238
0.06908203852467065
0.06501551297069783
0.069905447815519
0.06809180991739806
0.06957092367254118
0.0775114046727856
0.07227990551106267
0.07008142540662245
0.06805462858124924
0.07623546936567101
0.07420451530528308
0.0698244095547599
0.07461648408283465
0.06952062682352342
0.06809132904832617
0.06777332176936976
0.06471029270045156
0.06403064797145393
0.0705635736204622
0.06497863463987234
0.06842787180116085
0.06392550004875885
0.0691906472124419
0.07074323954183924
0.06779437147039533
0.07437057134889757
0.06791538376021641
0.06878288725907235
0.06737708040203111
0.06525406000846107
0.06585802752400534
0.06675821644094007
0.07059069614734155
0.0674459596160331
0.0653387813568161
0.06596404105419942
0.06710605206534545
0.06871117077787563
0.06595875611681035
0.06813447915955129
0.0711491585810048
0.07215380028549732
0.06664648811173428
0.07340167543905274
0.07189064524573495
0.07023454267517948
0.0668122988116846
0.06985783546441557
0.06788190271966656
0.06843440213302403
0.06898328778230833
0.06741223347097032
0.06889055349507876
0.07420609968384671
0.07332199257019402
0.07051574194654195
0.07230873197099331
0.0692678150524253
0.0688295941748848
0.07031995697136913
0.06712445210684227
0.06970820674116796
0.07043787092560169
0.06856771352755434
0.06364947725532356
0.0760084418081042
0.07136414217918911
0.07044701826338387
0.06550563003793491
0.07308126137670767
0.06648531468597403
0.07053211267855314
0.07478262710434155
0.06686704510725791
0.07370480799494772
0.06552865359544238
0.0706802079819382
0.07192259654308644
0.06708315682014583
0.06768017184006188
0.06851330258488447
0.0647345334221559
0.06861080248423873
0.06748233598929862
0.06974305051089306
0.07217935147986529
0.06694838914743376
0.06918682750272599
0.07138761337224916
0.07066271263553763
0.06612471747396886
0.07257393975992464
0.0664359076956173
0.06939434444147165
0.07143788425637108
0.06444046341751143
0.06652341634153194
0.0706856752994019
0.07109700310493337
0.0692522646576668
0.06741527185628006
0.07105554367839034
0.06894293200825548
0.07124313425623058
0.07140418572178053
0.06967450042094422
0.06843246082931664
0.0683614068140788
0.06954754226867252
0.06904332784871103
0.06743569912371786
0.06883410563490919
0.0704120393568649
0.07099533347502937
0.06439006671016487
0.06589635376369589
0.06647109330503354
0.0682950920786384
0.06868574424930053
0.06656809883581448
0.06882248052586755
0.07098497328967975
0.06781593292551956
0.06913444645166977
0.06894368883616511
0.07295473567199709
0.06830545109703001
0.06923017463272066
0.06369489416519163
0.0667073568011791
0.0696924870680924
0.07049770260146909
0.06886820282886803
0.06531463646325865
0.06989035027129427
0.06744618847662835
0.06512594740545008
0.07132271170489846
0.06422441003262803
0.07030033062867337
0.06491276760783364
0.06689299483744465
0.06666703571395281
0.06676656184820576
0.06986954427670963
0.0694528039842783
0.07182012984780604
0.0718440001555723
0.07065572181437173
0.07115198769764311
0.06758964375696441
0.06829443448624017
0.0689206217369278
0.06909568016829598
0.07395657919326871
0.06989243206814831
0.07009404567598287
0.0663916968564875
0.06976886764909934
0.06592846973231174
0.07003411732011809
0.06713189421345285
0.06745318263279307
0.06749918532408312
0.06728072769163364
0.06476349821653837
0.07021266272666046
0.06949212348748117
0.06976208373461198
0.06592761798708165
0.06825389266390706
0.06710366008763033
0.06594075702713628
0.06808654081943488
0.065981657299632
0.06817887862818409
0.06815804409987414
0.06719679023762569
0.06891390751569414
0.06829119568364882
0.06858513192711668
0.0661490701441795
0.06560431635340871
0.06535451771800434
0.06842881397457636
0.07043176440001704
0.06576691932335091
0.06759265208921597
0.06674564585478383
0.06929766405066178
0.06144179838348444
0.0657028688154737
0.06897865959512904
0.06942815177133463
0.06782637476955078
0.06911776590543789
0.06751633690520133
0.0728453593198649
0.06517451480752307
0.06784635656678152
0.0656309211147426
0.06579040980049537
0.06712096071527957
0.06420683581167612
0.06976766855444103
0.06821171641796295
0.0646444233845846
0.06804068528544863
0.06578109844457151
0.06886820441882388
0.06802636379724818
0.06876459909306898
0.06387530370986207
0.06677159764697016
0.07606833426388988
0.0665832185145075
0.06893931259802326
0.06496646604400864
0.06824689069789786
0.06864308592660626
0.06867594526997478
0.06778540591634084
0.06831181497688918
0.06148818765967165
0.07332453058356583
0.06947755796345775
0.07123063138353912
0.06691598986274823
0.06882608654413533
0.06803658666995512
0.06959398787212724
0.06641890340748596
0.0682072145882159
0.06969507698340105
0.06673681170934356
0.06516727543111397
0.06666030834604834
0.06853369977381228
0.07236116232841606
0.07201814328160332
0.06937311406882152
0.06418196751044619
0.0701070961854239
0.06636728153098832
0.07090760632963257
0.06959731040512743
0.06746666517545553
0.0711655228035767
0.06713250255517775
0.07242222891244098
0.070524502762497
0.06662964398438274
0.06742573760418957
0.06675949690864147
0.07060037737342552
0.06909434547178736
0.06330500597610474
0.0713280209217779
0.07068754562068608
0.06838917830795373
0.06821432963456098
0.06700469605845764
0.06843062702988038
0.06439160757417967
0.06504775147762569
0.06925436285800973
0.06703276600668985
0.06718396420715246
0.0693473279762825
0.06794096213839705
0.06822878541477631
0.0697214735506785
0.06568956312466458
0.07003541693302595
0.07091858193845252
0.06685555325757901
0.06424599710347148
0.06620536932524189
0.06416942733758421
0.06883407837999399
0.06181194250561536
0.06660458933452625
0.06570074444272102
0.06755275637603805
0.07123565234087768
0.06612789867681935
0.0681414649411565
0.06988510864549646
0.06590554598067476
0.06720709350262663
0.06397039216672311
0.06316658783203542
0.06366738894059648
0.06767221329197373
0.06221839576404638
0.06873812990874595
0.06918498774193259
0.06593297716068768
0.06670522237723059
0.06699553078886511
0.06828154626930494
0.06825661138318095
0.06625653568594483
0.06945679918899922
0.06553556728179978
0.06635625567286024
0.06256416715345793
0.06148293086076387
0.06671292318346753
0.06806637715310013
0.06657179272110857
0.06343396984936314
0.0665097564735938
0.06454816721173995
0.06958248489515036
0.06633920373742835
0.0681179908818017
0.06670172827698166
0.06370279028589855
0.06324130233282456
0.06257125147636562
0.06597076709792103
0.0641008579747884
0.06788771770335414
0.07011377141692873
0.06640054250463158
0.06951761200675088
0.06367315652154862
0.06248193575895136
0.06446171727188112
0.06686210263200641
0.06864231259992255
0.07016789350916243
0.06629364466697167
0.07173899589197275
0.06820656860142646
0.06677343029153673
0.06784091888052338
0.06812864168929508
0.06655656402690391
0.06747191448646996
0.0667216858103389
0.0716028319476196
0.06686490186715822
0.06853058618176437
0.06627301998832812
0.06713306323848643
0.06763328498955665
0.06601968423702255
0.06712159138959169
0.06731880166780665
0.0644168850726717
0.06637486125478168
0.06589632142698204
0.06413512101483268
0.06394516824201839
0.06724764986923419
0.0681745987226687
0.06549353466725513
0.0678967787353193
0.06649890460626807
0.06539917616540791
0.06352766326326971
0.07073357960687818
0.06522505668292439
0.06862400868655183
0.06588787655535343
0.06728379057525986
0.06362656043662579
0.06627167639562885
0.07075019288437027
0.06433983006856334
0.0693364133546718
0.06850967929706636
0.06412374498304935
0.06601564527279032
0.06448674325346714
0.0674502706416748
0.06269015227744743
0.07282552182570537
0.06359027378325667
0.06032688152132814
0.07100875675315729
0.06557651511245449
0.06555652302144147
0.06327939351034441
0.06609419197430505
0.06529891548512741
0.06614971735568971
0.06422974970537706
0.0626769101017225
0.07018776772024302
0.06485409210474649
0.06816569741892467
0.06766251065646132
0.0659375067607164
0.06707300720504748
0.06692694710921193
0.06328170316870581
0.06610220885611667
0.0684263020500455
0.06918318422433217
0.0706586007931321
0.07113412963293486
0.06770689351846974
0.06585359549801774
0.06436547136733066
0.06428520419026702
0.06466146655474132
0.06786187478738413
0.06538164297402292
0.06758225228044078
0.06879191748307255
0.06992182564573589
0.0655059777528734
0.0660399272746183
0.06800063927809802
0.06498848683878977
0.06651802155747684
0.0664453056411963
0.06602961124215875
0.06482710431520727
0.06980434455520944
0.06467764997692997
0.06461888574539806
0.07171728434297496
0.06650406751821102
0.06364317761549751
0.061292596087269106
0.06465284629464023
0.06680547842766248
0.0647584072788005
0.06275274225891021
0.0641918004343729
0.06495751449457689
0.06946828019991534
0.06519367275811273
0.0684023119556944
0.06801092024000953
0.06425466379289625
0.06319940337832601
0.06713942339440283
0.06410202619626476
0.06918644665887877
0.06742369758885502
0.06189060664874653
0.06605788949601009
0.06579478894436347
0.06812224409408477
0.06634931351842167
0.0646229693059859
0.06736283230780889
0.06794052957546941
0.06582156999288674
0.0659965220281239
0.06447464738249042
0.0630068799003456
0.06487248456247732
0.06352480563853054
0.06844510787638498
0.061797593271439445
0.06354043704149649
0.06651295431613469
0.06844505625922143
0.06413893896001743
0.06307163155858327
0.06452171551411133
0.061384898098958515
0.06608026843669888
0.06215905698556931
0.059846887536454486
0.06600379691405552
0.06511075279858125
0.06640447057981119
0.06809746377203418
0.07022151513847044
0.06261260268217363
0.06606129923851059
0.062117485548025896
0.06318673722963224
0.06730556663601524
0.07042721718884305
0.06720427378420049
0.06403477690474153
0.0651091766240721
0.06444615199660059
0.06344280407959316
0.06863322186271166
0.06729100384642271
0.06330751787035911
0.06942893267462032
0.06283195894640992
0.07016765116115528
0.06398702735225864
0.06622809158308252
0.06765781077602995
0.0674339784742878
0.06312240895827871
0.06666136736145353
0.06917398111327878
0.06459823272210602
0.07145334843405202
0.06422217673313108
0.06569579589318998
0.06316925903670653
0.06960422275198881
0.06579523587598031
0.06194358832847378
0.06600407685641428
0.06526411322532831
0.06603856786922895
0.06872094986339185
0.06588102774799247
0.06193449644180412
0.06795802379746643
0.06797511826111811
0.06195680456561782
0.06948492423507097
0.06545317054549751
0.06898924838424406
0.060910375490981696
0.0646233425929896
0.06412270803536502
0.07276530319076058
0.0692216028538487
0.0697543746678728
0.06169575237630117
0.06707299333652993
0.06805609975234495
0.06893634705657596
0.06615714956341821
0.06360991716777376
0.06727173552021881
0.06976501882481613
0.06666862497570822
0.06276685055270793
0.06428833890217499
0.06292520977696553
0.06596033772623107
0.06558155463605095
0.06491410410028885
0.06479062004089742
0.06792044691859409
0.06552532555009914
0.06727918082338231
0.0642058756997216
0.06474199698521341
0.06344666335725563
0.06835251019086772
0.063354731711726
0.07135713921328424
0.06530434778169325
0.06495339169716167
0.06132591489717526
0.06466707527727164
0.06019764048596422
0.06428389838681214
0.06690868444164616
0.06024571520556017
0.06852811694999296
0.06149345176479981
0.06175331908441547
0.061549664901247296
0.06672173802638344
0.06343861160572621
0.06833257484332354
0.062385110653526796
0.06323653478730604
0.06756879828777114
0.06520462370201623
0.06723493095333652
0.060712253654812864
0.06849008000771956
0.06607122308097191
0.06876160576456607
0.06209868291639052
0.0640993553779275
0.06758481312474768
0.06739889919348657
0.06391427445415794
0.061484131435912935
0.06738519061198764
0.06376613715688213
0.061945175143513755
0.06522260480407606
0.0636950664813812
0.06168218979184703
0.06820725976502531
0.06597192114170947
0.06961660145279977
0.06575654872900612
0.06860361103439164
0.06400357328591774
0.0670269802551263
0.06755179068109171
0.06255799838992437
0.06911740430236214
0.06174348282530133
0.06240582941530755
0.06857573036419877
0.06745180099051323
0.06512515183141052
0.06485943890653648
0.06273922984780762
0.0685285790500473
0.06516959533555415
0.065097455110469
0.06673465227671645
0.06609046636877883
0.06780872042280263
0.06767236264548915
0.0686037831119529
0.0663967829093719
0.06349754382029175
0.06831615296795093
0.0671283252999566
0.06776199492389343
0.062148459596194416
0.06647527397065314
0.061032394475173946
0.0651500869250277
0.06629784262756128
0.0690223378618672
0.06576732861024971
0.06471442577503037
0.06653603816176461
0.06998669392779355
0.06642772894445023
0.0644944106937338
0.06401207241349917
0.06444482767021524
0.06659053180321857
0.06808454384162527
0.06514996051720565
0.06707061725494666
0.0641259588673436
0.06548351767281707
0.06457303136849082
0.06633348970842069
0.06773055975827544
0.06322678231346031
0.06331678843700769
0.06462893301446582
0.06014695795961178
0.06322090855493824
0.06580823161354019
0.0656159848224803
0.06391822333362374
0.06445900768676897
0.06392379199574102
0.06777730710397181
0.06604711419359491
0.0695107106903302
0.06588862960141162
0.06164429175584228
0.06952753192645289
0.06395283911094814
0.06719067595305085
0.06193248856674942
0.06698274697202793
0.05976020757053964
0.06681730200680287
0.06384655889846079
0.06570195276160881
0.06492407978237559
0.06497471708855786
0.06333834296364153
0.06194944188973462
0.0628722528638576
0.06886234068844303
0.061322793535613936
0.06743242778959445
0.06383153334589678
0.06365849944395395
0.06723332606522231
0.06477872398680108
0.06383871001850111
0.06816857262929212
0.06434362396812214
0.06362144876454554
0.06663937251707294
0.07024730200916597
0.06412880311410225
0.06589579012783854
0.06525152977626501
0.06633009452303666
0.06847636051479569
0.06217078475039305
0.06703075412072261
0.06607228660418592
0.06517585465789695
0.06486168988128341
0.06420848463312791
0.06454282071981172
0.06568517081152996
0.06805173651123542
0.06668655305662972
0.06915658342325663
0.06594712184247231
0.060621238797855595
0.06381594772517407
0.06355370797689251
0.06795553301992613
0.06681611642846191
0.06361433614587277
0.06488502643115795
0.06351344407975325
0.0659786166783214
0.06588369499685943
0.06177267752680239
0.06697698871315941
0.06312023345552761
0.06499462076061029
0.06652646591127086
0.06705538433844632
0.062085193167215745
0.065811808612544
0.0625956875865311
0.06593332684490309
0.06657297065867317
0.06368172910256235
0.059708518730147
0.06376860621263133
0.06610381123549972
0.06807704865937805
0.06654368910099587
0.060747425228698124
0.06179128818484657
0.06570920591564304
0.06504785594727036
0.0626284858622566
0.05913031515110274
0.06259280971453574
0.06574016899977889
0.06605613412254868
0.06546312640291171
0.06535008349568694
0.06332552441598238
0.06695702980532835
0.06521652802736541
0.06719182312914464
0.062498637802716146
0.06435891158053726
0.06598427733010648
0.06569675380407225
0.06205793169074885
0.062462885691288314
0.06164354883248014
0.06729553058136449
0.06192070217215726
0.06607501810702746
0.0633736363075363
0.06420424857677076
0.0642337606258474
0.06514045205916566
0.06329750313874796
0.06969283087323495
0.06653470747605378
0.06736141308480821
0.0631788417673141
0.06322499050642433
0.06583932114563905
0.06722854746868129
0.06409526550867535
0.06244775603909005
0.06686926881606203
0.06726324790721218
0.06559974635510404
0.0639678596531651
0.06367496165497259
0.06365096770055005
0.06444470171285792
0.06220977068498272
0.06937629105972994
0.06663290832560052
0.06007250751051621
0.06325319961622206
0.061800769945380044
0.06682201971503439
0.06904643958541809
0.06547343961861968
0.06687256302351333
0.06659682777681576
0.06156503048286262
0.06153941082024552
0.06138914675523767
0.06687091252644016
0.06493712750318521
0.06461787793643187
0.0630097352182133
0.06385929142163048
0.06301682189953148
0.0661624408635697
0.0650561922679941
0.06136257483801339
0.06520038755801606
0.06177780802941479
0.06307567625980202
0.06834488209390868
0.0637487648397562
0.06515000037395853
0.0662387326833312
0.066362306300671
0.06547686122652027
0.06877588943258402
0.0666573226930958
0.06616806171931579
0.06066396317685061
0.06691452822085242
0.06290516787878164
0.07140472822580606
0.06538990211600666
0.06823885505900311
0.06306504737137006
0.06130977135240148
0.0641536054193844
0.06422850568503162
0.06829500516331781
0.06450542335262562
0.06716622253879487
0.06208973879841145
0.07151894694786372
0.059873887863343286
0.06589669931416586
0.07078892426547864
0.06866660392324203
0.06655332279186947
0.06664218471338816
0.064313721094177
0.06841749726236167
0.06659122919823827
0.06458405637511454
0.06534003531625625
0.06601152371380202
0.06828804256370755
0.06617949593551643
0.06394034870969886
0.06387467252368717
0.06611859663702369
0.06406418680960338
0.06204534273279295
0.06374079040118354
0.06609442878399492
0.06297358824182211
0.06423671127037883
0.06404423843638168
0.06393236565716146
0.06613339636041855
0.06728799490909204
0.06339211460493831
0.06315707156737747
0.06397513501247268
0.06613494960349346
0.06720615645219231
0.06497817249234113
0.06523727201278383
0.06616841281001733
0.06153376436750803
0.06559351120114912
0.06257330950973868
0.06897820725468122
0.0654062654151761
0.0655967767923348
0.06109331927910396
0.06624941057395431
0.06591318428765146
0.0658022324655249
0.06095365689733578
0.06901762335967983
0.06019269986602731
0.0679198607960295
0.06521852049622232
0.06727426363734114
0.06568608202030962
0.062405143530550725
0.06411651267367141
0.064399597340276
0.0662003152045739
0.06050451410373919
0.06255993645348294
0.06167801775582444
0.06214741932683104
0.059693636918437244
0.06728462424276638
0.06019986872729666
0.06573464150788624
0.06255113079684003
0.06288596395428571
0.062069300330082136
0.06540679257646227
0.0663260137987495
0.06714277295071432
0.06519392891308247
0.06458554892636563
0.06027442774921616
0.06299748959635786
0.06554129922746214
0.06465121283043233
0.06209287959774241
0.06443365496016465
0.06498348326555764
0.0655282132328177
0.06700131491269223
0.06336962955420357
0.06845521458968616
0.0644710150198351
0.06842411408272076
0.06852677822900902
0.06691113759455765
0.06508870592148128
0.06432962770392267
0.06170995592785637
0.061556232641402614
0.06622670832277731
0.06321379592148609
0.06170097655380753
0.06730646560478998
0.05939468364305588
0.062261911548849115
0.0611793113022059
0.0696473732160749
0.06651996785611927
0.06453636015960226
0.06268327956130766
0.06267416638271898
0.06789622723185589
0.06608224252627583
0.06677842877155273
0.06750058898025718
0.06559273907405141
0.06952910656171814
0.06336646187759654
0.06379801387209261
0.06205609021041189
0.06404644538574093
0.06518955959715765
0.06678979108925263
0.0675648031212995
0.064845209861327
0.06834772875344204
0.06484697952099758
0.06821188219054393
0.05902124134768045
0.06315449475807977
0.06755856950803629
0.06475146490405764
0.05916774009801046
0.06684540178305055
0.06491282384652212
0.06311455668303956
0.06710236203677133
0.06195061743358741
0.06761714151351444
0.06286871989964697
0.06667124524316476
0.06558762754543049
0.06583268374447439
0.06556833060478073
0.06270011387051339
0.06497322939766825
0.06680155853118225
0.06753922169639996
0.06403832866943526
0.06446128271735384
0.064672200602478
0.06346024503729707
0.06620915408911393
0.06510031221135383
0.0664728311024012
0.06797824621227927
0.06405174096917289
0.06384048599449337
0.0649726352666169
0.06276845381301956
0.06771521811446587
0.06365693491673191
0.061974321196720916
0.06137992849090844
0.06215703613275268
0.06662958915998343
0.06708591021583349
0.0646028639497793
0.06579913999131534
0.06695109367652337
0.061756573183338694
0.06706112213389424
0.06353757399402411
0.06162965132817457
0.06308278496762551
0.06442110018593128
0.0637794516578308
0.06672214376265143
0.06288669063695822
0.06364648777677621
0.06417040921934161
0.06328819380068365
0.060833931548704735
0.06622344208801763
0.06391000186874235
0.06576240399528033
0.0684819659953977
0.06932612491808701
0.06335606883750405
0.06329823442421324
0.06782538752646214
0.06399611167764237
0.06166231124698054
0.06007641280629073
0.0645044884893663
0.06506950223131214
0.06040561843282821
0.06314157596695341
0.06328018220462828
0.06257471161454509
0.0652277121565944
0.06208018518674596
0.06430057121080564
0.061655110414784255
0.05975619885547563
0.06610934566685592
0.06617494937330189
0.06535506588482955
0.0637669564063299
0.06479130965734388
0.06440452110861497
0.06230905321316293
0.06066233810243872
0.06716091198974028
0.06201436677966731
0.06406242644583447
0.0646681266816649
0.06463261978817043
0.06371836474494254
0.06467118751114495
0.06346310078628545
0.06491715990654126
0.062294379651261916
0.06349742768742342
0.06494151877037459
0.06571968433853466
0.061670712748680794
0.06845017438531559
0.059947213060091716
0.06567611217131679
0.06354185922453197
0.06292129827339474
0.06395494458367926
0.06856913556328655
0.0634434542772362
0.06474806879092146
0.06596229308197284
0.06767104966477602
0.06379982317227942
0.06495422901346128
0.06464254463650956
0.061969195777022215
0.06849259301308822
0.0629295002170847
0.06868836656192659
0.06529721488282166
0.06725787099980499
0.06404797874002426
0.061872513220190564
0.06204237101505642
0.06769573868260505
0.06471673153894074
0.06175177102422347
0.06500257045592513
0.06401550011382316
0.06628609594884072
0.06057346630394189
0.059976193214676655
0.06325296972533405
0.06588707204576498
0.05963782879990123
0.06650092505402834
0.06677539850188456
0.06635086292624737
0.06574310832282229
0.06507489678139995
0.0706626087974428
0.06265775247678457
0.06175935709955397
0.06768470329913466
0.06263037997493183
0.06378279780578923
0.060307932308241725
0.06631322463786775
0.06469040598032637
0.06448588912430836
0.06792180343834313
0.06472576993994031
0.06281322522172242
0.06430943402654632
0.062451087750039956
0.060539851509816486
0.06481083330702055
0.06744184709909487
0.06283858811517436
0.06238411702652865
0.06372682569717969
0.060972555229909964
0.06417984665889778
0.06269913755708002
0.061340491837810415
0.058784977369104
0.06763512132413796
0.06283826881551163
0.061789613022569446
0.06401879378227543
0.06327192916546973
0.06877938944351533
0.06394244013919581
0.06475274918866286
0.06126430817937436
0.06220726810624076
0.06618439477468414
0.065162913243991
0.06911188523599593
0.06586760685992665
0.061480526993970074
0.06336011647960618
0.0675150215525546
0.06050938502019959
0.06458518159479065
0.06429864620222579
0.06349393522251662
0.062290628380090377
0.06433060327180254
0.0648030154148357
0.06452242489993552
0.06324284324606146
0.061515348826415704
0.06337601759849246
0.06424968492146813
0.06298656007615888
0.06361907244460573
0.060204392258711964
0.062301253031750534
0.060443919016093625
0.05980832922045877
0.06053379936359691
0.06689473863151393
0.06150066289690979
0.061199157695606625
0.06484611160478919
0.06346564843230845
0.06093719976473329
0.06503807586026845
0.0661758486545213
0.06259442362149724
0.06443244033702829
0.05976564236779469
0.06523850395230535
0.06595869301675165
0.06295547210040847
0.06613313761433265
0.06257739050472404
0.06360525695447562
0.0672224434065464
0.06397464711371423
0.06547826701117677
0.06511411739078457
0.0659874875374327
0.06785737978577351
0.06546635283062763
0.06385808633355831
0.06659358209838613
0.06275433660201604
0.0663593200151698
0.06288519091898759
0.06190492726034003
0.06867981960533104
0.06577480028460098
0.06668008990770896
0.06283576878014484
0.0631444615653812
0.06263940756389161
0.06445796641661883
0.06504737719895635
0.06477179971442508
0.059308323700627566
0.06338401244001808
0.05949811321981656
0.06843991937187963
0.06460796762027667
0.06273282260277602
0.05723786516443382
0.06899808663207482
0.06661496277658785
0.06453575075317539
0.06324227023139799
0.06642277968945706
0.06485015445564996
0.06728678986457708
0.06459751231711819
0.06402170941214108
0.06813810683302567
0.06573410067377732
0.06751611639051364
0.06509249422860373
0.06398485646407094
0.06612463749240798
0.059586626284920646
0.06458434968441217
0.06342694349403759
0.06663283639712007
0.06781394344981104
0.059173879259213295
0.06462582584651087
0.06544041756804111
0.06326417785546809
0.0636926351643062
0.06688657916474385
0.06669673482365741
0.061217017392275565
0.06458467355533098
0.06253156870070248
0.06158770194906235
0.06813987239264838
0.06516750425475205
0.06542528090389392
0.06126950137443469
0.06399596556097657
0.06784897388243866
0.06792647510624668
0.06352303023412842
0.06807850432576112
0.06880885858476511
0.06402302808376423
0.06496161476005526
0.05960952312101127
0.06540808660559394
0.06429886870506606
0.06104798166025783
0.0631869168565986
0.06550798597633226
0.06358732033248427
0.06556881626143102
0.0647916061077169
0.060927704649500626
0.06063487660248743
0.06530138508667625
0.06455336440374476
0.06644432715563856
0.06404413018741283
0.06684797633460313
0.06555566779064087
0.06134975670652147
0.0664665392746588
0.06147997386724196
0.06235157879505302
0.06352874025358847
0.06536992185391935
0.06508054098266164
0.06225526582121164
0.06304586378467346
0.061461829964912625
0.05798703905855275
0.06673210037117144
0.0613504043372632
0.062237043598213256
0.06277164940809973
0.060434059073957845
0.06635490381408993
0.06218336992988934
0.06309445694213886
0.06411892937165703
0.0651850695479105
0.06422753636548803
0.06177101745244096
0.06385552952129357
0.06455637644230226
0.062284703646068695
0.06269517322231069
0.06279997680638959
0.06159267019710051
0.06267887052883947
0.06296771539859705
0.06766752809289654
0.06212791668099392
0.06299297576590762
0.06260565058078565
0.060133647062204774
0.06708734550395429
0.06192992151903411
0.06411503824210091
0.06075425635033016
0.06493468975872384
0.06398276738856913
0.06447560790726468
0.06379184556428681
0.06512439578541442
0.06437403259768926
0.06406851071315885
0.06273071986589387
0.06566317645017161
0.05907749539455525
0.06245095330148269
0.06032990727815246
0.06374961181750997
0.061570533815712945
0.06274581013644738
0.06331554116272456
0.0680860959651372
0.06844363072304603
0.06472099063407828
0.06861374540237143
0.06258616144313295
0.06405778994083416
0.06319957392586076
0.06833203411385957
0.06383100268000473
0.0663125053882441
0.0631563181714719
0.06292091719800484
0.06612937545803259
0.06915356046146923
0.06108785724967507
0.06466287505342319
0.06417966888440461
0.06747189732364105
0.06265201940546851
0.06371884313812338
0.06540054320268134
0.06125793513425864
0.06263407182683989
0.06593390146582832
0.05932875211116181
0.06131644102734728
0.06289649568769969
0.06352967436987168
0.06407245240448217
0.0652179290028152
0.0630693893522944
0.06286397559304173
0.06260211800554775
0.06178942819071673
0.062094205034910956
0.06551308063816781
0.06760197431075636
0.06092406758285251
0.06376508632946504
0.0643900638736516
0.06314368203954004
0.06532266928838176
0.060507078734241014
0.06628011858945104
0.06774331130985277
0.0647326747270952
0.06286949755231878
0.0681347034125346
0.06447698404902753
0.06506157582176848
0.06255733865589609
0.06645643145566645
0.0669724501602022
0.0657223718704436
0.06356984868406688
0.0664999478608865
0.0646596426067816
0.061036144708171355
0.06186193549671857
0.06447399294986347
0.06556946088072134
0.06431100167575163
0.06209957305271375
0.06395727556390722
0.06292207575663177
0.06419694594592376
0.06635840216069219
0.062399481142922014
0.06536966699314854
0.06245593829186706
0.06698569660329108
0.06417958242713576
0.06494817608644744
0.06419623013976683
0.0649700696100486
0.06488838552510906
0.06151889998419477
0.06564261966909415
0.061654135034639186
0.06349635845262289
0.05973957632246051
0.0602421062848454
0.06108374760483734
0.06424466672136918
0.058493576615561656
0.0670159098154891
0.06461307260460485
0.06465812745373349
0.06581262940041979
0.06177190544265468
0.06508563101686211
0.06486183049517638
0.06529518009918672
0.06251303505401484
0.06430500130879699
0.06321599350081931
0.06371658449126559
0.061668872098432005
0.06524333824959204
0.06251772840027453
0.07038775748978943
0.06413839731123222
0.06278843333731551
0.06322112014832854
0.06491010468769738
0.061848395270975055
0.06666646437929179
0.06972278007653504
0.06558224421219051
0.06548594489649777
0.06536212911746167
0.06268178468767094
0.06364167656920261
0.06380532031568453
0.06418151047488929
0.060144946551583735
0.06367381839069007
0.05986540793597848
0.06945734548768509
0.06437188660037642
0.06521502157971322
0.06527439852053077
0.06459925047514838
0.06438736368952214
0.06249443024429587
0.06919833706575795
0.06609716655191444
0.06334356269062164
0.06839400444674593
0.06495920723450901
0.06351133763061016
0.06349450406305707
0.0635925765085751
0.06401880547719448
0.061785190826228034
0.06824760863048857
0.06233397447757979
0.06719949801639229
0.06600995376449871
0.061844686866673874
0.06368484935192646
0.0598246437911273
0.06387255089564105
0.06498108534878635
0.06384587161718185
0.062444286424543735
0.06135789380396742
0.06478583498368061
0.06205864002308821
0.06251158370084815
0.061497360314973826
0.06539758315348759
0.06092228394400372
0.06928291910200961
0.06060111263734479
0.061042920004499256
0.06036981609213367
0.06332796526097659
0.06380824520883438
0.06164845794312328
0.06581691938487451
0.06434674162018184
0.06237093879739293
0.06687451772773104
0.0629563545778594
0.06571369871291463
0.06189245988002374
0.060089862398699
0.06454395927471031
0.06569318962282371
0.05895528816448372
0.06347333268068056
0.06097433700147846
0.06330444688123181
0.06406090848966735
0.06431162517323459
0.06168804882543321
0.06422358478080628
0.06434694986881022
0.06763050798895684
0.06184094515089233
0.06322329810298427
0.06073737538140401
0.0665378113247025
0.06374967181249296
0.062197468756261434
0.0643759413860812
0.06544813885763623
0.06541043223024988
0.06347407637128465
0.06210045337861409
0.06365842040493101
0.06609295868636288
0.06808470394980373
0.06260094684167893
0.0628406883148207
0.06417430715350844
0.06726140961156922
0.06519148933427063
0.06582053492688679
0.0639162207593872
0.06748884521194608
0.06631568522228833
0.06172044581280405
0.0635984572778838
0.06067424032997274
0.06405071902549117
0.06728913601631444
0.06589855546378176
0.0656563596406108
0.06289432936781301
0.06542613762860625
0.06277296864171664
0.06720042646817097
0.06461045937378286
0.06569179940883442
0.06290818927136567
0.06446760341058286
0.06533446685671206
0.0627047077682568
0.06406123278442244
0.06507790559064397
0.061448729669968144
0.06695715165347906
0.06214427354917121
0.06669229534704092
0.06348582000130225
0.06634459469396613
0.0659023714514439
0.05897907316840802
0.06311476938450986
0.06681065506325229
0.06864264126555941
0.06761448567796768
0.06262554931562449
0.06285565678789054
0.06383934184163771
0.06799941317715458
0.06400198495428105
0.06496566365050432
0.061743684358195335
0.06531249224023851
0.0644589106772058
0.06202102767320499
0.06645612417492273
0.06411020719747934
0.06722855798299313
0.06528926931508283
0.06659865627068318
0.06427848060391773
0.06230066365165896
0.06353192595799387
0.06247608547773385
0.06178204779474417
0.06101296392692673
0.061307170897004756
0.06460891713715022
0.06719911149641632
0.06093101983131527
0.06313685422300466
0.06338920068904691
0.06596747961884708
0.06205879726821501
0.06721922100023618
0.06239065799468153
0.06255273655791327
0.06708334461971022
0.06728999621583077
0.060565131828028904
0.0672923843635811
0.06835285074630777
0.06658711871410397
0.06369729417982503
0.06188931391788597
0.06375966163606765
0.06497563125472977
0.060852356357035016
0.06571206181129513
0.06621251194927764
0.06469395112586672
0.06441653837782595
0.06653657495071763
0.060847684627480546
0.06264502504338493
0.06352090029898326
0.06364779741256085
0.0641994544763605
0.06446060544797556
0.06189231655378691
0.06486841665960644
0.061586586514685744
0.06657053484892145
0.06403942715164997
0.06603366785955167
0.06551989474508782
0.060727230708587154
0.0622424845299366
0.06577688718560584
0.061459562215559656
0.06410706720879607
0.06494550981024154
0.065527960576744
0.06616713873692381
0.06573565570472394
0.06727425791667256
0.06383532817639717
0.06391894759442558
0.06535436306449045
0.06448885251446428
0.06779151936003928
0.06845718480967837
0.06411858773818012
0.06435125777417536
0.05882154509754021
0.0636240431231448
0.06452787171201084
0.06600781596246541
0.06483879523066542
0.0632664629897827
0.0656895566768951
0.06713117286507546
0.06590377267704592
0.06223870315311542
0.06506647550581646
0.06612414079456319
0.06572094303095292
0.06631871145592114
0.0655752939824134
0.06279423052967745
0.06233043466295771
0.06343663983309102
0.06746412691778506
0.06050203241784961
0.06622605561479344
0.06280660413492684
0.06289780539141303
0.06495223450620934
0.06386151534473315
0.06768864106486516
0.06294312523236367
0.06321423800345712
0.06424004270637276
0.060560069674019765
0.06286512585992236
0.06080273052736177
0.061032501531684095
0.059893757454043337
0.06299230179153184
0.06436531084882664
0.06395137350377395
0.06835883305697471
0.06165113108117556
0.06548889774490767
0.06561075533600197
0.06361626743985073
0.06239310167385772
0.06706929559197111
0.0634465711379093
0.0654268788865183
0.06542833056353488
0.06325760479432073
0.06800626807584313
0.06476129013235653
0.06644317529588971
0.06708214434337469
0.0621487185099002
0.06709970288233447
0.06744249920327834
0.06200987530831654
0.06321953884980389
0.06533142293797982
0.06359435465728726
0.06256713202221598
0.06493126225005431
0.060579703250183706
0.06651980114744258
0.0630372543497424
0.06580173272509834
0.06421850988494363
0.0632744571783245
0.06342972428623464
0.06537376916980256
0.06277949652465156
0.06454220331946772
0.0640944512609681
0.06259071786011923
0.061636804328221606
0.06418111425270756
0.0653480498783263
0.06152503808849791
0.06120539529861031
0.06312612849752551
0.0663116487770529
0.06302310082137262
0.06701913182659659
0.06782065463351529
0.06220244014853693
0.06867874790187624
0.06250741871184047
0.0639814057484909
0.06130603359708762
0.06529049067267641
0.06731131982085968
0.06433584844326903
0.06276828979035082
0.06393480565393253
0.06412867295994332
0.06780939223946687
0.05997176039669752
0.06562865117729291
0.06356514985875825
0.07016641364721708
0.06544326969573651
0.06422170737197978
0.06407468051970164
0.06573244600804339
0.06600405423662342
0.06373411062851336
0.06426239575384185
0.06575026319246575
0.0611546182816838
0.0620052536666392
0.05971937684686261
0.0625049547480565
0.06697767972919887
0.06027575016361068
0.06248185004226325
0.06297946427818428
0.06082292240135126
0.05979532495450608
0.061928694948779395
0.06038705734839793
0.059869087121730884
0.0698229512929646
0.06334556029614936
0.06463445537631707
0.060056716293418314
0.06069271081336544
0.06477261186341743
0.0644178514085065
0.06339238521004764
0.06435269093135258
0.06414660402814665
0.06192176847906739
0.06315104001288196
0.06402151737670563
0.06330326654403966
0.062414033522002546
0.06410868848547846
0.06136924656492586
0.06198300234935367
0.0651720413215325
0.0629551606322785
0.06469826868866041
0.06782048207675756
0.06481459477925997
0.06525472533060575
0.06317875609554362
0.06301471185390484
0.06710169050384159
0.06441629158728905
0.06497563351683684
0.06693219401748997
0.06369125430997508
0.06279890183943324
0.06416722688645538
0.06189238644305254
0.0672106690908852
0.06737384092784914
0.0649236319256758
0.06713474184648635
0.06248689632139083
0.0646283775707814
0.06121326689566959
0.062253843683986815
0.062383055326151654
0.0656589732812558
0.0639667974439381
0.06314651936848215
0.06351372521050233
0.06817986479642872
0.06575653943190109
0.06240067283892874
0.06499454035152732
0.06195136593997089
0.06281378955409499
0.06541588623218719
0.06459661141764347
0.06054650862294169
0.064255275964013
0.06463998344031463
0.06296141228195568
0.06341197641182349
0.0621127562013042
0.0617857478646677
0.0620199456802745
0.06634620769066504
0.06645797880884087
0.06105340700733869
0.06489353195169997
0.06444616734655828
0.06736364929106352
0.06567626635395635
0.066655138626238
0.061648346811164635
0.0649339443554324
0.05824810185676956
0.06465505508627442
0.06346940568439736
0.06468493120054411
0.06415756719670675
0.06670291758072386
0.06115669939440929
0.06480363669663497
0.06640791015122481
0.06852721462101241
0.0635107368559168
0.06399639191245439
0.06441092990748795
0.06129765435108141
0.06902546534102397
0.06475071196618407
0.061284452802524966
0.06472114951743446
0.062209835322424474
0.06589238936930165
0.06435450851488013
0.06251480207940423
0.06133608339604745
0.06525145538796776
0.06255224758801473
0.06203504671259364
0.06364339622001948
0.06392519154186889
0.06465009973590904
0.06394462622049461
0.06349555243882947
0.06269427121987518
0.06539217052032822
0.0624893687118148
0.0656311408688552
0.06927619920686881
0.06138731767056071
0.06291844214429107
0.06193666155640614
0.06548042656306324
0.057774308883627744
0.06307829230506135
0.0674594317595432
0.06458355591556121
0.06373874343662642
0.0656831902100244
0.060959842898709767
0.06448454705615961
0.06574172508685501
0.06574530712858033
0.062203311754004086
0.0665378145399692
0.059803954179422
0.06573218687598917
0.06311580719685278
0.06353822237737328
0.05919533647597
0.062267324253709594
0.06491669874086804
0.06509681249571905
0.06584415701760613
0.06019615146791138
0.06292298143767028
0.061753113532947164
0.0654061376171675
0.06666737987018613
0.06710886046106047
0.06319069772344346
0.06268665653396714
0.06736792587648742
0.06315084349476473
0.06157429942539845
0.06296165790692172
0.06405725140300092
0.06271677493137899
0.06158838763111003
0.062462315045373
0.060911612236392354
0.06300104593026516
0.06063456836693214
0.06355640615421336
0.06750348590958744
0.06405943710650552
0.06162532534474275
0.06585576385068227
0.06417143868762587
0.06195189638201089
0.06578975150539462
0.06213538473580972
0.0598311950537961
0.06627072668360925
0.06627222071923723
0.06544989412270322
0.062090969761399474
0.066884103836022
0.06099326963834539
0.0642299326941599
0.061169299028224024
0.06449354460381478
0.058739423705840545
0.06426435664183812
0.06279406198778187
0.06607655913070663
0.06006304091227551
0.06328773435180932
0.061936505590724514
0.062336267218877806
0.05809710537534099
0.06240397675793942
0.06401060086243478
0.06693556033632152
0.06410031195544957
0.061954822873264044
0.06555311121498532
0.06723116510591837
0.06732974852978221
0.06546073049962715
0.06410147432238993
0.06648844711748195
0.06407747923900775
0.06297908057264198
0.06368390826736485
0.06373769714695182
0.06905465096476383
0.06790533852966353
0.06765797645711251
0.06587505711476413
0.060079648154099434
0.06413079083396818
0.06298730886790942
0.06528872733661836
0.06429501313481431
0.06621673552301459
0.0599194555978194
0.06568043955244421
0.06287288836458012
0.0609494603538291
0.0594807577376114
0.06389118832919442
0.06310090179336746
0.06401831475103158
0.06001510717392921
0.0654162017414232
0.0652607403829702
0.06739135269609133
0.05968960766203182
0.06445869224439713
0.06321276369800781
0.06557297358648051
0.06414096198554153
0.06426787347562953
0.060433002069640716
0.06318820802013661
0.06600962750096315
0.06722480095913883
0.06326249363148442
0.06479126817224662
0.05879078659438282
0.06657273884338773
0.06507322257458542
0.06493386638895327
0.06309830614723483
0.05944187799082174
0.0597182311130494
0.06084882739698395
0.061885491912145915
0.06619653615356234
0.0647891578391556
0.06682401021686693
0.06385589394418735
0.06137435075177914
0.06662979916285353
0.06347423685598406
0.06417363741644184
0.06745469781711341
0.06256876455402842
0.06071352277574831
0.06387755036567475
0.06720992971677714
0.06206314583247784
0.0644612858381082
0.06129415938627971
0.06518816344952316
0.06031965587213969
0.06279659057156967
0.06634378650805521
0.06110414040462164
0.06392740694621338
0.0659078864292929
0.06178798536421959
0.06377164047797947
0.06402617170320729
0.0643953930801131
0.0629336244158036
0.05950702370101575
0.06235948534055218
0.0650876376012098
0.060742327500459846
0.06372701632771598
0.0625831704726407
0.06435133896004736
0.062787753272689
0.06503757705111546
0.06786038827690496
0.06518795996009574
0.06601308582486126
0.06255778577131851
0.06528991816897121
0.06151270886977789
0.062246522878774475
0.06314647429091022
0.067600861388174
0.06256653836455202
0.06220499255001564
0.0600272046123342
0.058185075984086156
0.06346473360039578
0.06037294791290275
0.06418799284261997
0.06150486546011693
0.06331178614997854
0.06259164606463387
0.06685324480577672
0.06627647262909629
0.06365541982427014
0.060987072945677616
0.06634191364665609
0.06261639672016489
0.0636621477168947
0.06718700752545964
0.06191653054873838
0.06450493154269282
0.06441608504181141
0.06394571357739977
0.06525479329951814
0.06451682848383936
0.05879978010144818
0.06404495915399426
0.06463160268876669
0.06397871386086132
0.05980917519666481
0.06294152335929097
0.06561598067416437
0.06224975939106639
0.06794695569173985
0.06189623354756782
0.06444639955799032
0.06400942220388996
0.06635452469984822
0.06232296266025484
0.06291578827597476
0.05958662149776532
0.06337694185139534
0.06174455316643962
0.0655370452615993
0.062111432269358224
0.059924484922770756
0.060453136720784346
0.0633967167299532
0.06488144492898265
0.06121356250170598
0.06217593889949783
0.06201085648293779
0.061994291113709125
0.06283628627320294
0.06223645192040403
0.0638587704685111
0.06452725946967929
0.06103806711148525
0.06510244028936664
0.06326180083129271
0.06141102383037154
0.06356321258351288
0.06020096823452668
0.06604394958972427
0.06411057284932156
0.0669966847850161
0.0633668704026056
0.06078141963873152
0.06509255913426207
0.06273531572797132
0.0643665045754019
0.0623354131960792
0.060865169596050976
0.060587127687921974
0.06237431442101563
0.05916820791250868
0.06306494610372204
0.05896602452284268
0.06430378780624527
0.06539383634221586
0.06593447259939599
0.06569429670246037
0.06859545524443432
0.06326266920448326
0.06293548895849299
0.06334658344883443
0.061597264219318694
0.06544506243013654
0.06600595455659113
0.06423178541485774
0.06427528970608036
0.06597089198303895
0.062239263893744186
0.06804450344295565
0.06409734558472949
0.06853434713723108
0.06094766131570522
0.06509813583826242
0.06099788641648265
0.06504542996541368
0.0597099886156448
0.06486014560793434
0.06317565262462362
0.059904267444434535
0.06331542763352746
0.062390048679625804
0.06438402044052607
0.06268676744832456
0.0652411967152997
0.06813446753874457
0.06077954188980509
0.06123298488087328
0.06594785361551242
0.06092890780969707
0.0660963118113163
0.06314606980502498
0.06467005695362024
0.06611724694200481
0.06110130319715593
0.06274818791284406
0.06199799649573364
0.06229359286861772
0.06560282630255278
0.06487411780029646
0.06386024637288444
0.06197468391609171
0.06298278084663368
0.0634181611120715
0.06245581640248508
0.06293903968563253
0.0618080695897215
0.058209749449578845
0.06434765987235037
0.06266777438414096
0.06547332297167448
0.06376455930255427
0.06099710173245903
0.06425716476103402
0.06500548254182173
0.06722439269058057
0.06484352216534298
0.06473029072037133
0.06480501074372667
0.0640388682454257
0.06518392549707563
0.06165170652044462
0.06410241375177061
0.06092238149982712
0.06623884246483816
0.06457324344000406
0.06633887248956909
0.06176523237366075
0.06429692677940001
0.06380017754273391
0.06500739363933736
0.06070541468363389
0.06477496160890554
0.06161262188838202
0.06467305766042922
0.06459376480330771
0.06504267742691179
0.06484201391212178
0.061313679109546985
0.05980065365638911
0.06290922073388819
0.061062273562917734
0.057258703078384994
0.06329723103986687
0.06309085716703403
0.06331945326095256
0.0625609441240607
0.0630987328612125
0.05958250532276749
0.06262090594868695
0.06173053749288579
0.062104956644089646
0.06555312570385013
0.06350031082120824
0.06682883057080817
0.06352953164744471
0.06287738209980417
0.0639661366096709
0.06388321537040878
0.06492831202915718
0.06049544219800823
0.060248004785381684
0.06391452125629879
0.06114525659571059
0.06186751585831771
0.06526107737312575
0.062261208399009914
0.06555428262304244
0.06621709868281951
0.06477185876439386
0.06456012835472058
0.06408639333669892
0.06484412453673728
0.06349184760264115
0.06517451182452812
0.06289013157879336
0.060206768649733254
0.0648485072893432
0.06494052016241662
0.06442406569488261
0.06484904418642203
0.06427924697946691
0.06385493139566913
0.05859039911902764
0.06057880909656438
0.0656928648672725
0.0657073741313052
0.06283663512731585
0.06220483215405165
0.06352204252891272
0.06354054744308552
0.06039885608301904
0.06309100636073482
0.06444362109189562
0.06325987441559625
0.0625886086612343
0.06605573677592945
0.06638910887491052
0.06564630273766127
0.0626512920642377
0.0647252529093169
0.061191985195992935
0.06599813195395692
0.061796159684025166
0.06078392616336689
0.06265656935408877
0.06366404298374917
0.06192326547225187
0.0620394653737343
0.0625205805998102
0.06187918829944389
0.06557949897185483
0.06514034328509573
0.06529195160848207
0.0638427245149435
0.0660392212745663
0.060099934658609744
0.06194066073756145
0.0646543082545536
0.0631984891184789
0.061508540194599726
0.05774778378557511
0.0640264920918088
0.0580590710924371
0.06344440636286856
0.06568205371978902
0.06141351677244398
0.06080480056826855
0.065218185902767
0.06575505016454816
0.06554418831279303
0.06349833992267528
0.06126060439421941
0.06407864845514093
0.06329008476989467
0.06718660842477203
0.06777971447625597
0.06547199176413399
0.06302216523679345
0.060429671465271506
0.06324971601190513
0.06539794216425684
0.06513092323519572
0.06776338633081239
0.05826263073780438
0.06048827793734357
0.06335353280600382
0.06762127390109351
0.06111130692827903
0.06233399410434223
0.06270807164894583
0.059966044646997
0.06189225795301034
0.06162380236250073
0.06281771836226975
0.05982496850470174
0.06286701535188216
0.06275355309648582
0.061849792183909305
0.0633535574949121
0.06445922002867187
0.06489190518365508
0.06520452100559009
0.06487032669179275
0.06345205663368246
0.0605842065599819
0.06140726010305411
0.059768087907464955
0.06194426926744245
0.06460908558716491
0.06135619409639896
0.06352989825819329
0.06138746620343442
0.06304719999961074
0.06384842440249491
0.06179536876037386
0.06667909696895254
0.06672903632354715
0.06833581512120337
0.0641939443926523
0.06438961981627435
0.06047955466134746
0.06319826780646326
0.06266827214575812
0.060093097223266535
0.06264793987346835
0.0657490387115022
0.06603977408957153
0.06434730518315213
0.06714189790848608
0.06471763392340692
0.0643263555833354
0.06205931563406943
0.061858016930646305
0.0660136816748224
0.06388738733252317
0.06211882418554594
0.0616653908388906
0.06700817568032034
0.0631465889220554
0.06843180641108278
0.061474027705156066
0.06580158708805231
0.06794091881185726
0.06424118131335696
0.06186370285202112
0.06070270833206862
0.06253618087534736
0.062350385135460554
0.06669408317152702
0.06482674038255065
0.06507567216854226
0.06510425806950951
0.06473497837658274
0.0654836143353898
0.0656559329335227
0.06220143577149742
0.06295096250568306
0.058433090676179286
0.06111998451488332
0.06253621448859074
0.06568499527495693
0.06266203099505221
0.06183062149224468
0.060316604826786795
0.06599326977866893
0.0591513996068597
0.061703396115644515
0.06701380354016603
0.06406573856342719
0.06358200115528041
0.06108925160980251
0.06342666302328645
0.06696829581134223
0.06403041531674103
0.06378285010244232
0.06414303969533423
0.06549520836335415
0.0641296062809051
0.060881638926450425
0.061176535148655065
0.06013951298368772
0.062057973784082135
0.06366125821700577
0.06225975218357628
0.06234490065672779
0.0580864054810172
0.06539297545930141
0.0631533835532862
0.06057714950467615
0.059011075944331234
0.06354824456766306
0.06662030292938777
0.06578643919517964
0.0631636311054446
0.06430730910817566
0.06237429399746463
0.06474495159038175
0.06379196634823585
0.06268927617514686
0.06448019809116189
0.06270394963643924
0.0625078103361824
0.05907323421373688
0.0665991476400734
0.06391155091396573
0.061368018840662474
0.06302044695409938
0.06053530700890867
0.0659859655785844
0.060629794789869164
0.06278656378093778
0.06259420205769006
0.06111323834552793
0.060820401424886254
0.05993961334523294
0.06645217456873069
0.0597836434085841
0.06112456117002134
0.06629795553784278
0.06322909921543193
0.06326553674832541
0.06334509485348237
0.05979255790113589
0.0613872978433237
0.06523200876329144
0.06318359789872732
0.057924536294674235
0.06567578713476166
0.060670210228236425
0.06259115536261547
0.06850669929597834
0.05998174835051574
0.06499240815804064
0.062386108677043944
0.0637051125977776
0.06224904975576193
0.06517366597519901
0.06438923965820538
0.06634185642096091
0.06549649878078757
0.0635406629299332
0.06463925033930107
0.0658154608579581
0.06168282347130501
0.057676843193192266
0.06259966213130397
0.06126520578953279
0.06407662020394768
0.061787921576094196
0.06536741954205426
0.06324609896602527
0.06555990534854134
0.058308764743054235
0.06637257455373179
0.06475243795328348
0.06365092330687416
0.0684499654293554
0.062155707834368454
0.06052203921744059
0.06575158699976968
0.06436014887420696
0.06010337393620171
0.06340847426688623
0.06426062531272346
0.06307880909490478
0.06576560190070928
0.0648129431147815
0.06479819932199046
0.06235305843852966
0.06119673558141135
0.060045579340375
0.061607418965186324
0.06357226837764222
0.06361214199437588
0.06029584359135355
0.06105735360533995
0.058807723478116775
0.06025899403245246
0.06060288843357955
0.06422106287920162
0.06507221825059369
0.06306143064954911
0.0625390339184421
0.06528062610300857
0.06464929771903742
0.06264176711774591
0.06218149450077973
0.0643866557631807
0.06638717154316022
0.06526746472439376
0.06499735184385066
0.06425734318530703
0.06380151651789476
0.06564073291100651
0.06666815464145114
0.06206625880588476
0.06310783454153453
0.06133405691343265
0.06474286268609389
0.060351034119685676
0.061492920642502225
0.06317054431269431
0.06248860296522646
0.06698388208802039
0.0627349753856954
0.06135227897669288
0.06629962736116354
0.06872312632801666
0.060926978247715015
0.06585334732026886
0.06524211628815191
0.06427834281763282
0.06733687202617876
0.06245050249775773
0.06466027882628386
0.06294404897645034
0.06401786785744795
0.06616583207215126
0.0633168068961506
0.06210334445749116
0.06469902853168297
0.06696354186972832
0.06184187991070674
0.06543994487457863
0.06287936009331324
0.06424655110107008
0.06214353639599047
0.06227211530043125
0.06281975099101558
0.06566997117382199
0.06132515055005851
0.06422094697545672
0.06564964615400583
0.06622406796020577
0.06393820072820126
0.06308533204047617
0.06480847554551636
0.06433694418177656
0.06454719188317032
0.06012435105283669
0.06699653559119788
0.061921799185619436
0.06578772661025928
0.059651249129550596
0.061761910750141154
0.06624277771779188
0.061550481997451584
0.06332809609665148
0.06247708951590183
0.06336502634188675
0.058527638645476665
0.06428287912622382
0.06407149754550186
0.060684778497567926
0.06282177081496589
0.06376373867562188
0.06330887192682318
0.06330639345781343
0.060870699757000366
0.06333820795731715
0.065014633010162
0.06382436607505136
0.060815936189708035
0.06064412946744817
0.061790893732667385
0.061018632849112145
0.058203510079112245
0.062253537440708225
0.06513956681490204
0.06495050935996281
0.06465974884248743
0.06055724386329227
0.06689864506224207
0.0614381513136092
0.06482606990771642
0.063775996161756
0.0632914278881092
0.06155508407756679
0.0627847559085418
0.06229400357478923
0.06548832132816731
0.06575994716803843
0.06203913715956026
0.06335636288439953
0.06163012220902137
0.06522997130565086
0.06534706460090567
0.061784560497122464
0.06549514370084772
0.0645706608569633
0.06553885927382945
0.06523324973878533
0.0659919186331713
0.06092089241924319
0.06593489005459532
0.06419784377255403
0.0621734440539285
0.06788798018863298
0.06231452385533848
0.06445144636799323
0.05873214887940535
0.06518986903711461
0.06356274905327933
0.06721926308452832
0.06958151820873273
0.0674599905897479
0.060975973747148894
0.061595526069083965
0.06300828460519414
0.06502966417514403
0.06485308784507846
0.06326549513380637
0.06381471285040159
0.06364060996327013
0.0637421990941484
0.06282581006579034
0.06214264117075178
0.06380397494324276
0.059309278284991676
0.06020284631931979
0.058704993200559455
0.05931238652624886
0.06285344550334551
0.0628653095685776
0.05943159387262596
0.06303502573970342
0.06068499632170825
0.06379768962251671
0.0632192245334917
0.06422392317782505
0.05980156600504612
0.06181225513876316
0.06313513787994111
0.062371672982703796
0.059051820743223286
0.061241947219336915
0.059500382240040034
0.06410858614246775
0.0628738673510243
0.06088018086072735
0.0661059165710748
0.06587130445696594
0.06303939318642661
0.06053424230869817
0.06196949284539868
0.06431966325450321
0.06319194238167902
0.06454055401620941
0.06352471226522885
0.06296377209359094
0.06612496248574422
0.05975360898969996
0.060731520412474226
0.0654288870354317
0.06486610208660408
0.06644544819728027
0.06458325481407665
0.06307447274953545
0.06575855331370084
0.06262683141720585
0.06113659436900036
0.06170725415824419
0.061238807601005994
0.06512995734788965
0.06114675327991446
0.0647444390809925
0.06342026073499839
0.06508641953720151
0.06470090151802459
0.0672591737672103
0.0671347432726109
0.06529018069094551
0.06090386340382985
0.06659504783724182
0.06158731325625894
0.06323670264730952
0.06102929259978396
0.06333384173778886
0.06317181225303212
0.06139353141419095
0.05976980106899179
0.06146332629421898
0.06033046000817094
0.06327296067057625
0.06048581833138988
0.059182833928840835
0.06336691779811474
0.06037394368740477
0.06320548725992019
0.06370408333056911
0.06093231783560278
0.06343312401315573
0.06373756738133815
0.06482213880526536
0.06267315514568965
0.05867150446059712
0.06392463664804698
0.061804813695164
0.06348941358508481
0.06371050421434443
0.06319772208381381
0.05871492303569715
0.059702161590384516
0.06259640571760769
0.06568655834240208
0.06255825167863494
0.06005653624678751
0.06417635576904929
0.06066454011566047
0.06005142391863266
0.06357933019212643
0.06167861129429379
0.06021157112124236
0.062610156848248
0.06276654646087876
0.060167364352560405
0.06322354987766943
0.06101741985940744
0.06298110155817156
0.06474647815444333
0.06347797349164007
0.06877917639599639
0.0647047872341871
0.06392108652309154
0.06384713081569228
0.06582503607630237
0.06256713643311047
0.06213052716162215
0.0660861773431876
0.06336227432132913
0.065195617996269
0.06713305202408168
0.06687580082165555
0.061127054664344066
0.05587575568515976
0.060428175546005394
0.06299333486506142
0.06603138738053076
0.061135304529604535
0.06552428783984525
0.06281846468856221
0.06177918384798717
0.062366094865811086
0.0648216731089024
0.06100262838605681
0.06898574187125399
0.05721479215597306
0.06512809499380745
0.06203033797786467
0.06162160111946778
0.06053527552723489
0.06425911836487276
0.06878897669679465
0.05845218948656414
0.06424911035064644
0.06390055764880409
0.06089064326198035
0.060577208348723335
0.061144559764257735
0.06425350533596919
0.06261418790019964
0.06242819580637382
0.061130025409066105
0.06247171602168849
0.05944038036681804
0.06383089449707484
0.06011603788719361
0.06517777328996742
0.06345018395716093
0.06294102878192064
0.06380157819925406
0.06058250350013215
0.06184761857318051
0.0621512364577821
0.06272804092694591
0.06121117019307004
0.06581947395010768
0.06116503289048863
0.061065361070141495
0.06342794006778929
0.06313557355172951
0.062249741562540616
0.061295549466095535
0.06346601923634673
0.06434080425506683
0.060891222790589866
0.0675080221050919
0.06041973052372452
0.06357258797451487
0.06509794630022918
0.06332646691362924
0.06375625611722979
0.05902522631274569
0.06420751479689096
0.06272339526231714
0.06556649071407462
0.06555794536342807
0.06266357883304688
0.06489922580656234
0.06479572005392291
0.06626417599774391
0.06053291981070248
0.06503651254183188
0.06575809869254311
0.06226630410188957
0.0634741457449901
0.06018030237761504
0.06360642763344604
0.06188447328642925
0.058709551221366424
0.06229367086478955
0.06227251497066868
0.06251217969081319
0.06068043664302229
0.06401070755932647
0.06525487979533433
0.06378074948266202
0.0599982731324454
0.06011206888540656
0.06443409992801857
0.06532939144368398
0.05960503812588105
0.06349945881908495
0.06281253888484842
0.06497481576799262
0.06360182853583128
0.06216609772599034
0.05810835116756106
0.06490940303367443
0.060820964503562946
0.06392500517131139
0.0616151540305325
0.06671011335493034
0.06291986182652472
0.0676119598626236
0.06262387859185245
0.06269636633256367
0.0624295270450222
0.06511622689292541
0.059749196799598295
0.060222778288373593
0.06037327411587311
0.061484688210781326
0.061116007812408106
0.06541298017318778
0.06149356574076603
0.06014105739104509
0.06634014531423092
0.06639626191310569
0.06542856274371667
0.060655157264929004
0.06243069604828487
0.06462752563330389
0.06680796097634853
0.06480203232197687
0.06453205181518437
0.06090723524332143
0.06399476755346645
0.06270243085319957
0.06151396853227388
0.06382734055452065
0.06311972834048672
0.062351571776340056
0.06273144747998627
0.0666052664553046
0.05818116033046603
0.06316833640899146
0.0642257786280606
0.0641500334911047
0.06278802824279969
0.06255870848855957
0.06475263453281664
0.0658652945390716
0.06448305378855969
0.06390356898110773
0.06570313572306653
0.06046848406726561
0.060737683379255156
0.06120006973983277
0.06225613449040903
0.06471493590656342
0.06217383888720236
0.06446344606062332
0.05860154277132412
0.05961785224903978
0.06488068377703927
0.05957307965338686
0.061762984264703814
0.06298216280159682
0.06486462610708933
0.06307205737494478
0.05984893563659589
0.06350605010433087
0.06601760923837945
0.06499411485566177
0.05875813730962219
0.0621729905199868
0.06031803860214815
0.05948197941256909
0.06297160394480049
0.0681522871776397
0.05919232122624491
0.05794133073652384
0.06290760516204097
0.06368506051122196
0.06401501167757069
0.05985449712980657
0.06144242385554541
0.060931145872138374
0.062400648632098425
0.05977413952097526
0.061311767353944745
0.06251434010430314
0.06226867186592342
0.06250016798575485
0.06400494762768853
0.06554691019721015
0.06311915824324855
0.06383539490924442
0.06050786837612888
0.06565451325394821
0.05831065184723127
0.06361537027699259
0.0599603766326448
0.06566412594673846
0.061939619184288724
0.05954031148385429
0.058680970617160294
0.061298942477904704
0.06509013424036103
0.0627594614232192
0.06479514572575053
0.06678546603442122
0.06340164097019982
0.06319761274223464
0.06478061200855029
0.059847164268085715
0.06287987094494497
0.06878085032439218
0.0610707516987826
0.06374937987304105
0.06407038349636915
0.06937070673600261
0.06179679286192986
0.06105301051412362
0.061040840383109855
0.059425026218911325
0.06530839094394444
0.06049916700878944
0.06335402261372111
0.06184211980704775
0.06130070896554493
0.06503292769024098
0.06263220846543438
0.060827380252779104
0.06441876845163107
0.05999244180766458
0.061859157689159255
0.06495867807163783
0.05715110152074517
0.06252619822576044
0.06736103123874596
0.060473767207727874
0.06355036806563019
0.060135190044177445
0.06368251467975493
0.06320841712643364
0.06383606499280639
0.059944155131764515
0.06429252916745404
0.06137922744609118
0.062220859113198385
0.062218754375215325
0.06352572451993516
0.06386643266494811
0.06282719532105131
0.06197516637434799
0.0658970812668915
0.06187865831855255
0.062008706448862735
0.06395513456073913
0.0674598106015588
0.06383849861253758
0.06290936330117743
0.06476119722572508
0.06390974544438642
0.06596967450139712
0.061854913537330344
0.06443360321875453
0.06475734508660107
0.0606743124340181
0.06289734101676618
0.0610490548393331
0.06498120238725609
0.06269535764394292
0.06085068658163431
0.06296099582028207
0.06368344164510792
0.06061679283774426
0.06205656632684604
0.06387379458284036
0.06352202100253761
0.06374794886320378
0.06354383163142564
0.06256112583614301
0.06364973018389128
0.061959331148470596
0.06416823729755597
0.06373702935721602
0.06442901233118796
0.06236899633316742
0.06556298422505316
0.0634584782366969
0.06136709649281384
0.06557975095871105
0.06328047037465903
0.06505305664815474
0.05866754407396321
0.0590727943796704
0.06212525924058524
0.06747884819722308
0.06490865508475986
0.06243463360176654
0.05988038165056729
0.058814570343627574
0.06087231817252499
0.06599122686969532
0.0628690333301762
0.059167321902591365
0.06010039711916671
0.06013536379848342
0.06314976382970805
0.061066441711397766
0.064071224491996
0.06190322490387287
0.06462719276587206
0.06712840801336095
0.06493530751013184
0.06319084712564109
0.06808711700855184
0.06477464478518437
0.06638144869598948
0.06373564355825508
0.06554077270562672
0.066253932765348
0.06139578322736052
0.06484865190296481
0.06596912956680875
0.06607571293826717
0.06736673650023947
0.0652863612636006
0.06206074903461037
0.061603055984330864
0.06574658152115519
0.06343747726778977
0.06312478594877642
0.063556960225695
0.06278620487097539
0.06474212604712766
0.0620140252607643
0.06305309681981854
0.06591882276901471
0.06345238671421988
0.06423020152826259
0.06048845267909894
0.06155588103427697
0.05935827681980888
0.06157906223908252
0.06287187501492426
0.06530941510912137
0.05950503716974169
0.06361540806523218
0.05917973715390736
0.06222891059413397
0.06408164803120563
0.06384912515257436
0.06321303475528725
0.06132370568422495
0.06421039891051374
0.05865104159097317
0.06310563579964894
0.06480027261257697
0.060337846303482025
0.06281057586525458
0.06311706101998212
0.06061166105068695
0.060170164774516456
0.06282232545855454
0.06254820619342227
0.06305958387468384
0.062404430176747
0.06644631071934025
0.06472697646381931
0.05865970746046031
0.0628227400549591
0.06143601962173039
0.059333416135914294
0.05948937496041078
0.06284722445990608
0.06281889910822196
0.0620094146371789
0.06072414434588835
0.060729959198914364
0.06142012702546068
0.06729189581323997
0.06289921096856234
0.062294841560310885
0.06188569265263114
0.06324511618003283
0.06503413242131972
0.06424908997877245
0.06700117105792575
0.0645928813952096
0.06317375523770485
0.06257257694275112
0.06225013875355516
0.061664814311300435
0.0614264065602546
0.05955295783645118
0.06509793922738635
0.059986569098812496
0.058027639721578095
0.060330540165882844
0.05628417154214657
0.06170820052167653
0.057096627827486306
0.06349245051578763
0.06338751037451656
0.061384255494720937
0.0617559625689699
0.06195197167179519
0.06170920488648576
0.06061305236262194
0.06435416434479763
0.06232695712765344
0.06331387220249188
0.061470664475638565
0.05979325234998458
0.06615231144409912
0.06566031493288577
0.06329922104485498
0.05741179640449038
0.06352477121355112
0.06406560652004996
0.06218257393362446
0.06602133991011291
0.06400259122209763
0.06292961360635194
0.06713416367079354
0.0593882953160549
0.0653882035119444
0.05717034919095864
0.062458024452240336
0.05903596954227568
0.06332887350741469
0.06114080978861905
0.06033368238614187
0.06451458126175137
0.06626002684377677
0.06734577555045732
0.05756814967988198
0.06468320979681517
0.0631797935961735
0.06271271616410319
0.06604571438539057
0.06426127581269742
0.05911408568205527
0.06510575921099669
0.06473267661407503
0.06273324088389154
0.06299176664786067
0.06433118200987777
0.06219162210342659
0.06088047860951369
0.06192135633479903
0.05931038488287179
0.06374613620776665
0.06241348203839943
0.06575149216756435
0.06100414855060872
0.06053392892827846
0.06188230990514479
0.06586612472878393
0.06454426929175788
0.0651698415319844
0.05935704968369937
0.06213452277019308
0.057792917501324814
0.062657594226432
0.06043435404177034
0.0637780557961486
0.0606683975978331
0.06459739028962755
0.05905711809317808
0.05682024529993326
0.05853450003908056
0.06203455366059565
0.06361052833862314
0.06484683590957467
0.06459379198487847
0.062290333666911495
0.06113490118705537
0.06392733560044579
0.06327783933623367
0.06280830350246377
0.05907640181170244
0.060804102201040065
0.0610070542175348
0.06595674872000526
0.06267024453561149
0.06523537258948915
0.064065579114166
0.06211402672529526
0.06417861805766305
0.06515015290187558
0.06243996489699344
0.06332512024686962
0.06286776710819512
0.0644028399454412
0.06338846438003093
0.06036028115712542
0.06076035830698778
0.0623904428673259
0.06477570487988979
0.06180169724873621
0.06537170730682759
0.06171678970422702
0.06446330274355329
0.0654729748918006
0.06612515010730595
0.06738764873528583
0.059822819878983226
0.06441776453298101
0.06131748420671817
0.06269198322387158
0.06062941145993591
0.06336993693691041
0.06157088622803988
0.06316491320211597
0.06021227543179984
0.06363442869711042
0.06378760204378148
0.0605321275915419
0.060865950728398885
0.05840630228860282
0.06577868183527902
0.06416033090565726
0.062724380082416
0.06359598081243803
0.06482711780961743
0.06261836089760504
0.06298227775041407
0.06264393416249717
0.06136515176621145
0.06372404566264427
0.0621328914668938
0.06608664363843597
0.06348263840083748
0.06450501176988023
0.06274285877349141
0.06796332283450919
0.06487396305599664
0.06399307294966831
0.059924481973698915
0.061217375920860906
0.06574448768642886
0.060867845043118395
0.062277081682579345
0.06283575492680646
0.06358045455422148
0.06067296776712435
0.06058092651115663
0.0604761337049758
0.06291166770191631
0.06197506780633237
0.06458669492049567
0.06056735473115103
0.06276976472786279
0.06374371220381234
0.06173568507848105
0.06011296742306093
0.06646391454011288
0.06559021205273148
0.0606378575526419
0.060637526419288434
0.06679033089387812
0.06352558583141091
0.06171732749639377
0.06388345291104355
0.06238517295493069
0.06506564689287131
0.06061806941870047
0.06132889613180965
0.06294103377316304
0.06422319782155979
0.05759786973550168
0.0650298026184902
0.06308174637912972
0.06474088950578112
0.06067230770178593
0.06696888131755781
0.06318121650914017
0.06177621708749785
0.06402959756745628
0.06331301164296703
0.06021045122303974
0.06113231692145196
0.06253346452781695
0.06381587871611717
0.06417810915562955
0.06415352179013283
0.0620392386361934
0.06294075554212002
0.06551791778559816
0.06031927568362339
0.06158569586168662
0.06067632141277244
0.06403005425868544
0.06230051079570632
0.0660852413324382
0.06132988044082466
0.058079253631720305
0.06395363478929507
0.06346635680052752
0.06456044336001486
0.06846154796568761
0.06305197335245452
0.06544238266796093
0.06303197768135584
0.06364380306407659
0.06337061802222202
0.062172607469704363
0.06255594582820918
0.06073974292519068
0.06303137974357466
0.058702845082247
0.06164401542631896
0.06560748402381102
0.06286282618006278
0.06278515235893985
0.06292692096463036
0.06136716177627759
0.060570745153559646
0.06535174139330516
0.06090422023329755
0.06452925830004054
0.059392649312509836
0.06517234514561548
0.06372800915409221
0.06116589704203388
0.06666633503636282
0.06153784251780658
0.06358315062551426
0.06329072429232091
0.06375441386655716
0.06544274493456359
0.062295952986916134
0.06382811599829036
0.06381065383095132
0.06201124587253459
0.06061490381931001
0.058434483283351636
0.062083873154029245
0.06035134442065403
0.060363724748063945
0.06381308021818449
0.06136687007313933
0.0630688607984954
0.06121560292121084
0.06188022818127132
0.06495081649680505
0.06226184036785481
0.06176834246508348
0.061321547951061775
0.06821278391131903
0.06581526793273267
0.05960804994344381
0.05855081877667188
0.06364481112651757
0.0645484483892305
0.06092070974099537
0.06255326684690561
0.06431620056377156
0.06142950820213881
0.06391450678024224
0.0623083844490408
0.0620775818055914
0.06357356859235984
0.059766996143503205
0.06064824875609037
0.06441652755237756
0.059485244362157054
0.06285260073913422
0.06014468995987955
0.06106562462374852
0.0643808036454994
