1.0244310858454975
1.0213814116305349
1.0108457579568713
0.9910080732259426
0.9545354277846518
0.8884276646324637
0.775774842117986
0.6382005565148134
0.4862293118023259
0.37936439972801783
0.30165208161832097
0.2695573289150189
0.23247344374409612
0.2117686699893414
0.1846279484651668
0.1726626458371067
0.1520709648169223
0.1419084584553984
0.1302602454074496
0.1243817099416986
0.11395135328751066
0.10769374964511161
0.1044767518820159
0.0999527269019679
0.09420293781594596
0.09117261888376209
0.08552909963054123
0.08269748929152025
0.07833631337291243
0.07636391689631473
0.07287002152276127
0.07026473793541571
0.06658398146117
0.06513878898759268
0.06284905639562308
0.062195585032257576
0.05809047040517702
0.05872813169560792
0.054495243731103316
0.055521375756286365
0.050672500562706134
0.05227406779949768
0.04898291426619476
0.05111421912939415
0.04648667613758039
0.05089036231473292
0.04426189915372354
0.05036991542691842
0.04212254117780252
0.050405363961588755
0.04001055035018621
0.049010999064232744
0.03849524879959398
0.04895613005542433
0.03893089265389414
0.05074499848296557
0.03902707116519828
0.05321404292664199
0.03716413252030759
0.05279438202356426
0.03625479226194026
0.052465799098867526
0.03784468245731343
0.05270746353848773
0.03700311050688832
0.05263508895990533
0.040031175367937245
0.05663661829636746
0.037011623055900986
0.05826789876937952
0.03965356975095269
0.05612664367832193
0.03804581781246331
0.06036679866356669
0.0395133917235871
0.05764634895396338
0.04052698712979938
0.0676746340832695
0.04098403488632658
0.06551749912173656
0.0403236698354828
0.06870391544418618
0.04304668948686756
0.069824554256107
0.04285287053430664
0.07307515299513752
0.04165671394418188
0.07132590157514154
0.04023631497927425
0.07853356269555013
0.041364313746359765
0.07137800656199338
0.04061693148283089
0.07140467421862463
0.041484170710585355
0.06684689174815336
0.04282152815733391
0.07264464228873829
0.04185868244696473
0.06757863751084052
0.03989488396394974
0.07397613233505836
0.043816972653394244
0.07713014324745808
0.04279199618070111
0.07058833019618928
0.04301112191441328
0.07364614334105331
0.04079753671080231
0.07447131695609616
0.037393920680581845
0.07213900743187895
0.039544909800289414
0.0773986567210681
0.041520587507749
0.07182758377728034
0.04297688571700063
0.07832315459422864
0.04336440326880642
0.07245216076490679
0.042927063626042115
0.07719587433926965
0.04348418046636347
0.07703825316374402
0.039985087531031346
0.06921750700987855
0.0431722937363458
0.07116383517252733
0.04470977959386619
0.07325952007934197
0.04284715410886415
0.0709528919754834
0.04294545603887968
0.07332786677463683
0.043252530349165916
0.07170429000252895
0.0426606992267211
0.07263466088673011
0.04358227204841807
0.06889644526046274
0.04482764456684722
0.07316011157836741
0.044740195169365685
0.07061187264434438
0.04105451481158045
0.07086988649283593
0.04613971347460303
0.07196703581924094
0.04158249638639017
0.07103845355647828
0.0442729564865574
0.07016179667959349
0.043383600298677216
0.073422716133787
0.042921091327210746
0.07186147224976132
0.04287813068618735
0.0734412627321849
0.0459850012849877
0.07244179952542248
0.04608211483761259
0.0769315508008593
0.04557271215132951
0.07357158715531882
0.044836701111354335
0.07446919837285479
0.046582343932401064
0.0757809935046108
0.04517050909971047
0.07185258495298807
0.04715065793313208
0.07400875994348736
0.04731886209491308
0.07664529768037899
0.04512097026717319
0.07236025019662871
0.04608115881298703
0.07539944438411932
0.04516318151454204
0.07341733142363381
0.04703145934213983
0.07732953662005473
0.04758059790045586
0.07324559202046162
0.0463753537531861
0.07515691390492567
0.04619402874036378
0.07566822729952669
0.04489022796931813
0.07193262047751038
0.04718404774875725
0.07419060417372461
0.04779258571376926
0.07638534532897273
0.0461993827756501
0.07227276647546291
0.045377992859474206
0.07526026952771935
0.04607807292432779
0.07332868242586205
0.046605835381336086
0.07581379719707762
0.04821201058718944
0.0729281152299909
0.048066016757251896
0.07526521742017701
0.04596790745901118
0.07452185237200701
0.04410402769187549
0.07135143532026561
0.04774520615604147
0.0739419224406134
0.047302337046231026
0.07447711118025946
0.046381510777030274
0.07186991781569624
0.04545907077744434
0.07516860429748043
0.04561754916537992
0.0721390099284206
0.04659061648646058
0.07472678657746315
0.04737659710580198
0.07399952567462342
0.04745693469698666
0.07709034915315985
0.04642415807114337
0.07462499543594617
0.044963725540111
0.07394151038193525
0.048144364422659534
0.0753254940960287
0.045541413043101886
0.07375871975127485
0.046967146099427745
0.07252962353074631
0.047148119459386365
0.07660926771377506
0.04644987028354544
0.07203764298429986
0.04640748527875411
0.07473057830275714
0.04609627890448103
0.07350001334339838
0.04714310843670835
0.07828449951177553
0.04695734908032016
0.07399294160571737
0.04625469793782458
0.0750726369158522
0.047752585126023275
0.07614563191422465
0.04445842589677681
0.07212038806415051
0.04746096027610909
0.0734104670554325
0.04673306206303724
0.07767945998791909
0.046132901242834014
0.07200762536442507
0.046478864679487725
0.07484880882949861
0.045596889370806505
0.07223498346671557
0.04640427734953365
0.07706301461607933
0.04773901092493531
0.07289168788725076
0.04885224682402487
0.07448927988741103
0.0468158362009003
0.0758808794358657
0.045193756725800574
0.07115034197575153
0.04772342174000358
0.07324250705917483
0.04632490727333768
0.07657183408834219
0.04720918456702399
0.0715571082836052
0.04654722896557698
0.07484728887199481
0.04599784258164073
0.07263516093858689
0.04677603677286938
0.07565296805660396
0.048037991958686035
0.0732725785986426
0.050461704954818304
0.07625163096314919
0.04648525862027918
0.0757813576567656
0.045343303864014195
0.07173720053726111
0.04771220097019528
0.07349647454404454
0.04632526933219144
0.07489320012221855
0.046951031917244195
0.07159243573125357
0.04700119046531113
0.07612636733343278
0.04694292452327663
0.07276830896177953
0.04596711616804373
0.07508232958113822
0.04715834622227794
0.07352061019623253
0.04884109283479613
0.07784735622202137
0.04642843448129361
0.07460242080280362
0.04613311611824989
0.0738009019012325
0.04759787877444291
0.07454011402954952
0.04568433475492631
0.07341466545825562
0.047252848241529394
0.07269007783406171
0.04735171884239804
0.07703757721400092
0.04697094261055101
0.0726600118752485
0.045966522957691644
0.07473596960388448
0.04587533389023129
0.07261692013213036
0.04773819571627131
0.07861274747507864
0.047255275946645345
0.07366391808592615
0.047444103532864663
0.07444167363556467
0.04753119987625552
0.07559930203488985
0.044069123415957694
0.071686147923775
0.047693386264292696
0.07331645998477693
0.047168598156939016
0.07784816192343055
0.04544730749267385
0.07174765660054803
0.046391868389845735
0.07478018813476833
0.045169042993768053
0.0726332319997051
0.04609074436081971
0.07722335510148878
0.04744186468319898
0.07274729110134014
0.048320407258958725
0.07477393572035264
0.045954247038222006
0.07536576101897415
0.04448884608663901
0.07112541776414694
0.04710089079511624
0.07324223415591731
0.045734554323664044
0.07657563740638518
0.04622754073354501
0.07178132078095364
0.04612776257573708
0.07557715003429437
0.044787781476476975
0.07270853556902852
0.04606165716888244
0.0754520703692207
0.04746186111934634
0.07342435163753816
0.049534352132988915
0.07706969147211655
0.04550793198382754
0.07537538401182982
0.04542010556737354
0.07228357580652142
0.04737161683445303
0.07372235120864135
0.04585083081221736
0.07502785562745161
0.04696994391575572
0.07182880107610705
0.046750106987057366
0.07648289084445932
0.04634190862808445
0.07266338538652413
0.04670599086441179
0.07556204654720702
0.04669819285865904
0.0733929035685255
0.04852128884581637
0.0785358724138973
0.04624986152694163
0.07424765932836956
0.046172485746235656
0.07401387050736594
0.047899734504245964
0.07438941027576594
0.04478652355002589
0.0734532934989774
0.04759111062291366
0.07274533704417269
0.047386202342706726
0.077504009936263
0.04624180112603428
0.07247392149346531
0.046790180252250145
0.07605895308399666
0.04569564791866739
0.07243887315961116
0.04702109767116777
0.07874748692308833
0.04717357162776168
0.07377913412940952
0.047401578436837274
0.07461707599463775
0.04768241805215333
0.07502105009355499
0.044522858299921524
0.07175205566363599
0.04778101927088669
0.07350643020413368
0.04719547755814708
0.07781719982425249
0.04644643689420249
0.07186462659961161
0.04703588783918904
0.07601321488753453
0.04552166511861099
0.07260121696077544
0.04620972631129634
0.07691696213541475
0.047787246744913144
0.07296655743454834
0.049432198171186506
0.07547617810306385
0.04632248051020191
0.07527259309451478
0.04515747860064414
0.07164621384068047
0.047107180779259905
0.07335848400348928
0.04634546637737364
0.07619449021485473
0.0471067430551359
0.07180448403757217
0.04671032928741336
0.07567921497091513
0.045413576296777024
0.07266939926421104
0.046152691814160055
0.07540143773970004
0.04736443454882612
0.07340691909251383
0.04961077128375067
0.0772611349994337
0.045889145522331684
0.0753473830109638
0.04575067133305311
0.07254117706418128
0.047574349068984056
0.0736943102174302
0.045692646254735035
0.07470638279148606
0.046960430296180286
0.07192693387667909
0.04691573109735404
0.07658209602670871
0.04651099645917221
0.07264451412366986
0.04680559799626869
0.07550759125287841
0.04661755872237923
0.07311176966010759
0.04834265436638759
0.07878559234341315
0.04646471900528805
0.07414785143489383
0.046267603767145546
0.07416947069516688
0.04782434277266333
0.0746052103145805
0.044619446401102617
0.07302965380077782
0.04780967754810208
0.07301092770378075
0.047440566545550865
0.07772468355165088
0.04622407042662721
0.07229199691421394
0.04675574202462925
0.07625741052201401
0.045560582849641956
0.07245176520531041
0.04675351687008082
0.07837096080924434
0.0473366395316815
0.07361258591048143
0.047753122841334844
0.07464804098977912
0.047542630379179635
0.07498218133376339
0.04458519992087949
0.0716388091893442
0.047656693267315774
0.07362628597766847
0.04701976542183925
0.07763148585816437
0.04666880088182863
0.07185914482795286
0.04692873168222915
0.07590834794536042
0.04542679371973128
0.07258166236031942
0.04614853083022722
0.0766106670455297
0.04782109387124672
0.07302435308656295
0.04977951434619175
0.07579678121725984
0.04612463794243255
0.0751620483536029
0.045191825306485245
0.07165001695814756
0.04716339619409401
0.07339579413506324
0.04622585969607399
0.07585111106640151
0.04700576676785701
0.071830752848852
0.04669118623734947
0.07582125078854982
0.04558955213678838
0.07258673934890056
0.04623508961783022
0.07539953201059481
0.04706480785470587
0.07344867118668773
0.04934441273556487
0.07755880793247631
0.045983493113404425
0.07500604990151423
0.04581498650493243
0.0729198019861729
0.04777387053573266
0.0737502117608492
0.045614998387135765
0.07445346616099097
0.04698944634334884
0.07201273025032531
0.04700551076259214
0.07672543478457203
0.046563176566276974
0.07254953236289252
0.04696155858608507
0.07550837721334717
0.04643330413254283
0.07284463473075654
0.04814462077061893
0.07890817338904531
0.046606246885538063
0.07406784628154969
0.04642777666483344
0.0744223441840026
0.0477429365101706
0.07483974697265051
0.04449312491557421
0.0726876190292994
0.048048636407524214
0.07326041132614482
0.04740426767741146
0.07788949912693303
0.046233464624355104
0.07214336787502332
0.04678694447331616
0.07630728246801215
0.045474256543102824
0.07251045564878426
0.046558299954469695
0.07798665103908183
0.04741509496116013
0.07340662456218873
0.04811648579408595
0.07473221638338995
0.04724321754145317
0.07502342621416076
0.04476259760951006
0.07162216364140005
0.04750934254762045
0.07355703193722594
0.04679580572119483
0.0773402421931967
0.04680065894425112
0.07183962184940612
0.04689025869621959
0.07577128041174272
0.045367515573639626
0.07263626496247354
0.046015019219323196
0.07621837023667662
0.04780582648214519
0.07312817416966019
0.04997806210067273
0.0761757606785254
0.04597095967715299
0.07513721842058789
0.04525662023911972
0.07169966313746118
0.047240504075172135
0.07349000086489377
0.0460686412864891
0.07555947038575084
0.046981834576879065
0.07175522017339632
0.04672567542298056
0.075995570314516
0.045878391691862495
0.07254978154884616
0.046416597905953046
0.0754389482221061
0.04685791497210141
0.07354592481132807
0.049144569665028365
0.07780845792569821
0.04610718355570669
0.07471733739316509
0.04594713010389821
0.07337542134559023
0.0479043653097426
0.07390651406736691
0.04552513918705072
0.07423201070389049
0.047045475654879806
0.07218266042587401
0.04713514815719861
0.07690371090785487
0.046500849774634916
0.07251185918520874
0.046958667810104084
0.07556704900732268
0.046241064640267844
0.07264617207596617
0.04784853123898643
0.07905770587228804
0.04677522749435818
0.07396461703793297
0.046689777225002616
0.07465715154439198
0.047718786994322984
0.0751386290391832
0.04445020983012512
0.07236975644310992
0.04815791962507538
0.07339890247842835
0.04732725478281732
0.0779239285841378
0.046226641364851155
0.07202256134760619
0.046838002273441856
0.0761792049164191
0.04539542393038503
0.07255022054768119
0.04643868540417174
0.07764871908964742
0.047497348210538554
0.07318117855612721
0.04853814837121471
0.07483199122546669
0.046960968759504985
0.07514333328914308
0.04499444117226551
0.071609601218179
0.047388030879831095
0.07342840695561376
0.046602794142010025
0.07702391350774439
0.04697528696585236
0.07187187851715163
0.04681083832016397
0.07563268657412227
0.04538541562285612
0.07266560519706174
0.04595884685095198
0.07587476591350722
0.04779335504610568
0.07326571206626994
0.05007054122316554
0.07650072374416497
0.045924052748371254
0.07519686986865837
0.045380289222612696
0.07184251559867533
0.04729904738635408
0.07350458484527751
0.04595782295669968
0.07535370913813079
0.04700379540803273
0.07171588930918213
0.046770087681387795
0.07623599977701422
0.046144200354214376
0.07256615485505055
0.04657022073767103
0.07554852856207414
0.04674742849462347
0.07351415147009745
0.04884790240133514
0.07809296973316229
0.04614663944932265
0.07448983635516562
0.0461448236152
0.07374290139775998
0.047966646525556475
0.07406118550910291
0.045214998066812104
0.07400426194410827
0.047204222537075485
0.07243568051189678
0.04720678606075043
0.07710473600670747
0.046423097566953314
0.07253361147779896
0.04689644234974353
0.07572282069263259
0.04602326346351768
0.07251827764328025
0.047515993081938435
0.07902400228054503
0.04694337378094532
0.07388709586185047
0.04689837825039885
0.07466312260551426
0.047747704340007004
0.07517181314667253
0.04444781137860864
0.07209809851880217
0.04810172122130515
0.0734199178461024
0.047245780138300775
0.07792747790143482
0.04625368877861107
0.0719022563147406
0.04691875164086429
0.07611442249070537
0.04543052536320227
0.07256565770152816
0.04631847987466192
0.0773675629679445
0.04762877517888597
0.07303503171559048
0.048887157086734745
0.07502503733984954
0.04672349369517547
0.07528050339399543
0.0451549955768222
0.07159722350866747
0.04723620999978465
0.07336996070446214
0.04644844345167557
0.07673956554119064
0.0470586586555464
0.071841989240629
0.04670929784211341
0.07558199863902225
0.04537483082062426
0.07270544450779058
0.04600803659515834
0.07563884481234821
0.047747475353670916
0.07341929703678717
0.05008759466723427
0.07682585673314174
0.04586895839616929
0.07533840997440655
0.04560992219905
0.07207773833702666
0.04731674021954928
0.0736155531935135
0.04587712608952926
0.07514453880977169
0.04697739965779425
0.07175868052143389
0.04687804413427445
0.07648094037587211
0.046337010778303336
0.07263652621912021
0.046684714868807466
0.07564572143327487
0.04671726539037046
0.07347852511655249
0.04860194485542582
0.078364404773175
0.046225714633857995
0.07432466924297529
0.046223266476983216
0.07390737145418284
0.04799945990692232
0.07421386098688812
0.04492778995033919
0.07366605897564774
0.04746375423627787
0.07261931595049374
0.04731906135418203
0.0773500450970339
0.04632259422425937
0.07258704749716588
0.04686098882158527
0.07595562288793725
0.045820024441500844
0.07245813094147814
0.04721179062910303
0.07883784696255854
0.047091838681624885
0.07381287141741645
0.047194882949574586
0.07462712995853533
0.04774069802838393
0.07507827502217104
0.04448693027271489
0.07185946068148491
0.04787274733580365
0.07345761523271749
0.04720707478851295
0.07786413296046218
0.04636511692102499
0.07186531294330208
0.047031146611543395
0.07607097995265838
0.04555073818907285
0.0725977966300792
0.04623889272987607
0.07709419506855689
0.04775497483478954
0.07296855185829641
0.04922168504121663
0.07530565883814606
0.04646077398088587
0.07531360433230991
0.04518539504632272
0.07161008193564115
0.047121347421297886
0.07336335336343683
0.046395027430568614
0.07637663879505407
0.047153154279622474
0.0718154245612604
0.04669753065135067
0.07562019547701593
0.04536556829408312
0.07268743369618229
0.046113325098824015
0.07545734915546093
0.04752772676275624
0.07341927026522803
0.04978197379750084
0.07711508063642517
0.04585560605447013
0.07542204278904856
0.04572347392766711
0.07235889642005189
0.04744772617542723
0.073707102132368
0.04577949980025973
0.07488217832745865
0.046971994501654596
0.07185253438438839
0.046887161229944976
0.07652133317774112
0.04647127350732457
0.07267852638982751
0.046742454305067314
0.0755305971938899
0.046689409075857405
0.0732958762720238
0.048416696705871926
0.07865140609907069
0.04636130228238908
0.0742224338750582
0.04622161900717352
0.07406121158597835
0.047887945570674835
0.07445412246867907
0.04469833127780465
0.07325977610291101
0.04767604888327286
0.07284549946767795
0.04744500052494967
0.07761675641554941
0.04622866982369782
0.07239172131781707
0.04677209080932277
0.07615505661523772
0.045625923376140076
0.07244143432480042
0.0468980653558197
0.0785996633202391
0.04724327654512653
0.07372300891779472
0.04754278737754174
0.07461469131599237
0.04763089083347328
0.0749938058052261
0.0445350959412211
0.07169203448395473
0.04773231119221925
0.0735543805454365
0.047158335167550636
0.07774416324863095
0.046526877623932594
0.07185415408239791
0.04698321325227171
0.07597024309255367
0.04547579500015961
0.07258297795736829
0.04619623759889872
0.07678146941506099
0.04781101568784039
0.07298122255108129
0.04958886619405436
0.07559788427679184
0.046235224084628906
0.07521513762199525
0.04515915030084406
0.07166366370671104
0.04712404809971641
0.07336229779321661
0.04628174415033077
0.07605742440591814
0.047052621525486955
0.07181401436101874
0.046698858444978786
0.0757289439005955
0.045473620931798096
0.0726315298155135
0.04617737258143027
0.07538583935760558
0.04722683121250492
0.0734142177671486
0.04949189476206815
0.07738062634832465
0.045932026131600565
0.0751995422611291
0.045764714112891035
0.0726903663554159
0.04766091228610616
0.07369864375452675
0.045657655473925154
0.07459453930922981
0.04696881951650507
0.0719553395641373
0.04695680787744767
0.07664180609582745
0.046552731944888306
0.07259188836176086
0.04686391252333684
0.07551805107426027
0.04656583299094951
0.07298814027579535
0.048278078490684384
0.07884206171101185
0.046543728433205485
0.0741070580131646
0.046323222383837
0.07426949818995293
0.047774529765972094
0.0746885372715698
0.04457077822034962
0.072881613905667
0.04790324792710303
0.07314250024682169
0.047440477346078126
0.07780648814511285
0.04624482651054826
0.07222067162153882
0.04675834350197408
0.0762851873012474
0.04553233391446406
0.07246853849818423
0.046664509796318136
0.07820801724001829
0.04739927593361194
0.073540913622293
0.04790499890282392
0.074689134772128
0.04744073796360189
0.07498535442709041
0.04464867131924395
0.0716253314573855
0.047588019975256725
0.07364099512288007
0.046939784733996515
0.07752807742652448
0.0467295615083421
0.07185264002446173
0.04690580434218737
0.07584372668722225
0.04541147664213053
0.07259429194791149
0.04609266789901289
0.0764653658395968
0.0478211837962506
0.07307429039403131
0.04987880134346273
0.0759652038012135
0.04605064127455794
0.07513731204069542
0.04521157723353097
0.07166444290501497
0.047183645000497126
0.07344102376356665
0.046169668754452664
0.07572069304532696
0.046993734603610525
0.07181867051101756
0.04670821203653017
0.07589381160584688
0.04569910559053349
0.07256078363014867
0.046296131956953084
0.07542868589205662
0.04697621260161497
0.07349367353814112
0.049256090715484924
0.07765670834587446
0.04603640700324094
0.0748798886535118
0.04587418720180286
0.07310753828190318
0.0478326008064451
0.07379943997081345
0.0456189860550882
0.07437348417499938
0.04700307466348551
0.07207860683048152
0.04706882335461173
0.07680160107116173
0.0465588234984647
0.07252234608150279
0.04698741401658938
0.07552499355397399
0.04636283432909622
0.0727501098434071
0.048024308345514626
0.07897082768629049
0.04668284984750721
0.07402909328852705
0.04652688787132636
0.07455132376987404
0.04772608604182189
0.07495994796988156
0.04446832066620523
0.07256058615467526
0.04811678715524195
0.07331973416863413
0.047381296134192376
0.07790935320435206
0.046246640585583795
0.0720826585558643
0.046821638858244356
0.07624719235440681
0.04543059025678499
0.07252676447658765
0.046496321529556156
0.07784250450016293
0.04745661887835306
0.07330335555033139
0.0482907051861948
0.07476089758158382
0.04711260438604619
0.07506061439986796
0.0448529813104342
0.07163598031972086
0.04746617993153906
0.07349404967971561
0.04672308861420401
0.07720201857767175
0.04688259864616745
0.07184727712192526
0.04686686775643751
0.07570731059921187
0.04536191885281066
0.0726512589323675
0.045976836757086574
0.0760615369023071
0.047810461948282056
0.07318843717803915
0.05002761275945055
0.0763185647459688
0.045942948676189935
0.07514869795206328
0.045297261033699174
0.07175386527941195
0.04726059007400774
0.07347944004098339
0.046035187696523136
0.0754653851142317
0.046990388424448824
0.0717326241567063
0.04674140716379415
0.07608914960600567
0.04601891102180746
0.07254668153634232
0.046501086110856266
0.07547218094885426
0.04680914496333992
0.07354741349122955
0.04901302178485484
0.07793751303385561
0.046130341975246084
0.0746168937219666
0.04601868350661865
0.07358203553478637
0.04793567211919539
0.07398080252246943
0.04540016980086856
0.07414994135359347
0.04710247005207496
0.07228401180154488
0.04717109610655427
0.07697894204097842
0.046457909634720115
0.07250983168238295
0.04691882166755315
0.07562497207446951
0.04616894980709827
0.07258107060099837
0.04770739075528184
0.07906921324595678
0.04685334313777948
0.07393902146917114
0.04676875866143797
0.07466455950880868
0.047729982276181575
0.07520711275908609
0.044450645816948554
0.07225059123651381
0.04816790294084076
0.07342877811892293
0.0473005024650997
0.07794137449781803
0.04622646659349564
0.0719663105184967
0.04686311745308022
0.07614451332968565
0.04539661350590668
0.07256885804558444
0.04639527967359198
0.07752082961215823
0.047562353418442005
0.07311213932744154
0.04871373656880292
0.07489776551033478
0.046862945952718144
0.07521309485759417
0.04511590006815865
0.07160110544406857
0.04732924689282057
0.07339973935070153
0.04653967516795761
0.07690377837846651
0.04703387452662059
0.0718522146997387
0.046760962075616856
0.07559864745250461
0.045411739594348875
0.07268603751180971
0.04597059014752878
0.07576147915369116
0.04779875279119596
0.07333626760951163
0.05009791736962768
0.07663624602710184
0.04589634980447795
0.07524431808978048
0.04546326227193998
0.07193130617039865
0.04729307779507994
0.07353714681338686
0.04593282123575536
0.07527348631887919
0.04702061240511346
0.07172506364710587
0.046822735787872896
0.07635315935077386
0.046224505059561875
0.07258800490499041
0.04660541137564631
0.075603578951933
0.04673900175399937
0.07349839579829914
0.04875380878009274
0.0782010196784372
0.04618471978305976
0.07441316927556194
0.0462457660998572
0.07382380833542333
0.04798280373048964
0.07411149923086517
0.04508728856550417
0.07386710190858142
0.047314343596587496
0.07252473033606589
0.04726300706154045
0.07720905150372222
0.046414348115951735
0.07255935669708645
0.046892923471074106
0.07581525274250916
0.04593606582708938
0.07248636348323352
0.047405899728720835
0.07894624138117261
0.0470207105044966
0.07384842345557538
0.047019312748767556
0.07463623442405769
0.04773263375228882
0.07512736884518217
0.04445278014448748
0.07200055546158175
0.04800318173021934
0.07342877169547757
0.0472396688965703
0.07790765380046763
0.046302785175334864
0.07187502336787338
0.046968035810016975
0.07609503222304695
0.04547946003303565
0.0725695398175896
0.046290369508057864
0.07725391098337567
0.04770023972505273
0.0729987735208294
0.04903316881429216
0.07514233518514171
0.04661370087404433
0.07532298859711722
0.045153851926078556
0.07160651773475919
0.047182658020212154
0.07335712497404562
0.046428382263732915
0.07658549854707403
0.047111771136134566
0.07185129109719764
0.04669833305244883
0.07558623431553368
0.04535539421248335
0.07271821864683221
0.04604884165234413
0.07555322480318082
0.04769446561352891
0.07343732048285954
0.04999317928180925
0.07695274513180146
0.04586021504272175
0.07538720193730118
0.045670519698617414
0.07220458372710392
0.047358139364445745
0.07365532220652501
0.04586203382057617
0.07504302303527136
0.046980090985734774
0.07180005016620987
0.046886557964357804
0.07648770478025131
0.0464357024545601
0.07265421598344061
0.046696608250251084
0.07559150242217409
0.046705193351035006
0.07342955914104164
0.04852846944550997
0.07848273520190266
0.046288688055995134
0.07427471807207063
0.046212700621959694
0.07397819126223107
0.0479483884451992
0.07430163751492476
0.044823038688676126
0.07350529786177008
0.047567038831093
0.07270648852950794
0.04739256319340282
0.0774611650680211
0.04627458916688613
0.07251289139996374
0.046812289335449314
0.07602708415682213
0.04572829745759077
0.07244411081316467
0.04707954549675964
0.0787741272238224
0.04716542483661253
0.0737906300580815
0.047353777108846716
0.0746171921262912
0.047704887269796326
0.07502935477206515
0.04452428982526396
0.07177922620479268
0.04781046473626342
0.07349122587340313
0.0472187570568224
0.07782846881115296
0.046433388502666095
0.07186671011302052
0.047055826538621746
0.07603032777514401
0.045531643385046276
0.07261112276634524
0.04621993431311344
0.07696979369168501
0.04779259717833051
0.0729660597490502
0.049387856331014265
0.07543082446692218
0.046362000548033876
0.07529418622312918
0.04516073838322982
0.07163442731332231
0.0471098280746131
0.07336082614570466
0.04638258453215887
0.07624097027984694
0.04713649918686178
0.07180544510650698
0.04672217165395282
0.07566158458368556
0.04539574100277998
0.07267180419916597
0.046143539920138754
0.07541176887103458
0.047429659697643
0.07341043508158242
0.04966712385542445
0.07722075011248775
0.04588549447717473
0.0753822061871973
0.0457487896636474
0.07248996144392143
0.04753593207469734
0.07369083708174111
0.045722129715952554
0.0747536022306195
0.04697656535123448
0.07191098197465413
0.046917260805535314
0.07656297441651697
0.04650040921974852
0.07266255989849811
0.04678542345939639
0.0755082201203081
0.04665077418409502
0.0731596979994169
0.04837266622381555
0.07875364787297867
0.046448229482684754
0.07416825970637059
0.04625516586365771
0.07413761120966024
0.04784422386123129
0.07455805038416258
0.04464069489515769
0.07309105333684392
0.04778584584025041
0.072964598011182
0.04746115125620066
0.07769702707144764
0.04622739120715405
0.07231505229497145
0.04675609436939873
0.07624982292182568
0.04557677737932455
0.0724478769030658
0.04679924723330628
0.07843135775981973
0.04733521413853471
0.07363976007680736
0.047702064427978697
0.0746338155880896
0.04756350657329913
0.07497680049159702
0.04457006745109644
0.07165245118749165
0.04768053552345689
0.07360885860143514
0.04707069507455466
0.07766790937565785
0.046631167717470716
0.071860683158361
0.04694261596124008
0.07593909642207648
0.045437586270771345
0.07257670542818692
0.04615779069628318
0.07665665406596713
0.04783798832542203
0.07301250719939498
0.04975029674664168
0.07573908062538012
0.046161516487879625
0.07516969693167798
0.04517970463304681
0.07165454396703794
0.047151581668433286
0.07338434254229316
0.04624947831878844
0.075906147094535
0.04702084118131414
0.07183012538794935
0.04669659668961053
0.07579695122923812
0.04555442460030494
0.07259412521241201
0.04621388768449514
0.075392450706182
0.04711594916702832
0.07344024267159335
0.049386874340803716
0.07751444098182712
0.04597861360244442
0.07505839388159638
0.045797998951758324
0.07285964159048322
0.047752872197893356
0.07373009498109859
0.0456296436539805
0.07449266943362093
0.046995214676487596
0.0719972017953193
0.04699849010561432
0.07670048934574977
0.046567352063717746
0.0725572735223916
0.046937277174717684
0.07551041801328386
0.04647222465205897
0.07287963021520116
0.048190416938881514
0.07888982791096856
0.04659661708234926
0.07407762010143511
0.04639768485443316
0.07438097056887955
0.047746362140281065
0.0747931608231353
0.04451392627949448
0.07274015854574252
0.04801216163435586
0.07322878486847453
0.047430232341100206
0.07788134090545376
0.04623591333940914
0.07216230325866878
0.04677601024975765
0.07632260690179139
0.04549964802877926
0.07249780872401054
0.04658722713083971
0.07804476767559738
0.047419805530256015
0.07344692862608244
0.04806032500357433
0.0747243270221861
0.047296082576945515
0.07500782734172148
0.04472921889592408
0.07162282402728273
0.047529764023463365
0.0735854256705873
0.04684502771748223
0.07739502849643067
0.04678145301219298
0.07184332894385265
0.04689393008887118
0.0757895560222417
0.045375705862450176
0.07262184638690732
0.04603216032323852
0.07628192771784693
0.04781768700691063
0.07311304600489546
0.049953851012997395
0.07612179997456968
0.04599225652818984
0.07513208674200411
0.04524086855876978
0.0716898955317774
0.047222528284115634
0.07348779690686974
0.046101234696105726
0.07560175763243947
0.046987489232630075
0.07177172580752889
0.04673220394976082
0.07596634065637539
0.04582909915434286
0.07254912688194985
0.04637927502824527
0.07543254681722872
0.046893809941084
0.0735373394181229
0.04918231248774671
0.0777665416640483
0.0460952114375747
0.07476059729416976
0.04592550309684949
0.07330351832214
0.047886947219818427
0.07387123926525983
0.045580786618792585
0.07427242200415568
0.04703515716500868
0.0721543921180971
0.04713167499905504
0.0768787096289078
0.04651430857087948
0.07251056887244339
0.04697358723693537
0.07555383572514328
0.046275779943867425
0.07267068194354866
0.047897041692048926
0.07904168668305868
0.04675804369237824
0.07398109180723049
0.046644441437363224
0.07464420987000385
0.047716291237159585
0.07508987046996152
0.04445768925642909
0.07242407109386279
0.04815354067400361
0.0733780279461877
0.047353490943388775
0.07791809951635
0.04623503263054812
0.07203618506639133
0.04683130624751746
0.07619631552190306
0.045402743532978115
0.07254018460305954
0.04645282444380529
0.07770039017672105
0.04749493793505087
0.073211701956864
0.04847826505939005
0.07481103487607879
0.046999208847779514
0.07511590505953598
0.04495354173055321
0.07162008322098518
0.04741640573367819
0.07344407236258757
0.04664914606410496
0.0770717882717919
0.04695662585403185
0.07186442225556332
0.04683045770166427
0.0756515820382876
0.04537544854499064
0.0726581842228354
0.045959500384249834
0.07592191866999255
0.04781133822877864
0.07324706946163523
0.05007242584705011
0.07645395815054283
0.04592968790615069
0.07517890380012482
0.045354227622931356
0.07181838805046509
0.047290855658573994
0.07349159826004528
0.045983501990876516
0.07538287421114331
0.047002113161514925
0.0717199013985884
0.04676549747780809
0.07619478794685484
0.0461094048962657
0.07255719973255895
0.04655714945280511
0.07552444076981167
0.04676755289041812
0.07352771571999936
0.04889444652146312
0.0780590047628702
0.04614924130991401
0.07452354434925228
0.046108166224003745
0.07370256997711523
0.04795304294153897
0.07404127696051875
0.04526693023254195
0.07405916240223806
0.04717783057077958
0.07239471185767542
0.04720452022867106
0.07706869397037557
0.0464303493184919
0.07252295407947237
0.04689779596850865
0.07569483814632112
0.04606300864085146
0.07253180749056523
0.04756806256138077
0.07904294503003058
0.04692711127588405
0.07390738267534581
0.04686266507400621
0.07467443451319343
0.04774829079395694
0.07517968819257102
0.04445486868495422
0.07213955303869256
0.04812993856162709
0.0734226406589179
0.0472691531705902
0.07793558445841599
0.04624573853911703
0.07191727610742102
0.04690153929229972
0.07612703668690361
0.04541964295625307
0.0725659405524439
0.04633660552496527
0.07740763389606178
0.04761884168733116
0.07305366190419675
0.04884184360682311
0.07498597277640959
0.04675893696300547
0.07526358998449663
0.04516053237445018
0.07159949883133813
0.04726284643054814
0.07337944975247632
0.046478699787601156
0.07678977507841732
0.047053568821188975
0.0718448001497553
0.04672310162100562
0.07558711938462147
0.04538674193351339
0.07269607737087817
0.04599476161021584
0.07566903315521362
0.04777847826014214
0.07339682378093591
0.05010215148470571
0.07678355778316555
0.04587769870811312
0.07530804709383958
0.045567173921930854
0.072039360072925
0.04730426677872253
0.07358839658853633
0.04590106970704432
0.07518681337088598
0.04699146176236488
0.0717500459595442
0.04687060781700209
0.07647114477548629
0.04630351563309585
0.07261911681063361
0.04665771868736837
0.0756428744372037
0.04673543956762697
0.07348638997373359
0.04864216069608636
0.07831962463323752
0.0462201515217543
0.0743486831087195
0.04623333118949569
0.07388709065307442
0.0480007102437963
0.07418011308712734
0.04497187309061208
0.0737274778547548
0.04742161734644778
0.07259470222534763
0.047311115058254055
0.07731153482085627
0.04634836243189259
0.07259402418379104
0.04687256489882815
0.0759301550396294
0.04586393753791443
0.07246386413881202
0.04727107311401022
0.07886632335349432
0.047084032262044516
0.07382215455713025
0.0471458428838086
0.07462984149317699
0.04773490260191816
0.07509450456121018
0.04447693088088341
0.0718985897459105
0.04790462216944359
0.07345110437973867
0.04722388349582832
0.0778783642569087
0.046349111460162046
0.07186657528605245
0.047012456762324725
0.0760808058583369
0.04555066630150902
0.0725855258063848
0.04625280203571121
0.0771360147506035
0.04774786634536962
0.07297526265791658
0.04917001116838311
0.07525850217646764
0.046504090495455674
0.07531381363911213
0.045174280151110496
0.07161019305584528
0.04713186822696017
0.07335984846657626
0.04641139156496597
0.07643234458652047
0.04715130856745216
0.0718258890810107
0.046698272324518425
0.0756117290676653
0.04535926109442931
0.07269203911727581
0.04609265734779371
0.07547991362710392
0.04758119481375327
0.07342851583273581
0.04983824644095717
0.07708132337808009
0.045858850605003186
0.07543292728650443
0.045717772930393315
0.07231856369266343
0.04741756229076889
0.07368716480047022
0.045817956789134855
0.07493816605959512
0.04697309618841449
0.07183882912738397
0.04689173743879768
0.07650906515662709
0.04646567722798873
0.07266755525903501
0.04672436816890298
0.07554575953870642
0.046702949676172306
0.07333681986521423
0.048445902625139786
0.07860735605192637
0.04634774233084056
0.07423670286828998
0.04621614177965661
0.0740402478711908
0.04789907805120749
0.07440736928606868
0.044732498177873135
0.07333066544821504
0.0476482753948202
0.07280904070584998
0.04745062907279597
0.077580959463053
0.046238078346645145
0.07242272523616232
0.04677902207450838
0.07612081049889051
0.0456534158314829
0.07243819165574462
0.04694430307218831
0.07866359500472887
0.04723018845674722
0.07374739815151311
0.04749417728203701
0.07461004549460028
0.047655549216603914
0.07499766001510565
0.04453066578928163
0.07171658523425098
0.04774980878185775
0.07353863004035867
0.04719241582978988
0.07777016613475803
0.0464994846793236
0.07185791947339706
0.047003148238309964
0.07598693928818938
0.04549563226875647
0.07258580771872934
0.04620695862207551
0.0768304867896639
0.04781883446225951
0.07297615653455737
0.04953421108587908
0.07555012714135398
0.04626858847611827
0.07523078181472016
0.0451566776412667
0.07167704298526248
0.04711412537282447
0.07335962762960266
0.04631518713027355
0.07612000639973827
0.04707594068981999
0.07181165705463248
0.04670989020471603
0.0757121786231808
0.04544902452755686
0.07264391319353804
0.04616578369520188
0.07538953345673702
0.04728647160362521
0.07341327792628624
0.049541747707386244
0.07733677683746103
0.04592216120608956
0.0752572070344049
0.0457572492588664
0.0726384604931966
0.04763127998490917
0.07369429591226268
0.04567181484150755
0.07463636775107278
0.04696732116945302
0.07194475633646527
0.04694447635424565
0.07661860592070208
0.04653774157973071
0.07261033912923784
0.04683968421327045
0.07551229422576983
0.046585038304565826
0.07303161345636253
0.048312547171431616
0.07882731918794074
0.046527533418460366
0.07412119519310242
0.04630157153087066
0.07423226834771911
0.04778970802678346
0.0746545900410658
0.04459294379993986
0.07293518025664324
0.04787015924595804
0.07309887300249046
0.0474449313851668
0.07777529966281863
0.046236502403163855
0.07224490038169017
0.04675523212968434
0.07627334691096156
0.045541285462065255
0.07246059467333606
0.046697605789032995
0.07827078490388659
0.04738039892111084
0.07356906867356841
0.047853793495666555
0.07467427626444229
0.04748310341298892
0.07498107721410971
0.04462327460999607
0.07162931368270349
0.04761466864931497
0.07365516518822965
0.04697274146335398
0.07756688164220961
0.046718768717281214
0.07185368280569059
0.04691337169617509
0.07586569597169833
0.0454158860854293
0.07258770760123281
0.04611581828181511
0.07652210502847921
0.04782535595473139
0.07305508436655733
0.049843900378244065
0.0759010025109493
0.04607697057931855
0.07514345956829177
0.04520493483746962
0.07165820942353636
0.04717570770950459
0.07342236006904455
0.04619522590487355
0.07576722934662121
0.04699986231973822
0.07183841556452798
0.04670271353531122
0.0758702985881386
0.045656278069634085
0.07256870806350407
0.046271177744267276
0.07542009794948641
0.04701059415989053
0.07347700997744225
0.04929046263390431
0.07761968694103562
0.046018717868629516
0.07492526621300825
0.04585033835051237
0.07303795180146248
0.04780824276684734
0.0737775450925732
0.045618553108066055
0.07440211510638606
0.046999549296576584
0.0720533720042695
0.04704870439011713
0.07677173803770038
0.046562515006643164
0.07253044506985482
0.0469921746595596
0.07551668478993699
0.04638915810042757
0.07278285856943446
0.04807352304775254
0.07894722770585007
0.04665843035510996
0.07404944795625883
0.04648958396244881
0.07450710690431844
0.04773395301867027
0.07491257113914233
0.044476397712221026
0.0726085975161485
0.048099789687259885
0.07329939856358442
0.04739410112381918
0.07790390126827654
0.04624232497135658
0.07210285457351231
0.04680697177859469
0.07626741956216021
0.04544489548379455
0.07252020011790936
0.046519142425923504
0.07789424412516407
0.047445555680216814
0.07333904769778707
0.048227722173038945
0.0747476032117965
0.04715858027102384
0.07504398916719408
0.04482004276978025
0.07163461873960554
0.04748134274755719
0.07351566818350316
0.04675294840990023
0.0772517185818561
0.04685305057155773
0.07184329811732963
0.04687945695127434
0.07572973255098506
0.04536133775465299
0.07265231431386308
0.04599001953879921
0.07611693210216158
0.04781290849751953
0.07316572583101077
0.05001280048914959
0.07626626295835781
0.04595278370021063
0.07514163003738318
0.04528069360389129
0.07173282761496223
0.0472553164608057
0.07347994686666774
0.04604962224239547
0.07549870642192476
0.046992367337925944
0.07173987434674528
0.04673667349054277
0.07605338534957354
0.045966288425572065
0.07254599887858942
0.04647505792368192
0.07545739045571641
0.04682857937696749
0.073550618439407
0.04906346841933342
0.07788927045167084
0.04612577217362855
0.07465289433237988
0.045990608006507526
0.07351341447403939
0.04793231199401266
0.0739606004748957
0.04544834384836373
0.0741796413820041
0.047082968557426344
0.07224586702428577
0.04716145591163705
0.07694973906504304
0.046473261797811076
0.07250847901868511
0.04693069422547594
0.07560165341687546
0.04619716722793533
0.07260336258406891
0.047765527454907274
0.07907404726091935
0.04682945023678537
0.07394741522719865
0.04673985261112081
0.07465869389003937
0.0477232425519494
0.0751942435217191
0.044449254877039185
0.07229373140200933
0.04817134016610697
0.07342018005196066
0.04731472908313613
0.07793402900696157
0.04622632417230114
0.07198724271710522
0.046852203076179044
0.07616145474339386
0.04539595076605667
0.07256091700299329
0.04640876475761181
0.077567671906018
0.0475413871692729
0.07313520032098447
0.048645460683200616
0.07487039212067657
0.04690361562007824
0.07518464308971444
0.04507435106419851
0.07160938147408778
0.04734570339735325
0.07340921841417924
0.04656467171483396
0.07694878798365039
0.047018918414426555
0.07186149038130904
0.04677832478300923
0.07561340220130676
0.04540419835847997
0.0726753585841753
0.04596120621587988
0.07580181369624145
0.047799578656092176
0.07331020339304802
0.050085185477744536
0.07658461166384284
0.04590628181796123
0.07522357148677866
0.045431034675228736
0.07190056775555374
0.047290550073541174
0.07352063696036074
0.045943563599321745
0.07531061431618075
0.04701938336679966
0.0717225711608147
0.046803851760688735
0.07631256510608957
0.04620046273025189
0.07257717515045078
0.046589612437385554
0.07559042978418157
0.04674012124768646
0.07350389956135693
0.04878548560530235
0.0781594986136203
0.04616845430360241
0.07444027098333827
0.04621482292081949
0.07380562421806691
0.04798091965502273
0.07409016538084742
0.04513330990470591
0.0739163152094173
0.04726780764010067
0.07250411802569977
0.04724033745830831
0.0771688936232115
0.046419366711147846
0.07254785659515804
0.04689337915674733
0.07578128867342751
0.04596689521264843
0.07249495750768639
0.047440740960560605
0.07897758295539706
0.046992222501162695
0.07386156016456723
0.04697100267099351
0.0746435678242496
0.0477361599521708
0.07514314005653498
0.04444968452444285
0.07204222925739068
0.04803419406004592
0.07342577970581834
0.04723977829876334
0.07791336702609133
0.046282033681122194
0.07188402122987693
0.046952413752124104
0.07610286828335043
0.045460134568941525
0.07256541901665492
0.04629591889486268
0.07730094668434717
0.047677981541265846
0.073009881727067
0.04897722863255693
0.0750965456222097
0.04665568906879276
0.07530561472314337
0.04515296541475011
0.07160916988680502
0.04719751415617492
0.07336049709609344
0.046432710148747655
0.07664672745706212
0.04708627191609745
0.07184718162918775
0.046699995259275956
0.07558507285477765
0.045360692185334076
0.072716756101348
0.046030996586156364
0.0755865355967987
0.04772671181606041
0.07344176650978788
0.05004131322643523
0.07690446859287291
0.04586106374636608
0.07537524999542299
0.04565018308082969
0.07215846003853374
0.047339505475408085
0.0736396254949277
0.04586547796553926
0.07508346432362968
0.04697288634551431
0.07178593851894766
0.04688198408673558
0.07648329627405419
0.04640221662614027
0.0726510915646699
0.046690382457750354
0.07561376379714635
0.04670783452677744
0.07346355845128057
0.048549783965081084
0.07843941700679563
0.04626328913297718
0.07429243597371957
0.046213460112723086
0.07395238039820232
0.047966945829154804
0.07426704189581848
0.04486063264120891
0.07356383576072616
0.04752414431224314
0.07267418944978557
0.04736355831928682
0.07741864093448785
0.04628827753893514
0.07255144779133223
0.04682838085256592
0.07600111214317092
0.04576064655292031
0.07244648449829488
0.04712274205065009
0.07879624954672054
0.04713620268085275
0.07380230238280963
0.04729135766233471
0.07462323399404377
0.04772683505773384
0.07504541083238718
0.04451685018552985
0.07180802772657144
0.047828320852608144
0.0734792263531648
0.04721267882394417
0.07783976946630598
0.046405849595217305
0.07187161383545786
0.0470652870899889
0.07605456332694462
0.04554507229073134
0.07261873004594928
0.046222342558250515
0.07701400264675204
0.04777795236248789
0.0729650552260849
0.04932752708608447
0.07538442219260688
0.046397021249553805
0.0753049690949313
0.045168808076885954
0.0716253823894552
0.04710937372170127
0.0733663208855068
0.04638425029346019
0.07628993967364256
0.04714169284785708
0.07180826742297534
0.04671265871625095
0.07564678814648022
0.045382709008554956
0.0726761220781671
0.04613431856524598
0.0754265435375271
0.047465766060060616
0.07341260254042134
0.049703451156524164
0.07718048063602642
0.045871840029802276
0.07541117543727707
0.04573901913732197
0.07244223713500837
0.04750035460392484
0.07369361767245794
0.04574123764653118
0.0747998452506471
0.04697219458497705
0.07188885612790856
0.04690411548335085
0.07654573416597185
0.04648848096139825
0.07267316629828796
0.04676945982989618
0.07551567125187682
0.046675982617740024
0.0732064525017406
0.04838319224615945
0.07871470008138169
0.04641404713537028
0.07418986416498845
0.0462394970741858
0.07410973816240306
0.04786784470631138
0.0745177306864617
0.04465996101392458
0.07315232130547163
0.04773984198189619
0.07292069828977271
0.04746066977164044
0.07766947186283861
0.046223674147415496
0.07234262575060482
0.046760244667414234
0.07622455684342533
0.04559352174808113
0.07244381160852845
0.04683063057974182
0.07849182711032585
0.04730009104360242
0.07366776151395632
0.04763933905650346
0.07462419823861692
0.047586504795844364
0.0749825144768814
0.04455458661567534
0.07166583344788498
0.04770571818677633
0.07358975657187021
0.047104956352692934
0.0776990762762119
0.046591141290603016
0.07185665382228834
0.046955851776932504
0.07595234439474187
0.04544931448612306
0.07257802633493692
0.046170311879853015
0.07670371129112616
0.04782744096394649
0.07299910144313562
0.04970015262451587
0.07568500266835429
0.046190857352062825
0.07518485816280833
0.045169759168625
0.07165588560532192
0.04714405381849488
0.07337402546891549
0.04625899551089591
0.07595959457813856
0.047031428107018686
0.07182729900197797
0.04669561839705928
0.07576982716231645
0.045522223900827136
0.07260733747127206
0.04619864561263114
0.0753872988051992
0.047154566686077586
0.07342917917027557
0.04942465244738113
0.07746396123762686
0.04596423911365337
0.07510857486152868
0.04578356297474802
0.07279618312209003
0.04772077266062544
0.07371857065746217
0.04563436382028929
0.07452624303468511
0.046983358515649935
0.07197867462667011
0.0469785499652924
0.0766785996749152
0.04656476034648718
0.07257131617598031
0.04691284561053584
0.07551097962091877
0.04650338837151022
0.07291859247376167
0.04822373210409214
0.0788704227103718
0.04657195290225392
0.07408550570363634
0.04636827650270581
0.07433691075742319
0.04775536178749254
0.07475473446853402
0.0445305445215577
0.0727875229055635
0.047970960478488076
0.07319374100254199
0.0474314713823096
0.07785927662632988
0.04623786823478927
0.07218123388330666
0.046768383765199574
0.07630529664389658
0.04551413168124575
0.07248722794933173
0.046616202598948185
0.07810238885114343
0.047407539725149016
0.07347834072373874
0.04800161348414119
0.07471075991892791
0.0473506540433688
0.07499966243885381
0.04469610240540144
0.07161925617846147
0.04755206132322257
0.073613960021231
0.046878051951583045
0.07744136484898136
0.04675963860205954
0.07184547771608493
0.04689588601062818
0.07580554766642027
0.045385680307495804
0.0726128414105563
0.04605350397368131
0.07634645093528677
0.047813145110445716
0.07309615235159524
0.04992527319742883
0.07606670499905403
0.04600973858997223
0.07513375586646079
0.045227545939665055
0.07167656676544865
0.04720737715777903
0.07347698598928654
0.04612026178806949
0.07564204960551744
0.046988415003601965
0.07178546992928188
0.04672031722486691
0.07593742667013098
0.045778904449715885
0.07255419579225282
0.046348085114622274
0.07542814321359317
0.04691808235324198
0.07352583326397984
0.04920747791849407
0.07772402496298708
0.04606892423452904
0.07480152803213518
0.04590604866879885
0.07322829021186247
0.047874267798905225
0.07384426993177919
0.04560532532754372
0.07430712043244381
0.047021246373474955
0.07212283313528149
0.0471038011543218
0.07685637420452587
0.04652897240330453
0.07251562547005361
0.04698570205081156
0.07553908062068403
0.04630376682146137
0.07269899503961487
0.04794250176372236
0.07901372772138146
0.046725074468271205
0.0739957082118608
0.04659924729995845
0.07462341557947579
0.04771863968082284
0.07504648198663401
0.04445708870892881
0.07247305603373393
0.04814403203031834
0.07335341751881545
0.047358200801364846
0.07791454659428677
0.0462424533247599
0.07205040021701839
0.04682710489143962
0.07621122436621457
0.0454090462900676
0.07253481764824701
0.04646761660997345
0.0777516004106937
0.047475035516166476
0.07324239022478718
0.048407773351235965
0.07479102434243924
0.04703825975112049
0.0750956660018802
0.04491336156390062
0.07162623961963197
0.047445697077169675
0.07345997318790223
0.04667330057953247
0.077117201119691
0.0469347041818522
0.07185517062596483
0.04684081136131869
0.07566800757571297
0.04536747050869124
0.07265593553066821
0.04596475078264657
0.07597023138851947
0.047805817788657
0.0732263641548704
0.050063581933888594
0.07640949325632863
0.04593036335572578
0.0751675417746153
0.04533081232805493
0.07179067862986882
0.04727904429019782
0.07348650528214144
0.04599613190794355
0.07540973882404871
0.04699570364390205
0.07172101812968515
0.04675223649085343
0.07615379666126151
0.046077695198040294
0.0725540239749996
0.04654273515332633
0.07550235195520358
0.046776997489973805
0.0735377084734196
0.048936263135240216
0.07802410611746777
0.046139416641212516
0.07455495237264209
0.04607335400708842
0.07365939973778113
0.0479458307658419
0.07401915267667947
0.04531112940293842
0.07409317567872097
0.047148156588420316
0.0723503708415908
0.047187405983791494
0.07703462715196398
0.04643846581386256
0.07251873369842103
0.046904652736517255
0.07566517413790377
0.0460973153101107
0.07254925720080428
0.04761773662637061
0.0790520308523859
0.046894532576605905
0.07392574736940358
0.0468263364340922
0.07468185807573283
0.04774746110605524
0.07519522580809683
0.04445581002766911
0.07217580521818057
0.04814323953716474
0.07342179771995631
0.0472750198466233
0.07794596750582446
0.04623629802388131
0.07193241565942783
0.046885956341896476
0.07613726801408363
0.04540845792532746
0.07257111223353237
0.046354594041620754
0.07744745339489853
0.04759143475720493
0.07307200776466062
0.04879295448781478
0.07495149926125344
0.04679419880710127
0.07525379806382233
0.04516032308939311
0.07159757598944731
0.047290488588991195
0.07338877976008677
0.04649348496776748
0.0768344521626374
0.04704473153924985
0.07184555802375446
0.046733460197826523
0.07558960975496473
0.04540113081820693
0.0726919648030634
0.045984067490299936
0.07570058112648066
0.047784467305446776
0.0733721216434307
0.05010150658927025
0.07672851891180853
0.045879990691853445
0.07528405711302623
0.045527077566584445
0.07199747350987959
0.047297974599932666
0.07356831349091504
0.045912683000565224
0.0752168984184972
0.0470010091231859
0.07173836595711086
0.04684823483474551
0.07642712460657386
0.046272366318874214
0.07260760502714501
0.046637087072575086
0.07563446239684943
0.046734087518048924
0.07349080399492433
0.04867767658642346
0.0782738755027167
0.04620157479414583
0.07437039772283943
0.046245001184377146
0.07386179469292829
0.04799271058526954
0.0741542394671484
0.04500934508722185
0.07377607974636134
0.04737653577748703
0.0725666422072654
0.04728757870798044
0.07727537573939575
0.046374767164695054
0.07258230489142671
0.04687894647395301
0.07588616156017232
0.04588685489168892
0.07247037154368281
0.047320341788745265
0.07889365924622425
0.04705428415245454
0.07382961131549817
0.047095646981718337
0.07463125070216729
0.04773254376933667
0.07510770582427463
0.04446509903257274
0.07193278769394579
0.047936490227877646
0.07344116269621971
0.04722305282080702
0.07789526132025128
0.04632710799476112
0.07186765452536709
0.04699447068509678
0.07608835406569947
0.04552201996495191
0.07257828519133695
0.046268661586804594
0.07717716000401141
0.04772361775010084
0.0729812422085391
0.0491146966344058
0.07521554234113151
0.04654306026336385
0.07532120555623917
0.04516478045462216
0.07160616321899259
0.04714690509516481
0.07335690056347859
0.04641017748072974
0.0764864755567071
0.04713868827370367
0.07183422908426877
0.04669444588458507
0.0756004710573665
0.04535569174873826
0.07270160496200154
0.04607720158154999
0.07550425105053024
0.04762083675465306
0.07343290415539061
0.04988942398489103
0.07703886366506851
0.045854498875387194
0.07541517815384545
0.04571248126554054
0.07227469370036141
0.047393791340060394
0.0736742335019993
0.045842767094226904
0.07497715921349311
0.04696970443921213
0.07182201501370217
0.04688487723572146
0.07649966203342977
0.04645910510565575
0.07266258364391488
0.04671275806897772
0.07555982668328216
0.04669874945103051
0.07336869702422977
0.04847078238025747
0.07855932875939513
0.0463202774776187
0.074248673051483
0.04621193275897248
0.07401649413288404
0.04791601444585344
0.07436801236782355
0.0447611005082538
0.07339564636111552
0.04761776241455466
0.07276910175782099
0.04742732802531753
0.0775358078116131
0.04624772182510354
0.07245469957107833
0.046790220980415506
0.0760846558378824
0.04567749604169681
0.07243888214890169
0.04698927098392853
0.07871686882420889
0.04719985930574349
0.07376964426615472
0.047443851263048856
0.07461102423458597
0.04767208860051293
0.07500902192570755
0.04452539834051235
0.07173640348679682
0.04776799855921827
0.07351955954826184
0.047197633648692006
0.0777989061446562
0.04646988334129686
0.07186108694778504
0.04702289612986908
0.07600123563406204
0.04551602616373193
0.0725938195172004
0.04620835753843135
0.07687976482822317
0.04780272458556643
0.07296988468029789
0.0494753850151469
0.07550615360128052
0.04629950305739958
0.07525350551562804
0.045156212026206975
0.07165904320304621
0.047109243475177025
0.0733579256171568
0.04633414403103836
0.07616283579119619
0.04709471445729139
0.07180695243949048
0.046710332346726016
0.0756923796398705
0.04542731089456904
0.07266165770940364
0.04615993272878135
0.0753951754779654
0.04733308500506054
0.07340956175976371
0.04958365332378593
0.07729218648103509
0.04590356944965916
0.07531254059636762
0.04575237043227454
0.07258202977268019
0.047601691009890694
0.07369177904151002
0.04568475642623782
0.07467602544866657
0.046964508855864576
0.07193380325912804
0.04692925885613137
0.0765966247404496
0.04652143471665176
0.07262938817414707
0.04681858997270151
0.0755081854135488
0.04660424021068868
0.07307663576494115
0.04833427416213567
0.07880884381553444
0.04649402022775597
0.07413613503357437
0.0462813727057684
0.07419559581795468
0.04780822898527133
0.07462391979057252
0.04461176120533125
0.07298921750919962
0.04783606295969032
0.07304739507528385
0.047444801712669786
0.07774538664710026
0.04622914367375783
0.07227117285361317
0.04675443157757237
0.0762631518645041
0.04555191022476005
0.0724544387193183
0.0467304572956882
0.07832938760291192
0.04735711057945715
0.07359259650454139
0.0477999681058391
0.0746576730906256
0.04752094593580578
0.07498003107534343
0.04460032030130241
0.07163438141413107
0.04764215072125974
0.07364151424446737
0.04700201097128643
0.07760360663196868
0.04669720121749406
0.07185620925645882
0.04692182034191775
0.07588955066637362
0.04542122017906411
0.07258337860342659
0.04614078993497581
0.07657941175856782
0.04782554540970617
0.07303681478407198
0.049807548448871364
0.07583957915553512
0.04610417614000001
0.07515279762160515
0.04520112032886063
0.07165321242426
0.047170292758622195
0.07340592064487655
0.04621849716935388
0.0758151619022315
0.047004443255880955
0.07183604299318051
0.04669644224280086
0.07584381801565826
0.04561645463306491
0.07257848791726378
0.04624914371507463
0.07540704739730084
0.04704322566156132
0.07346069108112842
0.04932296670133679
0.07758375189775031
0.045999265826404095
0.07497157792146301
0.04582893141772509
0.07296942912856186
0.047787035838520335
0.07375945487524099
0.045617237605857806
0.07443114706229438
0.04699482997712103
0.07202933333460476
0.04702537444290268
0.07674405787703303
0.0465623653762085
0.07254073448957347
0.046976863893437824
0.07551074080727999
0.046415178983202715
0.07281737288645873
0.048117904494985424
0.07892422066012854
0.04663021959121131
0.07406504592805832
0.04645346840018632
0.07445769129385876
0.04773897839488196
0.0748686149237848
0.04448577050116913
0.07265590928556627
0.04807173276845391
0.07327972086638095
0.04740239197173549
0.07789502542082978
0.0462372025456164
0.07212537318722775
0.046794394032928635
0.07628961659718585
0.04546120824622467
0.07251372979679384
0.04654215103904402
0.07794722971579952
0.04743005214586075
0.07337680173966367
0.04816396911800926
0.07473744455448676
0.04720664414995064
0.07503070140860833
0.04478961825246283
0.071628657075412
0.047497501958414144
0.07353891965901742
0.046779678198548114
0.07730232517489904
0.0468232668689063
0.07184067483498331
0.04688846386848788
0.07575421583222954
0.04536375529793868
0.07264302537937056
0.04600394130035036
0.07617469717468786
0.047811725824481434
0.07314378748605131
0.049996521643200266
0.0762157744830827
0.045963172641581285
0.075137768612247
0.04526703183503242
0.07171338803957286
0.04724619887959829
0.073483544564255
0.04606203360474433
0.07553337153517482
0.046987550797499986
0.07174833568341332
0.04673094676328159
0.07601930256802664
0.04591551792825538
0.07254759951880553
0.04644202601805963
0.07544549790662847
0.04684664175221537
0.07355387948647799
0.04911186568333648
0.07784203528775435
0.04611884271944421
0.07468984552129006
0.04596464940344801
0.07343340920171108
0.04791479060290823
0.07392723175008122
0.04549468845363526
0.07420939635258962
0.04706236186902642
0.0722088867260617
0.047148154756278926
0.07692239138518688
0.046490124653485
0.07250965393953795
0.046945563957397046
0.07558054360173147
0.046224329723948555
0.07262711220885365
0.04782103009019906
0.07906446361017799
0.04680157231780906
0.07395698738761565
0.04671166324206775
0.07465630708967529
0.047719364890552125
0.07516047655638351
0.04444939823484684
0.07233741874936886
0.04816716409840553
0.07341232554148017
0.04732442018240784
0.07792773767499954
0.04622664425190795
0.07201030653079177
0.04684313721469181
0.07617105167523629
0.045394862502070796
0.0725563362693339
0.046427036020021205
0.07761414230885483
0.047518288176670774
0.07316070638360597
0.048584124143170905
0.07484682408213818
0.046936021402627544
0.07515944012234303
0.04502709137904103
0.07160927121073554
0.04736987391134466
0.07341966601317258
0.04658858066499384
0.0769918197283579
0.046997886586193936
0.07186899435573851
0.04679691218596936
0.07562392379115544
0.045392138291403906
0.07266913487650381
0.045959064214972256
0.07584308921807652
0.0477980008529471
0.07328438946474093
0.0500786982566291
0.07653525511824433
0.045917088396476395
0.07520682687514724
0.04540053356804477
0.07186681359163764
0.04729443228598643
0.07350920780082992
0.045953040202347306
0.07533762253691373
0.047014860281350136
0.07171830845012737
0.04678514354585868
0.07626838525059151
0.04617126212372002
0.07257007195833591
0.046576635856749656
0.0755679530845023
0.046746763418622383
0.07351071109124208
0.04882351937633696
0.0781210742116909
0.04615887004937363
0.07446933180233244
0.04617367021330534
0.07377249134970947
0.047974288237073504
0.07407108232082917
0.04518394378628446
0.07396815613121419
0.04723240535046182
0.07247115513263018
0.047224804545877304
0.07713100490551045
0.046421272673663264
0.07253813690542715
0.046893481079979676
0.07574718185020789
0.04600080518456305
0.07250723500079752
0.04748546311395061
0.07901101361135092
0.046971626864426304
0.07387649294193557
0.04692925360838188
0.07465298960160902
0.0477414736857761
0.07516005300469134
0.044448772828965366
0.07207529139793394
0.04807389765655485
0.07342279537616474
0.04724783046772081
0.07792091282564223
0.04626622158452856
0.07189408557478665
0.046932274146015106
0.07610959307547902
0.04544252208325206
0.07256429074947403
0.04630893746050707
0.07734133256917636
0.04765510566710349
0.0730239292195879
0.048927777510407416
0.07505367001762588
0.04670085127086181
0.07528911701828302
0.04515333466430906
0.07160287579394632
0.04721900870891312
0.07336550047157268
0.046445617647017955
0.07670648669373455
0.047071686375242686
0.07184426464540795
0.046706019942618554
0.07558337927117788
0.045367738303480315
0.07271026668263282
0.046017704053343274
0.07561938150109404
0.04774239492245448
0.07343484147402478
0.050073205911310106
0.07685866488704128
0.04586754979493916
0.07535743378400117
0.045631790123003585
0.07211229427175227
0.047324635448165564
0.0736230507770379
0.04587511277224183
0.07511919562631168
0.04697725112509405
0.07177047256608496
0.04688329804194467
0.07648098798832655
0.04636337873002177
0.07264648153562199
0.0466867640513725
0.07563288955453033
0.046715462641371226
0.07347803128970366
0.048581860012899956
0.0783987124867177
0.04624487651427088
0.07431127490974275
0.04621858320964531
0.07392670438456009
0.04798393812213136
0.07423386982341815
0.04490247679092461
0.07362387160831298
0.04749189621966412
0.07264280593215822
0.04734189039236466
0.07737824787369246
0.04630796335366545
0.07257870783493625
0.0468457958299915
0.07597450580097613
0.04579566763837458
0.07245205978151138
0.04717531030476239
0.07882038539288327
0.047114927639534385
0.07381018210273745
0.047235994490342936
0.07462366292033167
0.0477448637413989
0.07506232943059293
0.044499478753615034
0.07183845191664333
0.04785443971716572
0.07346706973941987
0.04721403519713892
0.07785313694183482
0.046384153503147396
0.0718675482421155
0.04704657904515446
0.07606837301172775
0.04554927361794295
0.07260548697112262
0.04623167831878837
0.07706008661065793
0.04777091642864985
0.0729667960191157
0.04926764656685174
0.07534042795274794
0.04643405900512402
0.07531001634860678
0.04517815947607533
0.07161716073563107
0.04711520338942703
0.07336818237485804
0.04639418283149493
0.07634009144795825
0.047153112441248216
0.07181250501946787
0.0467048529635605
0.07563151571188752
0.04537161027475109
0.07268166233070877
0.046127722743180076
0.07544341585917029
0.04750561282169253
0.07341739768440204
0.04975085217941433
0.07714249801303934
0.04586421207709696
0.07541799274227368
0.0457289972322716
0.07239458408342854
0.0474681100194589
0.07369878812735661
0.04576605563500625
0.07484818882514326
0.0469795640284842
0.07186815631674845
0.04689722872596547
0.07653069963801215
0.04647756989597421
0.07268021635486441
0.046753375713932004
0.07552364218044497
0.046688024715314504
0.0732569742831339
0.04840435647221821
0.07867813890840271
0.0463871020067069
0.0742130825888481
0.04622872932539104
0.07408197377590525
0.04787773175463767
0.07447861463437006
0.04468311255645697
0.07321530985705045
0.047704135725065586
0.07287755857947992
0.04745591083290264
0.07763991995849054
0.046226549769825515
0.07237036932676676
0.04676576574339358
0.07618413284641765
0.045612654019966316
0.07244251193621837
0.04687047259866964
0.07855427929426669
0.047271705373540786
0.07369846368432958
0.04758413627326974
0.07461696634483425
0.04761132084816466
0.07498698849638305
0.04454296644518763
0.07168163391278455
0.047723771114255055
0.07357043125259737
0.0471458080135055
0.07772444546475767
0.04655479990270905
0.07185490110071964
0.04697148998216819
0.07596274577081179
0.045464008332572636
0.07257962700840918
0.04618477658497234
0.07674848825736184
0.047822572991872245
0.07298870392308408
0.0496372962661776
0.07563331907600244
0.046216908596806876
0.07520043210628388
0.04516262040537016
0.07166101939625265
0.04713211750990744
0.07336656561215567
0.046275673860462045
0.07601625698276716
0.047045409909424726
0.07182068294460307
0.046698842265906704
0.07574634077179893
0.0454929111262079
0.07262022651758013
0.04618479985969394
0.07538543093254713
0.047199496519200225
0.07342122069665133
0.04946551293115372
0.07741572228943695
0.045951225617625
0.075161400673861
0.04577169991461837
0.07273612266806928
0.047686158058002276
0.07370804836519872
0.04564482526694808
0.07456419174782011
0.04697497786441964
0.07196387223603551
0.046963644491695135
0.07665858589580722
0.04655766376304263
0.07258505375211166
0.04688449939915654
0.07551551376065564
0.04653928237762973
0.07295872054589879
0.048257676291306374
0.07885316726705235
0.0465529668317133
0.07409650250013727
0.046341595657810965
0.07429627978610176
0.04776607112925459
0.07471677656859271
0.04455196846554043
0.07283918295919489
0.0479321345722637
0.0731620116012717
0.04743400928886526
0.07783094581801671
0.046242924482861845
0.07220270343811229
0.04676216007851866
0.07629137358041903
0.04552325041012048
0.07247719754106802
0.04664522909472364
0.07816243202650297
0.04740147929094942
0.07351226527716519
0.047945523870077264
0.07469776615821498
0.04740680454138522
0.07499179068614124
0.044666633559143805
0.07162013116675767
0.047573505690236266
0.07363060038147078
0.04691280249688735
0.0774899628197266
0.04674174916680659
0.07185047440051824
0.04690050432892025
0.07582521038142377
0.045398911283468416
0.07260301667478405
0.046077028698470655
0.0764140137137925
0.047814715972734706
0.07308212544175414
0.04989987628792765
0.0760090821577336
0.04603157178171234
0.07513605844926854
0.0452169493741362
0.07166722309777553
0.04719384077357017
0.07345479908104913
0.04614615357635786
0.0756857166970544
0.0469926555102063
0.07180268796340301
0.04671134019756518
0.07591095314754423
0.04573151783645557
0.07255898253843313
0.046318168798077375
0.07542690152047632
0.04694855928171387
0.0735065291959078
0.04923576991335203
0.07768399486421454
0.046047782829849455
0.07484517707968896
0.04588901006881519
0.07315636043641162
0.047853704277338316
0.07381823631703426
0.045613830079590356
0.07434632855622027
0.04701077755041191
0.07209500484371084
0.047081138774637724
0.07682529006915739
0.046546012019191826
0.07252044722850474
0.046986645665724906
0.0755282330592235
0.0463362937883298
0.07272845367410222
0.047990500407218854
0.07898789967628274
0.04669791290362532
0.07401336002549397
0.0465568189580976
0.07457995544964559
0.047722562026337755
0.07499754542317753
0.044461084210559595
0.07252237181884587
0.048134014505642704
0.0733318336512344
0.04736876484177343
0.07791159898221485
0.04624926027357053
0.07206750709866866
0.046824470606491884
0.07622958026469398
0.04541931633596575
0.07253038934599193
0.04648458019588503
0.07780492307748436
0.047461353629783445
0.07327586909185019
0.048339903873991924
0.0747730575422683
0.047080185967618954
0.07507569531377292
0.0448765386709195
0.07163457023476641
0.04745986557199529
0.07347844676957184
0.04669862626414908
0.0771649745238075
0.04690852882444739
0.07184888266936475
0.04685449200246822
0.07568818760665771
0.04536264251288478
0.07265380793970758
0.045971926740743
0.07602161220544171
0.047805360119444154
0.0732050748841959
0.050042714728734033
0.0763581901471591
0.045935669340744494
0.07515680995877055
0.04531011105655166
0.07176688047554237
0.04726859314820489
0.07348250988279587
0.04601541091557301
0.07544006831966263
0.04699264336639963
0.07172567948332746
0.04674382622439238
0.07611517602305405
0.046049043670197624
0.0725505387898919
0.0465237181978296
0.07548334686569388
0.04679248318566984
0.07354569205446575
0.048980961570630935
0.07797291103060225
0.046131831432115744
0.07458911259029409
0.046040952983723016
0.07361990575781269
0.04793988928237199
0.07399711698002588
0.04536096313619355
0.0741253255149097
0.04712179527287016
0.07230971930831935
0.04717552076515382
0.07700204285062309
0.04644914273222955
0.07251432509088156
0.04691269771512735
0.07563931862650067
0.046136224271325854
0.07256780874901844
0.047669985294653154
0.07906107728819274
0.04686789498132148
0.0739320677886739
0.046792606245081796
0.07467161480498112
0.0477368536215471
0.07520498536491156
0.04445044455013303
0.07221642955256158
0.048158802460631187
0.07342404453694135
0.047286887967794046
0.07794845434656612
0.04623015868751248
0.07195044597777293
0.046872106452033824
0.07614535904555143
0.045401058260896666
0.07257598598539622
0.04637405709625872
0.07748974129178832
0.047570219782801515
0.07309319096249811
0.048746739252787455
0.074919434447028
0.04683265898294882
0.07523671595516378
0.045139941008833284
0.0715999331786699
0.047309401750042716
0.07339430250578238
0.04651564213920268
0.0768748062769058
0.047033129311895246
0.07184939921273978
0.04674753448186533
0.07559587831463391
0.04541051977317729
0.07268785944736207
0.0459736538950389
0.07573524194913969
0.04779285680551409
0.07335051902168865
0.05009381598520439
0.07667425728379483
0.045886894419246885
0.07526069224819619
0.04548959980671052
0.07195940399010917
0.04729327881185651
0.07354926878257684
0.045922064632614376
0.07524897886214324
0.04700764436874087
0.07173028416817628
0.04683079745631655
0.07638366406378572
0.04624349127089931
0.07259576143315591
0.046617621568020844
0.07561627295981822
0.04673422640191442
0.0734948215141723
0.04871582946511577
0.07823057401533101
0.04618823497604102
0.07439488125923174
0.04625831444442003
0.07384012723006081
0.04798615797650903
0.0741289859379403
0.045052392418117475
0.07382885438073362
0.047334601937089674
0.0725421687552772
0.04726942552981743
0.07723808828908883
0.04640010315764194
0.0725684432074276
0.04688656261886755
0.07584585476377019
0.04591406481550611
0.0724779109168068
0.047368336985765695
0.07892320638109802
0.04703051935788826
0.07383986983239677
0.047048102978362115
0.0746334709901779
0.04773200140654888
0.07511890149968055
0.04445723267034449
0.07197146367235083
0.047970509005253015
0.07343429855586457
0.04722828558396636
0.07790231704732542
0.046308565924983086
0.07187178181863656
0.046978416747047516
0.07609558288761377
0.045496952867795155
0.07257187816270497
0.04627876557970355
0.07722087349579514
0.04770571236630438
0.07299008047229091
0.049062471893688016
0.07517500273058134
0.04658254331103444
0.07532901814756199
0.04515824686064002
0.07160625068725936
0.047164327785648025
0.07335647627281831
0.04641627057685487
0.07654363646956391
0.04711731904462311
0.07184590677821505
