1.0263349686258776
1.0218117621670293
1.012372864537212
0.9920865726403129
0.9589238003842862
0.8939148485312569
0.7917096621615198
0.6566433754584283
0.487944434308662
0.38419705589080166
0.32612298936114836
0.28619587537781177
0.2518459676698456
0.2293989673815634
0.20755822064513954
0.18812896346945318
0.1787367803634558
0.16264698399744693
0.151897693574246
0.14539337845932776
0.13248978944721068
0.1267031387613131
0.12165036128041892
0.11754922647696481
0.1108775770399043
0.1071832019886544
0.1044440525700893
0.09970916503574823
0.09599532458419471
0.09412008140031829
0.08910990590837878
0.08743011197917465
0.0829058030169418
0.08127281494220377
0.07815579910255932
0.07680823484969693
0.07258134687789738
0.0708274072271704
0.06887079093887774
0.06660019289190527
0.06324192773370653
0.062192982869028045
0.060173943245558234
0.05847722240319997
0.054371928793583366
0.05312658372826587
0.050820320754257
0.04795482511737225
0.04627730094630934
0.045124278507727884
0.0433232476326949
0.04190268491856065
0.040217765220124886
0.040280360295226365
0.03896388674144419
0.038136780227820535
0.036500209487482414
0.03649356185225946
0.03559849386395124
0.0348858540765579
0.03422364821519312
0.03305669848925845
0.03354825928568307
0.03207097522683561
0.031315040226817865
0.030492764138383685
0.029837866732458328
0.029366144684448363
0.02912053123234909
0.028376575477198546
0.028274445097394588
0.02746870083464486
0.02810032928117809
0.02675352192118969
0.026603656812588895
0.026051479117967766
0.026112001922037928
0.025676040209079837
0.02440374760475819
0.02465261682096395
0.02349437441641683
0.023350987750506334
0.022678528010397814
0.023008540025357384
0.021921214145104007
0.022028892363301616
0.021777616420831775
0.02244356084109856
0.021231864422676668
0.02147542503902342
0.021613423014234648
0.020755443452264443
0.021336573880872383
0.020960232462642815
0.019949752001168913
0.019855913494147195
0.01945506502914644
0.01987837225988724
0.018814866654288314
0.020148111531306617
0.018972519187765872
0.020053582401926257
0.018286935747084416
0.020227037957161895
0.01638895113291102
0.020005569627498426
0.016103914693642796
0.01825622725973762
0.017137435265108525
0.018729904787545
0.016829819278386254
0.017224499710454574
0.016554226242414177
0.01838638489948598
0.015010125745326976
0.017645511484670914
0.015095857784344859
0.01765193139087569
0.01643053168655767
0.01761149017077799
0.016036910810420413
0.016933459592869505
0.015595180275779877
0.018569674074139144
0.01530828688914193
0.019015903606138054
0.015688185889673266
0.018793898786932627
0.01668956434175289
0.018202595636145676
0.015941805078369536
0.017362892227795895
0.015203546560696328
0.0182997604698524
0.014499917636898453
0.018425470752474932
0.015717650736645848
0.018959380967274266
0.016915570442873666
0.017573596128398053
0.015355937318866156
0.018352842462299894
0.015890981437672588
0.018568319191081806
0.015315119353552108
0.019458276095551643
0.01610687650978774
0.019345722617578644
0.0174907154857899
0.019352976983898405
0.015882639545553995
0.01836465002572347
0.01589470549621913
0.0186155636943957
0.0139468273769784
0.01883835295172107
0.015362861246616281
0.01961216346809148
0.017857346254245888
0.018185655973722077
0.015571957248956618
0.019385466049446538
0.015150735905736427
0.017662067948164665
0.01492313755214979
0.018265985307079183
0.015231235150073614
0.019108160826941376
0.018124884746352786
0.018787849438656065
0.015441000264457968
0.018927121729723252
0.015971047131162878
0.01918926914200537
0.014754714600358987
0.01915329696763724
0.015400773975747151
0.01909591222529802
0.01786670833391053
0.01847176795399899
0.015269864308963979
0.019270277931425304
0.016093311926902814
0.017217142918945664
0.014842139530791831
0.018570339867698807
0.015633649174398818
0.018989589463662263
0.018405651345522692
0.019041510032673355
0.01563035743301375
0.019597444419173823
0.015411282476657767
0.018054775751696707
0.015199490474945654
0.019421661127640863
0.015655328007279232
0.01946372211800628
0.01908090073102075
0.019972240215350098
0.01530071200316419
0.020377960262422647
0.015284584808183954
0.019230249471412733
0.01506511563578559
0.019144309439678216
0.01536188984707875
0.018587584002623687
0.017888345315442547
0.018604822949009576
0.01457032769128267
0.01889846405526683
0.015197655544679764
0.01823892907112111
0.01421816155258714
0.019432468669916467
0.015739702479517555
0.018577001988745744
0.017253748126481675
0.01836135006474026
0.014738613989857785
0.019801569339431734
0.015562493000055563
0.019139752933213277
0.015268494102192068
0.020110240808480107
0.015338664134286561
0.01979314423594959
0.017236534626691745
0.01937605195695023
0.014157412727555009
0.019109559052804315
0.01418119830066995
0.018620110324957247
0.014248967045257202
0.01985218630524532
0.014756472247892958
0.01906094062070498
0.016273998056186678
0.018580454317430564
0.014098279854136373
0.018829769251455235
0.013866001337897744
0.018317712408128992
0.01355931070984731
0.018350793404426233
0.01603741553666974
0.01998196932086421
0.01675082605788404
0.020311812154409928
0.015540168936910754
0.019793674141224123
0.014506623652035866
0.017759081354442482
0.014897054426899125
0.01888516966699907
0.014987395418100583
0.020771293971690877
0.016384094244485142
0.019801384350051805
0.014133997017922154
0.019430413149290015
0.012930785980925579
0.018635294582276477
0.013014207881863674
0.020949747325504746
0.015319914349833876
0.019991187303272866
0.016496715811669702
0.019764065370957318
0.013932153002518294
0.020333075615711065
0.015085157621507429
0.019286999315001174
0.014988274796972437
0.020142652452522666
0.015926849093849154
0.02046009221079508
0.015715475654222374
0.02024446398295848
0.015471402101508892
0.019168757100261127
0.01371565554855843
0.0180811627035928
0.015683322955112967
0.020412909275292854
0.01458387964811975
0.020676751114059522
0.016814282679804476
0.018804776987132395
0.013490310062199362
0.020672123771930874
0.012826195038847634
0.018656034068842156
0.015093404145529829
0.019437980308638865
0.016552536598986207
0.01972881227045491
0.016808130707320693
0.021399611419967487
0.015318436387180827
0.0202464900982726
0.014798711033531827
0.018822537840712087
0.016023552002930607
0.020911577747705055
0.016135584295404116
0.0202859016899117
0.01701644353951447
0.02053251074499683
0.015181463949737512
0.02023611732995936
0.013940950099171652
0.021071082626257863
0.015366001742991294
0.021065513329750502
0.01686473705546275
0.02005266402137105
0.016256116867454637
0.018738232608547213
0.014216334539817296
0.019111879576132945
0.013903938131544
0.01871944415944396
0.016264389596779696
0.017622620045618043
0.016698011422262085
0.019992176537064275
0.016602939648028406
0.01986595457207592
0.015999559376217
0.01955837032783745
0.014618501225966174
0.0177981269479558
0.016835989294974013
0.019765654153075015
0.017188254595230084
0.020325124795115335
0.017835040438545002
0.021329614215491916
0.016047799860218308
0.01902701315470227
0.014654623265369478
0.019721436157858558
0.016549201897402575
0.020046874552600673
0.017355705865397805
0.019706873875184983
0.018492505164107314
0.020150336503159193
0.01629814102680159
0.018164943372772684
0.015010851445614445
0.019426855956853468
0.017538589985526095
0.018282848770813258
0.01607236528358175
0.01950898438522571
0.018411000812163368
0.019530747544955575
0.01711707073557287
0.02000701251464616
0.015583511219170947
0.019823569612208776
0.015976745399114395
0.019645441839643098
0.017848710982067917
0.019764751386680064
0.017265197982152786
0.019629972269552737
0.0165730535634813
0.018426467650892484
0.015313121447212573
0.019058540608548055
0.01766272371619969
0.018093438651933594
0.0161554897353802
0.019579267852252825
0.01952173708072518
0.02053443164121319
0.01512446321692176
0.018396152415681072
0.01581983924837661
0.019686409101303707
0.017118115038151152
0.01813780644511397
0.016923639662542598
0.01999715839666084
0.017416143693946097
0.020231095552087464
0.016561551912964333
0.0193012044447195
0.014365725456335413
0.019598905793390048
0.016547071533111163
0.018089585487948055
0.01735857652666249
0.018854289043063
0.01809038074112909
0.01986678463640101
0.01733216772052817
0.01755682467160358
0.01458968403138067
0.017560313788946902
0.018350562649795767
0.018024368377760065
0.015786421551309444
0.01893997782210909
0.01874335688811934
0.019159108599940633
0.015798671553123488
0.01897905577773962
0.014167990329168685
0.02017509007797831
0.018513621613757716
0.018281283559364436
0.016712207315756317
0.018674420741178213
0.0185706238751405
0.01904539494599386
0.016439605270330927
0.018624198315004333
0.016140271898992142
0.01894247680295314
0.018174443801083698
0.01682065282505663
0.01830652465983583
0.019285495569423806
0.018450122627454987
0.018757142502861278
0.017265658511265797
0.017781605378962163
0.016669877631877484
0.017436862971566044
0.019991204640586985
0.0177601245974031
0.018123138277855968
0.01779677972519286
0.019018232344691317
0.018749857134017115
0.01727450487455869
0.018376071093251633
0.01725504077179641
0.018170648291585326
0.019376090736871802
0.017017894104302767
0.018098192705504054
0.019286210346400892
0.021598513761833412
0.017881730646006695
0.015649669226822212
0.01845647364790314
0.01802422929025836
0.017303998520997836
0.019042714356026547
0.017490050621734882
0.016858645451210685
0.01889707971053008
0.02000284887624459
0.01764338829822362
0.01566896063921669
0.019006657971852327
0.01753017301645518
0.018249739632350173
0.01947959081558789
0.018648219968050397
0.01623807619040118
0.018841141606850076
0.019992272827782445
0.0187942052951899
0.016526137751639535
0.01869136510567853
0.01760081507455188
0.018140526291293615
0.018426500054060983
0.016524276377831045
0.01736388285013092
0.019109401167530987
0.01982108301646076
0.01622649587942394
0.014143759249012306
0.016734363083219128
0.01697556846300263
0.018996808423419886
0.01774062818655367
0.01778459803767039
0.01786822219265642
0.01853457416489186
0.019545903010067325
0.017870737284611818
0.01690426233206614
0.018891771437242615
0.015932603520221012
0.0179354949050535
0.01862389606313923
0.017824482636844143
0.017968942858240636
0.01914410270449803
0.02073247931088958
0.0193413539439941
0.01595564082375671
0.01669492084625351
0.01869020529234057
0.016082431689255446
0.01938456598662129
0.016518113769923626
0.01760826817687852
0.01845524014343922
0.01998020883931229
0.01760653274063403
0.016386718974210273
0.017561698594922195
0.018578610488387163
0.0186692325495368
0.01735864067903761
0.018081665453522303
0.01694605561936026
0.017325390866387586
0.020049140050939683
0.01790554767031269
0.018226015350460756
0.0169032258649365
0.018626407132725436
0.018239136302496024
0.01931424506984681
0.017548170420139134
0.017978281036303445
0.01736085247579952
0.01882008387915331
0.01490112533270224
0.016720263458983836
0.015943461017247952
0.01798167761816591
0.017186740226507718
0.018738353169663408
0.017957415462793527
0.017486376262030666
0.01707254564082784
0.01975613070005994
0.018430254179158955
0.015956739350524544
0.017211703994956744
0.019352783372450496
0.018535464386760347
0.018272432792057536
0.018220966465109713
0.018462736698544154
0.018182168593278168
0.020667577568791427
0.017496827236400152
0.016587638220910958
0.015931274696786586
0.0186701192928493
0.015323898377097347
0.01835569740727467
0.01652838665894176
0.018186145264962726
0.016343377770746206
0.019459648211060332
0.01667186690992185
0.01904025262813549
0.01780676007928626
0.018412148128954097
0.01765804822981032
0.01754204779883357
0.018011285014952447
0.01693363895009794
0.017215876436791143
0.018546686218295555
0.019176435443305384
0.01856194640466699
0.018019919685583967
0.01944711157828765
0.016271913629958078
0.020348358942902003
0.016878358796268284
0.018209304030994675
0.01631184191727725
0.019580881901761913
0.015336863665043249
0.0177952284258117
0.015777204549219485
0.017199889609272715
0.017280827234847432
0.01770927343969787
0.0171023430990074
0.0189397417606807
0.0157805711624895
0.01774577130079809
0.017943564475181265
0.01957163143175668
0.017410789445723773
0.01778319017695192
0.01921519143560551
0.018119254367431312
0.018276419332365228
0.01743657290578072
0.01805566740711876
0.01915141909794205
0.017756174028044205
0.01750224851726599
0.015573676121786338
0.018413378998021566
0.014841991446197557
0.016597410797391937
0.01468815458369233
0.019087064472121655
0.015306919691632934
0.020129173225499807
0.01653525365362214
0.01878751349551019
0.0168245034278582
0.01807426119890997
0.01819587810926557
0.017411624898500733
0.01648520775078608
0.016683281575829774
0.01620916328827056
0.018508909026343345
0.01742889137038791
0.019932609469937582
0.01625955766337321
0.019073286392778308
0.016809587793581233
0.01951454428583325
0.016109138722546545
0.0193114458216755
0.015538853166905472
0.0187507274102429
0.01504909305505156
0.01771867634785644
0.014993879876071477
0.017144878198975227
0.01480955869147783
0.016412808870809814
0.01617366496597186
0.019484925015151193
0.01603852366109156
0.017414670241577397
0.017111130735819186
0.019054602196471447
0.016442245198882
0.017616575293076163
0.016214557424895578
0.01745735663595947
0.016848180345106
0.018337099996080006
0.015440493765148687
0.019751100566534792
0.016125403066844072
0.019517422269578668
0.01410402681945228
0.0196665113104136
0.015586650677645692
0.01760438121746677
0.015126057324848343
0.017775725146457148
0.015033483665445187
0.01983894373578886
0.015123013498464215
0.017214634581412678
0.017142326529001318
0.016346070933952527
0.017431542877858995
0.016346559616322823
0.015953020733129663
0.01746552889800994
0.01611432552521846
0.018666948962265985
0.015156573677122505
0.017680016083416163
0.017378573486769067
0.01871376189094664
0.017813418144016366
0.018581542830726296
0.015921060785451673
0.01839631832978106
0.015560575404209862
0.018621646673520398
0.01387433782839654
0.0168093717693884
0.01483400693586853
0.015476626120922939
0.016165495526330863
0.01619729019627059
0.01602684960037872
0.018800080010164415
0.016003921247856066
0.01868047052063722
0.016543706487151935
0.018236339346940824
0.01733615083426469
0.015816700931867215
0.01682024397964833
0.01685372984270953
0.015787432090683177
0.018122888720740974
0.01812857791263132
0.01768140380366612
0.015717673316468072
0.017399721550077237
0.015867851273589608
0.01782553381034531
0.01674161135145272
0.017329445722627387
0.015990916828250826
0.01795720810878504
0.016960025761148623
0.01823446649311612
0.015302990427206073
0.016896066201409477
0.01808811213134472
0.015534332590438023
0.017582916277989722
0.016432985733283265
0.015594070247298971
0.01697622141750853
0.016808137804966296
0.017277797210855938
0.016580078954651134
0.017399647919902873
0.016374294816384836
0.017265574209383763
0.017114328121307303
0.017499074298507895
0.014853834600785687
0.016775045123446772
0.01758024085094202
0.017899763021934263
0.014653666755165164
0.016506944213931438
0.014291509346226366
0.016126212643504296
0.014948812940366102
0.015782491676492604
0.01614682689223984
0.019273431192854434
0.017563091274908602
0.018420882786021227
0.016872083450672187
0.015607432645806286
0.016078169818208386
0.014816416914058906
0.016169937342524223
0.015798038162698286
0.015837327194029114
0.01702682653423738
0.016548622443335714
0.016361518872761126
0.016947153621490445
0.01723983852264187
0.016612024550650976
0.016362812158387686
0.016814350455170785
0.016672983892388363
0.015658052901207444
0.017806147977642007
0.016536052557262957
0.017812488205359946
0.015273137298212208
0.016238513840263362
0.017714338779942156
0.016063783764141384
0.015982189577321282
0.016636733258733907
0.016424846792879977
0.016490021393256084
0.017465070359010775
0.017175968346616968
0.01688778118958413
0.016743975018801746
0.017438683883693823
0.01669129116047714
0.01652196016961672
0.01630580913857933
0.015297370503501205
0.016737454522068134
0.0167785963556225
0.017282999646129966
0.014878395974092226
0.016628698987725028
0.014068964038395713
0.015869802727056573
0.0166864855014425
0.016626434995335417
0.016145699135587548
0.018684132619027658
0.01680640696360295
0.01715432246626328
0.01671839616821004
0.015615506797122284
0.01732089430216325
0.015858610412940788
0.01625873213890527
0.015669100442535028
0.01416481034031308
0.016904063101145513
0.01775696271145355
0.016525793968713048
0.016696668198460527
0.017919678627756747
0.01660502149472414
0.017084807483520977
0.01763923633126021
0.01676600610216453
0.016059887391768318
0.017802542714961466
0.017356591052958708
0.016695698403976052
0.01586354214268997
0.016749362752764507
0.017204080870432525
0.01752420781151815
0.01622683594596353
0.01712255585002134
0.015601173065389167
0.01636140471133988
0.017090062694340297
0.015953295778048344
0.016614702758504137
0.017377073605728287
0.01693932492701761
0.01769774690865782
0.016638686145647428
0.016982326948792523
0.015338439685647347
0.018583922516218106
0.017632573126216893
0.017726535302067838
0.016131831902344088
0.017609538597498392
0.015425402175768207
0.018462071100971682
0.016533297456278184
0.017131559756200874
0.0162533063352124
0.018950162100926676
0.017854338025400113
0.01667102024905971
0.01731658490338879
0.015880187348310888
0.01734695293201571
0.01607196644270778
0.015043296077710891
0.016771196522107783
0.016467596707079077
0.017518800052860366
0.016828827811753103
0.017396005616986954
0.017273085697033286
0.01836216628188776
0.016808840459543468
0.017737470974116834
0.01621460141981062
0.018141867754660937
0.015820953370647973
0.018877691891989214
0.016417277169790405
0.015986628650280124
0.0165219209749971
0.016364766213894925
0.018045281309139825
0.017322530415963367
0.015924826956440808
0.017982426134423465
0.016901406902586305
0.01730303800570798
0.01701153242620322
0.015595889868414384
0.016941827044387257
0.017206011433128377
0.01691209283588742
0.015412063154651623
0.0143778053391841
0.018692617722758865
0.016087883467659485
0.01857212000389988
0.01616631404160029
0.015648273606277494
0.01545841740321957
0.0169391361585848
0.015777380957310117
0.01697547521976624
0.01632386035054843
0.01789369121639761
0.01754095939111829
0.018455422487400695
0.01694470093118426
0.016150538630316992
0.016663771978927246
0.016210436521437083
0.015860659889901776
0.01553242565300176
0.015276238626977358
0.01615414560646499
0.01596017671950414
0.016965692610077465
0.017338648394761833
0.017000638618797685
0.017107833580884472
0.01951578277262809
0.015796712042580527
0.016764467852667567
0.016766527025483154
0.017698641529776578
0.01604239181397756
0.017526678650811152
0.016299463857159746
0.014279930579170015
0.015549926344852149
0.016175597404072976
0.01694463708336465
0.017378696147007017
0.014746076361640673
0.017568962507636714
0.01807050647929633
0.01616811569950678
0.016686920962053365
0.015727899883502382
0.016723689264018744
0.017341974296103582
0.014614398842032559
0.016835538525852213
0.015303705123456801
0.01813972207342597
0.016196901860369487
0.01796536714289821
0.017199592865745152
0.015450438346213718
0.01459926393915893
0.017222114164495362
0.016966477629550013
0.018065239014752266
0.016399724318914878
0.016364001916329002
0.01672190418530723
0.017533688162726345
0.01702637625778235
0.01540973524945186
0.015241309189636858
0.016003960424891103
0.016481334313811945
0.016715268947275087
0.015464517221469928
0.015454777140651294
0.01673368189323159
0.016906178181527586
0.01705617794716776
0.018081224243213064
0.015592978190528333
0.018920015925473432
0.014964365116593213
0.017413271280217666
0.01610368847803978
0.017099888145006483
0.015759731126687045
0.016970081504441962
0.015299850282414854
0.014028119093777129
0.015259785718114476
0.01509823253050648
0.015039692520573467
0.017447234676804015
0.014736598751488729
0.01560638892359882
0.017082589078110957
0.016935634402599088
0.016627702843521556
0.014729974148923403
0.0157404884454109
0.01622393426341365
0.015695398918451616
0.016997535496584747
0.014513459219419392
0.01646488679219543
0.016579974782787
0.01741007211053065
0.015944951345669624
0.01605491637551938
0.01477553934465446
0.01592285052115999
0.01749841010339612
0.017009179205320794
0.015249271623145126
0.017368205609156934
0.015725027804781397
0.016656212911868223
0.016040039682811584
0.01499875380517789
0.015397147965243189
0.016482793993899507
0.014881090497022501
0.015165208234146105
0.015377882979864373
0.01506609055792266
0.016808393409354406
0.01733165114463812
0.0172230733272027
0.016155777645593523
0.014533581774177433
0.01840835079967793
0.0150811654842532
0.017509911497345404
0.015708953227495187
0.017281299765333977
0.014734229785249891
0.015954114575247553
0.013836815292979683
0.014169519544213685
0.014339567964508197
0.015832430853892892
0.0144432641173307
0.01666507658233627
0.013535026553066518
0.01653892480134222
0.016047233748836074
0.015985161079693087
0.016405936814897302
0.015061600475828048
0.015051524074812556
0.01668573149181748
0.014466959566733606
0.017603955293802674
0.0164953229746971
0.01786042106190399
0.015653260092092492
0.016774159558398602
0.015615656301973726
0.015289876641540466
0.013474480294905855
0.016249357961718537
0.015157593381141843
0.017329134808744925
0.015548185048833233
0.017032818904659918
0.014295166248293382
0.014331720620467885
0.01586975022558065
0.01325775517988408
0.014481934130026032
0.01580650312239413
0.01395923038994307
0.015012590908506063
0.015949160137923968
0.015958925360649873
0.01542345007190473
0.01652171510535175
0.017110690279377026
0.017077770266178918
0.014893934536006178
0.017574796058356226
0.014448039967504706
0.01745212149738815
0.01671691042743571
0.01753304538490421
0.013672133429340419
0.015142398379170845
0.013075335571015945
0.01491654776590089
0.01441158739725846
0.015592599885580084
0.014871705611117161
0.016791979478466054
0.01567288117823871
0.016668864710369425
0.014839418233185834
0.016031595393367067
0.015329820921527914
0.015180867673983156
0.015004747675544565
0.016861334359697326
0.01490617621942422
0.01774020700050705
0.016095139038023773
0.017421806021894387
0.015565795800339037
0.015731684901221073
0.014235785303598553
0.016852524747132263
0.014349004142792502
0.01601691847360342
0.014772764226873196
0.017516684228165193
0.015062624643606573
0.01653333994073812
0.01357364820726017
0.01478922696898325
0.014600825918088386
0.013786009010459385
0.014813442375510757
0.016846036935407573
0.013304122190796125
0.01496381884753625
0.015953971538385122
0.017114002953251106
0.01608881180228253
0.016603475375297258
0.015784756573035155
0.016393460047299645
0.01386918085688532
0.017635227329535198
0.014400743409688391
0.017894792707807156
0.01603158143417353
0.016916090721790584
0.01378967550593637
0.014983974653105836
0.011691913435711914
0.01611378096154685
0.014658913104161505
0.016650190461837463
0.014056748106345262
0.015502623711637565
0.015961024561160723
0.017116399300085006
0.014244422318814726
0.015003908555166229
0.01491938023257594
0.01485506861013767
0.01393722585824171
0.01625497914156583
0.013423056057900819
0.015471291123781344
0.01682207336108373
0.017072470563709887
0.015503580222152088
0.015333865354675008
0.014127243185549244
0.01679737973912686
0.015084765249721696
0.016494697664386142
0.014729822992828621
0.017519587554729127
0.016265775063169934
0.01583431459610552
0.01376369577181874
0.013898167955941431
0.015099136088598164
0.015631744745331543
0.01344177175831083
0.01701878289338835
0.012511159555842118
0.014725385090724526
0.016564197122130753
0.01654596296217702
0.015222217160921588
0.016130943607885573
0.016029278547169564
0.016043827781216297
0.014512329652382297
0.016868424029073046
0.013485313852813806
0.018247107957681596
0.015233192702827128
0.016872409758031753
0.013469372444821655
0.014946669259355016
0.012101872320310859
0.017102138213759444
0.015161491134076353
0.01712129838861815
0.013952084458958104
0.016027292931972144
0.01522248658260034
0.016500184528331126
0.014280823420205233
0.014969794333421493
0.014108710110877547
0.01579689066652868
0.014717972765111364
0.016119620400389466
0.01464819738087436
0.01610041166307582
0.015395742314663268
0.01668346604587098
0.015103885046782105
0.01595745223474647
0.014509160891619521
0.017258583668042612
0.014543888608640412
0.017580421077117145
0.014259988169237204
0.01768148561375825
0.014379209569805351
0.014912406231581023
0.01375703228386909
0.014794351478098338
0.014626299586925275
0.015460294402716752
0.0129201232421395
0.01675718722979077
0.013640157129275202
0.015720125492617715
0.014874217096255913
0.016350660156156546
0.015608754737702617
0.016395837991788762
0.015544586427082794
0.014946497523320805
0.013445099077110579
0.017557323057950963
0.015171264429393526
0.017016422239689445
0.01402349100584893
0.015544998613855015
0.013009655906758481
0.015752902230567224
0.013901089063306026
0.017449953680009626
0.014640492192480526
0.01729787972757855
0.01429569631730011
0.015172589788311043
0.015111303390847028
0.014750178997674479
0.014165245343141957
0.014791078875328677
0.014788695455931047
0.014918633674722077
0.01325776931289366
0.01562030794607082
0.015477179404657383
0.0163423660285022
0.015131934355836114
0.015846911237666222
0.01509783016084663
0.01738391318939628
0.01454318191983502
0.016478395077503635
0.014143327051584985
0.01613854876224069
0.014776258428356875
0.016128649552523452
0.013447642655381583
0.014148269166404727
0.01258125773038446
0.01551045623525266
0.01608373448075725
0.015867217801293562
0.012237472240661577
0.017417317343480707
0.01437701409287105
0.015878707412284577
0.014967757154535567
0.015779261666406776
0.014401125922681607
0.016509662680600667
0.01475205105164049
0.015783649503946413
0.013443231392877958
0.017256604363326197
0.014863643626538125
0.016578719728166
0.013815605257405638
0.014057305499791428
0.012212085304193826
0.016734778291588915
0.015039789496616754
0.01664622558858699
0.014150683634539151
0.015882613310359967
0.015237004515882073
0.015345195075704426
0.01505140543230791
0.01435520386995564
0.013249224355088646
0.01578850085816089
0.014229494575537271
0.015299627309316667
0.01319615863381306
0.016237059096446804
0.016087851049338058
0.01701741434886442
0.014649497414000498
0.016478780265096037
0.013265656949676508
0.018238596008512704
0.014492934532417756
0.015947685626506954
0.014048866737899892
0.016666065653547172
0.014431406788057728
0.016054491612854407
0.013151604994787945
0.014227966248033519
0.012689620631127753
0.01573268091362816
0.015443811392594679
0.016513728864081027
0.012598948168825605
0.01633971244151789
0.015325541417970505
0.016621296176067845
0.013897364100166799
0.01540943181066768
0.014700876645188966
0.016070804222524104
0.014638883142491427
0.015396689029030203
0.013016442693774322
0.017001348414074198
0.015282008247953116
0.01566594992450899
0.014365188431223358
0.014750343245832635
0.012299579183588092
0.016163476400114802
0.015396278985723004
0.016356504459892063
0.01345882791177547
0.01576344458142144
0.015084673592040397
0.015611193156045358
0.014624232972939839
0.013881207382373306
0.013799750791074782
0.015914033955079208
0.014500717197371138
0.015145415381242493
0.012716057515665832
0.015836999863488417
0.01614383460962268
0.017743130889107662
0.015143811422329834
0.015512134992133659
0.014105081751805745
0.017342139951014482
0.014452763941691291
0.015332836356431505
0.014070416355531393
0.015575543528628312
0.013862840236280654
0.015494474834895708
0.012884788470323491
0.014782228889154446
0.012810163797445054
0.01657848058655185
0.015102799658455453
0.015860595693313318
0.012661381412204157
0.015751773951292923
0.014478240118448699
0.01566912891854201
0.01462684677956473
0.015368077561879061
0.013863551931492142
0.015339202311957421
0.014150337478499198
0.015128115344168188
0.015121093580985682
0.01629021867140678
0.015282301187304148
0.015820653289181103
0.014129078736329606
0.013901430137960752
0.013975743948847527
0.016400743041815116
0.015681976163108038
0.016140857492789745
0.01569850990248356
0.015350402920047797
0.013788817787744595
0.01548687631064383
0.013734516442376827
0.014556389068136066
0.013858333928456236
0.015048911969346483
0.013085608556754176
0.01390892125148653
0.014157189277434895
0.013929742031442514
0.01486986753833056
0.017093967190017306
0.01518099057910146
0.016820642138844943
0.013326620306796924
0.016673338908357132
0.014220727098311198
0.015673868389470352
0.01567041419483921
0.016524881133506662
0.012624929404060948
0.015456717793218132
0.011855938371245683
0.015802791551291138
0.012784540858606013
0.016243207786367474
0.013263891670590397
0.01669348118326392
0.013686540822015406
0.015258710022215323
0.01310791392929506
0.014714701835452714
0.013644437308827606
0.015868808162205227
0.014103862633533835
0.0148910626525794
0.013327160909586999
0.014444144470130846
0.015281429241503726
0.015897914615896857
0.014350144911013224
0.015220672317372723
0.014271864076992167
0.014755966603119973
0.014502448904439589
0.015183299393424972
0.014998959988107607
0.015061962642122518
0.01573121865893496
0.015732797982076205
0.012935468882120904
0.015879376928634163
0.013455852178137283
0.014522943537216476
0.014476439401566574
0.01533333212001978
0.013599325965261923
0.013686251113800311
0.014038838070162365
0.015119775075068015
0.01534342436565937
0.01729291343830627
0.014747517850303152
0.01610249987305009
0.013675049614183525
0.01671314380894257
0.013758014436695314
0.015478189391692005
0.016456810504628938
0.015370043264621209
0.012363072109089563
0.014268336976257321
0.012039861751775191
0.01495632902808882
0.014240933776796746
0.01684891763686493
0.014090056989820115
0.015232239252086157
0.01528313599296491
0.01616360661406623
0.013092311238651039
0.015093895802878404
0.014161014647992236
0.015141170430842368
0.013937785870454925
0.014901944163477631
0.014075159197783908
0.014378566475582557
0.015942418700653743
0.016537513803157322
0.014712397547660502
0.01579336262236222
0.014090810788027082
0.014754734198579854
0.014813004193361847
0.015343778348670772
0.013442547488177949
0.015325937802739505
0.016699927539426684
0.015358219290137025
0.012852696901889352
0.015894713911490842
0.013191252744767953
0.014718722659075882
0.014671062548871763
0.015469435168148889
0.013355431857985432
0.014373659103538541
0.015944267273137344
0.015073952866250316
0.01440738780568218
0.016287597464113002
0.014559662629056702
0.01539990492928078
0.013800848324642755
0.015116732495520122
0.013707531222970826
0.015537912470569683
0.015148263992350986
0.015001918486215408
0.012570998594374945
0.014256895524484055
0.012795372748517303
0.01689561400663252
0.015329050889955906
0.016194509718612526
0.013778183024588159
0.01526215648407093
0.015510328083468158
0.01555642728289558
0.013188324737385994
0.014589482372625383
0.0132006833820218
0.01394248410767432
0.014525700337678216
0.01468996281672489
0.013540226935650084
0.014440967250109722
0.014990629125344775
0.016729391235583885
0.014194446574865134
0.014927615762041692
0.013865682117251994
0.01487531788680005
0.01408236626892983
0.01584305440125087
0.014666779815889566
0.0144491599672082
0.015023977961229892
0.01549872933696475
0.012400707466828479
0.01395516077697189
0.013522141073291586
0.014560043240915263
0.014572035318286117
0.015778858578667797
0.013898289254370743
0.01430159674856555
0.014718294555743932
0.014823492519515691
0.015109560776751848
0.015868142630682865
0.014026880537924542
0.014420378945462631
0.013566045229173894
0.016233074730711807
0.014130723223944973
0.015179762141245159
0.013804096614905594
0.014592341114249252
0.012989707476450667
0.013500363835500255
0.013099346617683433
0.015191688061636134
0.01474327727775796
0.016693438940884243
0.015011012410083336
0.014459316592053014
0.014443710763775371
0.014017320428079419
0.013030071170353692
0.014340169728891152
0.014317385354957647
0.014016645364893152
0.01324392472016547
0.013910661703279868
0.014886158290101837
0.013697623190631697
0.014699496197920445
0.01615235945650391
0.014433137228918954
0.015395716998002533
0.013755989933590364
0.014321740543592783
0.014123474409749225
0.014998318452669017
0.0151999595172167
0.014316687415004905
0.013652426869766638
0.01505832670990457
0.01312423246539051
0.014975143706708612
0.01406645712435938
0.014960711205020634
0.013217720605645224
0.017035750380577225
0.014283242895094491
0.014180230231919649
0.014060626789094977
0.014484310722274593
0.01407098027546142
0.01585139384796216
0.013715739103563468
0.014532992287177839
0.01389749621191166
0.014867107950276045
0.014848211301463847
0.015254706760073695
0.013593674942440084
0.013895055439203247
0.012353915270304966
0.014576643808989638
0.01465785036669908
0.016427466317699615
0.014958989066065922
0.015477641229114991
0.016068585388735013
0.015381981389548702
0.014197694556427175
0.013759951584729367
0.013634323511090566
0.014718584022501176
0.014196799899582458
0.014368016512569689
0.013941028257185887
0.013568358498037236
0.015804610673998094
0.01532866770833925
0.013876841440783558
0.0167689972065343
0.013583123773567272
0.016319474717255835
0.01319414862483282
0.014346499744762774
0.013772055284126516
0.014922158923273341
0.015006613497286228
0.01490638026032398
0.013170613232796533
0.014198243248695125
0.011837486008205469
0.014799152031880626
0.01491761207189077
0.015811469932461724
0.013195266598500599
0.015740228303990397
0.01562376600183046
0.014401468223430159
0.013552054693575151
0.014545614373571724
0.01398786945080696
0.015846475606623965
0.01399016376570261
0.015118913687983288
0.012833218533484814
0.014947999383515223
0.014678899606537144
0.01554916652402617
0.013697550941718107
0.013547503342816675
0.012927150320538719
0.01515253093813985
0.01533772822134072
0.015563824841416149
0.013669784046399904
0.016003278408619297
0.015668824012379057
0.015998927702765616
0.013683533911325102
0.013050925587136634
0.013179269205091378
0.015053965523217024
0.01517652854388123
0.014145497082451287
0.01313917732649169
0.013646369826392708
0.01565481951329191
0.015451669775462131
0.014893630169568909
0.015558968155526256
0.014008601087430765
0.016217229516490145
0.01357980874519911
0.014735621558963902
0.013834998222569563
0.01390840993531147
0.0140161639585602
0.015306003851793695
0.012412925904489811
0.014025530219423373
0.01258504477153816
0.01606234837705506
0.015500448626065077
0.01611394062238268
0.012805034914263796
0.015426902569572081
0.014449548564699865
0.014610994006965566
0.014329727678715045
0.014428016527049285
0.013782159912688791
0.015109118846824494
0.01372493093320406
0.01526235390638718
0.013125212301037855
0.01482232588573145
0.013936340038180249
0.015247022093266654
0.014535688668179647
0.012544875333337327
0.013373579568448708
0.014491064502618244
0.015495129987987846
0.016130404747156237
0.014976807958886187
0.014764426501814244
0.014306699842458487
0.015173193845149138
0.013655987905039546
0.012866704975925894
0.014022176854116518
0.014364930157552462
0.013499539808173571
0.013979115666146387
0.013651171844757929
0.013445765191904106
0.015316661653083897
0.016291265449575213
0.015061633805334724
0.015826022038900628
0.01275303023894445
0.015114844233741268
0.013148711555015156
0.014911355693927219
0.013993219389187697
0.014993094359772976
0.012956577459314665
0.015190297376450305
0.012404085427146428
0.013501970660165851
0.01301415526182495
0.01501800546635185
0.014511563536064163
0.016773997180054394
0.013646633217402573
0.014100784271463248
0.01384954412688168
0.014425632746755119
0.013533090290937487
0.014572513076461594
0.014043872606090413
0.014431240057396742
0.013670603624894447
0.014180926834783975
0.014033640383987201
0.014443990838863963
0.014618584804094108
0.015240547889914871
0.0145666135269796
0.013471879248767239
0.01406357981054797
0.01416660920888916
0.015003444024702132
0.014850109493266038
0.014911524250723068
0.014889749676311976
0.012610560100929952
0.014654847538415982
0.013856366731593147
0.013357693334878986
0.0141173397283732
0.014596491058313649
0.013844968959304045
0.014024365694270685
0.014098760622170983
0.014013046582232222
0.01497687474972989
0.01652618651043039
0.015047357206863333
0.01536489604060845
0.013278322174773122
0.014844643468282548
0.01189282419805737
0.013969613912530581
0.015986378563531925
0.014549810226268141
0.012337027847644027
0.014087429094485817
0.0117354119350288
0.014479564684331307
0.014471894438953635
0.015890931518285672
0.01415320877616034
0.014834407494333412
0.014631383585192987
0.014082315094840238
0.012726046821575156
0.01427752059824241
0.014544904754864767
0.014800173612888186
0.01343364485086193
0.015062244512241401
0.012511780638164327
0.013838338398456817
0.015719130844801296
0.015062883366447446
0.015338287194281484
0.014550485195847042
0.014046597756846142
0.013483192728539905
0.01500684683414263
0.01496441702769341
0.013115926971694924
0.015157086355041784
0.01668333074470959
0.014072201303168783
0.011929759528157035
0.014362472793812893
0.013530170226841024
0.013926263026304411
0.014517927348900686
0.015338701619818512
0.013088913679500056
0.012863072516226651
0.015646742270301814
0.013994712927224024
0.01450210995526889
0.01565831880713835
0.014393233440160316
0.014631395469346012
0.0134321942208874
0.013550617827626144
0.011810809046312666
0.014816371502419124
0.01573347838151371
0.014413334793861166
0.012646933281164568
0.013408657321010207
0.012057071428410155
0.01582884105156896
0.015226867909073913
0.015713767909641962
0.013356215122262772
0.01577327389654738
0.014935353329887184
0.014385427780380306
0.01254827071481887
0.014113976138466256
0.013251456444229384
0.01428059893620193
0.014742271629187691
0.015452553116722105
0.01332901959429053
0.013378490275930062
0.015769880672058947
0.01527488714985628
0.014571025876520883
0.01431707242565375
0.013904135184566617
0.014355520906074839
0.01479266332900958
0.01555360565612123
0.013902044615621337
0.01464821921245929
0.014677540966779914
0.01443624953790772
0.011729150403039509
0.013747451045520793
0.013429451001180995
0.014667930698994473
0.014147348580491855
0.01590932748960322
0.013215875588772819
0.013816801451918397
0.015160283468459849
0.014840568183932612
0.015050611512636182
0.015166143037483969
0.01344071119428114
0.014488611420367394
0.013813498462843027
0.015138898152908472
0.01244890202405521
0.014278749182806244
0.014685259174602807
0.014416923632771616
0.013279321868760133
0.013450755111384072
0.012863426809483844
0.014810781465042468
0.014961187161605657
0.016598677124346376
0.014317674973330361
0.014181301060756763
0.013815473675990191
0.014369355922735775
0.012828225379930891
0.013300249567435458
0.013559758337037634
0.014498056777848461
0.01336021270436819
0.015065182125787757
0.0136397264411591
0.01231146566946713
0.015153729336143193
0.01565199521792265
0.01499829098438271
0.014576432023948984
0.013566747320080366
0.01365283791334229
0.014450016357402048
0.01455145650938423
0.014211593418893692
0.014272681484097709
0.013266381610218298
0.014181518271513089
0.012898337171900537
0.014510719396990258
0.013396287677814107
0.014554736376199638
0.013467397323089424
0.017272590308376794
0.01366775868973221
0.013550325186439805
0.014731156797523542
0.014315624667857699
0.014527236436185547
0.014845525489168754
0.013364827241237765
0.013881872955493616
0.01312017660860552
0.013932511662871867
0.013800186454381955
0.013550574988729861
0.013445769875968667
0.014049807515705585
0.01310470633062438
0.013302271985624834
0.014002201763493304
0.015181781808014199
0.0149253829090597
0.015377727653013549
0.014920766964364347
0.014760958722896749
0.013161504092765232
0.012594812291510002
0.013488729534086802
0.01460701077989893
0.013534719494837396
0.014066699155030248
0.013843135254745561
0.014279269637432906
0.015300036853489893
0.01306800670624287
0.014450067517057673
0.015376397327912072
0.013915142641582189
0.014289127807508222
0.013401137096988303
0.013047760892618427
0.013417634160531652
0.0143617672288264
0.015390298946942433
0.013968661974815912
0.01165031372243414
0.013603690499703029
0.012169589073678842
0.013411174562484392
0.013781804694747359
0.014771313022236216
0.013017372185572331
0.014881754851292514
0.0148183397511391
0.014001870325385694
0.013160965309150249
0.013572067090621757
0.014593630307191892
0.015188067373155307
0.013542652775656387
0.01276753493860955
0.012936421293438265
0.014424938512512291
0.01469305911817546
0.013380842321591629
0.01344988066632479
0.013357693130001794
0.013091056729899997
0.014397332451572943
0.014830928785826467
0.014686076529370807
0.01361644026055752
0.015635656005344244
0.015304167418022535
0.015042834616212544
0.012382750980540176
0.012867306653197881
0.013148798819182328
0.014061783384954061
0.01484853085699507
0.014585902440333367
0.012921880356064631
0.013903036526451253
0.01592211814776278
0.01363056935433007
0.014774673453098519
0.014849010996184839
0.014050804832065424
0.014200733438446255
0.013694996305947888
0.013333813433840613
0.01387164485626847
0.013353162721361202
0.014583906739435774
0.014748652198059976
0.011280335171057889
0.012849142565916974
0.012221509388942316
0.015403254561648387
0.014565660165963756
0.014491171276078848
0.013115391197314776
0.015305006310667706
0.014378077215448393
0.014222445195631773
0.013931066398501401
0.014578943814475874
0.013556836440919082
0.015149712214728855
0.013770633552676194
0.013642093806744924
0.012755184545591857
0.013710811998090967
0.014918738340662444
0.013772117944065241
0.013707502183081071
0.01234098671498534
0.012846054744276615
0.014521257904223338
0.015650625521991257
0.015786032811820623
0.014554450833135706
0.014431648952365522
0.013739365033187663
0.014844569283693635
0.012558966407787206
0.01209440659949168
0.01331672202905426
0.014542924866403526
0.013207207585600822
0.01444872618343962
0.013378388820509129
0.01338844953677579
0.015486896433466695
0.01554451142415593
0.01536471010122385
0.015028950699678354
0.012857832385458087
0.014146752271098307
0.0132306962955542
0.013868536791671804
0.013681751479989342
0.014538627689259249
0.012949571980791883
0.014511829641608975
0.011497423901006922
0.012648632971544211
0.011532378890930674
0.014149077725058514
0.014193931358682273
0.01596659355149857
0.012985212897786223
0.014021680185168715
0.013816913127494956
0.014065489419064572
0.013006123933550228
0.014399524005250153
0.014134967384801978
0.013814912490452051
0.013502863331289517
0.013974872129813945
0.013882817504132944
0.012749898960895624
0.014555499209639897
0.01470540678002791
0.014482537081072229
0.012510461342144572
0.01328959355785447
0.014518627353860072
0.014714297208721852
0.01488374361132901
0.014684012758603327
0.01418227847562828
0.01228096327882954
0.014044938667916045
0.013396245102705633
0.012041127010460879
0.013297879502389065
0.013650089182071567
0.01398633483766848
0.014162649189829119
0.013460340126025955
0.01255314079077841
0.014875465916864599
0.015757883846308735
0.01495876293939827
0.014195597838580822
0.013221973885560734
0.013248380136296731
0.012449903119940854
0.013570112385322521
0.015420308971847636
0.01421170495570742
0.011874765324312005
0.014538534364037922
0.011547981805264887
0.013045725082996442
0.013037695086722631
0.015139595517945014
0.014033857336311066
0.013777701784464384
0.014271434634436286
0.013380676764450974
0.012335353940496922
0.01318042994682182
0.013930422718244712
0.014620569379822378
0.01303816347888213
0.014602450478753729
0.012897409993147901
0.01315554964574099
0.014922900163745732
0.013235118649987025
0.014622545983799706
0.014463717754612436
0.013963044431583846
0.013018214570923834
0.013620170991215036
0.014286758378257209
0.013215084720644109
0.014596058049134154
0.01606786407114933
0.013061691734170367
0.011620797844085035
0.013702343427692007
0.012609752740996608
0.012811203957932343
0.013999592831295721
0.014391184030019639
0.013393888178757836
0.012457512965226037
0.014873952178364411
0.012352819735372184
0.014258706022168296
0.015556123928148648
0.014545119825672075
0.014367191167672337
0.013342719417311475
0.013085073082766595
0.011643985636768089
0.013497254506631494
0.0149652633637928
0.014344136681632622
0.012077468029415383
0.013824017215065869
0.012136565054269913
0.014398395000173739
0.013876152658355165
0.01427593043383031
0.013032769261617779
0.014613738839328257
0.014251899373456943
0.0139240245105508
0.012856489381412347
0.013121196862383812
0.012840040418494236
0.014253378931397371
0.015064477401149348
0.01377992417555709
0.013144307302789097
0.01316313196508122
0.014940079035460423
0.013258627994552278
0.014336567707048052
0.013390766056061985
0.013985817412848335
0.012739998996421371
0.014020829791566653
0.01465440266860715
0.013783471417968247
0.013601969173214847
0.015122417842031988
0.01394524038142406
0.011746061846894683
0.012634962338936125
0.013337025227971713
0.013287743272085978
0.013800204170024906
0.014385462724017466
0.013420089543301914
0.01328405191654496
0.014559932024834053
0.013647969324477517
0.014925486340704636
0.015167843706321233
0.013287552762379452
0.014125498749309049
0.013757916392148878
0.012974137791179332
0.012018648501712918
0.01286664356895707
0.014670778280349408
0.014399365661839221
0.012769506867068141
0.01291469494912206
0.011956472602651067
0.013431720623188429
0.014879092458033543
0.015164254774148298
0.014285198958257419
0.013388804434079726
0.014234247430095564
0.013421946485870284
0.012390423873449352
0.01275174039343651
0.013654476119840837
0.013407772087553258
0.013664567391057801
0.01420592472720261
0.012637755844707691
0.011769177633675788
0.015118043359372963
0.014838453091971493
0.014724694527830637
0.01399801562175667
0.013152800749365147
0.012891083010238261
0.0143466463397748
0.013930101973538932
0.013848612853511886
0.014037923229746362
0.013672853946404155
0.01352262002996733
0.012680171202374167
0.013678234228059624
0.012562229639627987
0.013456342835383085
0.013631070710183152
0.016226177187134767
0.013272507068072618
0.012678583635897266
0.01477393452414076
0.01366893402993469
0.014464243912988934
0.014853255755805757
0.013179075931856615
0.013309235547116606
0.012882428868464977
0.01306259294884204
0.013123676824092217
0.012618435030363586
0.013583660410173025
0.014193035022920953
0.013196150458386628
0.0134336187951589
0.013092356746990273
0.01478738138602835
0.014814158263957058
0.014439563107932507
0.014726880608087576
0.01415573566102971
0.01261547238957764
0.01285011221169612
0.013692502755026089
0.014012554642662413
0.012967664839682508
0.013288573188536532
0.014142728736350413
0.013515116262906916
0.014431858274907904
0.012634546682943764
0.014430999328240405
0.015200954039044298
0.013936001227344097
0.014063928086407027
0.013397965960443124
0.012423851838519401
0.013123543447998922
0.015022068681985475
0.014744702363362613
0.01352597741070261
0.012070160076918433
0.013550470607086192
0.01174166188780987
0.013419313355478574
0.01357669873612711
0.014159035604828793
0.013117012027476992
0.014610109717999137
0.014282125852797733
0.013341034102997862
0.013136457021356846
0.013412585372216065
0.015005192688090814
0.015207694614348123
0.013300247063319743
0.01289142013640741
0.012571177887583886
0.014031032744200499
0.014181731503227957
0.012543878941211131
0.012982952480710932
0.013927689761953835
0.012738874960718667
0.01449824963758207
0.013649010758989803
0.014285064707256514
0.013761029840113827
0.015856611203579906
0.015589776397759908
0.01430659118541867
0.01237431646795646
0.012441199046289342
0.012890092901030128
0.013501393161839485
0.01443938827220788
0.013120148462533789
0.012575501965170748
0.013051274261382445
0.016209514341028835
0.012532067791617453
0.014494558717569725
0.014798839293942935
0.014293325449601922
0.013578055080002996
0.013737170452718042
0.012512033726396326
0.013298820240381924
0.014068231097797175
0.014458036368063818
0.014946440314190046
0.011344754824551377
0.013278154884934952
0.012218134904369711
0.014847822191787804
0.014013005935804297
0.014307810377294844
0.013098814008518618
0.015046770183590014
0.014469399695933494
0.012713823547014058
0.013770124797316947
0.013422881635882964
0.013427278946587257
0.014781263984359192
0.013672906267716408
0.013352666791033136
0.01240827281689445
0.013009253984248355
0.014665220986708992
0.012671296613968677
0.013397053880519197
0.012760889020936873
0.012616464020266935
0.01439238973150096
0.014941522980441822
0.015950394338711166
0.014338170545029555
0.014156570839076918
0.014486075493553015
0.014539543455439508
0.0123019463458675
0.012188914340490692
0.013604906383833394
0.014058921532146607
0.013966091584143496
0.013789088483493283
0.013623638132484005
0.012679154892328015
0.015632420975791966
0.01458058276333562
0.015082207306607752
0.014757415634807964
0.012635481304933159
0.013827506185788818
0.013648880742499135
0.013277196569491716
0.01334898582315321
0.014700468352465508
0.013123942399066899
0.014948443481142912
0.011431535903983603
0.013340255306419925
0.011459891496195479
0.014275259744570728
0.01421676327070962
0.014787233287316593
0.013328367167241532
0.013278323896281731
0.014138731041463033
0.013488482960176386
0.013130438769882982
0.013523994811832859
0.014105098262223665
0.01334843251187177
0.01366505565467394
0.01345805919883598
0.01307955144045545
0.012238353776730855
0.014294136446258866
0.013875672453185692
0.014310273785399086
0.012997128366872042
0.01304771399558415
0.014761282651143244
0.01490153183391698
0.014785269463534211
0.014443152809425538
0.01442201261357291
0.01271799361601947
0.013538018904913095
0.013091056707869725
0.01243171585284255
0.013153528814717043
0.013568341133095728
0.014273490416814872
0.01437508660154747
0.013504781000297127
0.01241729445702745
0.015102226714887293
0.014897062563967754
0.014497634853909468
0.014115297173880095
0.01333698108315656
0.012703586000088515
0.012581672441088187
0.013258289462166527
0.014884881192772112
0.013266182127229069
0.011856574815541292
0.014815870253575248
0.011571477794341303
0.013523178340159276
0.012757144630028174
0.01549091912985433
0.014127144697909039
0.013033201327101715
0.013841484906581684
0.013858661881025585
0.013090140474385791
0.012952852850777217
0.014171074220880915
0.014358628782782936
0.013148358066947764
0.014505809189443452
0.0131065136875069
0.013384564788818762
0.014390799421751404
0.012577168453596783
0.014642848623951876
0.013925002971642345
0.013750514831528424
0.01339760218086562
0.012759186886279344
0.013806116657570863
0.013253202700384449
0.014686586080322982
0.01573435359382117
0.013673109168199048
0.012002526697383798
0.01380872197491647
0.012391958621063064
0.012696024369073114
0.013451540886473894
0.014194217576309839
0.013183027428187066
0.01222867436959306
0.014810816609759464
0.012133115860169364
0.014984146839631118
0.01568109773064796
0.014601746814237471
0.014575815641028217
0.013056796037977604
0.012371731441842363
0.011765065922327594
0.01335941368517069
0.01520411645264247
0.014262799152778801
0.01198484453570877
0.014414920814272711
0.011356972783165782
0.014300264546865879
0.012969619723349422
0.014806827129826254
0.012916126884774164
0.014353499984112403
0.014035675387342258
0.01363108064252516
0.013167434296858
0.012472372535826372
0.013176893425105743
0.014340012547968121
0.014995432800375139
0.013689634965095518
0.013217875891628197
0.013135679921820836
0.015280449702073314
0.012751416177836204
0.014579544083949274
0.01340646512154218
0.013443245950438621
0.012927507294241832
0.01347739273640915
0.01447437254033078
0.013325788401221247
0.013678878162559428
0.015147385788236776
0.01374280357602251
0.011359759278434177
0.012881623691344548
0.012944661683216532
0.01332997238901564
0.013756477111421448
0.014024441586626498
0.013064458594773802
0.012891712376834646
0.01474720539163979
0.013297381189565902
0.015227730279921125
0.015122245032354565
0.012980296051320664
0.014457597959411615
0.013815795825838577
0.012874405685107575
0.01178918980008832
0.013263777501818407
0.015181681302414244
0.014038956640286227
0.012119542471122421
0.013291285650448272
0.01118859616663716
0.013807502528042982
0.014105429956427261
0.015427985756418103
0.01380909687787184
0.013108914120949586
0.014774296416718563
0.013708602978118392
0.012425160413458015
0.01214509361369212
0.013895422027706772
0.01384193898054231
0.014019587290348608
0.01462829142241598
0.012504683840413824
0.011955398361743577
0.015176538398230268
0.014444441020354467
0.01485631420536636
0.01367739282165712
0.012438350049999165
0.013087647403200344
0.014226532618247042
0.014425071277008426
0.013123470990146466
0.014172381517902618
0.014165521297409335
0.01373928799264608
0.011761779711147545
0.013965467204713275
0.012323164040144701
0.013623781020247522
0.013735097532709298
0.01594231070603211
0.013063685398362498
0.012122938161285363
0.01492664225145811
0.012876814533469227
0.014051804581943203
0.01457581570570765
0.013005285102020646
0.013291402810878872
0.012923917442190899
0.012960807763389688
0.012609232335765072
0.012319846684256158
0.013936658574245054
0.014271551406547211
0.012639898274136812
0.013428201694438327
0.012121522635495948
0.014217572259900587
0.014252968925247859
0.014770770191391426
0.014500518374398648
0.013465896865646266
0.012948516950237306
0.01319155699720225
0.013625347421277623
0.013302126957384178
0.0126942995807919
0.012936369188378146
0.014258045766954478
0.013845520705201486
0.014024400575806532
0.01235151970858056
0.014598982116658138
0.015114939306892955
0.013651875757327023
0.013566574081908768
0.012916175036143741
0.01247673187116139
0.013214323801788457
0.015593246101042258
0.014426783741903282
0.013292270249797924
0.012152558098883383
0.01396152581433105
0.011334667228549675
0.012910755757413917
0.013171213340988192
0.01334994761545441
0.0133879827466127
0.014842479803156049
0.014022221437376137
0.012902016121051548
0.013606005716513731
0.01327707965353392
0.014264943824885214
0.014994322826199027
0.012744833270201249
0.012476588473651962
0.01285020819294932
0.013931998328829253
0.014029575104781627
0.01286534642658982
0.013179543518539656
0.014193405598720236
0.012125998995236507
0.014127301261621057
0.013236352878935159
0.014198426187540776
0.013643305917000808
0.015996773333225123
0.015577377876926249
0.013574306466298263
0.01247502638492228
0.012468198863420423
0.012968865550825567
0.013361884464516196
0.014111638755565285
0.013210057569003997
0.013031538879048586
0.013673347027547312
0.01598756715758756
0.011889899795009106
0.014149700474561272
0.014886266124326596
0.014478284671958825
0.013593104636763732
0.01354649091343035
0.012314898932761822
0.01329701126577299
0.013993085440896308
0.014709254634754908
0.014472442706470603
0.011294292794750173
0.013478985792500463
0.011691894987463211
0.014238043187274488
0.013662738697799891
0.013869431487658795
0.012794197204207457
0.015610889290350071
0.01470052148127027
0.012525492472562879
0.013960693361355987
0.013037140967443753
0.013151133574977648
0.014983560976583064
0.01303582270955428
0.012893447692667292
0.012610271767840261
0.013269532916610736
0.014714682040797981
0.012318852584154532
0.012960766425355269
0.012832474027636443
0.011729733095684572
0.01403920545183295
0.014317191974805566
0.015320218130868474
0.014094627557760517
0.014243011711161326
0.014944715676647432
0.014041719803435628
0.012255766763046884
0.011824113062928241
0.01371030497049903
0.014176586751761986
0.01370103142708227
0.013547835411297992
0.013323741045556843
0.012320433144973204
0.01605047979840295
0.014032277567451915
0.014729964629873096
0.014062181450727481
0.012523319743724433
0.013706713646319589
0.013722978761486076
0.012263698414030917
0.012793035139283294
0.014397477873777128
0.014142918162536352
0.014364864297821323
0.011349205341495607
0.013610012868184928
0.011106036312695198
0.013948854857291844
0.01414794692171086
0.014579200888653427
0.013065674600379492
0.013551657032200333
0.014906658823744817
0.013442339950062774
0.012753013027706778
0.013507395448550267
0.0137845715126382
0.013335781072068295
0.013518693873743005
0.01329149095921087
0.013167782439347188
0.011968441728445531
0.014996297515284713
0.013446357919767752
0.013958117268761686
0.012644755825647313
0.01201346454536681
0.013942928275603927
0.014847062121377756
0.014221992994536338
0.0140224124932093
0.01424894884051023
0.01353476675033587
0.01432299069375055
0.01296316106388809
0.011793071271944584
0.012932665644679906
0.013564310265517845
0.014121045758767338
0.014235351355945251
0.013145631421541692
0.011882707237641857
0.015732329478021168
0.01416918294365892
0.014632556473764574
0.013801055204407619
0.013277333368265486
0.012644841290216733
0.013027503403697509
0.0125687732402462
0.014256926646229804
0.012919147670019322
0.012491471115227758
0.014088628047331844
0.011286245924395312
0.01293403117375602
0.012378690713502524
0.014543482456606962
0.014057807462671684
0.014597908934612908
0.013607278916366285
0.014153538367431306
0.01334832186409629
0.0130358446365596
0.013740415455131084
0.01437919850945761
0.013027119831816094
0.014017337642666416
0.013468750004664343
0.013110169635738288
0.014255851355541447
0.012263737665667483
0.015039821202584817
0.013423300508659745
0.013998660730621948
0.013271544119623252
0.012690173978663686
0.013876681421717184
0.013790383408671355
0.015093321333212823
0.015558237514980191
0.012965025987755098
0.012356934917296596
0.013927822937962188
0.012415179941014307
0.011817645668478106
0.013401294555266903
0.014093947852495839
0.01301340000104743
0.012983280508280546
0.014303167773855095
0.011723523698560416
0.015122647519609882
0.015245630833582033
0.014628630916935129
0.014609262196685003
0.012662255892277003
0.012341192237377894
0.012297238641396369
0.012751414964241254
0.015018729618787446
0.013864191246250771
0.012325091566207017
0.014257584216589545
0.011898206317943787
0.013480621292102942
0.012387172302033145
0.014187224851386985
0.013029549790251947
0.014881906319196486
0.014002596967809288
0.013794318169811949
0.013280265852477222
0.012984926092228517
0.013417251176412447
0.014428987637016753
0.014191598658303776
0.013426271980450044
0.013461836335205778
0.013230432587596874
0.015544086517701353
0.012219125412005157
0.014721885613691804
0.012646223502103955
0.013291263668373458
0.012856275037398127
0.01372171000386133
0.014366144190784693
0.01384583012620461
0.013852890439447195
0.015557420551720932
0.01319083501266608
0.01145332584360058
0.013086869447954208
0.012958659007562495
0.01253203261727224
0.0136503659043964
0.014197555978544718
0.01294837276993352
0.013190592012373999
0.014574861207996226
0.0130185251661629
0.015126753386728328
0.014903668080914596
0.013345759915480909
0.014675478353891323
0.013587189426415444
0.012633824286970801
0.01174998846056022
0.012373950299063274
0.015329219325699374
0.01364711222928045
0.012496484552125387
0.013361449685864684
0.011100246475717127
0.013811374532740013
0.014300915729325285
0.014810846337939597
0.013550627987601621
0.013358391726341751
0.0149390689279781
0.013521614357948072
0.012414294088453
0.012184115947469612
0.013853242426974966
0.014240446358689578
0.014007717765522464
0.014586952107118158
0.012531609629112197
0.01153133749766741
0.015110885695152775
0.01380052863947941
0.014887218190975842
0.012851682458845786
0.012468996403456764
0.013130281531329077
0.014417680010710221
0.014478494314501955
0.013381927904771817
0.014211808897466082
0.014956445880511251
0.013331906079254914
0.012188699784790381
0.01328216268378612
0.01181972558075537
0.013539044584169718
0.013918015093767245
0.015509992452742472
0.01282344361416292
0.011946331284069344
0.015258368865227039
0.012795252366447204
0.014108894669102773
0.01487742947195964
0.013090608174682225
0.013519119751253184
0.013310530526444512
0.012345872481854335
0.012323598123003071
0.01192540948224584
0.014632360304012744
0.0137680299865697
0.012688070641385435
0.013364667169822495
0.011834214054473992
0.013994152945887904
0.014679988497416674
0.014800677407035303
0.014209917073460391
0.013490256397223191
0.013387708336653457
0.013478123167233234
0.013579905770430145
0.013116680274402968
0.012527607442656921
0.013263541967818034
0.014712390930517386
0.01440306417066585
0.013743918419381452
0.012514635968089261
0.014913569584816287
0.014208743719351368
0.014111978152571352
0.012901475253485206
0.012820302385526835
0.012429624475508638
0.013508090390378832
0.01510709786945328
0.014305336444240339
0.0132067356544243
0.013524711727467213
0.013602201071931688
0.011777891271433267
0.012868909219310292
0.01305457982103858
0.013380457966289548
0.01334529331579604
0.015193674330834114
0.013350076117256277
0.012639222407877638
0.013979343295408687
0.013604896311502981
0.014157207667867702
0.01524083072355068
0.012551789390229995
0.01313013373034229
0.01311163835009119
0.0132097299791628
0.013637033201305845
0.01231566099424163
0.013567998335760544
0.013591749475537353
0.012608094638714634
0.01370711348976708
0.012526770497384654
0.013598048625967682
0.014041566262438764
0.015510514778381928
0.015267666985437061
0.013399347065101302
0.012804090569774383
0.012633091508680446
0.012704818031010617
0.013102337548586107
0.013216888866947246
0.013468256730280098
0.013141703900850779
0.014529214144000973
0.015577306092528555
0.01178143807723958
0.014304654050057666
0.014154174584556785
0.014483572780703297
0.013357634784548024
0.013357142547119524
0.012082388990368599
0.013327853641356645
0.013425269210492023
0.014935055483757639
0.013883528477874116
0.01183861009816237
0.013663425054528262
0.012184770224191982
0.014471777650877806
0.013168641516737042
0.013701973089128653
0.01277554605583735
0.01566733108684311
0.014374054824441743
0.012867803581591548
0.014014083146608437
0.013641458685851435
0.013311846623277985
0.015850781297219885
0.01294878172174651
0.013167149393411095
0.012673124252141434
0.01299461135986762
0.014944263809321113
0.012535111049764328
0.013356333327726145
0.013271986664834328
0.011769442017916808
0.014175966832909288
0.013975105810408311
0.014562424660298954
0.014230271417618016
0.01471508020280611
0.015507511355033783
0.014001088371941325
0.012252471421628695
0.012984640910183164
0.013396984318430455
0.014620713980844816
0.013579097256101203
0.013732145200128216
0.01326309155000324
0.012809458497876541
0.016013892073952766
0.014223874173567104
0.014650082627533038
0.014545610799125051
0.01269241936341747
0.01393784708946037
0.013486989961236043
0.012176139600301509
0.012675718755711676
0.013662875936598567
0.014961519905799806
0.014531214751220677
0.012063568847973782
0.013697763474274887
0.011379085133535867
0.01390270362976512
0.014149230456681407
0.014676218297359598
0.012943024874886362
0.013912081064908802
0.014886059381767621
0.013659846176147565
0.013038635382982408
0.014676399113291088
0.013710339519294469
0.0140892567533671
0.013266587885215538
0.013437311684794366
0.013078988038721337
0.012178053542206973
0.015292981946448599
0.013704393316643804
0.014062021219332341
0.012848629921813877
0.01196434055412083
0.014208710372813897
0.014834699715814638
0.014441098628955262
0.014085814781364982
0.014694314854915102
0.014302745706151086
0.014576152883344056
0.013032231361119478
0.01326172062447207
0.012340475855526866
0.013914750695331431
0.013931725642626399
0.014450168642816669
0.012798025004925669
0.012575174203116836
0.015852702632948627
0.01451293159886853
0.014489716225604531
0.014426491504748451
0.013275797589607636
0.012778769365499347
0.013004609800810382
0.013146105047585453
0.013899360592580703
0.012544136736330458
0.013109041067803301
0.014388162536923252
0.011256695208702832
0.01360804666932057
0.01241690195935659
0.014930620857995165
0.01410296209601744
0.014880287769560662
0.013098047296136586
0.014212266366509548
0.013279404109588756
0.013950782012084707
0.01390869758675555
0.015170224406339358
0.012784562110591523
0.01467223813839371
0.013545523674158871
0.013239064941714705
0.013824839479167541
0.01246476682354603
0.014991856630981813
0.013793875293791018
0.014169154571543458
0.013531663262199766
0.012023993277101044
0.013720244894628383
0.01410134677795927
0.01507678332009538
0.015772975370695604
0.01327230163604089
0.013089128471089196
0.01503117474640918
0.012382089338721735
0.013535541579120467
0.012925614128457639
0.014368288938551375
0.012821652047945742
0.013865887170950561
0.013644037077453309
0.012210543367266537
0.01482333029236329
0.015947771103904305
0.014381122897911694
0.014816720496738685
0.012587147366985641
0.012475507853302143
0.012578966414110639
0.012389725465164458
0.014601757956782141
0.013525972596632116
0.012361464042046442
0.014585105322797135
0.012120332667325377
0.013704305722457809
0.012156861247681333
0.014183794293542568
0.013398989590182979
0.015312474155510337
0.013415455479651084
0.013898595886011505
0.01344239803357575
0.01393504138293666
0.013249456763488715
0.01565811760629658
0.014232991977325356
0.014036745410373258
0.013501656475763499
0.013685067324625648
0.015426597330306959
0.012304972265560266
0.014491064107804793
0.01351492094222205
0.013765886334243074
0.01309745924135352
0.013143800135192034
0.013702571463964053
0.013626214300010145
0.013311970929784167
0.01540128401500242
0.013374845917169607
0.011581465292608187
0.013851051132624503
0.013069235476114025
0.01355539849808639
0.013241607246541538
0.014062527139709685
0.012914249878553129
0.013639067595618469
0.014134645037332944
0.013181643345886281
0.0149014822906
0.015454764721695663
0.013049175744657188
0.015463231925887192
0.013501019071976584
0.012502319260638951
0.011771586123787325
0.01227181437498543
0.015431561808608824
0.013030300965922859
0.012431888454010897
0.013815512011602452
0.011092331959842987
0.013666166837065116
0.013792070477432576
0.014838676089431483
0.013420298409782361
0.013840447707484422
0.014693634932420794
0.013402641776096635
0.012100288412314746
0.013109294775732893
0.013739214795014224
0.015330782298314256
0.01392395428692998
0.014868614137236493
0.01245435373414819
0.012291419853337041
0.015373916261409078
0.014235269864140363
0.01495083884523382
0.013513656837462263
0.012781021668374085
0.013312773017720466
0.014165872594392436
0.013512048097186107
0.01312358088605937
0.01366280837365976
0.015675996108311697
0.013299869778782702
0.012084926504003193
0.013849245396877891
0.012103286311157086
0.01415299053585721
0.013996248870563088
0.015448516636482003
0.01272592195813619
0.012741859385258935
0.015293355907009296
0.012997399344099733
0.01443660249711582
0.015387755585000003
0.013155012783010862
0.014461498738215856
0.013041366032119363
0.012685586760002504
0.01226071972940894
0.01190645371593965
0.015031621853873455
0.013631402243997408
0.012684585768559398
0.013318129177962249
0.011856872163753156
0.013774744469729268
0.014197664365042603
0.015231427847669418
0.013995488799070418
0.014062193753059131
0.01378359651749308
0.013694463107959076
0.013123166529732822
0.013841389147773487
0.012419166391352189
0.013908517562952043
0.014891099731888607
0.014180926896564866
0.013571642519426514
0.012918381327518451
0.014928557581687731
0.014274253120742852
0.014193917823880185
0.01374640998799573
0.01306451193654065
0.012565783893866336
0.014033397077295466
0.014802739459551236
0.014108485531026985
0.012766172756558943
0.013976942911601124
0.01377421460973651
0.011577714084927
0.013513306263304652
0.013064431697337302
0.013769762948448398
0.013096737776071895
0.015478195970000538
0.01291618806169632
0.012684117555782188
0.014370537001821462
0.014004583360986082
0.014548562108263434
0.015549242524005398
0.012574902524053572
0.013638300791743475
0.013087848049452436
0.013118596994511006
0.013383199676699108
0.012483850357305117
0.013640910352755196
0.013540790440839258
0.012871316136391295
0.013214707969160501
0.012338827520386883
0.013083311093000408
0.014061032151509126
0.015563159333842226
0.01492502995968702
0.013498347883457659
0.013463876243419012
0.013231149753135987
0.012491462543783687
0.01406965796247813
0.01329376287640864
0.013615074289760727
0.013230410974278288
0.01477362012248689
0.014332293377426178
0.012067461867378294
0.014077055515848329
0.014941955650709706
0.014746536226298085
0.014048721102430982
0.013354785353224468
0.012334055323502614
0.013286118600830205
0.013258312863528597
0.014567353635293052
0.013281672922916026
0.012310886041198866
0.013805953483696776
0.012364754059416968
0.014691476724035413
0.012980180679474056
0.0139677301677608
0.013006698377544512
0.016134507479694995
0.01364435352970365
0.012897504427078859
0.014199955093969192
0.013454268774630039
0.01362273419690097
0.015890632991321145
0.012641846785441843
0.01303705070683774
0.01256748315734012
0.013518045797968678
0.014421566220211235
0.012381443025025703
0.01321586367979223
0.012909208064897612
0.011792712621338545
0.013499337393379262
0.013710114868939952
0.013913840785798005
0.01375531417992786
0.01498734991530026
0.015194157583414592
0.01350927516018829
0.012415913299361475
0.013067323361290331
0.013353791699880786
0.01488586432084622
0.013136070970862007
0.013566601524946138
0.013260501043482477
0.013619810316285707
0.015563650380839861
0.013897913412970557
0.014281430667449597
0.014651789670946056
0.01290070078179968
0.014585947574562302
0.013669979785559535
0.012316827807576907
0.012774925111863187
0.013348845144179814
0.014937310627073081
0.013180427679718996
0.012104872360396006
0.013849477771591904
0.01129774757666122
0.01418110618345919
0.014122924815648722
0.01438980317762431
0.012830748738361769
0.01438866660828224
0.014702953012531345
0.013423605974656186
0.012970167666654963
0.014238588297840426
0.013793296364546705
0.014702680291025342
0.01284977543817928
0.013513184479300697
0.012847587217730577
0.01312178983138633
0.014836482862834427
0.013622405876611962
0.013640445282727131
0.01290893555105861
0.011837451070940908
0.014005995509563546
0.014709465667362875
0.014149004718388475
0.013798865462031913
0.01502390120261735
0.014769816835307276
0.01417196422108756
0.01304144877231597
0.01309770836540685
0.01215167677367398
0.013943284298566774
0.014171924945098013
0.014266599111809412
0.012778507511395646
0.013082602299785147
0.015342077404003385
0.014354693716568936
0.014584583119381992
0.014429617873165919
0.013731714417574868
0.013776596969351502
0.013478080112107748
0.012976081550076691
0.013456439445727506
0.012134630831582977
0.013402923801953811
0.014056914278125544
0.01098353904775269
0.013143384834545723
0.01204821217025143
0.01500006253718197
0.013502797923207854
0.015074245570071709
0.012874510755399441
0.014287974595486324
0.01357591455162526
0.013850024914557084
0.013901164929184364
0.014614623523148575
0.012705467115369561
0.01446743090532962
0.013236785311786117
0.012956338009392582
0.013295081451028241
0.013153985643679554
0.0147130810041871
0.013187235879437374
0.013913854693275633
0.013041280755248484
0.012193500837604407
0.013615765296084747
0.0147616203615656
0.015047485273488098
0.014828171027448994
0.013472168497507899
0.01338862529391828
0.014777719064888228
0.01222448473860978
0.013510431897783328
0.012198261802232824
0.014289284503802591
0.012866208686706578
0.013903334671487317
0.013314001668542127
0.012420322142281337
0.014937404193574005
0.01585509766844173
0.01473343235964052
0.014579967611427037
0.01275428951295014
0.013005751573613188
0.013103864946053461
0.012742953245504183
0.014302310907691563
0.01324758462314446
0.012447992973540305
0.014098608319000495
0.011977813828828614
0.01357073481492132
0.012034982768804027
0.014257682069063804
0.0133504594911508
0.015520325273091964
0.012665637737911106
0.01356683379559592
0.01357255403749799
0.01358580255425892
0.013048901212696916
0.014970040896129898
0.013869831660915254
0.014030039829580036
0.013331948666623317
0.01349877685086409
0.014557851553856648
0.012123973074700976
0.0140773494806181
0.013662371529385514
0.014120039363393004
0.01301513535678175
0.012893549113689439
0.013670458777685685
0.01375109662932991
0.01333439735539542
0.015284624508064113
0.01334221777102769
0.011765757067142807
0.014096244725081539
0.012914455554741208
0.013490286050971807
0.012219202860334349
0.014194469761976972
0.013024825718274591
0.013875008649930251
0.013644854443399699
0.012750739736634943
0.014923915625597226
0.014788231057993591
0.013488802988819035
0.014912435217506176
0.013426638608274576
0.012443286624914859
0.011937653693789008
0.012502976635317551
0.015302969982965398
0.012697360709492397
0.012652933819025184
0.01352610761436696
0.011216177929296857
0.013835423570887706
0.0133032847868996
0.014698312987388084
0.013078826053642375
0.013924729247244284
0.014102951291243768
0.013333162948508448
0.011975377368872168
0.013229853911710821
0.013702494310075376
