8.528790998897863
6.033560282301982
2.1154356764552498
2.264936297104538
1.6388286299198214
0.5532117633731161
0.6744556738197969
0.32618207489979056
0.3128704735245666
0.14201245538211058
0.1641847219570388
0.09990171932714334
0.10725723254792517
0.07825096646159939
0.10552755670908613
0.05703326345998803
0.06286125064622229
0.039858891817102365
0.03254343911206787
0.05495392838752734
0.028427280162310685
0.03196052284665457
0.017503765444509947
0.020221742519126
0.025917178352259727
0.018583041960753735
0.01799101135438539
0.012770504087317206
0.026941041244068594
0.009299650563554328
0.029304509659561936
0.010756747616528563
0.03566874321260851
0.002075224178467884
0.04722026976473253
0.0006670006574346741
0.050351461444748696
0.0006352937059746135
0.05103219537114143
0.0005369223522100229
0.05779454487536629
0.0005011507857256072
0.04598026895170277
0.000462944946571893
0.05089647337953674
0.0004610458306517995
0.04106635579945975
0.0004501324845713537
0.042118629988143405
0.00045064111800764494
0.037889806750348226
0.0004477083181298161
0.03970280008046429
0.0004538688150545982
0.03531698385198655
0.00045286270240562813
0.03607645825199771
0.000456113295478423
0.0351043779869412
0.00045761676447209055
0.03310729574306939
0.00047370717318019807
0.03307662396033714
0.0004037512474340758
0.02938130965220184
0.0004260767498595689
0.030389686557030917
0.00042865551286768724
0.025162974104854526
0.0004570613474452547
0.02737303437344905
0.0004591061245641995
0.021036109515752504
0.00046019589622321917
0.024685382975091052
0.0004345694750010264
0.017804651262148388
0.00041128494874583964
0.015889488466853056
0.0003652519303586585
0.016809886589214937
0.0003517398723576426
0.007444303231746504
0.000352302046886699
0.014553798279725642
0.0003909035726553551
0.004146478601315954
0.00039616230791625617
0.0007811856943292671
0.0004807386430381781
0.0008457950794917372
0.0004939475020154206
0.0038568152258326343
0.0005895899501664034
0.00466736510578729
0.0005512823147749112
0.010108813152271398
0.00057895257339101
0.010285244284000416
0.0005457117705737688
0.006153056400953359
0.0005556860972481518
0.00795260063402854
0.0005188541843206394
0.008873133542810654
0.0005222870452139435
0.011117082478422621
0.00048431438574017137
0.01296904917094303
0.00047951141806348434
0.0221666268930773
0.00044030520742667625
0.02447431598157379
0.0004353214064923911
0.039765588983358954
0.00040363778774263966
0.04274108037636978
0.00039749257759570504
0.05597216665833136
0.0003731108184436291
0.04075973416642089
0.00036778676199674055
0.03748495607688176
0.00035217533319985934
0.026719922991286844
0.0003492182982100405
0.02585394610236917
0.0003450781327115261
0.021720496228365867
0.00034606768602105315
0.023694816732752314
0.00035292253091910076
0.025056727384977804
0.00035905162456884867
0.0317470354785417
0.00037152535335867104
0.0363689559031349
0.00038228630660511594
0.043930175108584255
0.00040570449219008584
0.051244602036069314
0.0003707606243131531
0.033478871363300175
0.00044842437333057457
0.036830490371872665
0.0004160832066072651
0.022685304003012878
0.00044694874022728205
0.02335091019704091
0.00045652431741364136
0.013030048118531144
0.00036874164823937224
0.01231969051947664
0.0003379419502165653
0.005685048098209294
0.00026539287756991695
0.004801826288345767
0.00025588362018747087
0.0017138413661712624
0.0002603784177105502
0.001421275966066533
0.00027250851659284665
0.0018424789091719272
0.0003546585597080658
0.0022864062845364985
0.00038775154521234433
0.006345047298569015
0.0005326578225345167
0.00702479130706527
0.0005109525331346503
0.01303203925535535
0.0005161748823390426
0.010314103099818086
0.0004883933729028562
0.012571154619475772
0.0004866151739100435
0.007919985562450192
0.0004548040778251253
0.009121363776086251
0.00043319650029741467
0.011890677506807706
0.0004137605968221337
0.014503280921838987
0.0003889123206475394
0.024130356741129948
0.0003568047238894016
0.02850128990157174
0.00034519936388077417
0.03163420213762576
0.0003168933389976231
0.023648314901496437
0.00027962199585274946
0.02421439284817517
0.00025742206153877656
0.022361037363122168
0.0002475192810822767
0.023580066503219255
0.00023303871662022535
0.023323595668183122
0.000231170952265412
0.022126640982919017
0.00022529072697157154
0.02075140061193657
0.00022904618228701854
0.02395033538675452
0.00023182119134657785
0.026686141280556384
0.00024101189907141298
0.031102254351325288
0.0002516958564925841
0.020820745622370577
0.0002655083164926077
0.02354858212035442
0.00028269155022867974
0.025878634142169035
0.0002998915626451829
0.030041788946877365
0.00032173624034295727
0.04531605119824207
0.00034106164390879974
0.03741993782174004
0.0003010189024003261
0.036323380384098845
0.0003186822012157468
0.022906579181072872
0.00022448279514507334
0.024264753808519085
0.0001971188168374772
0.02021123651802876
0.0001419700823461914
0.02520568904002943
0.0001375302356159752
0.025073927778744978
0.00015153636390120357
0.038421265372510734
0.00018515145487574622
0.03114163620995346
0.00025952371379313745
0.04347716683931238
0.00033760996900826024
0.03656282868596443
0.000460978167618462
0.02240050990214079
0.0005777549458880743
0.01745131426085805
0.0007164077790856642
0.012506132892695601
0.0008362231746148884
0.012139732387760985
0.0009075738853860364
0.012227235740757403
0.001095855249711552
0.013247034025768179
0.0012011154951073286
0.021303103621995233
0.001492493558668513
0.024270377904883702
0.0016184837309801926
0.039316936888392884
0.0017678125895273639
0.027883482778862153
0.001823772550842927
0.0291056723468588
0.0019403501128656376
0.02302210911478321
0.0019377783673859455
0.024138781031782075
0.002008211874891056
0.023616764133023636
0.0019481910634730321
0.025564847811047637
0.001962586910043249
0.030220005339906108
0.001853314768117088
0.03270806058770932
0.001808794015074619
0.04265115882462581
0.0016639207178259987
0.044249775120801846
0.0015656691081475489
0.02750424188492841
0.00141144603226628
0.028606124667084357
0.0012352306764674959
0.022755112106845145
0.001069583364783231
0.02622353840309598
0.0009097186350814116
0.03351109613293399
0.0007584764999296918
0.03615180073585063
0.0005888382225357039
0.05207447352209051
0.0004632851842743171
0.03239802642769816
0.0003323446745708427
0.03363461071072363
0.0002476041279382219
0.027818327424265703
0.00016357937661047996
0.031884797300219855
0.00012432818146665327
0.03209705413037152
0.00010102737754878559
0.040241770863528536
0.00011093991498231931
0.04024087374877396
0.0001532062558290902
0.061626635106158505
0.00021266799178522539
0.05453290139844721
0.0003147864455874446
0.051098752410826294
0.0004208895032001009
0.054015882811913295
0.0005707914328304338
0.048160172253254516
0.0007172318323153066
0.045201229426874864
0.0008938816251803109
0.0383186915423531
0.0010711084444767875
0.028883441165400273
0.0012512106378487083
0.020186892219961554
0.001446311263988827
0.016430214721995982
0.0016072534016093847
0.020344619600873554
0.001804965267675246
0.022052019652524218
0.0019283062703811082
0.0359223316943038
0.0021123351150152602
0.02567682025093098
0.0021864211751894394
0.02748963603983188
0.002341446367257199
0.02307651199999372
0.0023627999840563347
0.027182890546503084
0.002476885578298913
0.0303781881599152
0.0024502881700780945
0.040205934399769466
0.0007750640937625269
0.04983341060325819
0.00022802907571388257
0.05449723120756718
0.0007472919395604381
0.05649388439096082
0.002228310878373249
0.05303514438095823
0.0023829490195002314
0.034646165142834175
0.002303655666438616
0.034022680969902845
0.0022706310416694252
0.03522903802517142
0.0022186112887945895
0.03257857719005232
0.002205558250861422
0.039522130364480476
0.0022044145332153226
0.041403150985455994
0.0022403924410388867
0.04390202667844782
0.002316694090852311
0.02797901410084393
0.0024416347245868747
0.03292277201539663
0.002421665501793819
0.029733308762281894
0.002574295265603371
0.03836115783570902
0.003207565057995659
0.05041845191986772
0.003646158913338774
0.049869630094165285
0.004164708827999088
0.036665863369442483
0.004840010585001087
0.04376423247173683
0.005613876685813374
0.03904494757030063
0.006596734066026186
0.024961938787949743
0.00771452736727952
0.02890853037194873
0.007898154993634915
0.030997966698665703
0.0071574528752023124
0.04495765040007993
0.0063193240912927115
0.025272877471392386
0.0066658008333720575
0.02013695516782018
0.008805323544198074
0.016217253427666164
0.01064555778810714
0.016221813324072184
0.015992535057476113
0.022949168849946133
0.018956382311503296
0.02767209922239907
0.028260083900157443
0.033010858033009176
0.027338474987284225
0.024762643705157104
0.03480792188260632
0.025368514481552022
0.0315076516045552
0.023519513293512692
0.030330521519858027
0.02855029229277189
0.03376953224049437
0.03666272884404507
0.020521445691833402
0.048278779825860894
0.02713252031106787
0.05574854948343722
0.01661241718092191
0.053843882512390834
0.024952867155394423
0.04946522472669188
0.0187645816591062
0.04479422265947724
0.0239273417064802
0.03183344641921964
0.019032325545310043
0.03302813038395944
0.012108525429683999
0.03504416688958149
0.013412403184678278
0.03529592143532792
0.01495589213643895
0.04532778800283752
0.025764038030938793
0.038048197024257754
0.034477386601454905
0.03812037498217451
0.04367481311722795
0.026348884438927047
0.04361034413600886
0.03216583393313897
0.04936349747129001
0.034534547353991786
0.06387570714380494
0.035695024476334804
0.062384120790882285
0.02840058875199226
0.09196624507855806
0.01410022777100772
0.0824449544041354
0.006022749996429143
0.09140611033683471
0.004776580672678226
0.07573885515327633
0.009699401444138018
0.06898527079039175
0.021309103806795956
0.06488102879343878
0.031380095622157225
0.04864067718933984
0.04054047415734415
0.040752168874711815
0.04080191965976006
0.02645819107700617
0.02496057586297768
0.01927877914554604
0.01806219286813015
0.01235445871523375
0.0177735965368349
0.008600461725643837
0.020592831798163267
0.003340732958369246
0.03454736056523412
0.0015577578750365984
0.03627283248301136
0.004032243876727542
0.0319518849937567
0.010788109386208573
0.02346115230748353
0.02157382134697153
0.02454804590298202
0.02697965911387182
0.025695530760988617
0.026548728712923766
0.03319536579883414
0.03266286350150329
0.04483521978558877
0.018592110349915546
0.0576900581808397
0.025615778964144083
0.05697612129001774
0.01665222449746959
0.05535899393677515
0.025855588186354663
0.04090041082706598
0.020701977966899272
0.03818410922467291
0.019900700003862626
0.0318829393708447
0.015249696343048992
0.03474706693659381
0.011144487359011102
0.03598750823168237
0.015466128832937735
0.03712264094782639
0.01950843626502288
0.052699220184205
0.03340774939412541
0.03214700864188035
0.03693904975744847
0.03457765549059545
0.04503383068241361
0.02695541821433796
0.04889471747464984
0.033817511650588654
0.0527233174016464
0.04001741205726399
0.07265452138463803
0.03554855838833032
0.06489022827931223
0.018418458312819054
0.08539370904805789
0.008083767856099593
0.06585962965865336
0.004312347529335156
0.07718273096816394
0.007653762119111382
0.07210225292491922
0.016389024306033208
0.06287248721529291
0.02476429984553845
0.06049398443417164
0.03807613808586829
0.04078897936875767
0.03430238712047364
0.03275565078394555
0.027139670297375986
0.020911854818314892
0.017846208900258766
0.0146565183988654
0.017064656748891155
0.009934523370426149
0.02047660489938961
0.005074690308867235
0.026460858169467187
0.0016782511798750022
0.045132641885141565
0.0026625187771056723
0.029618861784421205
0.007884079251806276
0.027769694099287087
0.017258547376554908
0.02300158607130886
0.024942075430183078
0.02545005022942302
0.031137893620117
0.029861394708776027
0.023338795264780606
0.03961385643748229
0.029636022658956932
0.054780626555268046
0.017293828397163754
0.05499324573389667
0.024865646654737797
0.05634705431174573
0.017319843589158345
0.05362076001725584
0.027539572409891792
0.0350390837724291
0.023208731879631232
0.034240024619428315
0.015215342100554112
0.03479228178179612
0.013332834282075965
0.035645663875638015
0.011980797059335373
0.03922307372083641
0.019385562866121184
0.041491600372932556
0.025765143388386067
0.04455524695713692
0.040497207308648156
0.0283617134111892
0.03935039788672833
0.033108345202230764
0.04663672081973869
0.029710676284011996
0.05542437041384828
0.03784908478612815
0.05690336690835518
0.03879269628537192
0.08204902930452611
0.023861713766808627
0.06457941138911795
0.011026536711268707
0.08519674945687124
0.004913738473245436
0.06734518696456446
0.005368580950062007
0.07523959433685903
0.013407446980517006
0.068480313261644
0.02377123389016705
0.05742876207546264
0.03026785113618807
0.05050263888546361
0.046386047945532013
0.03354855429321664
0.025924513161806932
0.025722043846836164
0.020394261713113752
0.016276130655051714
0.01692646180738955
0.011161254415602319
0.017241962092241842
0.00722698423227351
0.02578932329802516
0.002409913481060092
0.03492461149426566
0.0018043514783647235
0.03886427842329148
0.005560054267357634
0.025015769786745173
0.013481735755997192
0.025477562076033775
0.02358485598776144
0.023401556755440783
0.027508283331514515
0.02815446941144401
0.03362912224129414
0.03597581829171003
0.020729911823447144
0.047620492587807726
0.02730884953125315
0.05974087376975405
0.016635194278060574
0.05417094325395248
0.024902147531638694
0.05040212893400886
0.018604826103543394
0.04554885616809429
0.024185433728245914
0.03197112227387675
0.019480676075530237
0.03299970845274436
0.012288090074234304
0.035012607715251165
0.01331111850599791
0.03485626448878086
0.014610299634317616
0.04468376026245046
0.02512454952739595
0.038654844291064146
0.03364616583122633
0.03856329596027416
0.043324894381073446
0.02661413533207116
0.04317361454475215
0.03212702828781302
0.04908269912102008
0.03437456849922676
0.06309041021159148
0.035798530931892045
0.06186802755977308
0.02948403994804849
0.08459255820318799
0.014814513725697802
0.06486922775745284
0.0063185989043402085
0.08072453216015504
0.00463395289208471
0.06935112000882056
0.009170423713638758
0.06954546942462601
0.02045735332004661
0.06487577325987984
0.031011176653003802
0.04941433155205329
0.039462747328289874
0.041445630890682914
0.03792417852481324
0.02705267316289869
0.020434862723769768
0.019826968775520856
0.017407573532220513
0.012650412749565236
0.017649020743003518
0.008912004034255348
0.02016986037791948
0.0036024732690296346
0.03366598900277833
0.001541623413721871
0.03691203142057959
0.0037339665055142355
0.03250724783462665
0.010215867907308102
0.023595657643150632
0.0207384662395848
0.024344926206839177
0.026600755954793144
0.025396111969186397
0.02687692516924485
0.03271213130521324
0.032978133795554046
0.04396778549264351
0.01874237849253973
0.057253277179977885
0.025721506472583568
0.05706105402684277
0.01661619023940245
0.0555438091404983
0.025731393964252537
0.041590720768064145
0.02048894934477539
0.03869053878337439
0.02042768324411017
0.031750817335683225
0.01552313120527368
0.034466001407073704
0.01115366568593127
0.035759972054808305
0.015185672699722465
0.03657095361207276
0.019000883985800316
0.05232459830211428
0.03260991086357839
0.032657252381675175
0.03678419916396498
0.034798048699400355
0.04492332492906398
0.027089831533429302
0.048337256521507305
0.03355459205385726
0.052366418798511005
0.04027344382181254
0.07178044389921776
0.035808211511116066
0.06494788174199045
0.019250579848199067
0.085301212858186
0.008528529003257365
0.06574416386762875
0.004351537248588476
0.07742787020162827
0.007252492679898825
0.07184019067361093
0.01567204705912914
0.06337921932840866
0.02443729252376277
0.06119036671734181
0.03742852410503856
0.04149287123658639
0.035115762549020456
0.03338294956763885
0.027965491301969132
0.02139652602997839
0.01804227102984755
0.015095818077700088
0.017187726730956632
0.01010130684463825
0.020105576829353183
0.005414987082864203
0.025790009501062975
0.0017563985472566674
0.04402541065465383
0.002477610555343191
0.030218463492706463
0.007440045261265581
0.02808339440600101
0.016569523499895142
0.02296012344433736
0.02474900902739663
0.025156404274323096
0.03069310643860278
0.02937848684532058
0.02361341687174613
0.039046555133222964
0.029889464939076116
0.053737765099282415
0.017385796474754075
0.055477127716127235
0.02489965786627233
0.056209756231300506
0.017226662409413587
0.05428039671874262
0.027347337154567213
0.035456929015901674
0.022941921369623447
0.0344773247145004
0.01556347704960528
0.03437507695368816
0.013412951734610977
0.03531652037489052
0.011804508810884514
0.03878034026724024
0.018916116239751014
0.04080651356753502
0.02508291318786066
0.04521431083791598
0.040289420366053416
0.02874405085901864
0.039041900126182236
0.03328325472760578
0.04642942332851879
0.029689367201490433
0.054736611710682684
0.03734754495708303
0.056453182112047806
0.03880026877674218
0.08135113951383728
0.024835684535423553
0.06456280511889999
0.011591505377633773
0.08565742394952307
0.005069922558288309
0.06716187497500146
0.0051304229076824205
0.07534910715883777
0.012722248872979933
0.0684865692786275
0.02282132076326744
0.057867800671335894
0.02956301677461951
0.05122437369214478
0.0465509333472047
0.034178222104475034
0.026614647780557846
0.02629521964538496
0.02085209992748539
0.016650155129004158
0.016900800262695612
0.011503141659063222
0.017088196426424517
0.007641460839280896
0.02515778059766789
0.0025665283529769417
0.03399801310135751
0.0016963407649652697
0.03954536498919703
0.005191508864205724
0.02528716186961949
0.012861714282953416
0.025408455713355708
0.023337686371181464
0.023288006476658615
0.02720392170078078
0.02775435856045912
0.03366995366852602
0.035293015116497295
0.020931432495355055
0.04695719886590334
0.02747895879438277
0.06002852727053391
0.016651290139955578
0.05449916683661195
0.024846046269500176
0.05135131272160541
0.018438674208082827
0.04631392794439884
0.024439477715419107
0.032121072264155434
0.01993091380388718
0.032982154114242095
0.012469685452478063
0.03498544165938797
0.013213092623027915
0.03441693953103437
0.014266981439560374
0.044044515905409025
0.024487290755865622
0.039256433904350005
0.032815290918137195
0.039012958206731334
0.042974417858670254
0.02687592372490606
0.042735077367036474
0.03209755711410915
0.04879669497262093
0.03403617205568592
0.06230111925514572
0.03589283555334199
0.061346733126136074
0.030562706451626558
0.08452877001457192
0.015534389145167844
0.06479766045975166
0.006628059594228186
0.0810791936408887
0.004517136486872261
0.0691213910495292
0.008675318883525934
0.0701037119889936
0.019662886984729545
0.06493233901839285
0.030655070123627733
0.050157833596530144
0.038405395174365184
0.04213177462558211
0.0388073444169693
0.02761227113696905
0.02077598741551422
0.020333084443914077
0.017508036057590194
0.012923878032106038
0.017533892361890246
0.009168042438382776
0.019758105007243367
0.003850776649073887
0.03279513566421883
0.001527789430788697
0.03755171060618795
0.0034563343501337225
0.033006985372150195
0.009683416194841503
0.023704465064535142
0.01996532483518905
0.024138158998990168
0.026250558680385963
0.025100144597090642
0.0271966183984879
0.03222314171779546
0.033285489210715655
0.0431038785031691
0.018884682855790803
0.05651505051173514
0.02582044909076783
0.057151705014095354
0.016572197433055387
0.055719171665547455
0.02560061687548504
0.04229137385371562
0.020270730355340588
0.039199462398049424
0.020947167758013214
0.03162294419881747
0.015790620664344827
0.034186879126858735
0.011156388541892435
0.03552761599561663
0.01490137463706517
0.03600879286382385
0.018485461928295706
0.05148275965212415
0.03180380734170109
0.033154036953776334
0.03661897081575534
0.03501755735500408
0.0447970895566773
0.027212541422318017
0.047767889288019665
0.03329074189127256
0.051994151676556105
0.04016107291495099
0.07089194080966632
0.03568637391517271
0.06498806669768956
0.020082294004499353
0.08518965084545264
0.00897566680768443
0.06561075471211364
0.004393055206447045
0.07766111172792892
0.006855244341486734
0.07155917216398679
0.014917606246800247
0.06387751451082885
0.024121634489823112
0.06154848890134463
0.036783716370517375
0.04218138721407695
0.03592350739423653
0.034013276497447405
0.028800831245827434
0.021866500598535205
0.01823497303215718
0.015519259158596779
0.017312541598605194
0.010256407492176047
0.019734893769892264
0.0057480177307756035
0.025119439988471454
0.0018276530852978624
0.04291641434029889
0.0022857063283678895
0.030825536685739063
0.006988429145165944
0.0283481157181074
0.015871889516647017
0.022913118027749688
0.024542129437995865
0.024849858484220992
0.03023450834387474
0.028891117716183752
0.023870358006275703
0.038464598946513634
0.03012608607131174
0.05269082549488572
0.017460446251108222
0.05594791495066157
0.024917658284961064
0.05610387542255752
0.0171159817334217
0.054942001541137896
0.027131999970446203
0.03590531723101919
0.022662564363958096
0.03474911326812844
0.015937820837707426
0.03399362471434491
0.013520534962614865
0.03501095113069271
0.011654806428194924
0.038366358991022385
0.0184735209883222
0.040143842486901116
0.024425836109848168
0.045903118658550006
0.04010463671042008
0.029147228420444208
0.038755813235490995
0.03328774379961348
0.04623989676609838
0.029690236202862246
0.054069901438188434
0.03687753309008064
0.05602153026804104
0.038837234037381096
0.0804007124419308
0.02584349064153868
0.06456262251885558
0.012190896239748327
0.08613828540557641
0.005262603117389524
0.06699306136192651
0.004927702658405505
0.07547895687451595
0.012073187009503434
0.06850049085119132
0.021904262376418637
0.058323097659352466
0.028902935439851785
0.051960470685820326
0.0467467517099756
0.034824431160645784
0.027347914029082515
0.026884851441779874
0.021354108066577733
0.017045320720300884
0.016904879081969075
0.011862865841760639
0.016968881911566223
0.008081349456236534
0.02455903727646306
0.0027490213593185575
0.03310344815496758
0.0016142759761878637
0.04025318195414363
0.004848505371846311
0.025600433350990714
0.01226634814134319
0.025313531921352796
0.023110055648207315
0.023201662617049253
0.026918119649398862
0.02737369186856224
0.033723426235005065
0.034638908752438975
0.0211483142098988
0.046311381085761695
0.027665474372262553
0.06034400584620122
0.016682927029557478
0.05484824757326346
0.024806854661334206
0.05231137197964748
0.018287716410614812
0.04711195455512126
0.02471397644012584
0.03230627764681943
0.020407152662366982
0.03299864145211506
0.01267711163556465
0.03498596233139276
0.01314186199851895
0.03400043671746326
0.013949269276002181
0.04343327768428445
0.023875579507900306
0.039876602902508176
0.03200808022495279
0.03949318848619628
0.04264698427987144
0.02715848185456553
0.04231827235439718
0.032099684839878545
0.04852759510420534
0.03355721755501003
0.061531188131647804
0.03601645764627165
0.06084207988657383
0.03167293834251786
0.08447842930261028
0.01637347398577851
0.06474023018641642
0.006977605327902262
0.08145245034021552
0.0043361164705192695
0.06890265796107968
0.008199780880732093
0.07067537863459938
0.018600204623110315
0.06499491023044521
0.03031482509588217
0.05091410375509706
0.037572410923985264
0.04283167705693541
0.03966096305023047
0.028188117472803077
0.021062906039988734
0.020854975270264094
0.01763080637417097
0.013216799308567855
0.017544955907339115
0.00944095558463503
0.019393943077304233
0.004124560815623623
0.03222320487725303
0.0015391916009544562
0.03822255596440778
0.0032031401321429907
0.03346397485028794
0.00917402010101686
0.02371294349865321
0.019213501683431358
0.024062909059123064
0.025916344901982746
0.024831486488529557
0.027530622889733184
0.03173208444720537
0.03360776305630652
0.04227704655177438
0.019041804753964837
0.05565924831130472
0.02593536074580813
0.0573127052167726
0.016542937650041133
0.055711424600223124
0.025485892741968698
0.042961996088158136
0.020059762225539877
0.03987057306196407
0.02150834602657838
0.03153010096345961
0.01610133546066943
0.033961559319447755
0.01120181232067861
0.03541254958040899
0.014659437418095745
0.03542162687751536
0.01801088377019261
0.05088206745128907
0.03103802516478027
0.03372236956402785
0.03649204791658655
0.035286822675714286
0.04470315461044786
0.02737221491195694
0.04723519955013407
0.03320975717913825
0.05165438399675094
0.03948307712981629
0.07003744040608428
0.03579851554298525
0.06506023143199752
0.020969761181791263
0.085107233248079
0.009502979391666614
0.06550691623887465
0.0044866188037024175
0.07792897099839144
0.006343432525208354
0.07130427291340119
0.014187828751471624
0.06440623213312906
0.02389662208273466
0.06166371638040066
0.036150920385793046
0.042900081911767196
0.03654740786918023
0.034674379625204296
0.02964809108806028
0.02237008612981787
0.018438300932620402
0.015975217612084692
0.017424298199079973
0.010448157822403603
0.019565257132589123
0.006123044939816093
0.024521498049484426
0.0019406496970374404
0.04217216388106572
0.002134644959298182
0.031498585362245764
0.006576204501107417
0.0285999158076576
0.015211481938819178
0.022920294390774476
0.024366828858133724
0.024646247451373886
0.029805785159227913
0.02844763361076218
0.02415832444195302
0.037799972225842436
0.030394460165844225
0.05171493585530131
0.017566259207129162
0.05613951559966614
0.024967962838409855
0.05613043809683292
0.017035971855754693
0.055858369643200255
0.02695190569828438
0.03633758730244487
0.022410062631314547
0.035129394995964826
0.016336435741327766
0.03365596089559738
0.013653667403767377
0.03470712095255189
0.011529796947687822
0.03808962301499721
0.018055935409252828
0.03942503537165307
0.023792090884011654
0.046544937956775036
0.039870953796732014
0.02959087349392573
0.03849110969340137
0.03336732762354339
0.046064959855828966
0.029507579726057175
0.05342221093796001
0.03662002707844818
0.05560401585653799
0.03889557622136523
0.07946589405224931
0.027025094409156333
0.06457513292984902
0.012831303106404334
0.08616064999072942
0.005459389060347627
0.06683620674448586
0.004753450596167769
0.07562860961291473
0.011223770571553646
0.0685190583505631
0.02098224083837075
0.058792710650786895
0.028368698749787064
0.05270895297000072
0.04604555047404147
0.035485186689040424
0.027957614552517815
0.027488528200343358
0.02186391529349601
0.017457745612716683
0.016963915911139223
0.012238074435642038
0.01688472423817653
0.008545839471101388
0.024200048669880306
0.0029560245152776216
0.03227097692832903
0.001556048411211757
0.04087961421163824
0.0045280377454149515
0.0259643737805385
0.011691757247167965
0.02554242665619576
0.022886804379598263
0.023147087964484586
0.02664538257612693
0.02705500950111583
0.03378798854619115
0.03401525465857023
0.021378945491974253
0.045494651297878476
0.027866639351264485
0.060733083164469605
0.01672823705359718
0.05484890657133388
0.02478252142571309
0.05307995496743067
0.018149758908605006
0.04810114039643958
0.025006403611407668
0.03248825339470921
0.020907518762582088
0.03308794035085593
0.01290852840559874
0.03505045305907179
0.013095614529666563
0.033561943963001904
0.0136553977486968
0.042998620181164286
0.023287634363761155
0.0405699244024486
0.031222748944210364
0.039962432275119614
0.042341071761301696
0.027469549650231476
0.04192159474403372
0.032217810835569585
0.04827310875802779
0.03309737184482999
0.060778615610456437
0.036402319293368506
0.06035129977749566
0.032815144083743364
0.08443902165783848
0.01716569372187352
0.06469668023253025
0.007354950760614754
0.0818463818127936
0.004296152784964596
0.06869865855505208
0.007773081764700098
0.07128015868873247
0.017897645017717206
0.06518637109921538
0.03000858082052316
0.05169099156649288
0.03655489012589715
0.04359651107094596
0.04059815658373541
0.02878027583193488
0.021482335679348145
0.02138362613671627
0.017816214681503392
0.013530780057026763
0.017488789366627643
0.009675831243256005
0.019047244989451557
0.0044224414255473795
0.03142465315144513
0.0015753455022808898
0.03892844865919188
0.0029743761315424353
0.03418527885764829
0.00868841780446774
0.023753679650597374
0.018484415143159426
0.0240167085103742
0.025600691068822855
0.024552951159909978
0.027878116694384714
0.03090304134947329
0.03394408423242756
0.041378873529898295
0.019212888687961758
0.05413607281752486
0.026065336409308495
0.057465282969669344
0.016527493390268863
0.055272080753782656
0.02538625300448684
0.043765701726893584
0.019865364692324843
0.04048431458058146
0.022084101913625347
0.031456509575992456
0.016428181604676902
0.03352924774048889
0.011262837767699995
0.03526539576043094
0.01443375825564689
0.035092465316320064
0.01755113209805695
0.050099319294344045
0.030286626898657906
0.03423340263976258
0.036377842074935815
0.03558013725493805
0.04461531331025085
0.02734881230672672
0.04671331195481353
0.032928914415674415
0.05132052445962899
0.03844173148607942
0.06919062991212006
0.03570006066044273
0.06513550761647569
0.021698867570383838
0.08502641648404727
0.010111887564313448
0.06540721910324018
0.004543275758746149
0.07820860328806112
0.006044598335889973
0.07105425847040388
0.013527415977348047
0.06495463441104031
0.02358131240186292
0.061874119767488196
0.03556056345370298
0.04362749591796507
0.03725300381031369
0.035371218923153494
0.030610852857864086
0.022881222449006453
0.01852298051463204
0.016387134793146754
0.017439839044213583
0.01066109271470648
0.01916416909671964
0.00651236583073197
0.023868067095880654
0.0020690019386508346
0.041085588229595495
0.001999665924461729
0.032209820664034584
0.0061803545509247215
0.02900869141784531
0.014567549448086418
0.022926839873096
0.024203072033624935
0.024341838030303875
0.02939017241696085
0.027964344031178943
0.024450745295891745
0.0367333398659607
0.03066822130184927
0.05063136209205433
0.017677136355647684
0.05622141922833433
0.02502476552334314
0.05610247163002497
0.01696115687594672
0.056271928561275955
0.026778557540080107
0.03686436665441004
0.022162430414623503
0.035403844946973524
0.01675003815805951
0.03329416463236342
0.013803090813294831
0.034785663625717694
0.011420258518526988
0.03773315666325666
0.017654155074992874
0.03890335543599523
0.02317248419140684
0.04727687629318348
0.03896618868568795
0.029995800538417418
0.03823859498955019
0.0334279114082077
0.04589835928548776
0.029114439440567387
0.052784304496661556
0.03607988004483352
0.05519436411098622
0.03875382392891298
0.07853745077212565
0.028117134092023082
0.0645932078240967
0.01345346755114779
0.08604087527317074
0.005733563338977441
0.06668544670352973
0.004601205992188049
0.07579069093300382
0.01063699048095118
0.06883239221078515
0.02015932173459096
0.05928998216914433
0.027748997193702826
0.05361103722645795
0.04507473678992738
0.03615553382606277
0.028720523962886556
0.028119410328448648
0.022447758973462177
0.017879583548405298
0.01696007144019301
0.012539797166437334
0.016843810308909628
0.008906933676683725
0.023594361564187056
0.003175809778363703
0.03133532829765132
0.00151138868995891
0.041695813111781714
0.004221645957227665
0.026347932955558064
0.011131231954377159
0.025764549895981835
0.022089470225325345
0.023102746198713556
0.026382039734328334
0.026663369233802386
0.03366882934486093
0.03337888634726807
0.021611973355572425
0.044541666889976135
0.028071328992913362
0.06111367783984276
0.016776397616576854
0.054791553121414364
0.024762558130601874
0.05391581714525533
0.018014631742833482
0.04898569928818041
0.025307024284865212
0.03273614189371289
0.02142102001717301
0.03310368303627003
0.01315297828416942
0.03510183156067748
0.013063421025411408
0.03325831173289575
0.013374444777605647
0.04242787947874292
0.022712582149298916
0.04122513687240028
0.030448448212963625
0.040486174139961584
0.04204575835631682
0.027735923121584908
0.04153417737228202
0.03217177227627394
0.04802458821967185
0.0324753539346414
0.06003256926134701
0.03644975443108314
0.059865743692267964
0.03391935483715173
0.08436043519454245
0.01800216658669597
0.06465593417207476
0.007729101801659187
0.08224727093801493
0.004289558519641608
0.06849713284744029
0.007366001339826308
0.07190558267093078
0.017217705561155566
0.06549721387292311
0.029707995278237708
0.05247573170959665
0.03557774801977174
0.04441835140672132
0.041561517235661156
0.029377887185537875
0.02189139935319586
0.021911001305757218
0.018039970696737143
0.013854762348492873
0.01744327190177292
0.009864365823227972
0.018710415682118318
0.004734414940613381
0.03053618082257374
0.001625762678033553
0.03888897816713607
0.0027606416831741586
0.03462321147852975
0.00821802576632951
0.02381209059434951
0.017769957491275152
0.024124970368697544
0.025295684639480707
0.024354202506205264
0.0282290339041478
0.03066399541810502
0.034284518576633255
0.040658231910532354
0.019388170375225583
0.053599808783983356
0.026200799963795103
0.05772501946459376
0.01651653829103897
0.055283770928983476
0.02529265746537122
0.04454308254469492
0.019674995068298298
0.0410660401841658
0.02262673250352447
0.03144382192869392
0.016769611594433697
0.033488916017361106
0.011338063016893257
0.03510754003701253
0.01422303336397941
0.034591294386864695
0.017104927739844802
0.04933066264203599
0.02954837361311102
0.03478351556813323
0.03627506456501568
0.035884444096434584
0.04453444772131111
0.02753036060446745
0.04620097934253539
0.03272410472325546
0.05099354948104984
0.037989376402698276
0.06835029345362152
0.03557945775243554
0.0652152786788772
0.022751877763145766
0.08494941523969272
0.010603110894273467
0.06531207488355129
0.0047263945107049385
0.07849782522169382
0.005743159210640471
0.07080830198716587
0.012851180676312366
0.06552209671480806
0.023452775226183192
0.06218207290415242
0.034812508547526155
0.04436282798912053
0.03825386894859598
0.0361051245630011
0.03153657372052426
0.023398610233377404
0.0187755956098021
0.016807675225435192
0.01742189990741628
0.010882330895734314
0.01894742669654434
0.006915426709556188
0.023293933218727626
0.0022116713622270007
0.03999140139708492
0.001879128627854825
0.03291272761458753
0.005798589706349315
0.02928939236329645
0.013936955163409174
0.022957140129810625
0.024047536569658044
0.024334386390970797
0.028983125470693562
0.027590822593674316
0.02474665547196537
0.03639027346264504
0.03094629694962829
0.0497566246852074
0.017791949413193113
0.056529492822615164
0.025086809660608382
0.05618380248845194
0.01689018459056944
0.05723797366855904
0.026610433655178654
0.03739451274206915
0.02191806547268912
0.035789102037951256
0.01717743731219362
0.033016488491079556
0.013967639490385651
0.03452621872782627
0.011325049340769907
0.03737699074275898
0.017267072593436815
0.038283397764375164
0.022565933875714192
0.04802560822877402
0.038073690515716845
0.030311467085555405
0.0379971713114613
0.03353010941717521
0.04573780080465609
0.028906132627536933
0.052155305124481646
0.03567528432504752
0.054790441331335274
0.038854647400806595
0.07761453171327053
0.029205801183602807
0.06461522409338354
0.014129784281512604
0.08592360479671055
0.006016125811171622
0.06653809381769309
0.004478762308347239
0.07596260637558741
0.010077003639285289
0.06914410649404307
0.0193866652452865
0.059792127380437946
0.02719522731588097
0.05451852175840532
0.04399206399918567
0.03683056565086719
0.029552490668729576
0.0287581243886237
0.023055349230230778
0.018308640582200365
0.017022830093743717
0.012850482799044069
0.016806327204251483
0.009020665961235916
0.023067515431390868
0.0034142163402698746
0.03051679631546608
0.0014857438618295872
0.04245828691148782
0.003934103056060934
0.02675807795183529
0.010588891244320027
0.026014373271146547
0.02130931795229038
0.02308654956080457
0.026131217110591704
0.02637606942333441
0.033555184269116245
0.032787261053322574
0.021853299738067093
0.043762401033303464
0.028285332199326635
0.06056985694956089
0.016833124219684498
0.05484680961217094
0.02475254151862937
0.054807729023810786
0.017887814231207635
0.04986739095765303
0.025621049713757404
0.03300471247387043
0.021953359725872163
0.033206663073537764
0.01341619933882597
0.03521749781462409
0.013051047576834321
0.03325444899763441
0.013112210655766706
0.04188653289010061
0.022156259699156543
0.04193235963722811
0.029691032207462376
0.04103451456329054
0.04176682508651287
0.02786088813632818
0.04116185635283672
0.03224351276486298
0.04778643888727106
0.032063904236157376
0.059298920641175215
0.036644115015547075
0.05938986450693806
0.03510104958053632
0.08402596514717484
0.018842795618351702
0.06462333087431266
0.008153506694682197
0.08266127408298865
0.004301119311735695
0.06830290936932011
0.0069865238016487575
0.07253898509246605
0.0165857997480525
0.06581112861234442
0.02914606084097539
0.053267844213057636
0.03467881792739081
0.04525032145055999
0.04253447113292241
0.029985099482454116
0.02237781779445563
0.02245058072778403
0.018293803441485252
0.014190440194732378
0.01731345608234494
0.010065782179449223
0.018416057564787706
0.005064138509011021
0.02977050565410434
0.0016945375756506577
0.038749077083776576
0.002564883045698389
0.035209233051083956
0.007764884017654367
0.023907757802276178
0.017071620875836115
0.024200161049472504
0.025002298327662292
0.02415025215066739
0.028586856106571162
0.03021043544582854
0.034632434149583814
0.03989048977347901
0.019570975586203368
0.052680674509655606
0.02634494225482705
0.05796664487041512
0.01651315926280099
0.05515240404680619
0.025208019425641253
0.045357634472455964
0.019492312136940894
0.04170243213331884
0.02282742837223112
0.03144424177185077
0.017130828594147808
0.03333741571857943
0.011432611137460602
0.03501095746699666
0.014032347376025362
0.03436491983816386
0.0166773846457755
0.048588016313257605
0.02882841776329039
0.03531067870473357
0.03618881832701919
0.0362258153325755
0.04446427904705608
0.027463863266096282
0.04570334758053329
0.0325714447417069
0.05067716679841673
0.037380602837394576
0.06752160780789863
0.035571391884883424
0.0647566666906343
0.02370469617718464
0.0848794141492639
0.01118857718244705
0.06522521543842878
0.0048987405824340805
0.07880109623758867
0.005489282626305923
0.07056960699119963
0.012226532253428892
0.06609859281219164
0.023306688840228837
0.0624936690794419
0.034166238808946335
0.0451064544473376
0.038995301327096894
0.03685074773234589
0.03254322802112885
0.023927035623401344
0.0189300009891004
0.017241491260985616
0.01735035000666588
0.011116547631951587
0.018720719519818022
0.0073371022592760874
0.022778740855884657
0.0023735097256102193
0.0390311938460292
0.0017778427699758693
0.0335264413022714
0.005435684655948393
0.029731843581952605
0.013324380811942394
0.023067384614170437
0.02390457598268067
0.024310709677436707
0.028588689531193978
0.027287885549420004
0.025050964137954074
0.03588175943869502
0.031233561193662402
0.048943166547787
0.017915592865004083
0.05693722563195746
0.025158959184152455
0.05641852413366099
0.01682792232372514
0.05762788815148264
0.026452375343650476
0.03818897482963745
0.02168180117922466
0.036456959294487286
0.017623481196484225
0.03307261979472414
0.01415218621135428
0.035165659406050195
0.011249074832908398
0.03752121047479009
0.016899628357640945
0.038387970313415225
0.021977401447932768
0.049070197901315955
0.03719845773153659
0.03111794009575108
0.03777178472951807
0.0345336711841828
0.04558792403154806
0.029800410704536855
0.05154001637852953
0.036513693910147825
0.054396772548650114
0.04048774128375205
0.07670196695975758
0.0320112339843344
0.06464575629705273
0.01694594368040013
0.0858132335397934
0.008670787679665885
0.06639863603709414
0.007343220220195852
0.07614887488804821
0.01279026333607383
0.06945874081105338
0.022797212176257207
0.060303807555785176
0.03116773104738179
0.05543584065879408
0.048771632523666834
0.037514718302086275
0.03662061413087312
0.029409094269026038
0.031877870497529215
0.018749360885911705
0.025660684057031584
0.013174632143165894
0.02830560546888326
0.009147747692782827
0.034342033632862624
0.0036694170371728636
0.04594851632035139
0.001477086888378705
0.0594178973968085
0.003663329898819556
0.04813494924718597
0.010062629177507434
0.04213557635987287
0.020544117892097202
0.03877802459467131
0.0258902613987126
0.04066922078161822
0.03323752364273787
0.046411414523605636
0.022100923565060007
0.058401368812387715
0.02850661392731825
0.07590546177880265
0.016896396492479503
0.06898959694278312
0.02475042238360179
0.06265101604853335
0.017767255974347043
0.052286092562733734
0.02594632515502028
0.033416927216431275
0.022218999001278772
0.03585202682983865
0.013696150011668799
0.04285315945042618
0.013056480382434215
0.04474442311295026
0.012866709357310416
0.04619783753716498
0.021616715777899934
0.04356005497367952
0.028948567362443993
0.0416608447726922
0.04150226517199766
0.03017471940348735
0.0408026802947052
0.03728978172653953
0.04755665347870819
0.03708878999087056
0.05857575380522545
0.04158966499315307
0.05892168229857335
0.04052008111341287
0.08365146960454085
0.024922308831476832
0.06459687168805986
0.014127296279741125
0.08308631308094525
0.012365381890882366
0.06811400767415605
0.01602784168676516
0.07317828030643762
0.028640686713143865
0.06612598909607491
0.0436170424921341
0.05406467757500766
0.05223302295939092
0.04609064627886988
0.06688038787573923
0.03059992709006083
0.047486412207508065
0.023000546340162645
0.05051022939800766
0.014536035753072525
0.047643766901299074
0.010278379481549808
0.05505660010074845
0.0054102322911653185
0.05471457636151653
0.001780091906852002
0.06448003469719356
0.002385845502962302
0.05173980366236073
0.007327945347429639
0.04290958388271753
0.01638850758846197
0.0400052146662404
0.024719315749721214
0.038749933174779344
0.028890643988437006
0.04426713385010559
0.03474670234090281
0.05367005154259116
0.019760061492460235
0.06812490349432763
0.026496506913608702
0.07608581085772553
0.0165161299565606
0.06368211050633095
0.025131112329155703
0.04932585435740625
0.019315248874959418
0.04264462028451122
0.023040005683593753
0.03247430116337982
0.017508536223362542
0.039128996734489094
0.01154325647710658
0.04746483629206777
0.013858528437855407
0.04098137687643366
0.016265355684448056
0.04987249325791738
0.028123646051265397
0.03587533365500872
0.036115976976587943
0.03766397127093201
0.04440162633181115
0.031958997757434215
0.04521730858965626
0.03830731216583771
0.05036819124598267
0.041553728431815457
0.06670145949687141
0.04018554070465626
0.06421769991858284
0.02902604878275297
0.0848132139750536
0.01767693719121346
0.06514346758068068
0.011585274333689619
0.07911517220216507
0.014599157241211446
0.07033501676447534
0.01767582238014325
0.06668086394284135
0.028371959886000903
0.0628056870783935
0.040679081229560515
0.045855173629225324
0.05195511604878058
0.037604939137885006
0.055393835525246536
0.024463332882641534
0.045627264527602164
0.017685522944399932
0.051943838417376986
0.011360646444298855
0.04906990126906785
0.007774274158296342
0.05554339116454709
0.0025513929835132027
0.05978941881706189
0.0016926731358914053
0.05686601476663577
0.00508848413856011
0.045277610589808066
0.012726653148488164
0.04020987617973501
0.02357830460183262
0.039153924730950335
0.028203755106296035
0.04111372311805247
0.02536051154292181
0.04992759512272225
0.0315268349278232
0.06314299645232692
0.01804492445745788
0.07469918417639247
0.025238062273363986
0.06913465386063193
0.016771243877469026
0.06162183115985325
0.026301261068585647
0.03939712913514889
0.021450525144682205
0.03710759162062782
0.018084985984262524
0.0358448099060921
0.014353571639829902
0.04586021258336557
0.011189206416661223
0.04599963535662334
0.016548726545139416
0.040735231341312135
0.02140381252313767
0.049945981752116564
0.03633745283995149
0.031375901222817276
0.03755937540817052
0.037122774442340585
0.04544561997838156
0.03493979889078944
0.05093544958187409
0.04011198015595275
0.05401028743310455
0.04348492577560866
0.07579675525940352
0.03621496997246807
0.06468173599094046
0.020323836951660904
0.0857066846813869
0.013457385332584752
0.06626402474646126
0.01205813035416189
0.07634638695787635
0.01732406240471561
0.06982008885730887
0.022882041766215607
0.06107099391258431
0.03220347231904056
0.05637723796732881
0.05236335007685664
0.038309276239074604
0.04855990919825787
0.030070420512641256
0.053250013436104235
0.019171647243571236
0.04566773786283333
0.013514759732601793
0.05419309843886571
0.009149991117074154
0.0502852694617762
0.003940520547407324
0.05889239501120253
0.0014845725425574076
0.06230210805538014
0.0034084662794073442
0.048706728450435215
0.009551559532759052
0.04230105677857413
0.019792968034949524
0.03890696003754624
0.025658379027694116
0.04043935408207535
0.032753640942482766
0.045845355936314766
0.022353994307196673
0.05757917744216332
0.028734306785502064
0.07470993091452376
0.016965381091927363
0.06965788414632604
0.024755362098613756
0.06367833573613181
0.017652139017718893
0.05315653860451509
0.026281963174814908
0.03372983785102097
0.02247550795683823
0.03576065856672575
0.01399196760920553
0.04258788855797784
0.013078884235389871
0.04528082701550624
0.012637133724749434
0.04602292924471929
0.02109317786554174
0.044026974632514794
0.028220299158033833
0.042218519184182714
0.0412512817820323
0.0301246531519146
0.040455898916129794
0.03720354697463509
0.047334411121269196
0.03679025758549726
0.05786232127563283
0.04184886089693572
0.05846036461234862
0.041746161042509944
0.08328322692741583
0.025760518360994786
0.06457573788143559
0.014522755681160824
0.08352148895732074
0.012313578163412707
0.06792962738695589
0.015164603233243331
0.07417137984138815
0.02142108319606486
0.06647735170424204
0.03223886965958127
0.0550670612656403
0.041226348562204654
0.046948890199137255
0.05964466585026946
0.031281617600133836
0.0469673431997532
0.023560287688529136
0.05057091881252084
0.014852719389864537
0.047374963388910764
0.010508413665306452
0.055160213851431036
0.005772036173678932
0.05420563908238135
0.001881759497461161
0.06444689912548023
0.002222849445742486
0.05250025701181024
0.006906513556376424
0.04325103513483806
0.015719887394386733
0.04019762426919174
0.024446076750972837
0.038651670434283615
0.02856508644326104
0.04383904732311541
0.034803332604506555
0.05288877515305931
0.019954742100891796
0.06712877496677826
0.026654794304787222
0.07621226268657845
0.0165247811399067
0.06404597686709607
0.025061266284966206
0.05048123554960613
0.019143435786641422
0.04338208948184479
0.02326345507426495
0.03237839585406
0.017902689174767332
0.038638549477120455
0.011669986996558466
0.046999491084600574
0.013701594709792491
0.04118740889857255
0.015868884038448876
0.04938584639804971
0.027434138442048034
0.03646326087335552
0.03605649977392032
0.03789176847169844
0.04434643104406372
0.03178929924436679
0.044742914646587945
0.038274825190847454
0.05006664967842825
0.04103045871620347
0.06589000626435179
0.04021285000673011
0.0636852801622715
0.029995001588135714
0.0847508101410285
0.018233301652085053
0.06506685254409283
0.011696890310156697
0.07944000252672112
0.014256584366313994
0.07010456918318625
0.017268653476274976
0.06744199835571389
0.028283527012739763
0.06313234786830882
0.0398578743020624
0.046694227561361025
0.05227929141686663
0.03837029888439688
0.05579723567437624
0.025014226246175372
0.04564589470726585
0.018140404573530784
0.05164807957774751
0.011557688214854226
0.04909556042373048
0.008226893481084251
0.05537511480128524
0.0027453011006972625
0.059234168066504396
0.0016236284569120475
0.057694530991043144
0.004757026071660561
0.04574796945479389
0.012143837869348582
0.04043917424854467
0.023219526459504498
0.03914362017087978
0.027828348920978574
0.040789212650860586
0.025675274725973744
0.049306725494163935
0.031826075637392266
0.0621564522951522
0.018179938808334604
0.0748619371733435
0.025324103597909414
0.06982483287875402
0.01672015998555727
0.061676487709966164
0.026157105759491643
0.04015458261071054
0.021224261985634523
0.03745260735186152
0.01856190359752958
0.03534286870978117
0.01457177189300436
0.04561832234432471
0.011145451204082396
0.04616940601222701
0.01621440682236857
0.040607204649405426
0.020845228523548975
0.05085222963890853
0.035490774107493836
0.03166293870298556
0.03735993087180003
0.037083706807948626
0.045310854320512954
0.03482952964019128
0.05034169074243022
0.03982765645605205
0.05363104755264333
0.04367349273214112
0.07489908928579929
0.0373500991893875
0.06472317080934091
0.021023660419825667
0.08560395777651321
0.013725086206888523
0.06613428753428628
0.011884285763404367
0.0765551082683841
0.017137300336928698
0.07008985604561277
0.022258716136256688
0.061382257273710814
0.031564362603024095
0.05729219507835699
0.05103337056181633
0.038910774019269095
0.04877421454611527
0.030738900998951324
0.053698275045064574
0.019649523761739177
0.04561603616334606
0.013854796048155446
0.05398398613397475
0.009418307857776686
0.05005567323488131
0.004227496658367492
0.05845666097426643
0.0015081999993646449
0.06339493155506358
0.0031695402101639264
0.04931966416423458
0.009055738872836007
0.042494106364651486
0.019055951328156403
0.03905621325007124
0.025435612258305984
0.040228097031455586
0.03227894604458997
0.045299324406955464
0.022612494937855287
0.0567739772907351
0.028968376618756474
0.073531576475041
0.017040078217060273
0.07035392551129892
0.024767355151171955
0.06404935299165176
0.017542479008888577
0.05394291234062155
0.02662790930053044
0.03408134029102806
0.022743517176142928
0.03570731511616521
0.014303621795445134
0.04235458230714791
0.013118256014122738
0.04584761594456271
0.012423508956697917
0.04587791250038898
0.020585705640793348
0.04356486569268136
0.027506305602337654
0.042806944315894845
0.04101381820388156
0.030103486554560462
0.04012153002489896
0.037150526628895196
0.04711970516716798
0.03651289044056157
0.05715874343505355
0.04212987605752912
0.05800601024149235
0.04276011821112397
0.08292126151546977
0.026625091169746314
0.06455994412885398
0.014944753613977195
0.0839667354315848
0.012289621662181525
0.06774980168908547
0.015086691486534281
0.07453001197953692
0.02107181714657104
0.06675829372032518
0.031140520582654062
0.055696718764470424
0.04010158937401484
0.04779534171594498
0.060165964839531766
0.03185356895265266
0.04691451998796705
0.024129773849074488
0.050664398083454014
0.015271188766193548
0.0471246427025204
0.010731467770470978
0.05528977088614769
0.006149510249446083
0.05372044894818062
0.001999528889511441
0.06382767411082035
0.0020759128900132706
0.053289522962160406
0.006500634961492214
0.04362500426990968
0.01506583417627407
0.040407873069239895
0.024182595153512804
0.03856913698519363
0.028243316536788826
0.04342387122711791
0.03442379246696509
0.05212193424927018
0.0201501638026151
0.06614327721950844
0.026814936792936662
0.07635281545722308
0.01653427571297622
0.06443396941531883
0.02499364308249429
0.05166877680458098
0.018972050491414868
0.04415132049525962
0.023492891339217063
0.032316238256235516
0.01830839901807685
0.0381809044675471
0.011807947725044213
0.04642690948509106
0.013556721178427501
0.04142000335214657
0.015483170014224503
0.04892031289243728
0.02675513115368062
0.03707551377135878
0.035676285494571795
0.03814619345512708
0.044207040672051744
0.031644299156762125
0.04427540739070011
0.03826145537996976
0.04976770714835576
0.04052340400008044
0.06508248486234793
0.040257383422836746
0.06315455648420068
0.030983978149751314
0.08468735573034938
0.01881182591038465
0.06499054897485528
0.011830620487801098
0.07977069317225251
0.013936517100735233
0.06987345970734828
0.01689213485933915
0.06777738491342902
0.02742904365031539
0.06341541423038623
0.03908357457943957
0.04731173485031449
0.0525562995363952
0.03913227024112816
0.056165393885745984
0.025541763175204717
0.04569250962277473
0.01859878676567331
0.05138097047193995
0.011903588327750094
0.049140682206307525
0.008690067573349542
0.05522746182464363
0.002950370250601769
0.05870742467893982
0.001565873661546565
0.05854376850019092
0.0044365046116789505
0.04625836503469754
0.01157115669585723
0.04068341693809272
0.0227081630896139
0.03914720726850401
0.02745765419540261
0.04048079967480405
0.02599038779491852
0.048698571478187076
0.03212639768462762
0.061183838334101
0.018315787614394705
0.07504030003691002
0.025412224529314062
0.07053980455327263
0.01666983851995394
0.061755629503548515
0.026015081019533873
0.04094518071034515
0.020998193530720587
0.03783020030271626
0.019049341919776756
0.03487427623986784
0.01480191875266415
0.04487101353010042
0.011112972204999622
0.046364044421084126
0.015891864548262618
0.04050597389924488
0.020296866880695173
0.05178396698329377
0.03465367575718193
0.03197426250140074
0.03716868283592333
0.037003367606892344
0.04517879660887362
0.03445548189624372
0.04975398236133364
0.03956206363114685
0.05325421396072629
0.04387859092495381
0.07400419957229087
0.03850524563201875
0.06476522532034804
0.021744556629607788
0.08550020961577823
0.014015392938612262
0.06600460904566274
0.011732604021282006
0.07677016056319495
0.01698378873808065
0.07037599866727808
0.021671809545648263
0.061800257658678845
0.031050892398828644
0.0582162433104521
0.04972978417324615
0.039558921677045625
0.049016128584268806
0.03141197200981138
0.05369183016231062
0.02011911599185133
0.04557591642056393
0.014203263945917638
0.05379034387795429
0.009629776975666948
0.04984294567750079
0.004525475516786137
0.05803765065115762
0.0015431242005257886
0.06404781822198409
0.002941729845552899
0.04996603298983258
0.008570368269486416
0.04270849477159897
0.018328287638984364
0.039082995898441455
0.025217136159942116
0.040028619097093744
0.03180859961992281
0.04476730313015127
0.022871565331561965
0.05597930433144472
0.029203945913758654
0.0723649479950277
0.0171156450062099
0.07107272127508366
0.024781552549999336
0.06444527523277967
0.01743344860061465
0.05476115572884103
0.026979265434430567
0.034466392358604096
0.023018172335054436
0.03568681130371021
0.0146262380000555
0.04170150753381093
0.013169748087981003
0.04644005052176409
0.012221016010640904
0.045758124780003094
0.020089514379406353
0.043129308347899756
0.02680182062904796
0.04342119198552368
0.0407850654879102
0.030106523228928556
0.03979481142875859
0.03712601549858228
0.04690770364791577
0.036252035787939174
0.056460261289094586
0.0424276722129201
0.05755377512752456
0.04273958099001814
0.08256075466584056
0.027510782747423558
0.06454466191299205
0.015388345410532788
0.08441714233419262
0.012288010690763865
0.06756972071804727
0.014650665806022138
0.07501465201106118
0.02051168144575102
0.06705079356118022
0.03008260006025503
0.0564114217950837
0.03907479098783883
0.04864863309983912
0.060714562307238734
0.03245400942873201
0.046902159064530886
0.024704104035288985
0.05078543181778263
0.015638289777913397
0.04688700503596582
0.010971175410737017
0.0554388622527371
0.006537776592008764
0.05325328127607823
0.002128546158108669
0.06323474995655393
0.0019402062677990517
0.054101873525402966
0.006105502209986776
0.04402607787007583
0.014421562613006563
0.040632189213743494
0.023924017488161232
0.038511767138890894
0.027935016927338085
0.04303110895019336
0.03429352493948636
0.05137916594970846
0.02035599876624686
0.06517797103747063
0.026986592205611084
0.07651692384391005
0.016554303381912105
0.0648555810412172
0.024937930880798997
0.05289789471303672
0.018810797498954576
0.044961792808206016
0.02373795542680907
0.03229749015857536
0.018735302741158096
0.037765723358432084
0.011966809297137804
0.045890482040299364
0.013433608190327672
0.042010280101287996
0.015117939573584115
0.04848944216748829
0.026096385947042347
0.037750463155531454
0.03492005550771957
0.03849130913108565
0.04383988418483793
0.03148036272456973
0.04382431360312553
0.038319080531653636
0.04948083143081654
0.04001969775252535
0.06428845459338438
0.040412239620648396
0.0626350242851305
0.03196816554439685
0.08463230031954112
0.019465872540148844
0.0649240317596525
0.011973846418815869
0.08011664549110621
0.013657324519389488
0.06965118020702747
0.016560942242893964
0.06837563840494286
0.026593639104646037
0.06372792031069213
0.03840801954139822
0.04807389489365294
0.052118555153625
0.039911348871657454
0.05646056667521734
0.026099724976854005
0.04576849194491843
0.019073120461713423
0.05121106343785963
0.012175502676797324
0.04921340346482514
0.00891972463608945
0.055122940797249435
0.0031760350129289624
0.05821675963944419
0.0015288671693113659
0.05934384525411887
0.004136401926809837
0.04681366920574901
0.011018112602644944
0.04094592328530936
0.021917508242690398
0.039177988378166904
0.027101121074681905
0.04027662014012292
0.026315281129167853
0.04812911637091625
0.03243721151825932
0.06040327640061759
0.018461918866760338
0.07524505841461883
0.02551186236085065
0.07136665866896216
0.01662974370554857
0.06188162972191151
0.025884654341107
0.041762249190563906
0.02078179803520514
0.03824973563207673
0.019556704017594448
0.03450797925355371
0.015053438885081965
0.04406418315544954
0.011101227543254743
0.04645065495792031
0.015590589986717826
0.04059206584363302
0.01976824024638616
0.052731399366987744
0.03383570717413608
0.03231775592489737
0.03699512935207859
0.03704720614981406
0.04505889706528632
0.034107696453312554
0.049181863078793665
0.039381912994800566
0.05288926320023841
0.044079427066942845
0.07312165297145178
0.0397702716855648
0.06481736024040133
0.022468881479186673
0.08540489344403844
0.014372005130605835
0.06588447019429873
0.011599617590980556
0.07700096087006036
0.016874396110860706
0.07068897968528519
0.021149953997638315
0.06233615005370529
0.030540543221722425
0.05915948902056881
0.04854140020810791
0.040265386295480994
0.0492804411924728
0.032099237672097256
0.05378345561395623
0.020592387896879605
0.045555595688219465
0.01456909163603593
0.053677018644456495
0.009796363610273764
0.04966102615075547
0.004843869074114534
0.057646191949894836
0.0015987955345240195
0.0643078313435607
0.0027345253916092474
0.05060343373413315
0.008104978048781642
0.04295495387396666
0.01761954939940545
0.039157421678062236
0.025012493049625485
0.03986222990872692
0.03135216152528913
0.044369877037881
0.023140641648791403
0.05522829036624063
0.029450433189915488
0.07141936076662206
0.01720153492059651
0.0718323491371185
0.024807401212011804
0.06496855236982603
0.01733451683389767
0.05563581660725136
0.027345429247329373
0.0349033908878803
0.023308914621063707
0.03571122348741994
0.014969236806628318
0.04095884647757325
0.01324280770310284
0.04658571371405888
0.01203913098582367
0.04557047140305547
0.01961411433269923
0.04281665817328612
0.02611637347518095
0.044082724729038125
0.04057447952079399
0.030137742083660598
0.03948525546712267
0.03716324359537319
0.04670786495566482
0.036002846252647346
0.05577642410225367
0.04282223441704392
0.05711314480283076
0.0427053973841934
0.08221118395966953
0.0284914674774466
0.06453935890679065
0.015839494115738283
0.08488209500364718
0.012340821518985239
0.06739887094724506
0.01424085147790704
0.07512596321854527
0.019986491624531803
0.0673652516203598
0.029098555381512993
0.056988353093132244
0.03807346869258205
0.04951873176378029
0.0608775380096891
0.03309473261959459
0.046928407058278804
0.02529267933166237
0.051007544706245744
0.016019107425536708
0.04667092418026284
0.01122605509149881
0.055652655183588765
0.00694623424668444
0.052816493749850216
0.002278247548410769
0.06265704482974803
0.0018252055953619434
0.054942751535943836
0.005730632059748831
0.04443319990525193
0.01379662850758463
0.04088127727983181
0.023679857740171548
0.038524819542329856
0.027635246174580033
0.04266998041363428
0.03416572193247286
0.0507941548796843
0.020567162323466066
0.06425384942180036
0.027164661209958037
0.07676122923771801
0.016579795596097548
0.06531676033551714
0.02488905912066207
0.054120514278965866
0.0186546231118933
0.045805293756312586
0.02399352935107043
0.032350440833591544
0.019178277660331665
0.037392010078657494
0.012141482858724939
0.04519905813091287
0.013327196354914831
0.04196554725700423
0.014768159234304383
0.04802522316100487
0.02545290502156479
0.038390903282517444
0.03408599337452797
0.038810015962981295
0.0434864179161576
0.031212070421223505
0.0433853229590694
0.03835662019239594
0.04920165356295039
0.0395609162083216
0.06350363804840807
0.04050421139102228
0.06212234220424353
0.03301643546050338
0.08458125722804347
0.02010833369799364
0.06486293926918853
0.012169044854485956
0.08047342348418329
0.013398813126589276
0.06943338620396154
0.016259851731774383
0.06897964667825217
0.025813781762691935
0.06404096748832645
0.03772892461052572
0.048841012098748485
0.050667126566846854
0.04069893078376165
0.05672193928173199
0.026665487498547122
0.04588552253787756
0.019557761292159907
0.05101570160363463
0.012457335177495702
0.049302236712839384
0.009062893544438577
0.05503253163485327
0.0034178827648075403
0.05776193836225379
0.0015082349311890911
0.06024638336921841
0.0038523843342310204
0.04741851889101666
0.010480413390634033
0.04123238553635183
0.021140984646266372
0.03922418456924922
0.026754449732074595
0.040012737203871905
0.02664554891882829
0.047561241897042944
0.032754091219277186
0.059470858080793276
0.018613944388534066
0.07509711960724726
0.025618617849693926
0.0721441420832859
0.016595503657025192
0.06202415752940979
0.02576145664368083
0.042631069914308026
0.020570717717609602
0.03870658169046117
0.020079555684506138
0.034118503643241455
0.015321921383192128
0.043289910259675476
0.011105837995164186
0.046705665543458307
0.015306235841330106
0.04039154803749962
0.019255024025887184
0.053722934403988724
0.03303258043342158
0.0326924015245521
0.03683493142984983
0.03703205883843894
0.04494676951934762
0.033782175887684944
0.04862103481898879
0.03916706014354032
0.05253183532752116
0.044332937051915024
0.0722471800368099
0.04064337933308105
0.06487519997096185
0.023245917386314933
0.0853136265011184
0.014723234963300939
0.06576951569662927
0.01150610288610377
0.07724308904697343
0.016803987772610586
0.0710018850466735
0.020658422079678686
0.06287845962498177
0.03009728064799735
0.06010933972140291
0.04734701114078022
0.04097778361184506
0.04958514224026433
0.032795727446284305
0.05385744834036217
0.021074241767291176
0.04555948838668555
0.01494553261684632
0.0535393402086645
0.009973339614791637
0.04950338877120857
0.00517826488155539
0.0572860644233001
0.0016708262168539636
0.06426925443574386
0.002543562252279699
0.05133616447568034
0.0076552266690898515
0.04321445015820218
0.01692541400978958
0.03922883452570682
0.02481731680902914
0.03970649445270693
0.0309052508834365
0.04388232273998754
0.023415323822419103
0.05447339351752389
0.029703420492010503
0.07029063531430184
0.01729336522955362
0.07261242405620687
0.024840511451046574
0.06542905583700227
0.017241316622655448
0.05653292546477579
0.027417577801366833
0.03536810282592235
0.02305817710645384
0.0357709324589291
0.015328201442706546
0.04016844859854609
0.013333044470101129
0.046714134176001156
0.011873492607891223
0.04551129894679804
0.01915517820787746
0.04235170505866684
0.02544565616053634
0.044752950870262855
0.04037767896426457
0.030204338914084125
0.039188537489335304
0.03720799341642505
0.046515811010495775
0.035790279429074645
0.055102944511090816
0.04263267414810064
0.05667976826492475
0.04273316629773055
0.08186819075022837
0.029435484148869494
0.06453966645712889
0.016340496426391328
0.0853571417853956
0.012400761186784721
0.0672329026674034
0.013862515301205308
0.07524893467725376
0.01950766661364959
0.06767993645224228
0.028133054583035947
0.05746239183504775
0.037141585266561715
0.05039640412884092
0.06047733983140937
0.03374231465532014
0.04700615221796752
0.02589106947312668
0.0512012340677496
0.016409199891207444
0.046475820225050174
0.011491716629647587
0.05586054521874349
0.007370462694831816
0.05240280403494633
0.002444236396398839
0.06213668296823017
0.001726538519431735
0.05581789279529221
0.005371674405270077
0.04490376096673233
0.013186704011189274
0.04114837197919497
0.023445720838084657
0.03850809089666831
0.02734447807319789
0.04231466629896346
0.03404083995620326
0.050089115743687386
0.02078410232175445
0.06332116296765945
0.027349576685322362
0.0769622081684472
0.01661121734725701
0.0657958145006403
0.024847490353406294
0.05542082888874783
0.018504007258691425
0.04668820584117813
0.02426002803425231
0.03240666541745966
0.019637733261618235
0.037052267994937084
0.012332411903854942
0.04472155036960026
0.013237958378312471
0.04229614620385874
0.014434327901635189
0.047650236964690694
0.02482522284189331
0.039094601600967706
0.03326580824617805
0.039160135194142985
0.04314642799652616
0.0309719785418984
0.04295827516680357
0.03840988565798113
0.04892995499606089
0.039122741898054474
0.06272790824330714
0.04061865917798378
0.06161631926766244
0.03408395848611356
0.08453399066973118
0.02077370264210223
0.06480706050375208
0.012387748700122062
0.08084074096037584
0.013166810885950559
0.06921988401520288
0.015995592148680994
0.0695891123495805
0.025083875890004062
0.06435429903665209
0.03710557988309462
0.04961276188555637
0.04926636109862123
0.04149471105601259
0.05701466970645595
0.027238742243300636
0.04603505344785066
0.020052442670926304
0.05085383867349814
0.01274880482949013
0.04902609205066578
0.009216646240365828
0.054967751974464386
0.003675659437367623
0.05734030538972145
0.0015037466302165391
0.06117407713506133
0.003584245306392943
0.04802277959233018
0.009957873426644991
0.04153852329925049
0.020378428026528107
0.03928924364414824
0.02641740274953562
0.03976975812706881
0.02698093560773082
0.04701131460943952
0.03307676095068997
0.058557141171987084
0.018771626276332824
0.07399783531371948
0.025732241663075556
0.07295158416509571
0.016566896819622097
0.06219573499621442
0.025645268715655655
0.04353776250761972
0.02036474520022257
0.03920063515443687
0.020617611888844374
0.033767154927204564
0.015607104212879657
0.04255310493667314
0.01112657343203321
0.0469897865881497
0.015038603694249855
0.04038933426470572
0.0187570428151463
0.05308858176767286
0.03224415673198975
0.033096080951890504
0.036687899471855606
0.03704877574307494
0.04484217785547056
0.03342031278783314
0.04807134922130306
0.038976171163825124
0.05218172035666332
0.0446075668069408
0.07138066145221679
0.04052441049842525
0.06493851903917326
0.024048437361043503
0.08522617646644721
0.015101879473849273
0.06565954050989607
0.011439471619061241
0.07749627423241727
0.01677274476932929
0.07131445497440178
0.020211857888634294
0.06342689707307127
0.02970110589096256
0.06105736321386767
0.04620201094183259
0.04169579281029844
0.0499186753311987
0.03350114811575081
0.05397572906127115
0.021564376808759635
0.04558170343419104
0.015332333301818553
0.053425471345388616
0.010160434949929638
0.0493693715057391
0.005528395292688872
0.056951095531028964
0.0017589778260294225
0.06349535606113671
0.0023686307727937414
0.0521096215547839
0.007220933307887571
0.04347609214098925
0.016245727483277274
0.03932070726607802
0.02463141518826225
0.03956955038546798
0.030467671319841995
0.04341564408944925
0.023695362044186638
0.05373576606758295
0.029962639882911833
0.06917984681770335
0.017390903495734553
0.07341999718923212
0.024880643466664114
0.06591974385179394
0.01715363123835338
0.05746658837607017
0.027227932895820865
0.03587126440092566
0.022799392858836857
0.03586840951366699
0.015702864269946236
0.039415532334472834
0.013440216851952921
0.0468798167688715
0.011723888713672683
0.04548190739093912
0.0187125276485606
0.04201507235791018
0.024789509967299426
0.045454060925254336
0.04019443174525233
0.030299985396814073
0.03890448233225761
0.03727057776913833
0.046331313750714385
0.035599011229446496
0.05443968499866566
0.04219291237116653
0.056253444463580424
0.04278221152370726
0.08093549308632778
0.030405285186765232
0.06454536606855495
0.016867921769706088
0.0858419805308445
0.012488224246160452
0.06707161646800783
0.013510998699614507
0.07538331190915162
0.019067409996621657
0.06799458950857443
0.027212124653537634
0.05794313758585556
0.03625520025536798
0.05128133279568559
0.05992778678489972
0.03439643990287335
0.04712690778181832
0.026498993766465577
0.051428406444070894
0.01680827523342149
0.0462993952523247
0.011767919394501225
0.05583607450690401
0.00781018461886801
0.05201316245289509
0.0026262636300220933
0.06164901118034611
0.0016439854413811828
0.05672177593446978
0.0050284381404175444
0.045407406190832285
0.012591625996076517
0.041434481064159735
0.023221385617998053
0.03851276880842937
0.027062530438453886
0.041978026149529064
0.03391865220755121
0.04940429923564501
0.02100657466675494
0.062404829419799766
0.027541079263987796
0.07718222999364872
0.016648341487119096
0.06630363102930407
0.024812994547324368
0.05675765027914716
0.018358737793824357
0.04760730199043391
0.024537173616809255
0.03250153883739578
0.02011338550909282
0.036750257941097646
0.012539346578648072
0.0442755541703506
0.013165673364298093
0.042657969627175364
0.014116251166845508
0.04730507906493992
0.024213180431639617
0.03982708400979162
0.03245935729854042
0.03954148161046903
0.042819929215121205
0.030760709631890166
0.04254323894534751
0.038138023396277185
0.0486657465863488
0.03870576243051739
0.06196136759405932
0.04075505183820395
0.06111699387566131
0.03517588944438657
0.08449049474302439
0.021465809420413293
0.0647564140774288
0.012633319005416734
0.08121854053474242
0.01296231102289891
0.06901070973536297
0.01576760087656367
0.07020396751456827
0.024401007425659732
0.06466788830604103
0.03653177792160748
0.050389049582971863
0.04790906415165013
0.04229861389288102
0.057338147723638024
0.027819410547739898
0.04621748575948328
0.020557127297741517
0.050725616403142486
0.013049860154664717
0.048772395882043
0.009380985382560155
0.05492869312316075
0.003949336636186133
0.05695231593289013
0.0015154025508867712
0.06212688207739898
0.0033320144908150174
0.04862075883114426
0.00945055024034367
0.041763910126284325
0.019629922694907348
0.039373432582000635
0.02609000134887121
0.03954810140668131
0.027321415607071443
0.04647951871169344
0.0334051746779342
0.05766269402127407
0.01893495661241152
0.07291376864201617
0.02585271409512164
0.07378855696122079
0.01654393168046398
0.062396568509373675
0.025536100926913146
0.044482162495580437
0.020163903220172738
0.039731846129793844
0.021170816492344258
0.033454150300963645
0.015908953930046366
0.04185358975522392
0.011163432533385243
0.04730329095815688
0.014787723715807602
0.04041870966723254
0.01827435010872341
0.05243229944952865
0.031470526091353895
0.03352880331318238
0.036554072979423785
0.03709717696362353
0.04474511573053453
0.033087658892939735
0.04753288734219006
0.03880906331658371
0.05183893797443326
0.04418632521636008
0.07052220773179242
0.040427557339630125
0.06500732180916358
0.024876487184202167
0.08514254117424795
0.015507871741081794
0.06555456954082865
0.011399843982948925
0.07776047456637966
0.016514764916726845
0.07143780680075
0.019810437100109685
0.06398140279261944
0.029352235716346223
0.06136690101664865
0.0451062994967959
0.042419323157761396
0.04144132952962361
0.03421543587550292
0.030430212246923154
0.022062721993177516
0.018259662826564372
0.01572946941541449
0.019380818614877632
0.01035760904281341
0.02673094732970017
0.005894221466054661
0.03923621997987367
0.0018632407035423573
0.0627544004530976
0.0022097500697789403
0.05292380305509236
0.006802145976654093
0.04369459691780613
0.015580564772720325
0.03943316596059559
0.02445482548749911
0.03945172324697422
0.030039455891698274
0.04297000615830473
0.02398073650363932
0.053004140588720626
0.030228053188814795
0.06808941157902357
0.017494147312778287
0.07418604388799799
0.02492778708551981
0.06644986829871495
0.017071474047084038
0.058436885494509275
0.027045151227302493
0.03641285025496053
0.022545478606551626
0.036003569626127406
0.016093186526860377
0.038700176709299546
0.01356431190452993
0.04708232962237462
0.011590335988538265
0.045482301399767076
0.01828621296792881
0.04171000358854079
0.024148005172198374
0.046185994973487986
0.04002473479859358
0.030424753423105334
0.03863314405037108
0.03718759783803475
0.0461543748756432
0.03542916224414171
0.053786737621434044
