8.658829895941032
5.251704665504062
2.6205679539751787
9.277694648572007
17.291278429720577
19.15675528008923
26.46756546199776
36.931266777628935
46.98805008083821
48.64865827969915
49.63818527194875
47.09734281655174
60.18587842165529
89.4460881530592
145.09217226633925
248.25681258677204
415.47398464420877
670.4063597002038
1042.3931352655663
1558.7962941924152
2246.863581653013
3144.4412041272117
4283.402111104021
5696.660292814949
7431.703160743936
9535.928773452084
12056.494872388465
15046.130851419464
18559.354997211394
22653.68559643054
27389.640935743206
32830.739301815694
39043.49898131432
46096.9936532525
54063.63805763081
63019.37032650158
73020.89656017261
84165.0898084138
96539.17353363466
110230.47704054478
125329.32963385363
141929.0606182709
160125.99929850615
180019.4749792689
201711.8169652688
225308.35456121547
250917.41707181843
278650.33380178723
308621.4340558316
340948.047138661
375750.50235498475
413152.12900951295
453279.2564069549
496258.5033485597
542221.358223029
591306.190100099
643651.312895773
699398.0405260534
758690.6869069437
821676.5659544466
888505.991584565
959332.277713302
1034311.7382566604
1113603.6871306435
1197370.4382512537
1285777.305534494
1378992.6028963684
1477187.644252879
1580536.7435200284
1689217.21461382
1803409.3714502566
1923296.5279453413
2049064.9980150778
2180904.0955754686
2319006.1345425136
2463566.4288322222
2614783.292360592
2772858.0390436277
2937994.9827973316
3110401.4375377074
3290287.7171807582
3477867.135642487
3673356.006838896
3876973.644685988
4088942.363099768
4309487.475996237
4538837.297291396
4777223.1409012545
5024879.320741809
5282043.150729066
5548954.944779025
5825858.016807693
6112998.68073107
6410626.250465163
6718993.039925969
7038354.363029495
7368968.533691743
7711096.865828715
8065003.673356415
8430956.27019085
8809224.970248014
9200083.087443916
9603806.935694559
10020675.828915942
10450972.081024071
10894981.005934954
11352990.917564582
11825293.129828973
12312181.956644109
12813954.711926017
13330911.709590683
13863356.263554119
14411594.687732317
14975936.296041291
15556693.402397042
16154181.320715567
16768718.364912877
17400625.848904967
18050228.086607855
18717852.391937517
19403829.078809984
20108491.46114124
20832175.852847297
21575221.56784416
22337970.920047823
23120769.22337429
23923964.791739576
24747908.93905967
25592955.97925058
26459463.226228315
27347790.99390887
28258302.596208245
29191364.347042456
30147345.560327493
31126618.54997937
32129558.629914083
33156544.11404764
34207956.31629603
35284179.550575286
36385601.130801365
37512611.370890304
38665603.5847581
39844974.08632076
41051122.189494275
42284450.20819466
43545363.45633791
44834270.24784002
46151581.896617
47497712.71658486
48873080.02165963
50278104.12575723
51713208.34279375
53178818.986685134
54675365.371347435
56203279.8106966
57762997.618648686
59354957.10911967
60979599.59602555
62637369.39328233
64328713.81480604
66054083.174512625
67813930.78631815
69608712.9641386
71438889.02188995
73304921.27348824
75207275.03284942
77146418.61388958
79122823.33052464
81136963.49667063
83189316.42624356
85280362.43315941
87410584.83133425
89580469.93468404
91790507.05712475
94041188.51257241
96333009.61494306
98666468.67815262
101042067.01611717
103460308.94275269
105921701.77197516
108426755.8177006
110975984.39384502
113569903.81432441
116209033.39305483
118893895.44395216
121625015.2809325
124402921.21791185
127228144.56880613
130101219.6475315
133022683.7680038
135993077.2441391
139012943.38985342
142082828.51906273
145203281.9456831
148374855.9836304
151598105.94682077
154873590.14917016
158201869.90459457
161583509.52700996
165019076.33033243
168509140.62847787
172054275.73536238
175655057.96490198
179312066.63101256
183025884.04761016
186797095.52861083
190626289.3879305
194514056.93948528
198460992.49719116
202467693.37496397
206534759.88671988
210662795.34637493
214852406.06784493
219104201.36504608
223418793.55189428
227796797.94230556
232238832.85019594
236745519.58948132
241317482.47407785
245955348.81790143
250659748.93486813
255431316.13889387
260270660.89618763
265178440.0767173
270155303.65375465
275201896.9368299
280318868.2354732
285506868.85921496
290766553.1175849
296098578.32011354
301503604.776331
306982295.79576755
312535317.6879531
318163339.76241803
323867034.32869244
329647076.69630647
335504145.1747904
341438921.0736745
347452088.70248866
353544335.3707631
359716351.3880283
365968830.06381416
372302467.70765096
378717963.62906885
385216020.137598
391797342.54276854
398462639.15411067
405212621.28115445
412048003.2334307
418969502.3204686
425977838.851799
433073736.136952
440257920.4854575
447531121.2068461
454894070.6106475
462347504.0063921
469892159.70361024
477528779.01183176
485258106.2405871
493080888.69940645
500997876.69781977
509009823.54535735
517117485.5515494
525321622.0259261
533622995.27801746
542022370.6173539
550520516.3534654
559118203.7958821
567816207.2541347
576615304.0377529
585516274.4562666
594519901.8192066
603626972.4361027
612838275.6164855
622154603.6698843
631576751.9058304
641105518.6338531
650741705.1634828
660486115.80425
670339557.8656845
680302841.6573164
690376780.4886764
700562190.6692942
710859891.5087003
721270705.3164246
731795457.4019976
742434976.0749489
753190092.6448095
764061641.4211087
775050459.7133774
786157387.8311454
797383269.0839429
808728949.7813005
820195279.2327473
831783109.7478144
843493296.636032
855326698.2069302
867284175.7700387
879366593.6348878
891574819.1110083
903909722.5079298
916372177.1351826
928963059.302297
941683248.318803
954533626.4942306
967515079.1381109
980628494.5599728
993874764.0693473
1007254781.9757639
1020769445.5887536
1034419655.2178459
1048206314.1725723
1062130328.7624611
1076192608.2970436
1090394065.0858493
1104735614.438409
1119218174.664253
1133842667.0729105
1148610015.973913
1163521148.6767895
1178576995.4910715
1193778489.7262871
1209126567.6919687
1224622168.6976452
1240266235.0528471
1256059712.067104
1272003548.049947
1288098694.3109064
1304346105.1595113
1320746737.9052932
1337301552.857781
1354011513.3265054
1370877585.6209967
1387900739.0507846
1405081945.9253998
1422422181.5543728
1439922424.2472324
1457583655.31351
1475406859.0627363
1493393022.8044395
1511543136.848152
1529858194.503402
1548339192.079721
1566987128.8866382
1585803007.2336845
1604787832.43039
1623942612.7862847
1643268359.6108994
1662766087.213763
1682436812.9044063
1702281556.9923599
1722301342.7871537
1742497196.5983179
1762870147.7353826
1783421228.5078773
1804151474.2253337
1825061923.1972804
1846153616.7332487
1867427599.142768
1888884917.7353692
1910526622.8205826
1932353767.7079377
1954367408.706964
1976568605.127193
1998958419.278155
2021537916.469379
2044308165.0103962
2067270236.2107358
2090425204.3799293
2113774146.8275056
2137318143.8629951
2161058278.7959285
2184995637.9358363
2209131310.592248
2233466389.0746927
2258001968.692703
2282739147.755808
2307679027.573537
2332822712.4554214
2358171309.7109904
2383725929.649775
2409487685.581305
2435457693.81511
2461637073.6607213
2488026947.4276695
2514628440.425482
2541442680.963692
2568470800.3518295
2595713932.8994217
2623173215.916002
2650849789.7110977
2678744797.5942416
2706859385.8749638
2735194703.8627934
2763751903.867259
2792532141.1978936
2821536574.164226
2850766364.0757866
2880222675.2421064
2909906674.9727135
2939819533.577141
2969962424.3649163
3000336523.6455708
3030943010.728635
3061783067.923639
3092857880.540111
3124168636.8875847
3155716528.2755885
3187502749.0136514
3219528496.4113054
3251794970.77808
3284303375.423504
3317054916.6571107
3350050803.788428
3383292249.1269846
3416780467.982315
3450516678.663945
3484502102.481409
3518737963.744234
3553225489.761951
3587965910.844091
3622960460.300183
3658210374.439757
3693716892.572344
3729481257.0074754
3765504713.0546775
3801788509.0234857
3838333896.223426
3875142128.9640307
3912214464.554828
3949552163.30535
3987156488.525127
4025028706.5236874
4063170086.610564
4101581901.095283
4140265425.287379
4179221937.49638
4218452719.0318155
4257959054.203217
4297742230.320113
4337803537.692037
4378144269.628515
4418765722.439079
4459669195.433261
4500855990.9205885
4542327414.210592
4584084773.612804
4626129380.436752
4668462548.99197
4711085596.587981
4753999843.534323
4797206613.140522
4840707231.716107
4884503028.570613
4928595336.013564
4972985489.354496
5017674826.902937
5062664689.968416
5107956422.860464
5153551372.888612
5199450890.362388
5245656328.591325
5292169043.88495
5338990395.552795
5386121745.904392
5433564460.249269
5481319906.896954
5529389457.156982
5577774485.338881
5626476368.752179
5675496487.706406
5724836225.511099
5774496968.475781
5824480105.909985
5874787030.123242
5925419136.42508
5976377823.1250305
6027664491.532623
6079280545.95739
6131227393.708857
6183506445.096559
6236119113.43002
6289066815.018779
6342350969.17236
6395972998.2002945
6449934327.412112
6504236385.117345
6558880602.625521
6613868414.246174
6669201257.288826
6724880572.063016
6780907801.87827
6837284393.04412
6894011794.870094
6951091459.665724
7008524842.7405405
7066313402.404072
7124458599.965848
7182961899.735402
7241824769.022262
7301048678.135959
7360635100.38602
7420585512.08198
7480901392.533364
7541584224.049709
7602635491.940538
7664056684.5153885
7725849293.083783
7788014811.955259
7850554738.43934
7913470572.845558
7976763818.483448
8040435981.662534
8104488571.69235
8168923100.882426
8233741084.542289
8298944040.98147
8364533491.509501
8430510960.435917
8496877975.070237
8563636065.721998
8630786765.70073
8698331611.31596
8766272141.877224
8834609899.694048
8903346430.07596
8972483281.332497
9042022004.773184
9111964154.707548
9182311288.44513
9253064966.29545
9324226751.56804
9395798210.572435
9467780912.618166
9540176430.014753
9612986338.071732
9686212215.098639
9759855642.404997
9833918204.300339
9908401488.094193
9983307084.096087
10058636585.615559
10134391588.962137
10210573693.445347
10287184501.374718
10364225618.059784
10441698651.810076
10519605213.935127
10597946918.744455
10676725383.547604
10755942228.654097
10835599077.373463
10915697556.015236
10996239293.888948
11077225923.30412
11158659079.57029
11240540400.99699
11322871528.893744
11405654107.570084
11488889784.335539
11572580209.499645
11656727036.371927
11741331921.261915
11826396523.479143
11911922505.333138
11997911532.13343
12084365272.18955
12171285396.811028
12258673580.30739
12346531499.98818
12434860836.162916
12523663272.141127
12612940494.23235
12702694191.746109
12792926056.99194
12883637785.27937
12974831074.917933
13066507627.217152
13158669146.48656
13251317340.035692
13344453918.174078
13438080594.211235
13532199084.456709
13626811108.220024
13721918387.810707
13817522648.5383
13913625618.712313
14010229029.642294
14107334615.637768
14204944114.008265
14303059265.06331
14401681812.112436
14500813501.465181
14600456082.43106
14700611307.319622
14801280931.440384
14902466713.102875
15004170413.616634
15106393797.291183
15209138631.436062
15312406686.360788
15416199735.374903
15520519554.787935
15625367923.909407
15730746625.048853
15836657443.515804
15943102167.61979
16050082588.670343
16157600500.97699
16265657701.849264
16374255991.596699
16483397173.528812
16593083053.955145
16703315442.185223
16814096150.528578
16925426994.294739
17037309791.79324
17149746364.333601
17262738536.22536
17376288134.778057
17490396990.301197
17605066936.104336
17720299808.496994
17836097446.788692
17952461693.28897
18069394393.307358
18186897395.15339
18304972550.13658
18423621712.566475
18542846739.7526
18662649492.00449
18783031832.63166
18903995627.943657
19025542747.249996
19147675062.86022
19270394450.08385
19393702787.23042
19517601955.60947
19642093839.53051
19767180326.303085
19892863306.236725
20019144672.64095
20146026321.825302
20273510153.0993
20401598068.772484
20530291974.154377
20659593777.554516
20789505390.28243
20920028726.64764
21051165703.959686
21182918242.52809
21315288265.662395
21448277699.67212
21581888473.86679
21716122520.555954
21850981775.049126
21986468175.655846
22122583663.68564
22259330183.44804
22396709682.25257
22534724110.40876
22673375421.22615
22812665571.014263
22952596519.082638
23093170227.7408
23234388662.298264
23376253791.06459
23518767585.34929
23661932019.46188
23805749070.711918
23950220719.40893
24095348948.862427
24241135745.38194
24387583098.277035
24534692999.857204
24682467445.43198
24830908433.310925
24980017964.80353
25129798044.21935
25280250678.86791
25431377879.058735
25583181658.101357
25735664032.305317
25888827020.98013
26042672646.435326
26197202933.98045
26352419911.92501
26508325611.578564
26664922067.250618
26822211316.25072
26980195398.888382
27138876358.473156
27298256241.314552
27458337096.722115
27619120977.005352
27780609937.47383
27942806036.43705
28105711335.20455
28269327898.085865
28433657792.390522
28598703088.428043
28764465859.50797
28930948181.939835
29098152135.033165
29266079801.09747
29434733265.44231
29604114616.3772
29774225945.211678
29945069346.255264
30116646916.817493
30288960757.20789
30462012970.736004
30635805663.71135
30810340945.443455
30985620928.24185
31161647727.416065
31338423461.275646
31515950251.130123
31694230221.28899
31873265499.061813
32053058214.758118
32233610501.687416
32414924496.159256
32597002337.483166
32779846167.968662
32963458132.92528
33147840380.662567
33332995062.490044
33518924332.71723
33705630348.65366
33893115270.608864
34081381261.892384
34270430488.81374
34460265120.682465
34650887329.8081
34842299291.50013
35034503184.06813
35227501188.82164
35421295490.07015
35615888275.12321
35811281734.29034
36007478060.881096
36204479451.20499
36402288104.57153
36600906223.29029
36800336012.67078
37000579681.02254
37201639439.65506
37403517502.87793
37606216088.00063
37809737415.33272
38014083708.18371
38219257192.86317
38425260098.68056
38632094657.945465
38839763105.967415
39048267681.05592
39257610624.52051
39467794180.67074
39678820596.816086
39890692123.26616
40103411013.330414
40316979523.31843
40531399912.539696
40746674443.30379
40962805380.9202
41179794993.69848
41397645552.94816
41616359332.97876
41835938611.09981
42056385667.620834
42277702785.85137
42499892252.10098
42722956355.67915
42946897388.895424
43171717647.05933
43397419428.48039
43624005034.46818
43851476769.33217
44079836940.381905
44309087857.92695
44539231835.276794
44770271188.741
45002208237.62906
45235045304.25055
45468784713.91497
45703428794.93186
45938979878.610725
46175440299.26114
46412812394.192604
46651098503.71464
46890300971.13682
47130422142.768654
47371464367.91963
47613429998.89935
47856321391.01729
48100140902.58299
48344890894.90601
48590573732.29585
48837191782.06206
49084747414.51414
49333243002.96165
49582680923.714096
49833063556.08103
50084393282.371994
50336672487.89648
50589903560.964035
50844088892.88418
51099230877.96649
51355331913.52044
51612394399.85559
51870420740.28145
52129413341.107544
52389374611.64345
52650306964.198654
52912212814.082695
53175094579.60514
53438954682.07546
53703795545.80321
53969619598.09793
54236429269.26914
54504226992.62638
54773015204.47917
55042796344.13703
55313572853.909515
55585347179.10615
55858121768.036446
56131899072.00996
56406681545.336205
56682471645.32469
56959271832.285
57237084569.526634
57515912323.35912
57795757563.091995
58076622761.03476
58358510392.49701
58641422935.7882
58925362872.217896
59210332686.09565
59496334864.73096
59783371898.433365
60071446280.51241
60360560507.27758
60650717078.03846
60941918495.10455
61234167263.7854
61527465892.390526
61821816892.22945
62117222777.61171
62413686065.84684
62711209277.24437
63009794935.11384
63309445565.764755
63610163698.50665
63911951865.64907
64214812602.50155
64518748447.37361
64823761941.57477
65129855629.414566
65437032058.20253
65745293778.24822
66054643342.86112
66365083308.350784
66676616234.02674
66989244682.1985
67302971218.17564
67617798410.26764
67933728829.78406
68250765051.0344
68568909651.328255
68888165210.97508
69208534313.28442
69530019544.56586
69852623494.12889
70176348754.28302
70501197920.3378
70827173590.60278
71154278366.38747
71482514852.0014
71811885654.7541
72142393384.95514
72474040655.91399
72806830083.94017
73140764288.34328
73475845891.43277
73812077518.51828
74149461797.90921
74488001360.91519
74827698841.84573
75168556878.01031
75510578109.71852
75853765180.27986
76198120736.00388
76543647426.20006
76890347903.17798
77238224822.24718
77587280841.71715
77937518622.89743
78288940830.09755
78641550130.62706
78995349194.79547
79350340695.91231
79706527310.28714
80063911717.22946
80422496599.0488
80782284641.0547
81143278531.55669
81505480961.86432
81868894626.28703
82233522222.13448
82599366449.71613
82966430012.34152
83334715616.32018
83704225970.96161
84074963788.5754
84446931784.47104
84820132676.95808
85194569187.34602
85570244039.9444
85947159962.06279
86325319684.0107
86704725939.09764
87085381463.63313
87467288996.92673
87850451281.288
88234871062.02637
88620551087.45143
89007494108.87276
89395702880.59981
89785180159.94217
90175928707.20929
90567951285.7108
90961250661.7562
91355829604.65494
91751690886.71667
92148837283.25081
92547271572.56699
92946996535.9747
93348014957.78342
93750329625.30275
94153943328.8422
94558858861.71124
94965079020.21951
95372606603.6765
95781444414.39168
96191595257.67464
96603061941.83488
97015847278.18198
97429954081.02542
97845385167.67476
98262143358.4395
98680231476.62917
99099652348.55331
99520408803.5215
99942503673.84322
100365939794.82799
100790720004.78531
101216847145.02483
101644324059.85596
102073153596.58832
102503338605.53137
102934881939.99466
103367786456.28778
103802055013.72014
104237690474.60138
104674695704.241
105113073570.94846
105552826946.0334
105993958703.80527
106436471721.57365
106880368879.64803
107325653061.338
107772327152.95299
108220394043.80263
108669856626.19641
109120717795.44385
109572980449.85448
110026647490.73787
110481721822.40352
110938206352.1609
111396103990.31969
111855417650.18925
112316150248.07922
112778304703.29913
113241883938.15843
113706890877.96674
114173328451.03358
114641199588.66838
115110507225.18079
115581254297.88028
116053443747.07639
116527078516.07866
117002161551.19662
117478695801.7398
117956684220.01772
118436129761.33989
118917035384.01588
119399404049.3552
119883238721.66737
120368542368.26196
120855317959.44846
121343568468.5364
121833296871.83536
122324506148.65482
122817199281.30432
123311379255.0934
123807049058.33159
124304211682.32845
124802870121.3934
125303027372.83606
125804686436.96599
126307850317.09265
126812522019.5256
127318704553.57437
127826400931.5485
128335614168.75749
128846347283.5109
129358603297.11823
129872385233.88905
130387696121.13281
130904538989.15918
131422916871.27756
131942832803.79753
132464289826.02867
132987290980.28041
133511839311.86234
134037937869.08395
134565589703.25485
135094797868.68451
135625565422.6824
136157895425.5582
136691790940.62132
137227255034.18138
137764290775.54782
138302901237.03018
138843089493.93808
139384858624.58093
139928211710.2684
140473151835.30994
141019682087.01498
141567805555.69324
142117525334.65414
142668844520.20724
143221766211.66202
143776293511.3281
144332429524.5149
144890177359.53204
145449540127.6891
146010520943.29547
146573122923.66074
147137349189.09445
147703202862.9061
148270687071.40527
148839804943.90146
149410559612.70422
149982954213.12308
150556991883.46747
151132675765.04706
151710009002.1714
152288994742.1498
152869636135.29202
153451936334.90753
154035898497.3058
154621525781.79636
155208821350.6888
155797788369.29266
156388430005.9174
156980749431.87256
157574749821.46774
158170434352.01242
158767806203.8161
159366868560.18842
159967624607.4388
160570077534.8768
161174230534.81198
161780086802.55383
162387649536.4119
162996921937.6957
163607907210.71484
164220608562.77875
164835029204.19702
165451172348.27908
166069041211.33463
166688639012.67307
167309968974.60397
167933034322.43686
168557838284.4812
169184384092.0467
169812674979.44275
170442714183.97888
171074504945.96475
171708050508.70972
172343354118.52332
172980419024.71524
173619248479.59485
174259845738.4718
174902214059.65558
175546356704.45578
176192276937.18176
176839978025.14307
177489463238.64948
178140735851.0103
178793799138.53516
179448656380.5335
180105310859.31494
180763765860.18896
181424024671.46515
182086090584.4529
182749966893.4619
183415656895.80157
184083163891.7816
184752491184.71127
185423642080.9003
186096619889.6581
186771427923.29437
187448069497.11844
188126547929.44
188806866541.56842
189489028657.81348
190173037605.48444
190858896714.89096
191546609319.34265
192236178755.14883
192927608361.61917
193620901481.06326
194316061458.79044
195013091643.11038
195711995385.3326
196412776039.7666
197115436963.72192
197819981517.50812
198526413064.43457
199234734970.81104
199944950605.9469
200657063342.15176
201371076554.73517
202086993622.0065
202804817925.2754
203524552848.85147
204246201780.0441
204969768109.16293
205695255229.51736
206422666537.41702
207152005432.17145
207883275316.0901
208616479594.48267
209351621675.65848
210088704970.92715
210827732894.5982
211568708863.98126
212311636299.3857
213056518624.12115
213803359264.49707
214552161649.82297
215302929212.40857
216055665387.56326
216810373613.59653
217567057331.81793
218325719986.5371
219086365025.06348
219848995897.70657
220613616057.77597
221380228961.5812
222148838068.43173
222919446840.63724
223692058743.50702
224466677245.3508
225243305817.4781
226021947934.1983
226802607072.82095
227585286713.6558
228369990340.01218
229156721438.19968
229945483497.5279
230736280010.3062
231529114471.8442
232323990380.4515
233120911237.43753
233919880547.11185
234720901816.784
235523978556.7635
236329114280.35986
237136312503.88272
237945576746.64145
238756910530.94568
239570317382.10492
240385800828.4287
241203364401.22653
242023011634.808
242844746066.4826
243668571236.55994
244494490688.34927
245322507968.1604
246152626625.30283
246984850212.08597
247819182283.81943
248655626398.81277
249494186118.37543
250334865006.81705
251177666631.44705
252022594562.575
252869652373.51044
253718843640.56296
254570171943.04202
255423640863.25708
256279253986.51782
257137014901.13373
257996927198.4142
258858994472.669
259723220321.20746
260589608344.3393
261458162145.37378
262328885330.6206
263201781509.38928
264076854293.9894
264954107299.73044
265833544144.92178
266715168450.87323
267598983841.89413
268484993945.294
269373202391.38257
270263612813.46918
271156228847.8634
272051054133.8748
272948092313.81287
273847347032.98718
274748821939.70715
275652520685.2825
276558446924.0225
277466604313.237
278376996513.23535
279289627187.327
280204500001.82166
281121618626.02875
282040986732.2578
282962607995.81836
283886486095.0201
284812624711.1722
285741027528.58453
286671698234.5665
287604640519.4276
288539858076.4774
289477354602.0254
290417133795.3813
291359199358.8544
292303554997.7542
293250204420.39044
294199151338.0726
295150399465.11017
296103952518.81256
297059814219.4896
298017988290.45044
298978478458.00507
299941288451.4626
300906422003.1326
301873882848.3249
302843674725.3488
303815801375.51373
304790266543.12964
305767073975.5057
306746227422.95154
307727730638.7766
308711587379.2905
309697801403.8028
310686376474.6229
311677316357.06055
312670624819.42505
313666305633.02606
314664362572.17316
315664799414.1758
316667619939.3435
317672827930.9856
318680427175.41205
319690421461.93207
320702814582.85535
321717610333.4913
322734812512.14954
323754424920.1395
324776451361.7709
325800895644.353
326827761578.19556
327857052976.60803
328888773655.8999
329922927435.38086
330959518137.36017
331998549587.1475
333040025613.0524
334083950046.3844
335130326721.45306
336179159475.56775
337230452149.03815
338284208585.1738
339340432630.28424
340399128133.67883
341460298947.66736
342523948927.55914
343590081931.6637
344658701821.2907
345729812460.74976
346803417717.3501
347879521461.4014
348958127566.21326
350039239908.09503
351122862366.3567
352208998823.30725
353297653164.2565
354388829277.5138
355482531054.3888
356578762389.19116
357677527179.2301
358778829324.81537
359882672729.2566
360989061298.8629
362097998942.9443
363209489573.81006
364323537106.7696
365440145460.1327
366559318555.20886
367681060316.3074
368805374670.73804
369932265548.81036
371061736883.83374
372193792612.1176
373328436672.97186
374465673008.7057
375605505564.6288
376747938289.05066
377892975133.2809
379040620051.6289
380190877001.4041
381343749942.91644
382499242839.4751
383657359657.3896
384818104365.96967
385981480937.52466
387147493347.36426
388316145573.79785
389487441598.13513
390661385404.6855
391837980980.7585
393017232316.6637
394199143405.71075
395383718244.20886
396570960831.4678
397760875169.7971
398953465264.50604
400148735123.9045
401346688759.3019
402547330185.0076
403750663418.3314
404956692479.5826
406165421392.0708
407376854182.1055
408590994878.99646
409807847515.05286
411027416125.5844
412249704748.9006
413474717426.31104
414702458202.1253
415932931123.6528
417166140241.203
418402089608.08563
419640783280.6099
420882225318.0858
422126419782.82245
423373370740.1296
424623082258.3167
425875558408.6934
427130803265.5689
428388820906.2531
429649615411.0553
430913190863.2853
432179551349.25226
433448700958.26605
434720643782.6361
435995383917.6717
437272925461.68256
438553272515.97833
439836429184.86847
441122399575.66235
442411187798.66974
443702797967.2001
444997234197.56256
446294500609.0673
447594601324.0236
448897540467.7408
450203322168.52875
451511950557.6966
452823429769.55414
454137763941.41077
455454957213.57623
456775013729.35986
458097937635.07117
459423733080.02
460752404216.51544
462083955199.8671
463418390188.3849
464755713343.378
466095928829.15607
467439040813.0286
468785053465.3052
470133970959.2951
471485797471.30817
472840537180.6538
474198194269.64166
475558772923.58105
476922277330.78174
478288711682.55304
479658080173.2045
481030387000.04584
482405636363.38635
483783832466.5361
485164979515.8037
486549081720.4994
487936143292.93256
489326168448.4126
490719161405.2491
492115126384.7518
493514067611.2297
494915989311.9929
496320895717.3506
497728791060.61237
499139679578.08813
500553565509.0866
501970453095.9182
503390346583.89197
504813250221.3173
506239168259.5041
507668104952.7617
509100064558.39966
510535051336.72766
511973069551.055
513414123467.6912
514858217355.946
516305355488.1288
517755542139.5492
519208781588.51666
520665078116.3406
522124436007.3307
523586859548.7966
525052353031.04767
526520920747.39355
527992566994.1435
529467296070.6074
530945112279.0947
532426019924.91455
533910023316.37695
535397126764.79144
536887334584.4671
538380651092.71387
539877080609.84094
541376627459.15826
542879295966.9753
544385090462.601
545894015278.3457
547406074749.5183
548921273214.4288
550439615014.3864
551961104493.7007
553485745999.6814
555013543882.6377
556544502495.8794
558078626195.7163
559615919341.4573
561156386295.4122
562700031422.8906
564246859092.202
565796873674.656
567350079544.562
568906481079.2294
570466082658.9681
572028888667.0875
573594903489.8969
575164131516.7062
576736577139.8245
578312244754.5616
579891138759.2268
581473263555.1301
583058623546.5809
584647223140.8883
586239066748.3623
587834158782.312
589432503659.0474
591034105797.8776
592638969621.1127
594247099554.0614
595858500025.0337
597473175465.3395
599091130309.2877
600712368994.1882
602336895960.3503
603964715651.0836
605595832512.6979
607230250994.5023
608867975548.8065
610509010630.9203
612153360699.1527
613801030214.8138
615452023642.2126
617106345448.6589
618764000104.4625
620424992082.9325
622089325860.3783
623757005916.11
625428036732.4369
627102422794.6683
628780168591.114
630461278613.0833
632145757354.8859
633833609313.8312
635524838990.229
637219450887.3885
638917449511.6195
640618839372.2312
642323624981.5336
644031810854.8356
645743401510.4475
647458401469.678
649176815256.8374
650898647399.2349
652623902427.1798
654352584873.9822
656084699275.9508
657820250172.396
659559242105.6267
661301679620.9528
663047567266.6836
664796909594.1289
666549711157.5978
668305976514.4003
670065710224.8455
671828916852.2433
673595600962.9031
675365767126.1344
677139419914.2467
678916563902.5497
680697203669.3524
682481343795.9651
684268988866.6969
686060143468.8572
687854812192.756
689652999631.7024
691454710382.0061
693259949042.9766
695068720216.9235
696881028509.1561
698696878527.9845
700516274884.7173
702339222193.6649
704165725072.1366
705995788140.4415
707829416021.8896
709666613342.7903
711507384732.4529
713351734823.1873
715199668250.3029
717051189652.1093
718906303669.9158
720765014948.0322
722627328133.7676
724493247877.4319
726362778832.3351
728235925654.7855
730112693004.0931
731993085542.5684
733877107935.5201
735764764851.2574
737656060961.0906
739551000939.3286
741449589463.2811
743351831213.2579
745257730872.5685
747167293127.5222
749080522667.4285
750997424184.5972
752918002374.3372
754842261934.959
756770207567.7717
758701843977.0846
760637175870.2075
762576207957.4497
764518944952.1208
766465391570.5303
768415552531.988
770369432558.8033
772327036376.2859
774288368712.7448
776253434299.4896
778222237870.8303
780194784164.0762
782171077919.537
784151123880.5217
786134926793.3405
788122491407.3024
790113822474.7173
792108924750.8945
794107802994.1437
796110461965.7742
798116906430.0956
800127141154.4177
802141170909.0498
804159000467.3015
806180634605.4824
808206078102.9017
810235335741.8694
812268412307.6943
814305312588.687
816346041376.1559
818390603464.4114
820439003650.7628
822491246735.5193
824547337521.9906
826607280816.4866
828671081428.3162
830738744169.7892
832810273856.2155
834885675305.904
836964953340.1648
839048112783.3071
841135158462.6405
843226095208.4747
845320927854.1189
847419661235.8826
849522300193.0759
851628849568.0078
853739314205.9878
855853698955.3257
857972008667.331
860094248196.3132
862220422399.5818
864350536137.4465
866484594273.2164
868622601673.2014
870764563206.7108
872910483746.0547
875060368166.5416
877214221346.4822
879372048167.1848
881533853512.9598
883699642271.1171
885869419331.965
888043189588.8137
890220957937.9729
892402729278.7518
894588508513.4602
896778300547.4072
898972110288.9027
901169942649.2565
903371802542.7772
905577694886.7755
907787624601.5603
910001596610.4409
912219615839.7272
914441687218.7284
916667815679.7544
918898006158.115
921132263592.1184
923370592923.0758
925612999095.2958
927859487056.0884
930110061755.7621
932364728147.6278
934623491187.9941
936886355836.1709
939153327054.4678
941424409808.1942
943699609065.6594
945978929798.1736
948262376980.0454
950549955588.5851
952841670604.1017
955137527009.9049
957437529792.3047
959741683940.61
962049994447.1302
964362466307.1758
966679104519.0555
968999914084.0791
971324900006.5559
973654067293.7959
975987420956.108
978324966006.8024
980666707462.1884
983012650341.575
985362799667.2723
987717160464.59
990075737761.8368
992438536590.323
994805561984.358
997176818981.2512
999552312621.312
1001932047947.8505
1004316030007.1757
1006704263848.5966
1009096754524.424
1011493507089.9664
1013894526603.534
1016299818126.4362
1018709386722.9822
1021123237460.4816
1023541375409.2439
1025963805642.5791
1028390533236.7963
1030821563271.2051
1033256900828.1152
1035696550992.836
1038140518853.6769
1040588809501.9478
1043041428031.9576
1045498379541.0165
1047959669129.4336
1050425301900.5183
1052895282960.5809
1055369617418.9304
1057848310387.876
1060331366982.7281
1062818792321.7955
1065310591526.3882
1067806769720.8148
1070307332032.3864
1072812283591.4113
1075321629531.1992
1077835374988.0599
1080353525101.3027
1082876085013.2373
1085403059869.1736
1087934454817.4203
1090470275009.2875
1093010525599.0844
1095555211744.121
1098104338604.7068
1100657911344.151
1103215935128.763
1105778415127.8523
1108345356513.7288
1110916764461.702
1113492644150.0815
1116073000760.1768
1118657839476.2966
1121247165485.7517
1123840983978.851
1126439300148.904
1129042119192.22
1131649446308.1094
1134261286698.8806
1136877645569.8445
1139498528129.309
1142123939588.585
1144753885161.9812
1147388370066.8074
1150027399523.3738
1152670978754.9885
1155319112987.9622
1157971807451.604
1160629067378.2234
1163290898003.13
1165957304564.6335
1168628292304.0432
1171303866465.6685
1173984032296.8188
1176668795047.805
1179358159971.9348
1182052132325.5188
1184750717367.8667
1187453920361.2866
1190161746571.0896
1192874201265.5845
1195591289716.081
1198313017196.8887
1201039388985.3167
1203770410361.675
1206506086609.273
1209246423014.4204
1211991424866.4263
1214741097457.6008
1217495446083.2527
1220254476041.6924
1223018192634.2288
1225786601165.1716
1228559706941.8303
1231337515274.5144
1234120031476.5334
1236907260864.1975
1239699208756.815
1242495880476.696
1245297281349.1506
1248103416702.4878
1250914291868.017
1253729912180.0479
1256550282975.8901
1259375409595.8528
1262205297383.2466
1265039951684.379
1267879377848.5618
1270723581228.103
1273572567178.3125
1276426341057.5
1279284908226.9756
1282148274051.047
1285016443897.0261
1287889423135.2207
1290767217138.9414
1293649831284.4966
1296537270951.197
1299429541521.3506
1302326648380.2688
1305228596916.2603
1308135392520.6345
1311047040587.701
1313963546514.769
1316884915702.1482
1319811153553.1492
1322742265474.0798
1325678256874.2507
1328619133165.9707
1331564899764.5503
1334515562088.298
1337471125558.524
1340431595599.5376
1343396977638.6484
1346367277106.1653
1349342499435.3997
1352322650062.659
1355307734427.2532
1358297757971.4927
1361292726140.6863
1364292644383.1436
1367297518150.1748
1370307352896.0886
1373322154078.195
1376341927156.8032
1379366677595.2224
1382396410859.7637
1385431132419.735
1388470847747.4463
1391515562318.2075
1394565281610.327
1397620011105.1162
1400679756286.8833
1403744522642.9387
1406814315663.5903
1409889140842.1494
1412969003674.9246
1416053909661.2258
1419143864303.3623
1422238873106.6436
1425338941579.3794
1428444075232.8792
1431554279581.453
1434669560142.409
1437789922436.058
1440915371985.7095
1444045914317.6719
1447181554961.2559
1450322299448.7705
1453468153315.5251
1456619122099.8296
1459775211342.9934
1462936426589.3262
1466102773386.1372
1469274257283.7363
1472450883835.4329
1475632658597.5356
1478819587129.3552
1482011674993.2007
1485208927754.3823
1488411350981.209
1491618950244.9895
1494831731120.0342
1498049699183.6533
1501272860016.1555
1504501219200.8496
1507734782324.0466
1510973554975.0547
1514217542746.1848
1517466751232.7454
1520721186033.0461
1523980852748.3972
1527245756983.1074
1530515904344.4866
1533791300442.845
1537071950891.4905
1540357861306.7336
1543649037307.884
1546945484517.2512
1550247208560.1443
1553554215064.873
1556866509662.747
1560184097988.0757
1563506985678.1685
1566835178373.3352
1570168681716.8853
1573507501355.1287
1576851642937.3733
1580201112115.9304
1583555914546.1094
1586916055886.2188
1590281541797.5686
1593652377944.4685
1597028569994.2283
1600410123617.1567
1603797044486.5647
1607189338278.7598
1610587010673.0527
1613990067351.7532
1617398514000.1704
1620812356306.6138
1624231599962.3933
1627656250661.8176
1631086314102.1968
1634521795983.84
1637962702010.0579
1641409037887.1587
1644860809324.453
1648318022034.2498
1651780681731.8582
1655248794135.5881
1658722364966.7493
1662201399949.6511
1665685904811.603
1669175885282.9146
1672671347096.8962
1676172295989.855
1679678737701.1038
1683190677972.9492
1686708122550.7026
1690231077182.6726
1693759547620.1685
1697293539617.5015
1700833058931.9783
1704378111323.9116
1707928702556.6082
1711484838396.3804
1715046524612.535
1718613766977.383
1722186571266.234
1725764943257.3962
1729348888732.1807
1732938413474.8962
1736533523272.8525
1740134223916.3594
1743740521198.7266
1747352420916.2625
1750969928868.2773
1754593050857.0806
1758221792687.9814
1761856160169.2903
1765496159112.3162
1769141795331.368
1772793074643.756
1776450002869.7903
1780112585832.7795
1783780829359.0325
1787454739277.8604
1791134321421.5723
1794819581625.4766
1798510525727.8843
1802207159570.104
1805909488996.4458
1809617519854.219
1813331257993.733
1817050709268.297
1820775879534.221
1824506774650.8157
1828243400480.3882
1831985762888.2493
1835733867742.709
1839487720915.0757
1843247328279.6594
1847012695713.7708
1850783829097.7175
1854560734314.8108
1858343417251.3586
1862131883796.6711
1865926139843.0583
1869726191285.8296
1873532044023.2944
1877343703956.7607
1881161176990.5405
1884984469031.9417
1888813585991.2751
1892648533781.8494
1896489318319.9744
1900335945524.9595
1904188421319.1133
1908046751627.7473
1911910942379.1692
1915780999504.69
1919656928938.618
1923538736618.2634
1927426428483.9353
1931320010478.9438
1935219488549.5989
1939124868645.2087
1943036156718.0835
1946953358723.5325
1950876480619.866
1954805528368.3926
1958740507933.422
1962681425282.265
1966628286385.2292
1970581097215.6255
1974539863749.7622
1978504591966.9507
1982475287849.4988
1986451957382.7166
1990434606554.9133
1994423241357.3994
1998417867784.484
2002418491833.4763
2006425119504.6853
2010437756801.4216
2014456409729.9956
2018481084299.714
2022511786522.8892
2026548522414.8281
2030591297993.8425
2034640119281.2405
2038694992301.3323
2042755923081.4275
2046822917651.8354
2050895982045.8652
2054975122299.8271
2059060344453.0308
2063151654547.784
2067249058629.3984
2071352562746.1821
2075462172949.4465
2079577895293.498
2083699735835.6494
2087827700636.2092
2091961795758.4849
2096102027268.788
2100248401236.4287
2104400923733.7153
2108559600835.9568
2112724438621.464
2116895443171.546
2121072620570.5122
2125255976905.6719
2129445518267.3352
2133641250748.8113
2137843180446.4097
2142051313459.4402
2146265655890.2114
2150486213844.0342
2154712993429.218
2158946000757.071
2163185241941.9048
2167430723101.0261
2171682450354.746
2175940429826.3748
2180204667642.2207
2184475169931.5945
2188751942826.8052
2193034992463.1616
2197324324978.9739
2201619946515.5513
2205921863217.2036
2210230081231.24
2214544606707.971
2218865445800.7056
2223192604665.7524
2227526089462.422
2231865906353.0234
2236212061502.8657
2240564561080.2607
2244923411256.5156
2249288618205.941
2253660188105.845
2258038127136.54
2262422441481.332
2266813137326.5337
2271210220861.453
2275613698278.398
2280023575772.6816
2284439859542.611
2288862555789.496
2293291670717.6475
2297727210534.3726
2302169181449.9834
2306617589677.7876
2311072441434.095
2315533742938.2163
2320001500412.4595
2324475720082.1357
2328956408175.5527
2333443570924.022
2337937214561.852
2342437345326.351
2346943969457.831
2351457093199.6
2355976722797.968
2360502864502.2437
2365035524564.738
2369574709240.76
2374120424788.618
2378672677469.623
2383231473548.084
2387796819291.311
2392368720969.613
2396947184856.2993
2401532217227.68
2406123824363.065
2410722012544.762
2415326788058.083
2419938157191.336
2424556126235.831
2429180701485.8765
2433811889238.783
2438449695794.861
2443094127457.418
2447745190532.7646
2452402891330.211
2457067236162.0645
2461738231343.636
2466415883193.237
2471100198032.1743
2475791182184.757
2480488841978.2974
2485193183743.103
2489904213812.484
2494621938522.7495
2499346364213.2085
2504077497226.174
2508815343906.9507
2513559910603.8506
2518311203668.1826
2523069229454.2573
2527833994319.384
2532605504623.8706
2537383766731.029
2542168787007.166
2546960571821.5933
2551759127546.619
2556564460557.5547
2561376577232.708
2566195483953.3887
2571021187103.9077
2575853693071.5728
2580693008246.6943
2585539139022.5806
2590392091795.5435
2595251872964.891
2600118488932.933
2604991946104.979
2609872250889.339
2614759409697.322
2619653428943.237
2624554315044.393
2629462074421.1025
2634376713496.672
2639298238697.4126
2644226656452.634
2649161973194.6445
2654104195358.755
2659053329383.274
2664009381709.5103
2668972358781.7754
2673942267047.378
2678919112956.627
2683902902962.833
2688893643522.3047
2693891341094.352
2698896002141.2837
2703907633128.411
2708926240524.0415
2713951830799.485
2718984410429.054
2724023985890.0547
2729070563662.797
2734124150230.592
2739184752079.7476
2744252375699.5737
2749327027582.3813
2754408714223.4785
2759497442121.174
2764593217776.7793
2769696047694.603
2774805938381.9556
2779922896349.144
2785046928109.4805
2790178040179.2734
2795316239077.832
2800461531327.467
2805613923453.4863
2810773421984.2
2815940033450.92
2821113764387.9526
2826294621332.6084
2831482610825.197
2836677739409.0283
2841880013630.4106
2847089440038.655
2852306025186.071
2857529775627.967
2862760697922.652
2867998798631.4375
2873244084318.632
2878496561551.545
2883756236900.4863
2889023116938.765
2894297208242.6914
2899578517391.5737
2904867050967.7236
2910162815556.447
2915465817746.057
2920776064127.8623
2926093561296.172
2931418315848.295
2936750334384.5425
2942089623508.221
2947436189825.643
2952790039946.117
2958151180481.954
2963519618048.46
2968895359263.9478
2974278410749.726
2979668779130.1035
2985066471032.389
2990471493086.894
2995883851926.9277
3001303554188.8
3006730606511.8184
3012165015538.294
3017606787913.536
3023055930285.8535
3028512449306.5557
3033976351629.9546
3039447643913.3574
3044926332817.074
3050412425004.4146
3055905927141.6875
3061406845898.204
3066915187946.273
3072430959961.2026
3077954168621.3037
3083484820607.8857
3089022922605.258
3094568481300.7295
3100121503384.612
3105681995550.2124
3111249964493.8403
3116825416914.8076
3122408359515.4214
3127998799000.9927
3133596742079.829
3139202195463.2437
3144815165865.542
3150435660004.0366
3156063684599.036
3161699246373.848
3167342352054.7856
3172993008371.1562
3178651222055.269
3184316999842.433
3189990348470.961
3195671274682.1597
3201359785220.3384
3207055886832.8076
3212759586269.8774
3218470890284.856
3224189805634.0547
3229916339076.7817
3235650497375.345
3241392287295.0576
3247141715604.228
3252898789074.1646
3258663514479.176
3264435898596.574
3270215948206.6675
3276003670092.765
3281799071041.1763
3287602157841.2134
3293412937285.183
3299231416168.3955
3305057601289.1597
3310891499448.7866
3316733117451.586
3322582462104.8647
3328439540218.934
3334304358607.1055
3340176924085.6836
3346057243473.9814
3351945323594.3105
3357841171271.975
3363744793335.288
3369656196615.559
3375575387947.096
3381502374167.2104
3387437162116.21
3393379758637.4053
3399330170577.105
3405288404784.6187
3411254468112.2563
3417228367415.329
3423210109552.143
3429199701384.0107
3435197149775.2407
3441202461593.141
3447215643708.024
3453236702993.1973
3459265646324.9697
3465302480582.653
3471347212648.5547
3477399849407.986
3483460397749.2554
3489528864563.6714
3495605256745.547
3501689581192.188
3507781844803.906
3513882054484.0107
3519990217138.809
3526106339677.6133
3532230429012.7334
3538362492059.476
3544502535736.1523
3550650566964.072
3556806592667.5454
3562970619773.879
3569142655213.3857
3575322705919.374
3581510778828.153
3587706880879.032
3593911019014.322
3600123200179.3296
3606343431322.3667
3612571719394.742
3618808071350.766
3625052494147.7476
3631304994745.996
3637565580108.821
3643834257202.5317
3650111032996.4395
3656395914462.85
3662688908577.0776
3668990022317.428
3675299262665.2124
3681616636604.74
3687942151123.321
3694275813211.2637
3700617629861.8804
3706967608071.4756
3713325754839.363
3719692077167.851
3726066582062.2495
3732449276530.8667
3738840167585.0137
3745239262238.998
3751646567510.1313
3758062090418.7227
3764485837988.0806
3770917817244.514
3777358035217.336
3783806498938.852
3790263215444.374
3796728191772.2124
3803201434963.673
3809682952063.068
3816172750117.7075
3822670836177.8984
3829177217296.9526
3835691900531.179
3842214892939.887
3848746201585.3853
3855285833532.9854
3861833795850.995
3868390095610.7236
3874954739886.4834
3881527735755.5796
3888109090298.3247
3894698810598.0293
3901296903740.9985
3907903376816.547
3914518236916.9805
3921141491137.6104
3927773146576.746
3934413210335.6953
3941061689518.772
3947718591233.28
3954383922589.5312
3961057690700.8364
3967739902683.506
3974430565656.8447
3981129686743.1665
3987837273067.7793
3994553331758.9937
4001277869948.1177
4008010894769.4604
4014752413360.335
4021502432861.0474
4028260960414.9067
4035028003168.2266
4041803568270.3115
4048587662873.4756
4055380294133.0244
4062181469207.2686
4068991195257.52
4075809479448.0874
4082636328946.277
4089471750922.403
4096315752549.7725
4103168341004.6934
4110029523466.4775
4116899307117.4355
4123777699142.8745
4130664706731.103
4137560337073.4346
4144464597364.1763
4151377494800.638
4158299036583.1294
4165229229914.958
4172168082002.4375
4179115600054.874
4186071791284.5786
4193036662906.858
4200010222140.0254
4206992476205.39
4213983432327.2607
4220983097732.946
4227991479652.7544
4235008585319.999
4242034421970.9883
4249068996845.0273
4256112317184.4326
4263164390234.509
4270225223243.5674
4277294823462.918
4284373198146.8687
4291460354552.7295
4298556299940.8125
4305661041574.424
4312774586719.8735
4319896942646.4727
4327028116626.5303
4334168115935.3535
4341316947851.2583
4348474619655.547
4355641138632.5312
4362816512069.5225
4370000747256.829
4377193851487.7617
4384395832058.628
4391606696268.7373
4398826451420.4
4406055104818.927
4413292663772.627
4420539135592.807
4427794527593.779
4435058847092.853
4442332101410.338
4449614297869.543
4456905443796.778
4464205546521.351
4471514613375.572
4478832651694.755
4486159668817.203
4493495672084.2295
4500840668840.142
4508194666432.251
4515557672210.868
4522929693529.298
4530310737743.854
4537700812213.846
4545099924301.58
4552508081372.368
4559925290794.52
4567351559939.343
4574786896181.151
4582231306897.249
4589684799467.948
4597147381276.56
4604619059709.389
4612099842155.75
4619589736007.95
4627088748661.299
4634596887514.105
4642114159967.682
4649640573426.335
4657176135297.373
4664720852991.11
4672274733920.853
4679837785502.91
4687410015156.595
4694991430304.213
4702582038371.075
4710181846785.492
4717790862978.7705
4725409094385.224
4733036548442.158
4740673232589.885
4748319154271.712
4755974320933.951
4763638740025.911
4771312418999.9
4778995365311.2295
4786687586418.207
4794389089782.144
4802099882867.348
4809819973141.13
4817549368073.799
4825288075138.665
4833036101812.039
4840793455573.226
4848560143904.54
4856336174291.29
4864121554221.781
4871916291187.327
4879720392682.237
4887533866203.821
4895356719252.387
4903188959331.243
4911030593946.704
4918881630608.074
4926742076827.665
4934611940120.786
4942491228005.748
4950379948003.856
4958278107639.426
4966185714439.762
4974102775935.177
4982029299658.979
4989965293147.478
4997910763939.983
5005865719578.804
5013830167609.25
5021804115579.632
5029787571041.258
5037780541548.438
5045783034658.481
5053795057931.699
5061816618931.398
5069847725223.889
5077888384378.482
5085938603967.487
5093998391566.212
5102067754752.968
5110146701109.063
5118235238218.807
5126333373669.512
5134441115051.482
5142558469958.032
5150685445985.469
5158822050733.1045
5166968291803.245
5175124176801.201
5183289713335.285
5191464909016.801
5199649771460.0625
5207844308282.38
5216048527104.061
5224262435548.414
5232486041241.749
5240719351813.378
5248962374895.608
5257215118123.749
5265477589136.111
5273749795574.003
5282031745081.736
5290323445306.618
5298624903898.96
5306936128512.069
5315257126802.257
5323587906428.833
5331928475054.104
5340278840343.383
5348639009964.979
5357008991590.201
5365388792893.355
5373778421551.757
5382177885245.713
5390587191658.531
5399006348476.524
5407435363388.999
5415874244088.267
5424322998269.637
5432781633631.419
5441250157874.921
5449728578704.454
5458216903827.326
5466715140953.851
5475223297797.33
5483741382074.081
5492269401503.408
5500807363807.626
5509355276712.037
5517913147944.96
5526480985237.694
5535058796324.558
5543646588942.855
5552244370832.897
5560852149737.994
5569469933404.454
5578097729581.59
5586735546021.707
5595383390480.118
5604041270715.13
5612709194488.055
5621387169563.198
5630075203707.875
5638773304692.392
5647481480290.057
5656199738277.181
5664928086433.074
5673666532540.046
5682415084383.406
5691173749751.464
5699942536435.526
5708721452229.91
5717510504931.914
5726309702341.856
5735119052263.044
5743938562501.787
5752768240867.392
5761608095172.171
5770458133231.434
5779318362863.488
5788188791889.646
5797069428134.217
5805960279424.506
5814861353590.828
5823772658466.489
5832694201887.801
5841625991694.071
5850568035727.61
5859520341833.731
5868482917860.737
5877455771659.939
5886438911085.651
5895432343995.179
5904436078248.831
5913450121709.922
5922474482244.757
5931509167722.645
5940554186015.898
5949609544999.826
5958675252552.736
5967751316555.939
5976837744893.744
5985934545453.462
5995041726125.402
6004159294802.871
6013287259382.182
6022425627762.642
6031574407846.5625
6040733607539.252
6049903234749.018
6059083297387.173
6068273803368.026
6077474760608.888
6086686177030.0625
6095908060554.867
6105140419109.607
6114383260623.59
6123636593029.131
6132900424261.534
6142174762259.111
6151459614963.172
6160754990318.028
6170060896270.982
6179377340772.353
6188704331775.44
6198041877236.563
6207389985115.025
6216748663373.137
6226117919976.209
6235497762892.55
6244888200093.468
6254289239553.273
6263700889249.282
6273123157161.795
6282556051274.124
6291999579572.579
6301453750046.472
6310918570688.109
6320394049492.8
6329880194458.858
6339377013587.589
6348884514883.305
6358402706353.3125
6367931596007.923
6377471191860.442
6387021501927.187
6396582534227.464
6406154296783.579
6415736797620.846
6425330044767.572
6434934046255.066
6444548810117.642
6454174344392.604
6463810657120.264
6473457756343.932
6483115650109.917
6492784346467.529
6502463853469.075
6512154179169.87
6521855331628.217
6531567318905.432
6541290149065.817
6551023830176.689
6560768370308.353
6570523777534.119
6580290059930.298
6590067225576.198
6599855282554.131
6609654238949.404
6619464102850.328
6629284882348.212
6639116585537.363
6648959220515.096
6658812795381.717
6668677318240.533
6678552797197.859
6688439240363.003
6698336655848.2705
6708245051768.98
6718164436243.43
6728094817392.938
6738036203341.808
6747988602217.355
6757952022149.884
6767926471272.708
6777911957722.135
6787908489637.473
6797916075161.035
6807934722438.124
6817964439617.058
6828005234849.141
6838057116288.682
6848120092092.996
6858194170422.392
6868279359440.17
6878375667312.648
6888483102209.137
6898601672301.94
6908731385766.37
6918872250780.738
6929024275526.35
6939187468187.52
6949361836951.552
6959547390008.76
6969744135552.453
6979952081778.936
6990171236887.525
7000401609080.523
7010643206563.249
7020896037544.004
7031160110234.1
7041435432847.844
7051722013602.55
7062019860718.528
7072328982419.083
7082649386930.529
7092981082482.17
7103324077306.318
7113678379638.286
7124043997716.383
7134420939781.913
7144809214079.19
7155208828855.521
7165619792361.221
7176042112849.595
7186475798576.949
7196920857802.601
7207377298788.853
7217845129801.017
7228324359107.407
7238814994979.323
7249317045691.086
7259830519520.0
7270355424746.371
7280891769653.514
7291439562527.735
7301998811658.345
7312569525337.652
7323151711860.969
7333745379526.605
7344350536635.866
7354967191493.063
7365595352405.508
7376235027683.509
7386886225640.373
7397548954592.41
7408223222858.934
7418909038762.253
7429606410627.674
7440315346783.51
7451035855561.0625
7461767945294.651
7472511624321.58
7483266900982.157
7494033783619.703
7504812280580.513
7515602400213.902
7526404150872.182
7537217540910.658
7548042578687.647
7558879272564.451
7569727630905.378
7580587662077.745
7591459374451.86
7602342776401.03
7613237876301.566
7624144682532.776
7635063203476.97
7645993447519.456
7656935423048.547
7667889138455.553
7678854602134.777
7689831822483.541
7700820807902.138
7711821566793.892
7722834107565.104
7733858438625.084
7744894568386.147
7755942505263.595
7767002257675.746
7778073834043.906
7789157242792.381
7800252492348.483
7811359591142.523
7822478547607.81
7833609370180.652
7844752067300.359
7855906647409.242
7867073118952.612
7878251490378.7705
7889441770139.037
7900643966687.714
7911858088482.114
7923084143982.545
7934322141652.319
7945572089957.746
7956833997368.133
7968107872355.789
7979393723396.023
7990691558967.149
8002001387550.476
8013323217630.31
8024657057693.961
8036002916231.737
8047360801736.953
8058730722705.914
8070112687637.933
8081506705035.316
8092912783403.371
8104330931250.417
8115761157087.753
8127203469429.695
8138657876793.548
8150124387699.626
8161603010671.236
8173093754234.686
8184596626919.289
8196111637257.351
8207638793784.186
8219178105038.099
8230729579560.398
8242293225895.402
8253869052590.414
8265457068195.743
8277057281264.698
8288669700353.592
8300294334021.731
8311931190831.427
8323580279347.989
8335241608139.725
8346915185777.948
8358601020836.965
8370299121894.084
8382009497529.618
8393732156326.872
8405467106872.161
8417214357754.791
8428973917567.074
8440745794904.317
8452529998364.832
8464326536549.927
8476135418063.908
8487956651514.091
8499790245510.779
8511636208667.291
8523494549599.927
8535365276928.0
8547248399273.821
8559143925262.697
8571051863522.94
8582972222685.857
8594905011385.762
8606850238259.959
8618807911948.764
8630778041095.479
8642760634346.417
8654755700350.887
8666763247761.201
8678783285232.664
8690815821423.589
8702860864995.285
8714918424612.062
8726988508941.228
8739071126653.094
8751166286420.967
8763273996921.16
8775394266832.98
8787527104838.736
8799672519623.74
8811830519876.305
8824001114287.73
8836184311552.334
8848380120367.418
8860588549433.3
8872809607453.29
8885043303133.688
8897289645183.81
8909548642315.969
8921820303245.465
8934104636690.615
8946401651372.725
8958711356016.107
8971033759348.07
8983368870098.922
8995716697001.973
9008077248793.533
9020450534212.91
9032836562002.418
9045235340907.361
9057646879676.055
9070071187059.8
9082508271812.916
9094958142692.705
9107420808459.48
9119896277876.549
9132384559710.225
9144885662729.81
9157399595707.621
9169926367418.96
9182465986642.15
9195018462158.49
9207583802752.285
9220162017210.855
9232753114324.506
9245357102886.547
9257973991693.285
9270603789544.037
9283246505241.105
9295902147589.8
9308570725398.434
9321252247478.312
9333946722643.75
9346654159712.057
9359374567503.535
9372107954841.502
9384854330552.26
9397613703465.123
9410386082412.4
9423171476229.402
9435969893754.436
9448781343828.814
9461605835296.842
9474443377005.828
9487293977806.092
9500157646550.936
9513034392096.666
9525924223302.6
9538827149031.04
9551743178147.303
9564672319519.686
9577614582019.512
9590569974521.084
9603538505901.715
9616520185041.709
9629515020824.385
9642523022136.04
9655544197865.992
9668578556906.547
9681626108153.018
9694686860503.715
9707760822859.943
9720848004126.012
9733948413209.234
9747062059019.918
9760188950471.371
9773329096479.908
9786482505964.832
9799649187848.46
9812829151056.096
9826022404516.05
9839228957159.63
9852448817921.154
9865681995737.922
9878928499550.244
9892188338301.438
9905461520937.805
9918748056408.658
9932047953666.305
9945361221666.059
9958687869366.223
9972027905728.115
9985381339716.037
9998748180297.307
10012128436442.225
10025522117124.107
10038929231319.26
10052349788006.988
10065783796169.615
10079231264792.438
10092692202863.77
10106166619374.92
10119654523320.205
10133155923696.918
10146670829505.385
10160199249748.904
10173741193433.793
10187296669569.363
10200865687167.914
10214448255244.758
10228044382818.213
10241654078909.576
10255277352543.166
10268914212746.291
10282564668549.254
10296228728985.375
10309906403090.953
10323597699905.305
10337302628470.734
10351021197832.559
10364753417039.082
10378499295141.617
10392258841194.469
10406032064254.945
10419818973383.365
10433619577643.033
10447433886100.258
10461261907824.348
10475103651887.613
10488959127365.365
10502828343335.912
10516711308880.564
10530608033083.635
10544518525032.424
10558442793817.248
10572380848531.416
10586332698271.236
10600298352136.018
10614277819228.07
10628271108652.707
10642278229518.234
10656299190935.959
10670334002020.193
10684382671888.25
10698445209660.432
10712521624460.055
10726611925413.422
10740716121649.852
10754834222301.646
10768966236504.121
10783112173395.572
10797272042117.328
10811445851813.686
10825633611631.951
10839835330722.45
10854051018238.479
10868280683336.352
10882524335175.373
10896781982917.863
10911053635729.121
10925339302777.463
10939638993234.195
10953952716273.627
10968280481073.062
10982622296812.826
10996978172676.217
11011348117849.545
11025732141522.12
11040130252886.252
11054542461137.254
11068968775473.432
11083409205096.092
11097863759209.553
11112332447021.12
11126815277741.098
11141312260582.799
11155823404762.533
11170348719499.613
11184888214016.348
11199441897538.047
11214009779293.012
11228591868512.56
11243188174431.0
11257798706285.64
11272423473316.79
11287062484767.758
11301715749884.855
11316383277917.395
11331065078117.68
11345761159741.023
11360471532045.73
11375196204293.117
11389935185747.492
11404688485676.162
11419456113349.432
11434238078040.62
11449034389026.033
11463845055584.984
11478670086999.771
11493509492555.717
11508363281541.12
11523231463247.295
11538114046968.555
11553011042002.21
11567922457648.559
11582848303210.92
11597788587995.602
11612743321311.912
11627712512472.16
11642696170791.658
11657694305588.71
11672706926184.633
11687734041903.732
11702775662073.32
11717831796023.697
11732902453088.186
11747987642603.088
11763087373907.715
11778201656344.373
11793330499258.375
11808473911998.035
11823631903914.65
11838804484362.543
11853991662699.014
11869193448284.383
11884409850481.945
11899640878658.021
11914886542181.916
11930146850425.943
11945421812765.406
11960711438578.615
11976015737246.889
11991334718154.523
12006668390688.836
12022016764240.139
12037379848201.734
12052757651969.938
12068150184944.053
12083557456526.395
12098979476122.271
12114416253139.992
12129867796990.863
12145334117089.2
12160815222852.305
12176311123700.494
12191821829057.078
12207347348348.36
12222887691003.648
12238442866455.26
12254012884138.508
12269597753491.686
12285197483956.113
12300812084976.1
12316441565998.953
12332085936474.99
12347745205857.506
12363419383602.82
12379108479170.24
12394812502022.078
12410531461623.637
12426265367443.23
12442014228952.17
12457778055624.764
12473556856938.316
12489350642373.145
12505159421412.55
12520983203542.855
12536821998253.354
12552675815036.371
12568544663387.197
12584428552804.158
12600327492788.56
12616241492844.71
12632170562479.914
12648114711204.492
12664073948531.746
12680048283977.98
12696037727062.521
12712042287307.658
12728061974238.717
12744096797384.002
12760146766274.814
12776211890445.475
12792292179433.29
12808387642778.566
12824498290024.615
12840624130717.746
12856765174407.271
12872921430645.494
12889092908987.727
12905279618992.287
12921481570220.469
12937698772236.592
12953931234607.963
12970178966904.893
12986441978700.686
13002720279571.668
13019013879097.129
13035322786859.39
13051647012443.758
13067986565438.537
13084341455435.041
13100711692027.586
13117097284813.467
13133498243393.006
13149914577369.506
13166346296349.283
13182793409941.635
13199255927758.883
13215733859416.336
13232227214532.297
13248736002728.072
13265260233627.984
13281799916859.33
13298355062052.43
13314925678840.588
13331511776860.113
13348113365750.316
13364730455153.506
13381363054714.99
13398011174083.084
13414674822909.088
13431354010847.322
13448048747555.092
13464759042692.7
13481484905923.47
13498226346913.695
13514983375332.703
13531756000852.785
13548544233149.254
13565348081900.438
13582167556787.625
13599002667495.13
13615853423710.27
13632719835123.346
13649601911427.674
13666499662319.564
13683413097498.316
13700342226666.244
13717287059528.666
13734247605793.879
13751223875173.203
13768215877380.943
13785223622134.402
13802247119153.902
13819286378162.74
13836341408887.238
13853412221056.695
13870498824403.428
13887601228662.742
13904719443572.95
13921853478875.355
13939003344314.275
13956169049637.014
13973350604593.883
13990548018938.195
14007761302426.25
14024990464817.37
14042235515873.854
14059496465361.02
14076773323047.172
14094066098703.615
14111374802104.672
14128699443027.64
14146040031252.834
14163396576563.564
14180769088746.143
14198157577589.871
14215562052887.064
14232982524433.025
14250419002026.078
14267871495467.516
14285340014561.658
14302824569115.807
14320325168940.28
14337841823848.389
14355374543656.428
14372923338183.723
14390488217252.572
14408069190688.295
14425666268319.191
14443279459976.58
14460908775494.76
14478554224711.05
14496215817465.758
14513893563602.19
14531587472966.652
14549297555408.463
14567023820779.928
14584766278936.355
14602524939736.055
14620299813040.34
14638090908713.518
14655898236622.895
14673721806638.783
14691561628634.496
14709417712486.336
14727290068073.617
14745178705278.646
14763083633986.734
14781004864086.195
14798942405468.328
14816896268027.453
14834866461660.873
14852852996268.898
14870855881754.842
14888875128025.008
14906910744988.715
14924962742558.262
14943031130648.967
14961115919179.135
14979217118070.074
14997334737246.096
15015468786634.51
15033619276165.63
15051786215772.762
15069969615392.209
15088169484963.29
15106385834428.307
15124618673732.58
15142868012824.404
15161133861655.104
15179416230178.98
15197715128353.348
15216030566138.504
15234362553497.773
15252711100397.459
15271076216806.867
15289457912698.312
15307856198047.102
15326271082831.545
15344702577032.953
15363150690635.639
15381615433626.902
15400096815997.06
15418594847739.42
15437109538850.29
15455640899328.979
15474188939177.803
15492753668402.07
15511335097010.08
15529933235013.152
15548548092425.592
15567179679264.715
15585828005550.816
15604493081307.219
15623174916560.232
15641873521339.164
15660588905676.318
15679321079607.006
15698070053169.54
15716835836405.23
15735618439358.383
15754417872076.312
15773234144609.318
15792067267010.72
15810917249336.822
15829784101646.943
15848667834003.373
15867568456471.445
15886485979119.453
15905420412018.713
15924371765243.527
15943340048871.213
15962325272982.08
15981327447659.434
16000346582989.586
16019382689061.846
16038435775968.523
16057505853804.918
16076592932669.354
16095697022663.133
16114818133890.572
16133956276458.97
16153111460478.646
16172283696062.896
16191472993328.05
16210679362393.404
16229902813381.268
16249143356416.951
16268401001628.764
16287675759148.021
16306967639109.031
16326276651649.092
16345602806908.53
16364946115030.643
16384306586161.748
16403684230451.145
16423079058051.148
16442491079117.076
16461920303807.23
16481366742282.912
16500830404708.441
16520311301251.129
16539809442081.281
16559324837372.203
16578857497300.207
16598407432044.611
16617974651787.713
16637559166714.824
16657160987014.264
16676780122877.334
16696416584498.334
16716070382074.596
16735741525806.412
16755430025897.102
16775135892552.963
16794859135983.322
16814599766400.473
16834357794019.723
16854133229059.406
16873926081740.807
16893736362288.246
16913564080929.027
16933409247893.463
16953271873414.871
16973151967729.547
16993049541076.809
17012964603698.959
17032897165841.309
17052847237752.184
17072814829682.877
17092799951887.691
17112802614623.953
17132822828151.967
17152860602735.041
17172915948639.48
17192988876134.598
17213079395492.709
17233187516989.113
17253313250902.13
17273456607513.053
17293617597106.215
17313796229968.908
17333992516391.445
17354206466667.137
17374438091092.295
17394687399966.227
17414954403591.25
17435239112272.654
17455541536318.77
17475861686040.89
17496199571753.336
17516555203773.42
17536928592421.432
17557319748020.7
17577728680897.531
17598155401381.234
17618599919804.105
17639062246501.47
17659542391811.633
17680040366075.906
17700556179638.594
17721089842847.008
17741641366051.46
17762210759605.254
17782798033864.71
17803403199189.13
17824026265940.812
17844667244485.094
17865326145190.254
17886002978427.625
17906697754571.516
17927410483999.227
17948141177091.06
17968889844230.332
17989656495803.363
18010441142199.45
18031243793810.91
18052064461033.047
18072903154264.168
18093759883905.594
18114634660361.62
18135527494039.574
18156438395349.754
18177367374705.465
18198314442523.016
18219279609221.734
18240262885223.91
18261264280954.86
18282283806842.9
18303321473319.33
18324377290818.46
18345451269777.605
18366543420637.08
18387653753840.176
18408782279833.21
18429929009065.5
18451093951989.355
18472277119060.08
18493478520735.973
18514698167478.363
18535936069751.55
18557192238022.836
