9.38708347470533
6.6770485590500295
3.9588613634343024
2.4298124400262373
1.2345423818223238
1.9298230023499883
0.8706855452830765
0.853044684465982
0.3027244470145013
0.26028508141669027
0.2871443677215608
0.15028921961771674
0.1589655225111865
0.0734081868748963
0.04802582207984574
0.06698974647471183
0.03689688541010942
0.042885650936720844
0.014075471550690001
0.06509558083580358
0.016696294665037515
0.05700768310478497
0.011793350721066007
0.14058077337750252
0.017639108264643065
0.10264624060385523
0.01169522779572167
0.16328955357820513
0.01842816681395489
0.0956045636079321
0.014211646365075251
0.16186745259585125
0.020555230077639156
0.0990950520397624
0.015411358042230447
0.16421124253775224
0.019936269470756315
0.10135647908821213
0.015323326474383768
0.16512887641049437
0.01950018514726315
0.10497173382709285
0.014035050970270649
0.16792801752867614
0.018407402695893655
0.10943036021161837
0.01252072467138984
0.1694300985832816
0.018217041945204206
0.10600367446267256
0.009315795373398907
0.16314340352261206
0.007991278657440148
0.09794729188521341
0.00248872677418954
0.1573981476007407
0.006725306882800247
0.09130891541419768
0.01099961173149344
0.15544485864113164
0.025839327623685383
0.09000479531748463
0.034739718386445406
0.16037900229658408
0.06017046523486328
0.0978227833027676
0.056438763570772356
0.17478594648578968
0.08654647606145867
0.1111981094209457
0.0843862852479123
0.18171119104931496
0.12065511249470248
0.11061299494274089
0.09926116897873263
0.19728567343787562
0.11403122873778235
0.13048766814697985
0.07201700984529254
0.21835073565914095
0.08810050544487023
0.15671930626660713
0.04695305405747869
0.1818417959101008
0.06124179755182304
0.12793665690614503
0.03366542931349001
0.14337005132694308
0.04521469828675418
0.07832477695497343
0.04907460381142412
0.10408196107130244
0.0518327407456895
0.03762450963431057
0.0773411528423314
0.0658032734875882
0.08124867774673543
0.02142881815333351
0.11560913087899441
0.054530297957267625
0.10426646375897547
0.03251644601192233
0.12854045715114537
0.08277941321560693
0.11165843759352075
0.0682948534837226
0.11965501492004868
0.13940946667254317
0.0899271532676228
0.11690271253628562
0.09907791506031587
0.14368929501672878
0.08076000696711255
0.12322575133143691
0.05646938514325202
0.14711757047853
0.042119001935927616
0.13436484479558453
0.021312250495034976
0.1588675820346028
0.013887786551531157
0.14009574799535696
0.005994283200883776
0.17054273349637034
0.004300778959205934
0.11981611919833159
0.0027922952611044473
0.17198491074550634
0.0075125763617882035
0.1022198996130402
0.014269949161383992
0.17429352627622607
0.01420877780535547
0.10420240861371231
0.010963425968681021
0.1874379555897947
0.0024173203391138526
0.12702062196811267
0.0027765755304296337
0.20640423279991474
0.0080351265466881
0.1552347740429717
0.014316008611770755
0.18658160589460374
0.02579924197243757
0.1333770132944213
0.026992717500293806
0.1850228171476529
0.015310174800646528
0.1315724607112081
0.010621664398563197
0.18647641697629633
0.007337090245015104
0.148417263519397
0.004764279542182546
0.17324944268937562
0.004504842734274681
0.08942407161195579
0.003060804588349797
0.07759528375505464
0.0028945578045499044
0.04845007486145084
0.005923903648270892
0.040924480147534775
0.006819534493173827
0.01993913975563251
0.004258728775483158
0.01376915133198119
0.004801162594052029
0.0036813776044242043
0.018304472538748857
0.002474257635075649
0.010954389772723845
0.006951687838712795
0.028098907766311323
0.008696998087331024
0.01933000955079743
0.026890396350536697
0.04153360228378986
0.03214170494977755
0.03060391151260891
0.05446735987960396
0.03492570498694659
0.05794052904725274
0.022110233518861086
0.0822732596054226
0.014536099206257244
0.09036424363728215
0.007590386192633881
0.08523272167050293
0.004815402394288632
0.10352200527010934
0.0036649205418889117
0.0857616870751969
0.0024916793814367248
0.09042335488717773
0.0010594188975468143
0.06552219519084608
0.002053480032202768
0.05003486686579515
0.005050480543689206
0.039652481686501935
0.009258019592472886
0.0221691650667676
0.00855046809783385
0.019363096448094627
0.005197163335365887
0.01712620340499102
0.009196603047188378
0.015407914723438233
0.012382035627219961
0.016176277308064903
0.020770127677680845
0.015207297402148615
0.03069497578308865
0.016480564162607042
0.04136014049413306
0.013575845463677952
0.028104081226395638
0.0202654758600664
0.023701567291824575
0.02137838641724158
0.008695004436158223
0.03487001364426347
0.006809144687312653
0.035810775395455
0.0032041571998287213
0.030564724915898667
0.0028134633978391314
0.029849312339867887
0.0024852406199937552
0.02681230073946018
0.006177094581818513
0.031769625771047326
0.014583413176472607
0.01973540020076496
0.008005022884964486
0.01529024370439173
0.018394654626412148
0.004923547562745757
0.011288856515790147
0.003692517905021985
0.004746501366351533
0.00787011314551121
0.005785975568397144
0.009901739294595419
0.009083489372009751
0.02736610146195862
0.021243447178681155
0.03323296869275657
0.023347421673184463
0.05520983501273763
0.028761760709652005
0.05906467722436696
0.028457502762059442
0.08250151058422316
0.02438085737846709
0.09106679645119169
0.020033795766766126
0.11805908695626945
0.01723564962836513
0.12529216421732156
0.017506561596466394
0.12912124150371998
0.017142028754358465
0.10239042294253912
0.015940097809771892
0.09720433675691237
0.017567551592973987
0.06175413277142067
0.01980244093107586
0.042614767275717925
0.025547564193302726
0.016637165991503187
0.017907464196047034
0.009461774015846561
0.01681256921860437
0.015419257148195024
0.012592556316247663
0.023821152885846877
0.016372102162657127
0.036871883517227325
0.01825787194449249
0.05916087884611363
0.02927434824391266
0.06649979983490957
0.04384282685913174
0.09714855237956295
0.03244575988390948
0.09059187605973544
0.029966465358231418
0.07403144025979524
0.017576293278625466
0.05189299364544191
0.013790039447225384
0.044239737502402385
0.009811650964287278
0.03258105061576522
0.0069270421708041595
0.03277810625568105
0.004475402955298571
0.029526786117997632
0.01141673228047259
0.029290891522473644
0.02480555098308921
0.02435433689949193
0.02401405599943075
0.020956962152877075
0.034801672797801775
0.011075330036188637
0.019791600571212577
0.011741296873802005
0.012478346713606698
0.01619338819384429
0.009732070572242056
0.02084248275606618
0.00816930886865787
0.039194748947236756
0.01877209931299997
0.040503381923017855
0.01790164566233763
0.054339425131125205
0.022459151847941995
0.058868382187002126
0.02046612939681798
0.08111711113783565
0.018548780079561976
0.09058891711519407
0.013288359739969967
0.11622360067736039
0.012751989448245477
0.12586603578176597
0.016709768547445204
0.12995666274220047
0.016746289286174113
0.10287744875777621
0.02512207322470604
0.09905324250709477
0.024944636647778143
0.06315333101380938
0.04113101540278991
0.04456975464848857
0.041592888155677694
0.01759189535334697
0.032740553652337884
0.009640342032763939
0.025485706576727003
0.014673435723390799
0.012759591372169246
0.0228948514755371
0.016386523960238205
0.0351861405586398
0.01780996568346081
0.053996068102806556
0.028595120176497592
0.06327362969217537
0.04336591178446336
0.08393737483648356
0.03325236756392
0.07651085700176992
0.028889395677865196
0.06137044231432633
0.011293413376089334
0.04302406874510941
0.008049594527325314
0.03992748175723294
0.003980254828486772
0.03263200483990163
0.005340821085339716
0.03295227046713029
0.004430239124121578
0.03360822705361916
0.010935673319080727
0.033685911824471185
0.023608543416072957
0.039117426972092605
0.021930707904363096
0.037767420297324515
0.02146787283433209
0.03778029324941328
0.019332144375093483
0.03551238276995595
0.012257670218905288
0.028738065147436157
0.009862280791258147
0.02201746149231739
0.008088086309941664
0.03313395929409293
0.01776745247258143
0.03569916329421422
0.01820511256260186
0.05646924122085362
0.02232043958287913
0.06228077438059818
0.020302296001361162
0.08411049514104449
0.019256644572747554
0.09527295816043502
0.013664461281059253
0.1205655675072031
0.01317084035552326
0.13364445383549858
0.016796616842859238
0.13935016418285548
0.017282785233011355
0.1134088214673107
0.025412763001878735
0.10405050795124018
0.025482225455952343
0.075980775166752
0.04140688196472281
0.04671189517512326
0.04100448088011192
0.0184956638120671
0.03465072179299239
0.009870310216472947
0.02680820628414927
0.013980742188880903
0.013181948142274032
0.02913043596729731
0.017402543257509877
0.03458550560829575
0.020626032257089682
0.052781605833831395
0.029799137710606886
0.062196138024694224
0.04369049748555655
0.08353683151305467
0.03643713319185865
0.08448273429494887
0.03455173055209491
0.07870518324336305
0.020741966029363033
0.07838269391533034
0.019209160592846934
0.08722721489169595
0.010896274513196144
0.0910768025695188
0.008681973156938276
0.11929099674806247
0.0051259127305967565
0.11871344821159284
0.010843673716263323
0.14503304442351062
0.01698012027835609
0.1440710255702654
0.014907525043721701
0.15551890144761774
0.01781301949146591
0.14759804819972552
0.016744710696252402
0.15425121758108115
0.01841412159488446
0.14635553829036407
0.014267331118566325
0.1408526401637892
0.017230282820409504
0.1485643421212796
0.023260966381141425
0.1598624858279325
0.021172854194981935
0.17575655255750797
0.027356851540556157
0.1962612695085788
0.027601619248369687
0.2116301220620375
0.03606261088181389
0.24040239382030204
0.03680899857080686
0.2587188844133878
0.03488860761574781
0.24254930035461633
0.027863624688706873
0.22013307172937902
0.02066223012208952
0.1591030144917745
0.02497866777396018
0.12904012768894782
0.0254743542058153
0.07839288496508504
0.04130142992873766
0.04858608501097036
0.04169184174582484
0.019444758668753098
0.03548419825650048
0.010141179604272988
0.027217794240493236
0.013337171304113684
0.013286187714429581
0.024081601860836268
0.017418325072602638
0.03329075451975717
0.02043222087466454
0.05160586298708348
0.029238785146992904
0.06115784297467088
0.04322946223470597
0.08318813878891954
0.03714056274593147
0.08522366655024714
0.035208465004386284
0.07895626785191062
0.022704220118397064
0.07801829039772769
0.014457230741498154
0.08651345381950007
0.005402295011817026
0.0907035461606328
0.005273672920830094
0.11810909744906756
0.00512956561913353
0.11749196643253412
0.010277081930945517
0.14409183400089554
0.016421455923452555
0.1442546555177193
0.014753351623385608
0.15486338684318962
0.01797328278408059
0.14706475752735715
0.016518319407550677
0.1549467728337314
0.018543139989631773
0.1467092884908054
0.014215198140202012
0.14093928162540154
0.017565339513315528
0.14800716533276362
0.023134951295257618
0.1593044999127768
0.021429764935635438
0.1747635238480107
0.026861273525924875
0.1958048096004491
0.026997392587116836
0.210032210113372
0.03598607757405069
0.23965719188209106
0.03637019931385759
0.25719573272408996
0.03562341191161801
0.2452557501005783
0.028165349952772936
0.22280745235565985
0.024000171955205155
0.1612220122172126
0.032650182924153844
0.13153932309719604
0.04047907000825161
0.0808396308345827
0.05685741183384463
0.050500059137174466
0.04318289126109324
0.02043587688778601
0.03634281517943631
0.010457225727241884
0.027648407134653268
0.012738519378011534
0.013428584038073347
0.023806411686674536
0.017455033361455832
0.03241060407327923
0.020090020208306917
0.05046838329175488
0.028706215697977842
0.060156695183251306
0.04279188651865553
0.08288492707688963
0.03786939656300676
0.08599577440556884
0.03588536328263838
0.07924654834063279
0.022891661670239163
0.07768725319476984
0.015139508698731017
0.08581991647431313
0.005542089406916741
0.0903598440903385
0.005143772178299142
0.11694192706768522
0.004985119199812111
0.11630172483848471
0.009744017297261893
0.1431661982678808
0.015891307027859784
0.1444664675405125
0.014631476765247535
0.15421832670223196
0.018161301084252388
0.14656507929533458
0.01632241174890763
0.1556539104999654
0.018689551444756973
0.14710491229340886
0.01419046571393744
0.1410401480115199
0.01747148187413603
0.14749751075543485
0.023029029738088614
0.15876113000047315
0.02171093021516051
0.17382261346896244
0.026390678439012872
0.19535490048505683
0.026416741299811683
0.20848730409937088
0.035927860581052753
0.23891783322101462
0.03594974451446901
0.2551605730959557
0.03637606800945005
0.24797703702348087
0.02849182516378105
0.22552692448330752
0.023940467556442396
0.1633650518693148
0.032098573913028
0.1340913939636946
0.03959315301597965
0.0833268831120011
0.057094363677296665
0.052477978708687825
0.043352328166349256
0.02147304247025202
0.03750494687889756
0.010835399470472419
0.028095262655110864
0.01218576380062792
0.013610690955467887
0.023575079085107458
0.01750940597066393
0.03156532734754583
0.019782059182219876
0.04936856789839663
0.02819876724507836
0.059188306151778884
0.04200007268794239
0.08262357929617559
0.038625157250787155
0.08679858897699154
0.03658291872955798
0.07957616377960353
0.023099788230205302
0.07739034064687586
0.015845719710018906
0.08515092573409286
0.005707769988548014
0.08989203798851747
0.005040572723090588
0.11579398345013972
0.004877583923845312
0.11514139240021758
0.009245434650613933
0.14226042353792884
0.015390802351680444
0.14470392004818056
0.014540092267162828
0.15358287415905716
0.01837745496371293
0.1460952752994566
0.016151798151072164
0.15637613927269456
0.01885327694089978
0.14753739327807083
0.014185001920972318
0.14115846633488868
0.01738742768988938
0.14702931380799647
0.022922932482271566
0.15823504435631916
0.022017662204138883
0.1729025311897666
0.02594579323764011
0.1949130108481705
0.02586131933886622
0.2069619339540198
0.03589185569192368
0.23818449814771106
0.03554875766578829
0.2531425318557142
0.03715256587476896
0.2499240813609682
0.02884256344924191
0.22826448393487406
0.023910332949913994
0.16553273293266393
0.03157286171560656
0.13667245607281311
0.038738682490302496
0.0858566456202721
0.057382053504217406
0.05450035418451957
0.04354208347405529
0.022559883418239536
0.03851537882742699
0.011261277838911276
0.028565292905721632
0.011683944307441796
0.013831550699693928
0.02337817879472768
0.017586520497407207
0.030760490848714
0.019507428806357707
0.04830210734511985
0.027721012185644968
0.058256042916918646
0.0410357999007013
0.08240200421700707
0.03941104846833418
0.08763507019990083
0.037305597485830864
0.07993799123842146
0.023329286385555967
0.0771262606810301
0.016570304317708496
0.08450160351765193
0.005896474886360077
0.08921694338853266
0.004949860438885968
0.11466160808297322
0.004802615797612757
0.1140057421742201
0.008782844677508264
0.14137017787739098
0.014920571666624444
0.1449594741595908
0.014487241727924677
0.152952738728263
0.018242198816035386
0.1456456243107925
0.016026285864313823
0.1571087173973839
0.019045627665630824
0.14799496008782415
0.014231930002908379
0.14128913475267108
0.0173210056042976
0.14658951419561705
0.02263609499020053
0.15772103352226113
0.022352952932442414
0.17200466397266628
0.02553052058724253
0.19447472537692642
0.025328779018116088
0.2054584222779908
0.03586878183349257
0.23745382322107342
0.03516006218317343
0.2511444117814742
0.03793293232273193
0.25133493324846823
0.02920724107301021
0.23101918161995175
0.02388032174544592
0.16771922517197937
0.031060470196298286
0.13928298981206189
0.03788250473020123
0.08842098070641329
0.05766905550711991
0.056569599889822866
0.04371872169089473
0.023687168177742208
0.03956287323704321
0.011739440992271926
0.02906022732375211
0.011223105814740333
0.014108557494231878
0.022859671822237148
0.017688798309173925
0.029985843055417283
0.01928290212917614
0.04727793668126886
0.027274905563860197
0.057352305906731696
0.04005057014472257
0.08223825015348538
0.0402384954540516
0.08850098594809655
0.03804590152359185
0.08034817360879795
0.023583877299303262
0.07688719001970988
0.017321712946691402
0.08388354918794286
0.0061055109529916975
0.08855549559639264
0.004892319508400261
0.11356408538628415
0.004748664918009158
0.11289065915363145
0.008350963220759084
0.14051062492913471
0.014486846689544346
0.14522777538482862
0.014459360466979024
0.15234019476580762
0.017865764473947065
0.14520728955356085
0.01591204096567821
0.15721677961093122
0.01928251446524939
0.14847376409041302
0.01428713414544553
0.14144293972042996
0.017283718511541528
0.1461748160714612
0.022370363638173175
0.1572274467893697
0.022721346369345988
0.1711262548403954
0.025138722916130535
0.19403015565946563
0.024815563774710864
0.2039746372403373
0.035833954942783026
0.23673186487770476
0.03473496654258888
0.24977539155492307
0.03870551029121665
0.25285225027588043
0.029524858701504064
0.2346189342138349
0.023850166612284313
0.17016485896852407
0.03048763293566947
0.1430461338696868
0.037031492692887115
0.09147541421613162
0.057472460760227065
0.06021168463771714
0.04389715930464401
0.025629146928843372
0.04056208754560229
0.014346956904770157
0.029559563649834104
0.012045090715095871
0.014364625261250274
0.024582318589106856
0.017790739559436053
0.031164736397771568
0.019038125025494866
0.050169484638740235
0.02683291962703157
0.05938590194047757
0.03907705779212001
0.0874306074279324
0.04104077750939093
0.09372718288839706
0.03878387732838302
0.08809293818713676
0.023818094510256103
0.08306659807923715
0.018060235720026234
0.08794573220675622
0.00630990809995521
0.08884731806217848
0.004812219056718522
0.1124997537020223
0.004709374717472713
0.11368056710386347
0.00791032930907796
0.14618694738165977
0.014037634088941878
0.15871484460289603
0.014433188522681037
0.1755461863595215
0.01747110704294292
0.16095560261046543
0.01579873385425341
0.16693908703878974
0.019473283958203753
0.15175562269817466
0.014356089437465185
0.1452741508076549
0.017201947266698922
0.15246367776094188
0.021821886311260856
0.1709664770346696
0.023072204992280153
0.1726041674743793
0.02473895262719314
0.1936439849330088
0.024297725651410425
0.2066778154372499
0.035846673196077074
0.24636152165685002
0.03438507644538445
0.2791298398880355
0.04012729382465367
0.2995543837229062
0.0334431419257265
0.26816262281317094
0.024011270574353167
0.1904730288490477
0.030728183713493427
0.15032156774441482
0.036207010889750785
0.10076518599005138
0.05651148140349211
0.06897522277963875
0.04409043975433298
0.04863089759482589
0.04160215309104336
0.05117236413978901
0.030081460093382736
0.07334107697409017
0.014869221719625987
0.085560752946801
0.017927653676695503
0.10539763246940559
0.018306182533249338
0.10511198881248099
0.026180704032709556
0.11597696129718046
0.0368755590068347
0.12450776376843808
0.041604354517661285
0.1220694501700312
0.037903292066668495
0.1010790415407185
0.023883075960557457
0.08767640714539994
0.017796352910701817
0.0876185840667688
0.00646038135627176
0.08821763261445231
0.004271851630106915
0.11139204477063494
0.004697428525212128
0.11257706041492692
0.007500655977145298
0.14495592333065618
0.013735298249697457
0.15819253185603332
0.017041065202986948
0.1741346547608424
0.017845732922149804
0.1611865840873793
0.014430118716768366
0.16692804682283424
0.019368083739446755
0.15240652348255593
0.014519916053453007
0.14538755232500566
0.016911424437256656
0.15172160813899074
0.020954028273559123
0.16991770785553825
0.01774267921092006
0.17207763777814933
0.017651754880657733
0.19328495440668972
0.018592774232487175
0.2047715414377948
0.026414984537280944
0.2449411728856682
0.03411215777937941
0.2759954855787317
0.04097355525136655
0.29962456233381335
0.032853045783525985
0.271431059873876
0.024328241740699363
0.19340455543314614
0.02942966370034961
0.15333435569563603
0.03576401295838439
0.1033545270935679
0.05449451817299781
0.0706596636851001
0.04424956294221492
0.04903664451475896
0.043244585600240325
0.050510460960480695
0.03065813614376133
0.07148591357702883
0.015279615470606363
0.08491084646688743
0.018116992786799013
0.10430696356629003
0.01854593951991756
0.10410371031519756
0.025609826371748017
0.11473026194461468
0.03669314412178821
0.12504153307942983
0.04246989676748121
0.12279767871875166
0.03826157598833017
0.10200770322571898
0.024185308014813327
0.08744333086609038
0.01857723431377447
0.08733645968984578
0.00676850743058836
0.08765316502205714
0.004430590141051953
0.11031557651563648
0.0047622207996523645
0.11152794396053659
0.006976868918839372
0.1437914919286776
0.013326982646334837
0.15776155739264675
0.01628051648741866
0.17305273825418108
0.01751287705831867
0.16149916983810475
0.014089021834690987
0.16706313905541215
0.019660160766953504
0.15312764406296583
0.014632763428600377
0.14541311237962218
0.016831970313502493
0.15108860444036246
0.021284268633706093
0.16851732422235144
0.01829324513329796
0.17176031207150744
0.018013740443021176
0.19238738708308434
0.01820794272248334
0.20323768034912468
0.025693728424179007
0.24289184224509305
0.03388116806221246
0.27344645058292316
0.04165815236776055
0.299079572995431
0.03261003649870295
0.27337064404022166
0.024348526468053813
0.19641503936476662
0.028863155465183168
0.15643581717863614
0.03501726587033255
0.10604147106080156
0.05358681914523401
0.07244910876965373
0.04453394389233877
0.04954652001696708
0.04411216803913146
0.0499552477627929
0.031223408682129267
0.06967227055666075
0.01570457476559318
0.08432798881987887
0.01829485774512943
0.10325273667944208
0.018452464808441902
0.10315402730578034
0.025008107966834087
0.113520622273317
0.03582767317298436
0.1256208843555434
0.04338381373503806
0.12215976868789968
0.038871937245661806
0.10297575796344345
0.024512439722203176
0.08725236414316775
0.019399903344666142
0.08710086517009287
0.00708089145653295
0.08712339866100983
0.004449554191396702
0.10928453485484366
0.0048680140625928
0.11041404551020671
0.00666973208450302
0.14268024537806467
0.012995708197692898
0.157213961978064
0.016496793426667065
0.17234737525182486
0.01724701998576665
0.16186505161420597
0.01406641214104324
0.16732124058256218
0.019968766886594314
0.15377283127651858
0.014751924169810117
0.14548246912136256
0.016807495559565816
0.15049419139393305
0.021314646308933802
0.16715745960917083
0.01872155292088516
0.1713354302999272
0.01821269782029404
0.1915263278437147
0.01781105875358018
0.20173727863323224
0.025072358294517746
0.24087312680777095
0.03360541914523976
0.27092313721304984
0.04242822074007917
0.2985632265380501
0.0323237716652914
0.2753409997876918
0.02442365011179631
0.19946695290129907
0.028279969520877444
0.1595878417550124
0.03430681969365747
0.10878820006289895
0.052717019029078334
0.07430485545326423
0.04481191962610478
0.05012274256710648
0.04514839507726433
0.049468297832268374
0.03180776756967875
0.06793749476594839
0.016167837985716187
0.08380771520570189
0.018492546972140766
0.10226739262941072
0.017951430098526996
0.10225918215373841
0.02444051987638885
0.11369614788899068
0.03498623214206956
0.12614405995105263
0.04432352269415414
0.12204468188271586
0.039511219807500005
0.10407395788972934
0.02485995319140776
0.08763169822005704
0.020245113222475363
0.08693717984373267
0.007418161634500629
0.08677533825133885
0.00449239211334969
0.10829647204989959
0.004780106903425647
0.10924166625504131
0.0063986184501197765
0.14161778947675643
0.012692871741398947
0.1565026710010063
0.01673864666035977
0.17174450747397624
0.0170059088801063
0.16226892301821955
0.014068447136372899
0.16761392710143666
0.020293860955975268
0.15399020135019087
0.014893820380209437
0.1455934852640408
0.016792532814926826
0.14993939718106186
0.021363469449133185
0.16583827382197192
0.019173886122630244
0.17068388068366475
0.018435494425958408
0.19070178333432605
0.017437828996566387
0.20027057227559888
0.02447454210908986
0.23888492087839977
0.0333491170882624
0.26842571721949315
0.04321541878635156
0.29807533402383735
0.03204985133706355
0.2773492656297436
0.02451966014661692
0.2025663684446387
0.027707777245135942
0.16279548684587455
0.03361990157762699
0.11159753174435715
0.05186360204034467
0.07622667420558848
0.04510484288617056
0.050761685030690465
0.04621027314564349
0.049041611020749776
0.03241104679421839
0.06626931202989576
0.016669241069714583
0.08335069876351349
0.018709948894800488
0.1013568275811951
0.01741666540659548
0.10138557341578548
0.02390701140559475
0.11390850565241753
0.0341688652060621
0.12590583506950553
0.04528886383292843
0.12196781129121234
0.04017910366396299
0.10521133623828369
0.02522773992535962
0.08805805787689322
0.021112721535497744
0.08681811782674201
0.007780212062308353
0.08646747646142051
0.004559044878760715
0.10735155298376892
0.004626319861587138
0.10810065004600623
0.006163013211282164
0.14058667307230643
0.012418440999872552
0.15582569153856865
0.017006024179251684
0.17117054643480353
0.016789472092234612
0.1627077100524274
0.014095103997910346
0.16793797721791515
0.020635322076706063
0.15424585986675154
0.015058286321340028
0.1457455295897205
0.0167870119737122
0.1494228713652075
0.021430678115591878
0.16455944844036188
0.019650147740474244
0.1700762752018854
0.018682031490684797
0.18991374646285794
0.017088246730274023
0.19883728124105704
0.023900271267688275
0.23692756115855296
0.03311223540869063
0.26595439472505156
0.04362021227856584
0.2976159878665412
0.03220489057961473
0.27939295543330883
0.02465700995644101
0.20571115526951328
0.027275962729313763
0.16605686755775728
0.03295655475632263
0.11446855286267768
0.05102660355864572
0.07821460491945392
0.04541275499694272
0.05146488102111135
0.047297804288773906
0.048678007367138273
0.03310104948890904
0.06467242849929722
0.017208796382097942
0.0829551216648412
0.018826420749567373
0.10050210967156081
0.016937577251306783
0.10020889599121738
0.0234076839215181
0.11415806850746059
0.033375770024310095
0.12571521608161293
0.0462802728762788
0.12192955884630405
0.04087548239517568
0.10638688396276703
0.025615845245266503
0.08853057145470745
0.0220027394050784
0.08674148399730049
0.008167089926178239
0.08620020986711492
0.004649606870483874
0.10644804195306165
0.004496523229796654
0.1069928453116939
0.005962100931843946
0.13958757755253418
0.012172536669617262
0.15518222078741586
0.017299026963339813
0.17062557206187468
0.016597791193512883
0.1631819506632631
0.01414651319397926
0.16829301536684632
0.02054603029426616
0.15454089845191893
0.01524531089909505
0.14593864436145126
0.01679101775941765
0.14894563262191954
0.021131868140874636
0.16332099221576046
0.020150393976077152
0.16951354611741096
0.01895236356990953
0.18916212691150114
0.01676245857842841
0.19743826423612043
0.02334969040323814
0.23500088940018807
0.032894901502590695
0.26350922224727297
0.043054993794478524
0.2971849316923366
0.032798124874162414
0.28146454983631036
0.024837571340229507
0.2088939924322924
0.02699478705218382
0.1693667116133459
0.03231643725553203
0.11739729554589247
0.05020560243226121
0.08026928528597826
0.045735238068578314
0.052235208131330396
0.048082670399537605
0.048386590074970585
0.033882957668207925
0.06315912000697159
0.01778609558240652
0.08261986637312162
0.018963650898745674
0.09970075181180829
0.016486028365614337
0.09908116965384757
0.022942177153121895
0.11444440052761726
0.03260660114523762
0.12557282129434097
0.04640393344232189
0.12192719906160873
0.041599849511153184
0.10748264115371067
0.02602376922787491
0.08904364858684187
0.022914632424092488
0.08670179528175317
0.008578296329254408
0.08597254955026759
0.004763626699957601
0.10557830325721822
0.004390309424196446
0.10591719972544332
0.005795434526093745
0.13862031737999309
0.011954733236315044
0.15457099383126885
0.01761720979321154
0.17010934277195322
0.01643040180058121
0.16369019258073314
0.014222259291162637
0.1686788174389733
0.020170208993943433
0.15487377855360665
0.01545433848691531
0.14617269231196353
0.016804090544770903
0.1485061311437963
0.02071034283418731
0.16212304065735664
0.02067413504917177
0.16899418627339008
0.019245999368845423
0.18844738725696578
0.016460065318218066
0.19607208337653118
0.022822398197053805
0.23310594379117833
0.03269669990114192
0.2610907247909833
0.04251009387727786
0.29678364874648366
0.033416762008217436
0.2835636580981501
0.025042202913050437
0.2121163056907494
0.026739166542294992
0.172723881644481
0.03170019244431572
0.12038528575269106
0.049401324460013545
0.08238897265864026
0.04607285819511273
0.0530742852984151
0.048295284756722616
0.048165035766646214
0.03469141640041962
0.0617308722420598
0.01840178973609706
0.08234203281444806
0.019031866952585536
0.09895194831329669
0.016062841982994857
0.09799901352158795
0.022511297084155422
0.11476864212936691
0.03186255753242633
0.12530229483628913
0.04569174261041734
0.12196153751341007
0.042353389783811785
0.10847409294433384
0.026452804065804116
0.089597781916158
0.023849752473736885
0.08669418372979215
0.009015356978745167
0.08578498915473946
0.004902813428718434
0.10473757913853295
0.004309623490200539
0.10487428574560259
0.005665129764840059
0.1376805400960885
0.011767419487013505
0.15281643204912812
0.017327667970727906
0.16961797711829038
0.016290304880990154
0.16423445873512854
0.014325785532442709
0.16909341539181524
0.01982372060990034
0.1552468806883287
0.01568975575245322
0.14644650961088837
0.01683144675871683
0.1481063768771181
0.02026437950103134
0.16096440692159392
0.021228376563690237
0.16852014404926893
0.019571064348036363
0.18776883147955106
0.01619072964770804
0.19474084391255111
0.022327491572620067
0.2312446584415321
0.03253194380195311
0.258700205692839
0.04199697814966032
0.29641320955010264
0.03408100937762494
0.2856922125507392
0.02528646288164406
0.2154047192760569
0.026537436913320625
0.1761362889663599
0.03112912915746764
0.1234573776542322
0.04847165615365391
0.084582477457708
0.046452656318664166
0.054000531975660834
0.04858475238485724
0.04802203594387787
0.03556534352179902
0.060401040865163014
0.01911768546887051
0.08212982468476202
0.019204234868110452
0.0982627888631111
0.015758608374318243
0.09696973544937383
0.0221982023042554
0.11513018592479535
0.03126862538104554
0.12497724378226169
0.04512808430598643
0.12202454174778588
0.04331025488843484
0.10951805853468405
0.027080841221991336
0.09018681102216447
0.025052513417484962
0.08672398651217852
0.009737130003089721
0.08565195015020693
0.005411580161837759
0.10392627437225425
0.00462888526254343
0.10388025605019321
0.006057285952109833
0.13678462877086492
0.012148631700111654
0.1510646416899435
0.017408885580557552
0.16915666584693123
0.016946366177592702
0.16481075217559804
0.01542687300142607
0.16954111504642508
0.02060024725369927
0.15565597687820787
0.01732116944469783
0.14676294093328696
0.018317606335761412
0.14774221994031367
0.021696475749343285
0.15984675943403473
0.024002798944809046
0.16808767220061457
0.022029568475470745
0.1871271387262815
0.01807291096830285
0.19344157190178504
0.024616396877894926
0.22941037608162784
0.036741376943982426
0.2563337322595278
0.04698436633350786
0.2960661642487554
0.04088639267902975
0.28784418426721037
0.03330894922818785
0.2186979415509336
0.029499699872136576
0.17958903211350274
0.032921921658786484
0.12655461148105254
0.05739221437598376
0.0868352673493374
0.05650607777378586
0.05497137452088972
0.06576007605157466
0.047946363707649715
0.05857076526510692
0.059138575334707046
0.043445434138168516
0.0819762313817472
0.050821603592292285
0.09761657302122753
0.04837827922746338
0.09599029283997003
0.0666504662283806
0.11552822936554451
0.07651677002706803
0.12468805580597668
0.10839774252151232
0.12213174088435183
0.10795360278800739
0.11061447959488035
0.08192176156221483
0.09079073049775
0.07124411709664165
0.0867961190776264
0.03726326275025493
0.08554595109566716
0.028627296544299873
0.10315940472679785
0.016744807298124446
0.1029048554579769
0.01939636239823078
0.1359119299551382
0.02378033060407009
0.14933422131663993
0.034303138066115915
0.16872787598550676
0.04481957405394836
0.16542862569295552
0.049744951848841396
0.17002426345512728
0.07693260244873094
0.15610910506866205
0.05202150394381723
0.1471230743180675
0.044457011347987324
0.1474206989517317
0.03335425482536761
0.1587710986697482
0.030360559392417226
0.1677027123576939
0.02256417198117957
0.18652313935108242
0.01783968774550674
0.19217900943345823
0.02396053546955438
0.22761027928945027
0.04051230393489959
0.2539969752173128
0.056601936008639595
0.29486835127849875
0.04676550101909219
0.29002533173323874
0.03501418049573245
0.2220300548453366
0.029339197939772473
0.1830883392466162
0.03237057383999055
0.12971074540902333
0.055982967889788654
0.08915329784133919
0.05648119962831717
0.05600831288392485
0.07855668972789863
0.04794213175733442
0.06662949035650678
0.0579593289963575
0.0805493091294346
0.0818832156601143
0.0796463506635835
0.09698913713947543
0.11240040205249459
0.0950604052263905
0.11937796036888187
0.1159631105977565
0.15220394918296212
0.12443277571956654
0.1348354368011282
0.12227513139362267
0.12580373392675875
0.1117605937104876
0.08335372113143141
0.09144426577784077
0.07232464431414676
0.08690537487450806
0.03840882718248069
0.08548043688241208
0.029319298383865006
0.10242679528547141
0.016961126863132166
0.10196293641582528
0.019436772916854944
0.13506726967534194
0.02292543867484439
0.1476390878612629
0.03344039650623036
0.1683281868608034
0.04407473073522365
0.1660827890953131
0.0492646677868768
0.17053977791994113
0.0765833475651131
0.15660209104896627
0.05307252543885791
0.147525145569723
0.04505351048623244
0.14713840165266412
0.033412027660959215
0.15773638131925083
0.03057819917280648
0.16736236586602393
0.023132660169683
0.18595619359270968
0.017641375715620827
0.19095101968871034
0.023339498548527234
0.22584229824140536
0.04004367710949809
0.25168790726776236
0.05558220043437
0.2929765150591017
0.04793481682002821
0.29223440488330144
0.0357134266469501
0.2253996034474868
0.029216640409389316
0.1866347135115839
0.03185484421350779
0.132923217938064
0.05460796152578755
0.0915361774383405
0.056482205394325594
0.057110722419312004
0.07813169577451426
0.04800790938250691
0.06667792428343056
0.05686139069208498
0.08027146566452803
0.0818508111349477
0.0788403768346877
0.09640629651719859
0.11094691030609503
0.09418017413295768
0.11792633486284751
0.11643472865133803
0.15282968089764817
0.12421148101086577
0.1349334066005777
0.12163068213354201
0.12779498316619214
0.11295628070476246
0.08481264718462816
0.09214732321636601
0.07343682051265334
0.08705174287598141
0.03958931113676875
0.08545544979155656
0.030046363112705414
0.10172851236470593
0.017214520916208776
0.10105463373719363
0.019333001613453134
0.1342572436439723
0.022118261977543855
0.14597942609637707
0.032618726961451405
0.1679576248128019
0.043366620647320844
0.16677316824575814
0.048818143643895404
0.1710875989375539
0.07530248721363186
0.15713489488404594
0.05415135336899853
0.14796909931962884
0.04568160537736661
0.14689538950851905
0.033499336806849966
0.15674271628785416
0.03082685170420558
0.16706666388959848
0.023737081596991335
0.18543063348642477
0.01747859406903972
0.18975807916638526
0.022754006099225177
0.22411117785410475
0.03960441199061285
0.24940735863335395
0.054592974472412695
0.2911095500095191
0.04914064764460098
0.29447290942155435
0.036447176340357226
0.22881136362666712
0.02913206132301841
0.19022928628229602
0.03137476447064399
0.1357658303158594
0.0532673694044967
0.09398433225622116
0.05650906878553788
0.05828112511007086
0.07774377272665413
0.04814309797144398
0.06653516317432041
0.0558334164825157
0.07995925010144463
0.08187925507060985
0.07807676043082874
0.09587208047423292
0.10952347420930343
0.09334969876914347
0.11651071217581065
0.11637189147450443
0.15348234883950515
0.12402412593389477
0.13505991114055585
0.12084930396000505
0.12982041450949788
0.11420148700236885
0.0862807471665764
0.09289984996662189
0.07458055358881399
0.08723551168717956
0.04080472173604763
0.08546978416323367
0.03080853286476017
0.10106531771027755
0.017504971593960958
0.10017868993829747
0.019276719583696013
0.1334831157260142
0.021358877628177106
0.14435408149262535
0.03183823405316881
0.1676181015690465
0.04269527640307486
0.16749856707562538
0.04840547101370399
0.17167024679352078
0.0740566033867412
0.15770668942130656
0.055247108446404423
0.14845813078635017
0.04634181050818802
0.14669132952805938
0.03361680824224779
0.15579404050279907
0.03110693084416509
0.1668156329672979
0.024379625670226515
0.1848415635753715
0.017351977200682683
0.18859940299050348
0.02220443610006013
0.22240771317638885
0.03919365360830676
0.2471541540835372
0.05363318797527243
0.28925858074886984
0.0503811033855384
0.29673894479219365
0.03721354880888404
0.2322564209303838
0.02908279973277317
0.19340268584356224
0.03092803146532568
0.1377348969906785
0.051957794716122455
0.09649597178962517
0.05705288906530174
0.059513275937273576
0.07739250224773381
0.04834655834159838
0.06575500081583084
0.0548044717939342
0.07968080438599691
0.08030888287211761
0.07735529222978392
0.0953839402108321
0.10813000309081462
0.09256880676978033
0.11513093569903962
0.1161865370680023
0.1541616421136811
0.12387075899695674
0.13521465033891653
0.12010600156316076
0.13187957527751754
0.11549567018040435
0.08751984198914167
0.09370130543126375
0.0757554852004922
0.08745578353666991
0.04205463610028761
0.08552570437560217
0.03160548791289696
0.1004355946786459
0.017832192893819487
0.0993377489929959
0.019267663188790994
0.13274214312017224
0.020647094800901895
0.14276563655834473
0.03109875533341392
0.16730557752580832
0.04206046389496806
0.16761000884171343
0.048026475416601794
0.17228220576844755
0.07284553075267991
0.1578844961052182
0.05627304576271866
0.148985382373893
0.04703383145741577
0.14652678054166174
0.03376424532598207
0.15488250926907896
0.03141821422684989
0.1666090204128405
0.025054089507334135
0.18383017063901586
0.017260152230018505
0.18747595038062043
0.021689332104617598
0.22073730526029073
0.038812018071262236
0.24492964971660633
0.05270344336433528
0.2874287310233496
0.05165656278273456
0.29903348004984304
0.03801291993004484
0.2357390642919957
0.02906932624515962
0.19649075797198814
0.030515101593338246
0.1397518575426591
0.050679784924446525
0.09907198850798167
0.057009335726574295
0.06081046738566912
0.07707865879766912
0.048619246348894855
0.06581913752451171
0.053841576175168035
0.0794367017999932
0.0782614638055446
0.07667654825968821
0.0949435917454329
0.1067671928652475
0.09183810948648317
0.1137876345897471
0.11604078656367965
0.1548680367471516
0.12375185305140701
0.1353981107967691
0.11940081621799993
0.13397279867838327
0.11683929777414159
0.08879407867862131
0.09455223081793976
0.0769620432289705
0.08771337615164829
0.04333941734630126
0.08562251597914572
0.03243769471333275
0.09984063877281882
0.01819668446393338
0.09853107289125664
0.019306353620934875
0.1320357480099673
0.01998350763752004
0.1412134616156432
0.03040091289420193
0.16702250573544386
0.041462732069043336
0.1669490068015269
0.047681768739818435
0.17292653734395066
0.0716698897099163
0.15790152885294864
0.057320713016623684
0.14955458570255292
0.047756805320357705
0.14640194036273307
0.03394078657513759
0.15401259192039746
0.031760257700036244
0.16644738146672847
0.025759695614058938
0.18286379912086745
0.017203018172605635
0.18638762597797526
0.021208839460565666
0.21909983537835745
0.038460732426009545
0.24273382637245428
0.05180548129970678
0.285619930927715
0.0529698853203093
0.3013559972850898
0.03884821060671487
0.23925865348645733
0.029096648549768123
0.19962333675835225
0.030140213441424618
0.14181622542677683
0.0494403954981648
0.1017118452142193
0.05699530295897472
0.062172284189035094
0.07680224222924462
0.04896088414839501
0.0659107101551539
0.052944552867034186
0.07922672129349573
0.07627912671671865
0.07604030943445853
0.09455080416919193
0.10543494564595951
0.09115742474672123
0.11248064340325022
0.11593435214001707
0.1556012153255841
0.12362545669283129
0.13560998544135683
0.11873351572031383
0.13609962345956378
0.11823196490652792
0.09010302068859792
0.09545224596775823
0.07819986142042881
0.08800800014972926
0.04465863424395324
0.08575998002873858
0.033304825543525644
0.09900369533241345
0.01859815123897219
0.0977585196041656
0.019392516540280787
0.13136241659998252
0.01936791311211729
0.1396974645745169
0.02974453641398685
0.16676863725607988
0.04090184340951313
0.16631664793603984
0.04737116885712017
0.17360290573863713
0.07052950601675546
0.15796051791474322
0.05838989436332061
0.15016540303454634
0.048510492357640385
0.14631659056295973
0.03414626511950623
0.15318411463331388
0.03213283525087645
0.16633046502404297
0.026496564061462946
0.1819423215997423
0.017180450887352226
0.18533454772366295
0.020762870309716474
0.21749548791389411
0.03757059411833916
0.24056692456106635
0.05093913795035079
0.2838323708348467
0.05432054936285019
0.3037062382284263
0.03971894388745113
0.24281480738683417
0.02916419481212988
0.20280008033596442
0.029802904042092144
0.14392777274095006
0.04823901382838116
0.10395156813605419
0.057009046354420514
0.06359856790299674
0.0765632296090818
0.04937144978095929
0.06602968074041571
0.05211348174439204
0.0790509016135292
0.07436210886512311
0.07544661569175855
0.09420560497843546
0.10413342386034688
0.09052682895373626
0.1112100562277907
0.11586720517775571
0.1562628357261254
0.12282000211395411
0.1358502276714897
0.11810412696484046
0.13770103839277587
0.11967352508258766
0.0914464914989184
0.09640122865394647
0.07946883353002566
0.08833962608956594
0.04601211537495778
0.08593811677767438
0.034206812642589936
0.09807307599613514
0.019036557578584024
0.09702020737205644
0.01952613621457202
0.13072218235796323
0.018800367694772863
0.1382178136075319
0.02912971202087164
0.16654398385203512
0.04037781165145049
0.16571298718536986
0.04709475375091198
0.17431123565028045
0.06942446492361233
0.15806149624262358
0.05948110321610759
0.15081775559419994
0.049295298871818424
0.14627077223708324
0.034381198226851845
0.15239716240797818
0.03253628169514159
0.1662490837888052
0.027266516697251397
0.18099252757978238
0.017193001301176628
0.18431684916915575
0.02035183201973499
0.2162327973758442
0.03639755445800902
0.23832991799751066
0.05008034974123008
0.28299265191200784
0.05566155960079861
0.3017775571181986
0.0406003353777805
0.24573163618383614
0.029246559698413305
0.20245379560737634
0.029478059584348175
0.14566685727007656
0.04704965343387927
0.10355096021761885
0.057026128358319494
0.06484771047672916
0.0763381703484683
0.04878430669970129
0.06619777733528505
0.051129077467704814
0.07887480120147741
0.07316280115231812
0.07486432563797268
0.09408517828419521
0.10288268846962298
0.08990217882342606
0.11000262290284041
0.11587866514186151
0.15459749790302732
0.12172406716059646
0.13613010321800273
0.11751016236752093
0.13813896223824493
0.11899331928100365
0.09278423957732834
0.0973485994117277
0.08084169080029362
0.0883331351698193
0.047404449628368164
0.08612421689107128
0.03503915854120688
0.09709858267809192
0.0194704343841525
0.09632794388795843
0.01967254928687804
0.13037223734543152
0.018235966282236744
0.13684456184530847
0.02849654087594589
0.1661185954678664
0.039848258149452635
0.16525857834969304
0.04662081425042083
0.17515010699430864
0.06832371454056134
0.15830627295698715
0.06055364542700211
0.15198170878136913
0.05007216979248702
0.14635754116002253
0.03439161623479075
0.15211137656620113
0.03287276174710551
0.1661856360068146
0.027531092953810555
0.1792047810163566
0.017144732766327074
0.1834365762019593
0.019876417350421317
0.2152351296749843
0.035193295649255545
0.23617937938397948
0.04936970414053719
0.2829681388728901
0.056821501560255644
0.29830871385021906
0.04126803932353114
0.2499784048511204
0.029389210771380157
0.2037047091528505
0.029095400395287397
0.14799647735321822
0.04586832734408106
0.1045413083263461
0.05654347232250567
0.06606256605326036
0.07612797781290757
0.04918230566690669
0.06565820647061958
0.04964161634647807
0.07871762308199393
0.07222971058093236
0.07430556279981958
0.09410490219304607
0.10110395368557948
0.08879435239144362
0.108808166112374
0.11611381973275567
0.1529805933255114
0.12017222793155005
0.13643699693991235
0.11711453995066316
0.13852458885192778
0.11825095213685738
0.09400140361145341
0.0984587694133521
0.08197542457916815
0.08837007601872796
0.048935173882792934
0.0864272749599546
0.035998928999541206
0.09617380166448485
0.019991849482391126
0.09567479732467069
0.019877947751240677
0.13009302900336048
0.01774678710175446
0.1354502735947422
0.027894506516704425
0.16563845888855705
0.039382496167465135
0.1647115891502925
0.04578098272180995
0.17594613064157508
0.06727537291261472
0.15860010524868312
0.06103995333853195
0.15330016312619063
0.050904990609079055
0.14647367255615282
0.034675640610658136
0.15196526468293195
0.03332551117615184
0.16608856160454868
0.027636581541858038
0.17746056872939792
0.017216679661831078
0.1824893639210405
0.01951351773168469
0.21433876256785037
0.03409814448343812
0.23392701706960886
0.04858580080852211
0.2830619892360505
0.057334049931948856
0.29422308372204403
0.042231762655170875
0.25441142145183854
0.029579362850495727
0.2049220786035086
0.028860053775828405
0.150533555927011
0.04478849792487154
0.10555239428711348
0.05545406712437896
0.06747631753765039
0.07602144491149582
0.0496217274216866
0.0649892428692696
0.048289762934111836
0.07898015734537614
0.07109810184276523
0.07360075238152634
0.09348675698371811
0.10010638325166749
0.08764847603495055
0.10771616995293878
0.1163063840381514
0.15139126324845936
0.11864232094701292
0.1368968143631584
0.11661862398126345
0.13921842505539941
0.117512671733782
0.09567655393809735
0.0994539186401968
0.08363816928987323
0.08836570288538972
0.05076161563110329
0.0866890399818287
0.037484601560644676
0.09523533214397442
0.021103842136633154
0.09504774384415644
0.02083383034790571
0.1292700783255448
0.01818415024917387
0.1341526977165869
0.028502088443914622
0.16519313851069134
0.040271928012035746
0.16432053726537144
0.04661449665818132
0.17641370037098902
0.06821875652345762
0.15889685324447259
0.06378736958654264
0.15444343349942857
0.054647430657780105
0.14660916286491693
0.03846677030179166
0.15181903920117987
0.038004642265661
0.16604526264020683
0.03260788345854436
0.1758538668514331
0.02339810701143812
0.1815779930289404
0.02634666462909094
0.21301820441526487
0.041786217453033375
0.23182602783418238
0.053859081379438165
0.2819712458006906
0.048274935922677065
0.29341823844147186
0.04291771752817502
0.2583705350524201
0.035362685336448804
0.2082602690089954
0.04332163702537753
0.1529363003786767
0.06341203375507083
0.10776973679688666
0.07324818447553606
0.06910025949949157
0.08940102494257561
0.05029158194133355
0.07018286057950575
0.0474977229418715
0.08011327956740581
0.06938710754581856
0.07289653658670217
0.09231987526765177
0.09939032809824741
0.08666928718478445
0.11064412970781187
0.11730672663172034
0.1597892148904034
0.12102837814149696
0.15699510817177892
0.11670270335033506
0.16887293769951084
0.11986691892059088
0.14201121512160564
0.10080563193366694
0.13943226645954862
0.0901250038144961
0.12871733041436548
0.08674721117602611
0.12114521429532449
0.09217501976675764
0.10840771947692324
0.0876204588396912
0.10210390174439012
0.11396807349802363
0.0714452158195537
0.11351755010439299
0.07208885598217565
0.14662340118075698
0.06554907991239031
0.15908813961427265
0.06271314911945362
0.17672991795688736
0.07410267153373538
0.15916705562086872
0.06667828003880742
0.155256986580463
0.05556250658275169
0.14672577622760016
0.040741008819918836
0.1511992710419804
0.04501715268780541
0.16496187142091695
0.04677628053171955
0.17501699803520904
0.04943730289605478
0.18070298423487727
0.062675636070457
0.21146474118435607
0.06897151910194546
0.22983443856721317
0.07181680902998713
0.2802079312791934
0.05457896136334254
0.2929277100616862
0.042110805496977384
0.26212974149223667
0.028386506501594085
0.21157587458892624
0.02970285563326974
0.15530601504725838
0.042750719031660146
0.1099647040511829
0.05579797726435975
0.07087567942545943
0.08422945963384769
0.05094355258518767
0.06989357979682467
0.04703264787492492
0.08018056033375087
0.06765213813761387
0.07224098336271151
0.09116917844594913
0.09824152583894392
0.08626297357289787
0.10925701610563274
0.11716801579333762
0.15760981768315435
0.11919669247580074
0.15678014493742412
0.11608141605167736
0.16876843641573805
0.11899939243668707
0.1426841708621998
0.10183605880787674
0.14005224008875336
0.09010538250852695
0.12926958144608516
0.08643931306601778
0.12138835934664796
0.09162741846727797
0.10971630995668295
0.08742232230954632
0.10340600883306146
0.1130033532524546
0.07202482451339039
0.11253335106260981
0.07263731101632599
0.14609874229191877
0.065897555419613
0.15750618839048805
0.06259796086400002
0.1770767860048484
0.07354269380735852
0.1594777522257859
0.06730062314835218
0.15610990749199044
0.0564840496114553
0.14688124061918567
0.040919684775534856
0.15061598171465881
0.04515039345233666
0.16379699050121543
0.046243027862289524
0.17422456288047464
0.04882899844398363
0.1798629171633356
0.061594575783635586
0.20994408105704235
0.06872835462905508
0.22787210656364326
0.07297113633079985
0.27846545443231735
0.056043537971408604
0.29246231296345643
0.04328001829680931
0.2659228778897444
0.028469811623167057
0.21493397432226954
0.02949113169633074
0.15772115884993723
0.0417282616929869
0.11221553202852118
0.05451815405678317
0.0727141986163271
0.08360578235391684
0.05166446587891417
0.06963844692084606
0.046633612409061914
0.08028466939573457
0.06599789047085942
0.0716298256461165
0.0900823350488327
0.09706524415462371
0.08591456607415816
0.10791624382246168
0.11706561426033399
0.15547000304018435
0.11740066805814192
0.15660124554788557
0.11549448109669651
0.16869897446800497
0.11817463652038422
0.1433975988274518
0.10290247272912527
0.14070755008043545
0.09011481868536862
0.1298559850975951
0.08617037686232122
0.12166464079655467
0.09110391452387484
0.11106333011524876
0.0872566948422319
0.10474848600102836
0.11205934255450904
0.07265730010431806
0.11159136535192465
0.07323632752501573
0.14560054959154342
0.06629079547993953
0.15596525761107854
0.06252865711788143
0.17745496619167758
0.07302888095847837
0.15982968750389312
0.06796346551486539
0.15700260815858288
0.057447840299078845
0.14707572934180255
0.04113923545983819
0.15008260378778712
0.04532588659661198
0.16266929923804171
0.04574728571570628
0.1734779155708989
0.04826594106476706
0.1790584585729226
0.06055484400214159
0.20845751033799603
0.06852780782049384
0.22593964344867498
0.0737447704743682
0.2767448993743348
0.057371855611717905
0.29202229844478106
0.04449657621541258
0.2697502179015404
0.028602619269901177
0.21833422461599383
0.029572054989284894
0.16018192522176794
0.040753959517791545
0.11452185601234594
0.053278652649754135
0.07461587141847172
0.08279970538190816
0.05245405470920116
0.06941751854712665
0.04630076316793706
0.08056454000513799
0.06442483210984162
0.07106313277539064
0.08904835821473928
0.09586738117459857
0.08562408679484212
0.10646588234762511
0.11699948221881838
0.1533701319028402
0.11564045690953766
0.15645835256612892
0.11494205627110539
0.16866455444518041
0.11739292678289591
0.14415130426321177
0.10400512616888452
0.1413980524128092
0.09015397226725833
0.13047643443741133
0.08594110134423048
0.12197402595354574
0.09060554042038235
0.11244855241304895
0.08712389386292473
0.10613109686063232
0.11106254922876788
0.0733426038266892
0.11070776042978094
0.07388592924568177
0.1449226635843384
0.06672876546279458
0.15453081157838483
0.06250536783713866
0.177866102594275
0.07256129593816354
0.16022400397484088
0.06866684921118528
0.15793674117302556
0.058453805374072576
0.14731022166797617
0.04139963124125939
0.14958728585741268
0.045543668725772916
0.1615785354555588
0.04528907193440516
0.17277663291072712
0.04774817118883795
0.17828948788277196
0.05955649279268497
0.20700475482511385
0.06836990712714408
0.22403715817523742
0.07321756277739516
0.2747864669973627
0.057795334503947145
0.29160773175952276
0.04576024076149722
0.2736124761196857
0.028784701579434437
0.2217790219332395
0.029699663118957664
0.16269100726935712
0.03982768598205401
0.11688732964666397
0.05207956322372142
0.07658393553183156
0.08203555199181178
0.053315641674892174
0.06923073870370668
0.04603659253799134
0.0808884304467036
0.06293425197673909
0.07054089422755001
0.08806742061578414
0.09471087844949296
0.08538987263757274
0.10478308870076719
0.1172543143242427
0.1513104521458458
0.11511646287232925
0.1563515821892523
0.11461522061997394
0.16866490201715095
0.1175326147395251
0.1449441922996316
0.10524964417983844
0.14212208424983372
0.09076045625359397
0.13113071173180987
0.0857840540579134
0.12231637244413715
0.09031666904300316
0.11387460353381597
0.08702761697706073
0.10755973517016008
0.11002394636682902
0.07408754727970567
0.1095904684376882
0.07459468051158683
0.14404492029312646
0.06721897954814866
0.15320554331559047
0.06253519071689834
0.17831852296611245
0.07214470383318689
0.16025813002622322
0.06941268497001293
0.15892431314820066
0.05950028118416301
0.1476002198563116
0.04169510655256201
0.14915199815426325
0.0456972566306096
0.1605471574185547
0.04485345865942426
0.172146391497546
0.04725409205281126
0.17758747473330247
0.058575198712300824
0.20562212172421537
0.06825472523408442
0.22220898834915287
0.07246966003078434
0.27237564160399064
0.05826789995009826
0.29128073133755666
0.04707224534337788
0.2775819499422531
0.029014649766674335
0.22528453056436767
0.029873978540349094
0.16535128172910332
0.038949365486879495
0.11934060547150735
0.05077906964930032
0.07876333378783368
0.08131235869881509
0.05442415775095982
0.06907779748472377
0.04604445014510308
0.0812560424290642
0.061770906993337135
0.07006284581866225
0.08742427097619798
0.09359560195277339
0.08555447175234232
0.10314015224032258
0.11794379884639733
0.14929095714844112
0.11510571396718765
0.15628069947225234
0.11444818675970066
0.16869969222879178
0.11838873251594417
0.14577556214952742
0.10733283000711803
0.14287880903996575
0.0923498468821606
0.13181834705768827
0.08679460344256547
0.12269128678665565
0.09142552648072262
0.1153376519707245
0.08855042488081517
0.10902721546980565
0.11093948632238869
0.07488449170138456
0.11062530833398584
0.0753533141640702
0.14539435382582988
0.06775319667041833
0.15505404434209072
0.06261077306822324
0.18263472707553444
0.0717740873761485
0.16463331727620872
0.07019898305454807
0.16536469365881185
0.060588819443272345
0.1541418434053178
0.0420318518028782
0.15640721793924142
0.045896427091078225
0.16828231727003154
0.04445632114510822
0.18237634366839167
0.04680667748062967
0.18918031421719445
0.05763709628953856
0.219574768858157
0.06818200403571902
0.23761508229709524
0.07176268302429843
0.28545607511001136
0.05878691746885946
0.2987194471509483
0.048432565299885655
0.2835807381084654
0.029295004693139344
0.22883820772547736
0.030095992172252
0.1691003312825269
0.038119155822146505
0.1218545502420303
0.04939636437464505
0.08221429159594203
0.08062952134412865
0.06254154595291872
0.0689627801411724
0.06259782122138728
0.08166886848623266
0.08551593519569636
0.06963419851458731
0.11092000981660577
0.09252317910974171
0.09976445823927713
0.10154315223130955
0.12298777174287563
0.14731310642967146
0.11519667300805195
0.1562381746356895
0.11413508138170443
0.16876954094931784
0.12058400850305771
0.14663953580324862
0.11708188974608187
0.14366932423539513
0.11000536056887172
0.13212617556406459
0.11431861151394333
0.12310023593136535
0.11632642306621192
0.11683448062632852
0.1012440369361504
0.11053350786265588
0.12045067519675054
0.07573090082764257
0.11539274478893356
0.07616127793340405
0.14749085848675067
0.06784536399847217
0.15831774800437565
0.06273141796427531
0.191831307501616
0.07144909466955321
0.17955564788891
0.06950025190922239
0.19233000487347382
0.061718881930591364
0.1894593951068021
0.04241466537382882
0.20033907085153663
0.04614588901910368
0.19317081913146208
0.04410363319925024
0.2058442239676007
0.046411431691227335
0.20041082907380214
0.05674813716047982
0.21617725291839698
0.06815241649078578
0.2250042412486958
0.07109871477242352
0.27019685686704437
0.059356469197706124
0.2924522372305772
0.04982125342562807
0.28776358208468605
0.029627807824083568
0.23244243618286434
0.02982282551639532
0.1715795295964365
0.03733734926104905
0.12443569480130988
0.04805939244894713
0.08416805762313584
0.07998607245402171
0.06315422462817122
0.06888229658361833
0.061862318893830814
0.08212580564013149
0.08377771320953263
0.06925070297451986
0.11072047383851386
0.09149270714556881
0.1003052592492113
0.09998736049944659
0.12200028786144715
0.14537561946285754
0.1139376191202891
0.15585791661615925
0.11387906413197747
0.16887321243362433
0.12061430633744327
0.14754087216451744
0.11796213618809474
0.14449228837144804
0.1100752498006686
0.13209986112045002
0.11483284949569071
0.12354235965780735
0.11649030842655837
0.11836708366968648
0.10153242937637212
0.11207771503757374
0.11986452534671156
0.07662759798593469
0.11446032187391446
0.07693093888671852
0.1461828276084788
0.06752775995566201
0.15691642614080056
0.06289607297582495
0.19200349779796042
0.0711689474360121
0.17907699516137512
0.06873182602658247
0.19271415006548895
0.06289069698634395
0.1890993151914416
0.04283942879568358
0.19985512915994413
0.04644535204803623
0.19235437466258412
0.04379281146548179
0.21138742997369794
0.04606784944916826
0.21177580256599288
0.055907202810124054
0.23825086819808491
0.06816565713158577
0.24716282006259865
0.07047972734684323
0.28179011195070686
0.059973422937158676
0.2989414872398879
0.050913388954023045
0.29198799686059834
0.030011577094167886
0.23609661360163522
0.02957266364196113
0.17411233969254689
0.0366020284919927
0.12708348132509975
0.04676608339794844
0.08619610016414343
0.07937936940051846
0.06384781639258005
0.06883220742618978
0.06120419999583403
0.08253920277440485
0.08212955133280171
0.06890661202791108
0.10922021424174626
0.09050205888735251
0.10089245326696154
0.09846603134341979
0.1210078460384371
0.14347875784041822
0.11274560701630537
0.15461484554656177
0.11367980433481002
0.1690117036476238
0.12071046586671734
0.14848787362593555
0.11889396426585495
0.14534737232244593
0.1102002176116561
0.1321114426994346
0.11539590287207384
0.12401714442393175
0.1165347381002706
0.11993949877889692
0.10186507846397959
0.11365750300557488
0.11931714942063863
0.07753147865922863
0.1135736294533261
0.07724482747226533
0.14491097470307654
0.06725687668110611
0.1555620246412015
0.06310452859475056
0.1922157943418878
0.07093322182907055
0.17864964722505733
0.0680072208204806
0.19314580790050312
0.06410557983966392
0.18879210371836885
0.0433030076044391
0.1991788644700306
0.046795027033475114
0.1915937847875472
0.04352142210033518
0.2111134292512599
0.045775684954315284
0.2109772934637804
0.055114583056605895
0.23757609061011417
0.06822182237173431
0.2462289872304185
0.06990357561137209
0.2800128268916464
0.06063430897447901
0.2991113768924607
0.05205413311291625
0.29625596100479923
0.03044626187135563
0.23980401494849043
0.02937418881040782
0.17670086049610326
0.03591497840308769
0.12980084759968305
0.04551852903517154
0.08830024784861884
0.07881022716497492
0.06462476509063826
0.06881476782868509
0.06062498038311675
0.08274647325533642
0.0805729374998578
0.06860706107385481
0.10779206068507179
0.08955349054616117
0.1015450118758064
0.09698542789005837
0.12007514762574693
0.1416234424502112
0.11162028992342349
0.15340879286826326
0.11353636155901731
0.16918504102206053
0.12087353349738142
0.14947311854220088
0.11987650342305009
0.14623516981314172
0.11038005530916008
0.13215569905283148
0.1159511956797045
0.12452573644072727
0.1166298625084946
0.12154873890985395
0.10223712023279337
0.11527486443232778
0.11881730881972803
0.07834659136043136
0.11272473709409468
0.07761114022302147
0.14368409930887413
0.06703330453734113
0.15424290313878591
0.0633581647607665
0.1914376253561718
0.07074280269297006
0.17825799004545753
0.06732608214585876
0.1936307492942618
0.06536295080580294
0.18851843735675602
0.043809506150992696
0.19855608613201547
0.04659429577831672
0.19086659429735955
0.043290790574658886
0.21089537754358553
0.04553263923091038
0.21022162669392946
0.054367197630015136
0.23694087280145013
0.06832033818466544
0.24533204970562442
0.06936912013143079
0.278269251640456
0.061336726632273
0.2982051152923294
0.05324069725704876
0.3005631254795334
0.030927528870898627
0.243558568574221
0.029223520369662484
0.179342036659018
0.035270459246434314
0.1325831225084895
0.044312225063343195
0.0904783282233887
0.07827253794849973
0.06548151647633942
0.06882554196445731
0.06012309323045447
0.08299744690070705
0.07903637794828972
0.06835205879967617
0.10643423549163311
0.08864714246727325
0.10225978762554498
0.09554568974024356
0.11919945377804737
0.1398099427493572
0.1105583088939788
0.15223987705221514
0.11344439317906081
0.16914698803126116
0.12109684635137415
0.1504964706428236
0.12091054668834247
0.14715561924243847
0.11061476255874067
0.13223260356769287
0.11519041439102896
0.12506811419970199
0.11676877046451768
0.12319506211964086
0.10254036851317462
0.11668694582042059
0.11835702860479645
0.07921478978708991
0.11192138312040747
0.07803114884610031
0.1424941435949991
0.06685819176821087
0.15296999505868666
0.063658098687993
0.19025984105642485
0.07059841773760527
0.17791616437812882
0.06668891752706119
0.1941625456742904
0.06656168279540865
0.18829552966429494
0.044356880438164395
0.197982077665174
0.046418331358524245
0.19019257789815233
0.043098082944328944
0.21073021058259392
0.0453353904845069
0.20951223934438312
0.05366176307540809
0.2363470624423452
0.06846189107068192
0.24447576687005426
0.0688775214537571
0.2765617900647604
0.06208260043564921
0.2960506139199365
0.05447511086459908
0.30491138969162435
0.03145879913777235
0.24736361917031408
0.029123827331299652
0.182037940066164
0.03467405136815941
0.13543340052470396
0.04315164034066647
0.09273219425542431
0.07777867232658559
0.06642073811910029
0.06887320016002506
0.05970012615438699
0.08329213357602785
0.0775605895985149
0.0681415986589005
0.10514766308173198
0.08778313992801069
0.103037541928173
0.09414694151746994
0.11838082708765697
0.13803851342497098
0.10955958715211063
0.15110820202670744
0.11340306083459199
0.16878499879633369
0.12138005381387332
0.1515577791560789
0.12199556181345395
0.14810864487814063
0.1109043933822879
0.132342115691326
0.11448214086043415
0.12564424226335186
0.11695345501616586
0.12487826265499812
0.10261425879614984
0.11813392406994006
0.11782907406760543
0.08013597996148702
0.11116124825800389
0.07850482094342477
0.14134380831633017
0.06673152709653901
0.1517401253331437
0.06400435149600404
0.18912124023855978
0.07027299731609891
0.17762006044798506
0.06609585043939671
0.19474337335144368
0.0677923678972546
0.18811848934527578
0.044944187341935296
0.19745880936797686
0.04628590884105514
0.18956621856946354
0.042942696242143016
0.2106195072474023
0.04518363790682266
0.20884920987159988
0.05299827835631535
0.23574266623539605
0.06864685733233895
0.24366025538777836
0.0684294737420921
0.2748906259378571
0.06287371154896795
0.2939304904712437
0.0557589052619364
0.31951163544167777
0.03204206762716308
0.2528708199763622
0.02907657792591196
0.19215998996124806
0.03412939431313246
0.13918954990054627
0.04203974896014782
0.0993245419759985
0.07657805587281555
0.06766418573100727
0.0689576549860452
0.06051203711007457
0.08363054162084534
0.0761615049411812
0.06797567281086067
0.10243871010863886
0.08696160705130866
0.10387821573721893
0.09278930679324147
0.11761932083506012
0.13630940828946245
0.1086242866514222
0.15001387110298017
0.1134122951014626
0.16845660354807265
0.12172317727344008
0.15265689276245456
0.1231313952001455
0.1490941707951738
0.11124895715360593
0.13248419487189714
0.11382643465700466
0.12625408519909076
0.11718390543920622
0.12596057100419925
0.10273452898885178
0.11961985184610609
0.11732837209349618
0.08111006569713064
0.11044442635189657
0.0790321217207265
0.14023324475415558
0.0666532976610837
0.15055340475919107
0.06439694267841074
0.18793242126664184
0.06956261054477207
0.17736972589700992
0.0655470032485875
0.19501738989061343
0.0690582340289946
0.18798737872635507
0.04557149016752508
0.19698631924297275
0.04619708216780574
0.18898759663141104
0.04282469622162254
0.21056329000864185
0.04507742449507699
0.20823261135234108
0.05237676300992666
0.23452791145628293
0.06887515774958496
0.2428856273480788
0.06802483544728753
0.27325593909848483
0.06371109682259671
0.2918449974105776
0.05709265680699602
0.31659416393379963
0.03267709531925717
0.25640195299302704
0.029080942797175484
0.19293662682057136
0.03363601204833689
0.14198780242170622
0.04097625489168899
0.10058602944359935
0.07490963906184386
0.06872266819764801
0.06852944774348202
0.05993964374450166
0.0840126743569828
0.07483974178328882
0.06785426864385562
0.1017029978882717
0.08618266330282955
0.10478174336314786
0.09147290459601563
0.11691498214878189
0.13462287675929674
0.1077525627420416
0.14895698348435324
0.1134720208049367
0.16816186858067775
0.12212623174647735
0.15379365613155713
0.1243178872782663
0.15011211739727187
0.11164845779467698
0.13265879708243986
0.11322334904591237
0.12689760409654405
0.11746010623498708
0.12569935090566534
0.10290109403611453
0.12114458948140164
0.11687018720499781
0.08213688895838948
0.10977091769255787
0.0796129516387447
0.13916251092113846
0.06662342673991496
0.1492837328504017
0.06483579814918551
0.1859561524218394
0.06889786911665255
0.17716511403531993
0.0650424045902464
0.19450199210721555
0.0703595060585382
0.187902166281128
0.046239263954806556
0.19656455032469097
0.046152202250910115
0.1884566984737422
0.04274441781070467
0.21056148610619677
0.04501688355804942
0.20766242282183292
0.05179718096457119
0.2333574588091105
0.06914648008325383
0.2421519012719436
0.06766304736571681
0.2716578163089612
0.06459406323956209
0.2897942944071276
0.05847541841423422
0.3133083598954896
0.033362165814841784
0.25997506732866776
0.029135292792940373
0.19375397276418307
0.03319150119824039
0.14484594018559957
0.039959284171093325
0.10190413090904833
0.07327869220900153
0.06985870802633545
0.06776759237856736
0.059425387199341186
0.08443844096341689
0.07359581276140567
0.06777727966484631
0.10101836009606482
0.08544633435462752
0.10574796335861317
0.0901977602867035
0.11626776288813656
0.13297907470021217
0.10694447502810074
0.1477630517752664
0.11358206792323079
0.16790076758221256
0.12258913675039003
0.15496782082546454
0.12555478341180146
0.15104366087412482
0.11209693140060352
0.1328657857112485
0.1126728418674422
0.12757466745120574
0.11778194801494529
0.12547445824920322
0.1031140100179368
0.12270790396972091
0.11645451663315144
0.08321642157792389
0.10899206441761027
0.08024735163904237
0.138131927930241
0.06664197862476494
0.1474481735891615
0.06532110341893135
0.18402145662835723
0.06827896575074432
0.1770064402175142
0.06458234581127005
0.19402888545734212
0.07169625340245249
0.187863083086449
0.046947733794548446
0.1961937071513282
0.04615149057587069
0.1879737730161631
0.04270211500794186
0.2106142840167903
0.04500225597864584
0.2071388857366883
0.05125976937978497
0.23223160919986316
0.06946098555736814
0.24145935856701423
0.06734421610419881
0.2700966077068005
0.06552257538021751
0.2877788047747895
0.05878102325982004
0.31005554708028427
0.034097111961919765
0.26349530461096254
0.02923963525439102
0.1946120626311776
0.0327957621303795
0.14776378477717023
0.03898885138437216
0.10327887550403739
0.0716410843660217
0.0710722554454515
0.06704167950234126
0.05896949499172768
0.0849080129385406
0.07242988409031863
0.06774486197643535
0.10015449449149258
0.08474541024434967
0.10578677910355806
0.088958876908702
0.11580763602716623
0.1312771095267499
0.10613002088685435
0.14626502215877651
0.11383847899607417
0.16747899062406066
0.12311761781548368
0.15618467860275378
0.1267373645391909
0.15197888493495434
0.1126814747480779
0.13310515137718798
0.11194762607924859
0.12828862180631742
0.11846768168555723
0.1252785724159638
0.10315953708194546
0.12314460697529918
0.11664731585659503
0.08434810054931467
0.10804321680263948
0.08097938455640473
0.1366367155196167
0.06672161258998506
0.14570209173498705
0.06610803290544556
0.18151840180407194
0.06771682031827406
0.17689470662030404
0.06424459986284473
0.19506860137107085
0.07306673752591153
0.187972848675926
0.047687234248193426
0.197400866774014
0.04619657776925732
0.1877372888468786
0.042522652947827574
0.21222482745766727
0.04503579664743554
0.2069333421242736
0.05075157224507533
0.23255402878437487
0.06972130754397278
0.24111623879463143
0.06710882594829327
0.26981269060465185
0.06645915845137768
0.28610078415828016
0.05899543440118704
0.3100694862889601
0.03484889185511572
0.26554911433912987
0.029411712501757222
0.19782332694446578
0.03243127119449103
0.1509794864171464
0.03807074750479215
0.10606010482914219
0.06999645385221841
0.07243305654347779
0.066337783096435
0.059004263045451075
0.08550122306341039
0.07134183021031078
0.06775538343567895
0.09831249106516388
0.08409743278870434
0.10583182609300137
0.08776707283731626
0.11524457400062028
0.12972252069974183
0.10552242321059183
0.14400850654559413
0.11406773526428844
0.16728823424633768
0.12364332120213826
0.15743310063416127
0.1270443254074881
0.152896838683042
0.11298707419604512
0.13337673545946516
0.11125133802182824
0.12903397785234308
0.11851344752737124
0.12512634112115306
0.10348113384851944
0.12273350584719268
0.11579277961896721
0.08553168637240245
0.10663432321866763
0.0817171724207368
0.135788689036104
0.06683618246426772
0.14255990067418348
0.06669110123857647
0.18012487738147456
0.06718962199713448
0.1768611789237813
0.06387807572039281
0.19467910123865684
0.07447324872549513
0.18801384872297516
0.04847753818011872
0.19712723167703997
0.04628321193447758
0.1872978005812259
0.04255816610737398
0.21238169312886893
0.04511282223034357
0.20644214292328988
0.05029610490057242
0.2315214022092457
0.06826602414729514
0.24052842321505105
0.06687393762973153
0.2683302871750058
0.06747781457537443
0.2842289770494199
0.05922164038031087
0.30978397894660387
0.03568226980697031
0.2675694461113886
0.029615928302935888
0.2008704395596362
0.0321319410940599
0.15424010059580362
0.037193272735571783
0.10877186055331768
0.06837978295619315
0.07389307461907497
0.06568267551466384
0.05902818727180838
0.08605996274693588
0.07036392929673327
