6688.686448761858
6689.419466823121
6682.967476091469
6675.173349107792
6667.192482291564
6659.36246592414
6651.679538030591
6643.995942014346
6635.660602991138
6627.413076495819
6619.367211912906
6611.393137024258
6603.515804733125
6595.02752423381
6586.42144494189
6577.57845753631
6568.800644717033
6560.01193950792
6551.286090647509
6542.759165398572
6534.433421130119
6526.311183668779
6518.433307001191
6510.611813265388
6503.01914939641
6495.46473276653
6487.706748637593
6479.682927357178
6471.80600151911
6464.166425008987
6456.75109235615
6449.202492490217
6441.767646926293
6434.588859075292
6427.339000051905
6420.29606308475
6413.5926436222735
6406.648151888552
6398.718814908393
6391.0253172673965
6383.597659848398
6376.406854953294
6369.5344588070575
6362.574982410086
6355.42423460474
6348.545552197707
6341.632836800314
6335.000788803038
6328.468939142808
6321.920983800316
6315.5541073645
6309.475662489998
6303.614589869785
6297.762234870304
6292.132253019258
6286.7411679914685
6281.635129733753
6276.8150722616465
6272.178076001908
6267.426408539938
6262.861583487541
6258.443417238172
6254.306727266582
6249.2627309147
6244.189318422326
6239.256242699436
6234.455609749459
6229.665649578754
6225.143512381179
6219.728350259721
6214.137736640976
6208.829826622226
6203.71016275391
6198.559737203075
6193.796377646903
6189.179543857315
6184.505311336318
6179.98685047004
6175.547574011349
6171.178139267236
6166.603938327246
6162.19089679714
6157.89092941738
6153.810387567851
6150.028289505007
6146.220526712958
6142.5422666929535
6138.967231170422
6135.553729999196
6132.197615314269
6129.041351011435
6125.989413346377
6123.077828297786
6120.285934106362
6117.317294789242
6114.172484006721
6111.263694166676
6108.385275984155
6105.55341024275
6102.9301556971
6100.340693977412
6097.91982364889
6095.65059669164
6093.417815159037
6091.280457260321
6089.338510184036
6087.584085748347
6085.908337163192
6084.132065660754
6082.3695495816255
6080.636615906058
6078.7862410838125
6076.903152440332
6074.913144581656
6073.080734126238
6071.469117063028
6069.916027603627
6068.392039749385
6066.617726959218
6064.77712939357
6062.996545769146
6061.538383994968
6060.06275813096
6058.582457164538
6057.21748347806
6055.704875882305
6054.319847408213
6053.00301833676
6051.6111668294125
6050.400582271904
6049.2365093603485
6048.076608058075
6047.178325510408
6046.378721470984
6045.325101120935
6044.0732361075825
6042.847836625812
6041.313676206314
6039.122872892399
6036.694783575524
6034.289428733452
6032.066290740522
6030.158350485334
6027.963017158859
6025.858629682104
6023.7732054737
6021.746081331073
6019.675002548372
6017.5945195093755
6015.507542941049
6013.491467495085
6011.344817975232
6009.137416382329
6006.527059251582
6003.994214398214
6001.490172834609
5998.402744763575
5995.595795275156
5992.871090246027
5990.356166345367
5987.943161858706
5985.318050894213
5982.621778919009
5980.233843127365
5977.968636117901
5975.605611090112
5973.3324772129345
5971.206874489851
5969.100818680866
5967.271134867174
5965.554144710638
5963.73270710272
5961.999625883192
5960.550402563463
5959.0641032315525
5957.80322639563
5956.681828903855
5955.441977002146
5954.320209249763
5953.2193311922165
5952.245449232887
5951.470721948109
5950.6056019773705
5949.891083531704
5949.151025971387
5948.601602175568
5948.178355106202
5947.725222660093
5947.343140796826
5946.946722542144
5946.569756058109
5946.373019995376
5946.3063448441435
5945.958196940443
5945.4606171263185
5945.09650944941
5944.4542942194985
5943.975573337026
5943.50917576257
5943.201873383473
5942.973961932591
5942.832190539969
5942.5558333372655
5942.21094591111
5942.038912857677
5941.697336502854
5941.438351121728
5941.233803475082
5941.05614858566
5940.688290962797
5940.30234815332
5940.078849876577
5939.695089428601
5939.470862699717
5939.132757423372
5938.834859826682
5938.495675312918
5938.072951949956
5937.968252009268
5937.644708789777
5937.241713285686
5937.022648187473
5936.601408080199
5936.3012545584215
5935.981246481872
5935.549049253967
5935.141685997862
5934.88570572603
5934.697672354358
5934.5354917175055
5933.95830729545
5933.585138270562
5933.240928061818
5932.98167257913
5932.840749157733
5932.671150219202
5932.350794135824
5932.032326757625
5931.690885041488
5931.465121722673
5931.275388957075
5930.769659066058
5930.35209949114
5930.113361077868
5929.811630848419
5929.692923867922
5929.472446892234
5929.066546134868
5928.594318044478
5928.32440985193
5928.114552912106
5927.881075620154
5927.52543795386
5927.022284362636
5926.532332009294
5926.207991847427
5925.878664080695
5925.678864822319
5925.290196710799
5924.853237601944
5924.453754638648
5923.720669764455
5922.885905998757
5921.971718360987
5921.08751177625
5919.838348657114
5918.490825597088
5917.297219385188
5915.93924033018
5914.805291172505
5913.564264628873
5912.380029844877
5911.37693985381
5910.3625649268015
5909.116557089536
5908.060714823804
5907.025065444788
5906.046519414108
5904.983277154627
5903.80320168394
5902.820917209812
5901.964718913716
5901.004135441244
5900.065892533962
5898.990011513679
5898.008459843127
5897.089907214297
5896.375883015359
5895.408848116052
5894.600659845931
5893.832708746634
5892.917622139637
5892.0844414568055
5891.391189377
5890.5065588793
5889.676066572871
5889.0275341150755
5888.476778992969
5887.902764225241
5887.472793505673
5887.084736374593
5886.694852952313
5886.31492985081
5885.957425780031
5885.666608195807
5885.553992483804
5885.236648332064
5884.9513152482
5884.678460252827
5884.211694333206
5883.423050669417
5882.832512806353
5882.171736398977
5881.501545221238
5880.752058353748
5880.12829411129
5879.366647537523
5878.578500277079
5877.8005492236425
5876.911098124223
5875.770522848531
5874.611184085781
5873.523135707558
5872.490713338946
5871.193555197262
5869.759696252241
5868.496465389963
5867.342856512686
5866.103039980912
5864.8305699953935
5863.551788650681
5862.36396350262
5861.179763569469
5860.09538786
5859.062674855874
5858.052893293281
5856.956680523361
5856.046114356713
5855.2599443937415
5854.47036088118
5853.407418513829
5852.368141373705
5851.232033176193
5849.9375349060365
5848.882586154626
5847.697489427128
5846.593604857753
5845.731705857473
5844.779344918071
5843.8339005937405
5843.010943787057
5842.132974262738
5841.280830458846
5840.695821431583
5840.109697363633
5839.643942549014
5839.374038279528
5839.048162026688
5838.161140279978
5837.265327375499
5836.521799670117
5835.80860712398
5834.970047789758
5833.940642078398
5832.857609641977
5831.784952797357
5830.764847273678
5829.923539949336
5829.168010264822
5828.442991197752
5827.661916089362
5826.929319278331
5826.234011396497
5825.501512361092
5824.821439451574
5824.148910821256
5823.593879834244
5823.168456476451
5822.813403754239
5822.534260745134
5822.2526523117995
5822.000782286045
5821.686647482501
5821.405786957051
5821.101009617489
5820.911716200456
5820.5031675297
5820.036846302125
5819.5068762777455
5819.006881385174
5818.363992349567
5817.759906849241
5817.110369906563
5815.901048018131
5814.721970041177
5813.680153366682
5812.541956108344
5811.563902204613
5810.658911376816
5809.890542931395
5808.890996947402
5807.851607649176
5807.070222769317
5806.383146139135
5805.773462520164
5805.303057005513
5804.605016365072
5803.893746319732
5803.055972630931
5802.430643670272
5801.757339110671
5801.166241272325
5800.631694003068
5800.070496245449
5799.638935103056
5799.388010142829
5798.951997236361
5798.400841949536
5798.007080604838
5797.750353696007
5797.073889156525
5796.546672525842
5796.2001262401645
5795.794194551693
5795.444322014881
5795.269905120966
5795.000504471493
5794.7546469345425
5794.498421757737
5794.235507486945
5793.784160450526
5793.624039809117
5793.648216588003
5793.417913970087
5793.107242433632
5792.838324805785
5792.57710901497
5792.357709959919
5792.145996641869
5791.955514839286
5791.46846636336
5791.299759882558
5791.120369055881
5791.031117234261
5790.8146273651455
5790.658463722509
5790.462846722104
5790.160365002225
5789.976659139877
5789.82088628492
5789.549150873323
5789.397347436323
5789.207982439719
5789.061476584522
5788.603177436726
5788.317766177053
5788.157123488257
5787.923391133593
5787.606102921706
5787.442849082642
5787.195745794864
5787.07979469236
5786.852005388797
5786.282584444511
5785.839988989706
5785.276934590315
5784.693748567657
5784.235162512077
5783.9712383806145
5783.594104599427
5783.1127711401605
5782.833644844032
5782.5502201165045
5782.226494644363
5781.7954409402555
5781.515449246969
5781.267827760533
5781.1339004866895
5780.785202419074
5780.539970241024
5780.2128404688065
5780.017888914151
5779.787078679742
5779.574447652881
5779.3155748246745
5779.097516511668
5778.912694416701
5778.689515030019
5778.378043551143
5778.182620091548
5778.157518064245
5778.01281169414
5777.839243814339
5777.687896628403
5777.290690029766
5777.14402773023
5777.0255760515465
5776.702268288561
5776.420031559686
5776.416561396898
5776.066382509963
5775.824065457499
5775.463513041303
5775.184008790662
5774.961890085383
5774.943386166579
5774.622349485127
5774.353713427921
5774.179738337066
5773.935789691399
5773.6059700100295
5773.515052344851
5773.304715253747
5773.115690541765
5773.001013076929
5772.77350083366
5772.491416302856
5772.377814256383
5772.162971524903
5772.089183731355
5772.004641467577
5771.828320142737
5771.457172981204
5771.245281599155
5771.0355538563035
5770.73722496813
5770.548852580616
5770.349316135739
5769.971591284819
5769.955312982326
5769.77429280917
5769.729868913564
5769.582087069402
5769.407489469637
5769.175462961279
5769.070445097482
5768.804146032228
5768.614575860422
5768.3990485161
5768.152969184541
5767.892802287921
5767.801121268212
5767.615729718488
5767.645957783064
5767.530168519185
5767.130081940623
5766.881842475515
5766.693161176572
5766.4588680768275
5766.3541626135075
5765.9980756927
5765.711395311344
5765.538771659719
5765.448974769824
5765.2197070707
5765.194838346453
5764.976799400812
5764.625979816094
5764.465795570306
5764.2962050760225
5764.024682630803
5763.943368232858
5763.295842226437
5762.7786485500865
5762.1824359483835
5761.558796923094
5760.939812152576
5760.518592795714
5759.994303608072
5759.486321048301
5759.051493139285
5758.617379822063
5758.064482049556
5757.786746825503
5757.320013543475
5756.915117422726
5756.525449039818
5756.093654588236
5755.594288134302
5755.291860254794
5754.968774809313
5754.693952946175
5754.25069035316
5753.828381795907
5753.414691173306
5753.103258657776
5752.789777811061
5752.559486463273
5752.46188530543
5752.291987643028
5752.052108624731
5752.008172683347
5751.7976504759035
5751.800323913181
5751.471331294886
5751.124069687843
5750.977899675344
5750.954361825188
5750.886196642903
5750.6661255344925
5750.4194578298375
5750.479277038566
5750.211223088079
5750.064531668072
5749.900013231336
5749.717174494096
5749.568288248115
5749.36331462732
5749.216198844086
5749.056994360394
5748.788673808759
5748.60278654416
5748.363786299104
5748.261713816563
5747.921311538582
5747.674420910519
5747.375239891661
5747.08160322874
5746.758754598112
5746.426589192277
5745.963256212342
5745.443956949735
5744.859742876528
5744.51900811359
5744.138832308989
5743.703399407301
5743.2763903091
5742.771909114757
5742.365464620764
5742.0068646722075
5741.616043705314
5741.302308029957
5740.760574778871
5740.39836288743
5739.832557315205
5739.310815708576
5738.833664134073
5738.380354231854
5737.865474214221
5737.472738590834
5737.1883475611385
5737.050773576213
5736.765256805953
5736.4196427403385
5735.97314200951
5735.6832678082665
5735.459958765003
5735.121527426158
5734.7100574185215
5734.464217542565
5734.104349561414
5733.922925556188
5733.652806971058
5733.326560289028
5733.090954017344
5732.8703951800335
5732.710545647817
5732.404031804708
5732.153946208086
5732.227573182498
5731.985009331039
5731.754200198633
5731.483015787385
5731.390030944853
5731.252254131267
5731.086629828308
5730.874789825126
5730.732784526307
5730.500664598104
5730.500266377924
5730.259529856492
5730.038625868647
5729.871308168157
5729.673547490825
5729.556503970728
5729.45228896184
5729.344184509165
5729.192017885992
5728.887186087731
5728.705848121038
5728.450391808409
5728.434928869465
5728.264153950191
5728.1163908012
5727.991791576414
5727.7428530043635
5727.607657145514
5727.646068570268
5727.363770903631
5727.155591585582
5726.9538902302265
5726.834603215112
5726.665451095301
5726.472170727796
5726.247889279408
5726.157591264287
5726.065590762044
5725.87998520867
5725.73911280802
5725.675666679781
5725.388356178738
5725.129989344238
5724.894942962123
5724.795609110434
5724.578923476236
5724.535330798271
5724.191793531625
5723.918671228916
5723.788038267976
5723.670667174196
5723.324914312615
5723.209820480485
5723.00302020637
5722.877274889882
5722.781030565782
5722.552821963158
5722.397404825205
5722.236020435054
5722.0219221550215
5721.950296509355
5721.777281826131
5721.6364355389405
5721.48390426112
5721.419425191845
5721.182627291971
5721.037027013808
5720.993770934334
5720.861781679608
5720.745137468023
5720.666885905076
5720.313219588803
5720.184586808036
5720.092260698341
5720.013775577554
5719.85953835596
5719.833182015282
5719.689974119886
5719.490718848543
5719.294473369247
5719.176109812247
5718.950507522814
5718.968714167649
5718.831692418248
5718.665991763169
5718.51635848715
5718.287869061096
5718.058490963911
5718.011598979384
5717.854450867767
5717.809019833938
5717.576086538793
5717.273302877024
5717.103328978284
5717.055908117173
5716.794187694873
5716.638925994417
5716.449531172733
5716.139750510935
5716.117759363202
5715.9593729276285
5715.671714920719
5715.62517648363
5715.45497555663
5715.2924325287895
5715.099870743358
5714.95312231103
5714.56724189336
5714.463292413383
5714.331841594376
5713.969530908691
5713.743553109463
5713.727492430348
5713.436298623918
5713.288349824593
5713.240981718766
5713.198787657365
5713.14180177116
5713.087708568238
5712.759109667609
5712.669518178908
5712.584358922751
5712.526604228577
5712.240646780466
5712.151719103048
5712.00868959185
5711.959000021244
5711.760964593068
5711.648367935921
5711.605751182355
5711.528363211955
5711.3408772036355
5711.241540197276
5711.131234176572
5711.072875589553
5710.809581469302
5710.705288892867
5710.452461074756
5710.417111548075
5710.282173239156
5710.2511523318235
5710.014215712858
5709.693881706046
5709.348793056287
5709.260291361151
5709.143112267105
5708.942512566632
5708.96273447069
5708.861228839429
5708.707871836891
5708.573530949591
5708.411117587644
5708.338572419811
5708.125687863445
5708.051638769737
5707.884755925734
5707.656372529408
5707.572198766208
5707.421460697801
5707.277162393359
5707.158872334967
5707.03905139062
5706.877999548637
5706.691082875109
5706.500971867172
5706.3860692333765
5706.268730952699
5706.208744093211
5706.118344454812
5705.8909124216425
5705.702191362057
5705.539689538585
5705.448426619166
5705.467277912766
5705.16490335892
5705.06859612679
5705.017541863877
5704.952856391591
5704.759834424138
5704.591872351599
5704.436164082938
5704.258515997976
5704.201588397422
5704.109604029784
5703.96450198708
5703.825987855891
5703.70982644772
5703.4756196416565
5703.505771277301
5703.476930181151
5703.195684616842
5702.92599584886
5702.762488542771
5702.60876014071
5702.465425850642
5702.390782737845
5702.221300290133
5702.060285196123
5701.966615748557
5701.862722566397
5701.736270647461
5701.581121317251
5701.426451370626
5701.2865738854725
5701.19844773373
5701.105952221054
5701.0091215603425
5700.84974090166
5700.770313473292
5700.64484207322
5700.552656135664
5700.3863977466735
5700.230292387728
5700.120211307005
5699.963467408223
5699.851314093219
5699.870660064049
5699.697527233021
5699.530285155139
5699.328130101956
5699.148000777546
5698.9834219391105
5698.89305097275
5698.770667670841
5698.7694300076855
5698.69888592812
5698.495148194729
5698.333443639385
5698.267445496192
5698.282922272441
5698.148181122768
5697.971961498854
5697.824758321139
5697.711163713096
5697.597465413918
5697.49084734618
5697.308998821576
5697.233091758765
5697.063976643383
5696.770761427197
5696.644422882024
5696.533997750698
5696.477512307011
5696.364682299144
5696.344278554241
5696.247098060245
5695.990308664474
5695.758909790843
5695.670884650978
5695.601221355442
5695.470452854285
5695.292351488058
5695.300793071515
5695.108176771534
5694.9411842551
5694.815278724592
5694.842607334047
5694.665939055772
5694.517938662374
5694.423295564343
5694.344443606893
5694.246655404555
5694.114944352365
5693.801718534344
5693.790101593591
5693.735895845571
5693.619612185569
5693.513643089395
5693.136292704461
5692.796175250071
5692.718210197028
5692.538154715924
5692.36140581227
5692.243789275902
5692.047817803086
5691.822969739602
5691.781619769433
5691.650571140565
5691.4760748556
5691.319308058223
5691.250953367535
5691.050058560349
5690.876635004558
5690.721239346609
5690.6047680652755
5690.444635743003
5690.238845973606
5690.0377220717255
5690.025647919797
5689.964631293309
5689.926478399501
5689.765569552473
5689.590273863224
5689.469009915202
5689.280826902266
5689.077207864524
5688.986325264484
5688.890626718227
5688.908361998583
5688.694082577675
5688.533654428559
5688.415827424135
5688.290559040716
5688.216541645311
5687.973204061477
5687.787737829663
5687.730859853593
5687.596084990635
5687.485023992781
5687.425147230109
5687.274163390418
5686.959129995625
5686.923220465524
5686.8950193328765
5686.750599371059
5686.543362594276
5686.53504183633
5686.334956043808
5686.283390199128
5686.197101327433
5685.921959747011
5685.894992247644
5685.71409429954
5685.499630068552
5685.377717955864
5685.296671040808
5685.205736167161
5684.9623345340115
5684.968631307922
5684.702603996308
5684.567626188257
5684.47261277273
5684.276863691645
5684.114702171891
5684.0717988856495
5683.9119462419285
5683.845968384065
5683.736350852684
5683.668091592416
5683.440183693192
5683.328098514698
5683.173010120682
5683.094269875264
5682.958600452671
5682.651102159586
5682.455954737898
5682.396331813284
5682.164240631731
5682.111177020075
5682.137769333341
5681.9226428817965
5681.717554070977
5681.651667235945
5681.471883066113
5681.264352445496
5681.130107675698
5681.012461662134
5680.80375950934
5680.6528416029905
5680.45093428476
5680.386338234276
5680.231056031634
5680.0843472712695
5679.969710732537
5679.878399820363
5679.661296984454
5679.581275430797
5679.528306647129
5679.332656790356
5679.203102362723
5679.1800188170455
5678.990183710553
5678.953552763861
5678.862372754551
5678.9193495436
5678.701722324073
5678.5788432750105
5678.430438617571
5678.198510822433
5678.059374149015
5677.84953741276
5677.381147343645
5676.931348735418
5676.494815081381
5676.081982844056
5675.479499118162
5674.868417084991
5674.230515778122
5673.60997563854
5673.064361069081
5672.6346178964795
5672.154209690754
5671.803795740057
5671.326563452945
5670.9248907639085
5670.161592477143
5669.636211710058
5668.852687430422
5668.087627524163
5667.418335832115
5666.830178000573
5666.274212022707
5665.81827705392
5665.408547533478
5664.969445544367
5664.548306488971
5664.273609705584
5663.972863392312
5663.72341844077
5663.346162499573
5663.112930851952
5662.894321891858
5662.767891287293
5662.682773880864
5662.556275178134
5662.276253648438
5662.079901905539
5661.916739984111
5661.622656242569
5661.372605167647
5661.294326820191
5661.192020567688
5661.059238172125
5661.0501298956315
5661.041315441914
5660.82942822792
5660.64303729923
5660.396838732565
5660.162037957009
5659.966977987097
5659.931292995945
5659.814112067976
5659.764891340193
5659.603480101021
5659.5220600499815
5659.456242443565
5659.338957566684
5659.286980002262
5659.0507791417685
5658.867436628449
5658.765239099906
5658.607959604895
5658.535884357877
5658.460627545538
5658.493822453687
5658.237696698806
5658.071820357771
5657.947986265792
5657.5848245697825
5657.171548713559
5656.769433191032
5656.424382550012
5656.081448140593
5655.621173245802
5655.135239973232
5654.737269119747
5654.466235401192
5654.176143244454
5653.799072089557
5653.545959632406
5653.28532226389
5652.921603512609
5652.766885263176
5652.578433481189
5652.508750412248
5652.310592022465
5652.170451697311
5652.098556111456
5651.980098005685
5651.625973104582
5651.373494764629
5651.16625354575
5650.921133621396
5650.6819322780275
5650.372560567389
5650.01780367242
5649.7317817892
5649.544327250658
5649.444072933785
5649.210670993655
5648.951490959311
5648.6627872935005
5648.423735956573
5648.190863789982
5648.007937147718
5647.86869583003
5647.659905340734
5647.51439923621
5647.459268354218
5647.383689334625
5647.190506136776
5646.8722942689665
5646.637898536727
5646.482909545122
5646.239027373105
5645.90648035223
5645.748487502085
5645.448556963374
5645.26281274122
5645.17359157008
5644.944123441604
5644.551823166474
5644.149261004196
5643.916389040916
5643.587759509595
5643.345143341083
5643.264438908827
5643.021512167917
5642.838782935563
5642.621991115438
5642.436221529618
5642.207694028389
5642.159378054516
5641.9749519295765
5641.763629238907
5641.668720928894
5641.704167087284
5641.526039206223
5641.320299904056
5641.008907366441
5640.916451655941
5640.704896481557
5640.5123448105105
5640.319696794907
5640.183301386116
5639.934637630492
5639.866229086283
5639.756989810669
5639.625305779727
5639.420237871486
5639.3675665570545
5639.178661037721
5639.178644253388
5639.0473376182945
5638.899164805656
5638.676499713278
5638.520350859949
5638.275848293355
5638.02946226823
5637.875899431213
5637.766151570557
5637.543158862604
5637.465988412342
5637.257896128356
5637.150084802549
5636.842149864409
5636.731166110029
5636.5189475621355
5636.3529424997205
5636.1116677968375
5636.039604825982
5635.748068704116
5635.479665239812
5635.258814294052
5635.229587579219
5634.94136134206
5634.682288184381
5634.475585456531
5634.235293560682
5634.039460879977
5633.947108748323
5633.674751872925
5633.560947768241
5633.408690536586
5633.160759708187
5632.87876836317
5632.786155717196
5632.577425138781
5632.560299912326
5632.332107929669
5632.067003629302
5631.965495330403
5631.88506970005
5631.645607867125
5631.507113543427
5631.2756092959835
5631.1010496372255
5630.956159624223
5630.85019082338
5630.697200257289
5630.6583256683325
5630.44429871903
5630.179932387573
5630.063695938711
5629.984205443665
5629.8043637265255
5629.540783012372
5629.388578169153
5629.329766218159
5629.037208229977
5628.720479579255
5628.444271242825
5628.148984963092
5627.935058037738
5627.679132410197
5627.437388694283
5627.331134449214
5627.1582962624
5626.947151883593
5626.78344251365
5626.6815282894395
5626.441701423109
5626.276501905367
5626.062433571851
5625.946489567544
5625.765779594735
5625.626373996705
5625.4988597347365
5625.365239223888
5625.218931671922
5625.092720221188
5625.041168962757
5625.009464207906
5624.853885362856
5624.277475592007
5623.619910126285
5622.89494338672
5622.2020315078535
5621.510351903301
5620.861805516974
5620.290234479049
5619.750126733897
5619.251371936015
5618.702323172286
5618.273028087191
5617.885888218049
5617.565208338599
5617.207015271753
5616.7950989132905
5616.294870473684
5615.882637461626
5615.5133915481765
5615.259660722705
5615.037038552838
5614.862703214305
5614.531706211733
5614.192110698242
5613.903691251736
5613.746443551083
5613.556071285307
5613.396465851405
5613.237991304139
5612.905672350425
5612.62859238141
5612.551542756664
5612.380475357014
5612.345203868032
5612.109741768882
5611.83445144285
5611.620109473315
5611.466450082804
5611.165627061755
5610.996466662551
5610.841379203665
5610.75780508808
5610.655016143279
5610.4610591862875
5610.3809096379655
5610.289554776011
5610.084512222433
5609.878415231491
5609.755867182857
5609.662658906262
5609.446646061184
5609.442768496759
5609.194461084242
5608.956194263064
5608.685219583158
5608.642051091636
5608.533923887222
5608.314000556605
5608.163312941116
5608.104045090182
5607.949546802102
5607.766409955593
5607.544885563871
5607.529301661785
5607.32923719024
5607.174777694395
5607.061080473902
5606.934630933972
5606.878788193971
5606.846436197092
5606.572667752093
5606.472102572961
5606.314630000016
5606.16229446986
5605.889519723966
5605.726338328705
5605.654175878294
5605.709194812721
5605.498325603608
5605.2853492026525
5605.205004346612
5605.145366753824
5604.911416436773
5604.908481921427
5604.783679304744
5604.605494664186
5604.5284945759795
5604.504656533885
5604.2775470576
5604.117249938208
5604.04902222157
5603.961920874777
5603.6935133595
5603.6731355568845
5603.557560927842
5603.442005853408
5603.346925100377
5603.31084730858
5603.146459154548
5603.119830883306
5602.92691334495
5602.811466389614
5602.681416998419
5602.604508221773
5602.535218024739
5602.406614564833
5602.152097654669
5602.022561066573
5601.7582178945595
5601.718422316265
5601.570567166178
5601.4619877853165
5601.335990060744
5601.185668182881
5600.853808214679
5600.72237984182
5600.678247214018
5600.689527799044
5600.465274519062
5600.3919277012255
5600.382746450601
5600.204033831439
5600.012996682536
5600.045411749704
5599.946017134007
5599.781562642692
5599.552071115436
5599.495765645075
5599.311703299302
5599.230308399898
5599.046469649353
5598.992040122102
5598.825506485373
5598.773030332669
5598.567763019926
5598.422664156796
5598.278150210675
5598.262186123989
5598.263473284359
5598.127818800504
5598.01853666852
5597.9193687874285
5597.814488325327
5597.757919133433
5597.580077603411
5597.530291596664
5597.311390303955
5597.05950428732
5596.875161743166
5596.765193191078
5596.632471607687
5596.546071090086
5596.50365941032
5596.484374219064
5596.359136582788
5596.35503320901
5596.259593888994
5596.108573695052
5596.13456281013
5596.0073242984145
5595.83786779595
5595.882719764334
5595.722526743026
5595.574262885195
5595.457042709966
5595.368913318198
5595.3990127168245
5595.257402540665
5595.034480084571
5594.86776841014
5594.71097354513
5594.571897521294
5594.496206231502
5594.450726042227
5594.324914535998
5594.344665541464
5594.302265669227
5594.141884450048
5593.984899125601
5593.945265747217
5593.840404483183
5593.624853029571
5593.569295791573
5593.490994546865
5593.351225761642
5593.275936911016
5593.152473086054
5593.1025426628285
5593.008101974366
5592.861510020015
5592.583569785932
5592.463608828533
5592.315443801975
5592.18261536117
5592.085506270802
5591.958951791947
5591.6903417099065
5591.634221734728
5591.484858931889
5591.368636631183
5591.22697288371
5591.057986710668
5591.008688123221
5590.959910614225
5590.85658134279
5590.742150562852
5590.609870282612
5590.373404574316
5590.1757038601245
5590.0565224663405
5589.966161546174
5589.9163482983095
5589.765000150712
5589.683265482869
5589.551431774121
5589.38845523931
5589.276570699942
5589.150072487627
5588.933453907224
5588.902974752195
5588.792778661365
5588.665814915433
5588.570787866637
5588.515253155693
5588.4014549514895
5588.309889895111
5588.259454900557
5588.173541351307
5588.058280269546
5587.988225504823
5587.883308468397
5587.815452168033
5587.688515833116
5587.57777495595
5587.3623214174495
5587.33657126699
5587.299392206747
5587.02696639387
5586.859217076849
5586.87237500242
5586.71720214205
5586.558409863152
5586.463236293711
5586.234779032361
5586.096605727693
5586.118502015459
5586.040549120802
5585.989580431674
5586.0295352521625
5585.904149878518
5585.7625950582005
5585.719187392775
5585.666504934108
5585.536715443978
5585.487477752011
5585.314061039727
5585.172948301655
5585.20930808493
5585.076810224297
5584.895267128492
5584.753215474476
5584.485236021868
5584.335190595047
5584.277847181144
5584.06906690818
5583.979847222077
5583.978149612633
5583.804739649961
5583.691138044321
5583.763220796467
5583.474961754387
5583.32937273839
5583.268773249398
5583.010306193022
5582.803277390032
5582.783790332478
5582.625268233255
5582.403251742278
5582.297008580084
5582.140305653483
5581.970191387314
5581.778429559303
5581.660624521268
5581.622599763896
5581.231413178982
5581.051098560432
5580.669547714761
5580.429649786163
5580.312073240528
5580.06405025084
5579.693097055833
5579.386389061798
5579.137277925629
5578.750558079331
5578.474831499132
5578.176064190233
5577.924705349075
5577.650697133655
5577.312347554775
5577.13094685313
5576.973072683737
5576.822922210122
5576.504299343862
5576.2414592252535
5576.023459577108
5575.789306565521
5575.469552003355
5575.34817953232
5575.158966921913
5574.939900795311
5574.6536951771095
5574.529484799664
5574.317134736282
5573.984253507571
5573.711052651997
5573.55230368781
5573.289023461211
5572.935890005598
5572.537476925073
5572.3137636678475
5571.978398816525
5571.749836594418
5571.330513390767
5570.9930846261905
5570.692969748667
5570.360696055666
5569.970308870648
5569.7784084342
5569.386930427234
5569.1467108850375
5568.9155422674885
5568.590659041295
5568.361531093083
5568.204085797524
5567.90804539947
5567.722909211862
5567.535540692284
5567.363359713512
5567.231854497463
5567.176756486469
5567.037695910213
5566.953423277923
5566.8695213067995
5566.807758167538
5566.822458760759
5566.74589797709
5566.50528355911
5566.286624039911
5566.018140291644
5565.699449777358
5565.36209362578
5565.032304116645
5564.716496649251
5564.243818390295
5563.734097435395
5563.318134595913
5562.9075815432725
5562.5404437122315
5562.12358245215
5561.837551870513
5561.614838186922
5561.282392665063
5561.034859552077
5560.909205383491
5560.649559626378
5560.483340295313
5560.409967006571
5560.302760127836
5560.173332698322
5560.13489655649
5560.075738300746
5559.9806044699235
5559.851019731662
5559.63607291258
5559.395970688753
5559.216430146788
5558.925452524147
5558.665080991311
5558.503922261948
5558.238142428771
5558.021986433856
5557.844761731323
5557.51126293813
5557.368548893623
5557.302161922292
5557.267995428613
5557.064087656286
5556.942895128767
5556.981424654347
5556.678301124288
5556.42834014554
5556.370014664674
5556.286399712848
5556.019249097288
5555.62968981063
5555.472921276447
5555.108422494282
5554.819169340301
5554.524952427707
5554.276881130109
5554.003876287176
5553.8836659861845
5553.640460185548
5553.54967752433
5553.402588733177
5553.33021715447
5553.029075689818
5552.874271210784
5552.679342819181
5552.468360225374
5552.133982664275
5552.0220398510355
5551.7546481245745
5551.58773805339
5551.350502510129
5551.212302775603
5551.0209441496745
5550.939408413558
5550.6130898152
5550.25307825261
5549.8657777489625
5549.528809881582
5549.123966157088
5548.97908606648
5548.801208406003
5548.698767663507
5548.446048288339
5548.415152365267
5548.3312476273
5548.219472198723
5548.054361525228
5548.025425058705
5547.916717002372
5547.877042288794
5547.702714856572
5547.634468897939
5547.5198878598585
5547.454673601011
5547.209094944848
5547.007999337399
5546.748880523202
5546.527923340083
5546.161143976393
5545.976898191789
5545.624240204123
5545.372936192737
5545.114431767055
5544.994191980909
5544.503092645225
5544.239208614149
5543.853774875869
5543.515278082293
5543.258215110922
5543.097270227178
5542.775215960016
5542.675157104079
5542.422052032614
5542.393958494908
5542.253939685474
5541.971195633537
5541.804142550865
5541.7277132038935
5541.491421082271
5541.249287711421
5541.012069745752
5540.672279454343
5540.215083402669
5540.000893171268
5539.758024363618
5539.668845933826
5539.3679196797975
5539.091416943234
5538.93783944217
5538.777062069946
5538.514173918375
5538.244507717742
5537.998992301555
5537.756175120908
5537.453730551409
5537.257290128755
5537.053192845353
5536.902917308982
5536.614769221435
5536.447754143714
5536.159478402237
5535.836093481523
5535.535095144794
5535.279753014799
5535.025064188962
5534.8070511343485
5534.4034667968235
5534.141971235559
5533.8253495910185
5533.54447680529
5533.314470980613
5532.986961657477
5532.764673556209
5532.7145407862745
5532.427454826538
5532.270272581898
5532.105152243408
5531.94899570234
5531.580593190686
5531.350553352036
5531.200903657701
5530.915196324343
5530.578656041264
5530.407137473431
5530.134321330263
5530.007094196732
5529.783987616844
5529.653392023811
5529.457122851693
5529.330027824572
5529.05997897642
5528.816628653756
5528.583069420614
5528.429672517206
5528.138888357853
5527.943937766473
5527.723250740978
5527.539139350989
5527.285329466668
5527.20983858309
5527.142573801555
5526.852261799966
5526.532859161275
5526.399596927158
5526.243421501934
5526.151857173145
5525.900230917392
5525.6557783174485
5525.475242531066
5525.45435910758
5525.25358328589
5525.154961963548
5525.074218632101
5525.014681868412
5524.845450752349
5524.722127890357
5524.527428076489
5524.378412423614
5524.201674942481
5524.106264296091
5523.925411181166
5523.908306331194
5523.74417930933
5523.590436212875
5523.407400044733
5523.320317371308
5523.069532825355
5522.947770879256
5522.8362743206735
5522.814759216822
5522.660404841003
5522.603936708655
5522.527632577684
5522.456364469537
5522.3558487899645
5522.27849989022
5522.106675438527
5522.029586913186
5521.87479243321
5521.757977226743
5521.701116255527
5521.715240409529
5521.553984856717
5521.402920765762
5521.332312422015
5521.224236321099
5521.067311728005
5520.940531165825
5520.8257104680915
5520.72977234662
5520.549482829154
5520.4650702922945
5520.284413938461
5520.23217783553
5520.110619373092
5519.965764266862
5519.830972212517
5519.769965363793
5519.634234049138
5519.527200053713
5519.369346279728
5519.315867587342
5519.130049628973
5519.051103654736
5518.905015801858
5518.804313746046
5518.657834143178
5518.568807603379
5518.496170524394
5518.38713037921
5518.249122036312
5518.1191061756135
5518.079469707446
5518.094501295102
5517.9679528127945
5517.832998226251
5517.719961681742
5517.608706576873
5517.415078067359
5517.261863729554
5517.132782338047
5517.082364518539
5516.927369863436
5516.922646287759
5516.812018905256
5516.675478423511
5516.557295523134
5516.387012098127
5516.158101814907
5516.003082216052
5515.7952305598765
5515.603927789675
5515.367681067577
5515.191115920559
5514.969951391494
5514.727452413121
5514.462288412152
5514.302856897333
5514.042262434298
5513.8467014315975
5513.606937172476
5513.495600674753
5513.170043011683
5512.881895061572
5512.604475592197
5512.405988394436
5511.996769314473
5511.781244237483
5511.49870493685
5511.2460265757945
5511.030675630662
5510.8434065878155
5510.648590910911
5510.542236291584
5510.350084176713
5510.288581834293
5510.05854086189
5509.875607677037
5509.608867343965
5509.38754940975
5509.152160642267
5508.822999769826
5508.512073772065
5508.340009204214
5508.026861414181
5507.954713025027
5507.763097140009
5507.55252988904
5507.357117581948
5507.301292966464
5507.07263521893
5507.037460075428
5506.8799463144605
5506.7804471579175
5506.587294474818
5506.550490095474
5506.442403645915
5506.383867287891
5506.186004842431
5506.100424980311
5506.000901561606
5505.865052572512
5505.615153105791
5505.49522344095
5505.273846453052
5505.26654940831
5505.087733053006
5505.009355945099
5504.922500190693
5504.832688408398
5504.625645447566
5504.464664606759
5504.304293105763
5504.016419385388
5503.751073918353
5503.583558836381
5503.1914268542905
5502.888951387755
5502.481305157939
5502.241227629707
5501.989182566976
5501.809352088635
5501.561290317399
5501.401933954803
5501.233488801516
5501.147001358412
5500.991473713871
5500.878196528122
5500.693145874354
5500.639712956961
5500.529553757605
5500.496959670374
5500.381527728551
5500.365234826349
5500.290587198176
5500.189348752605
5499.995537104062
5499.929272148238
5499.727707004532
5499.672790794441
5499.540841345542
5499.424095414054
5499.133646007324
5498.968392925053
5498.831617573445
5498.759161082092
5498.586886380863
5498.3790205808955
5498.19142648235
5498.178782911571
5497.9495550932215
5497.757008369411
5497.592412896419
5497.387197448559
5497.213693250685
5497.04240388086
5496.851609237321
5496.816537527176
5496.598331804059
5496.52794423136
5496.414923425604
5496.3859557531705
5496.218425197391
5496.158877877785
5495.851756712998
5495.717362005885
5495.4990608818125
5495.307389587867
5495.097633590586
5494.987276263953
5494.800323909632
5494.683288426159
5494.521677770164
5494.461949105747
5494.31521684801
5494.2787564485025
5494.061428344067
5494.005855791118
5493.9169706817875
5493.848207817743
5493.72550592021
5493.754740283166
5493.581439312726
5493.49552730334
5493.402817878199
5493.369529730253
5493.253733848581
5493.191015941386
5493.1121637439155
5493.065761042309
5492.908540615601
5492.899643168611
5492.782642611295
5492.793683536362
5492.677051555127
5492.630367141186
5492.446986503136
5492.362939721608
5492.283303987388
5492.243905751218
5492.183360181635
5492.101975164924
5492.0041049971705
5491.939131445665
5491.897962887773
5491.8124866122325
5491.61388149831
5491.602229431915
5491.484606622222
5491.454734401206
5491.296328111996
5491.2892997508825
5491.140057561193
5491.019570100979
5490.821904881804
5490.787481435722
5490.733428708403
5490.713572588301
5490.610046825592
5490.635677262836
5490.548491184054
5490.591818442782
5490.4643707536325
5490.43696198755
5490.204734166256
5490.248523575912
5490.172753843025
5490.04851141568
5489.958026863605
5489.995980337638
5489.868587465224
5489.845596595468
5489.808580710462
5489.712918481191
5489.498792815941
5489.473076172021
5489.360132711231
5489.354119696128
5489.304677750558
5489.247396503556
5489.138911806002
5489.06224144835
5488.936862621053
5488.899642586861
5488.83537758449
5488.791902916147
5488.716901958987
5488.645693510657
5488.534389729672
5488.594486037566
5488.460457871782
5488.4358420607405
5488.396077736346
5488.464060564774
5488.262202713151
5488.276180088924
5488.24894116124
5488.234247177503
5488.086854758751
5488.067854768244
5488.048987145546
5488.013460995456
5487.909535322759
5487.9043855588225
5487.823778769263
5487.858723281617
5487.699966820368
5487.612703344629
5487.620755838042
5487.626861807999
5487.511609774783
5487.5039838885
5487.467779134313
5487.4877045190005
5487.395014412077
5487.426137609211
5487.361632582969
5487.360435763889
5487.28264933834
5487.2669366112905
5487.180968768574
5487.201544534165
5487.1188363961255
5487.122939652286
5487.035383207625
5487.025892485396
5486.974464663946
5486.901834309415
5486.869694450225
5486.884119335901
5486.791941976704
5486.754958491173
5486.635490600759
5486.642227797512
5486.590594891637
5486.562938676822
5486.548767111102
5486.565962268341
5486.426466202917
5486.458606940358
5486.345034530923
5486.3295554177685
5486.222575473078
5486.232041633794
5486.189870100396
5486.149875362128
5486.135209332045
5486.092025777107
5486.007005111883
5486.122143458558
5485.936326449692
5485.909481066127
5485.889184067564
5485.835867032211
5485.747383162556
5485.766661119825
5485.756317211736
5485.6830965687595
5485.619505129189
5485.610104553395
5485.488996028031
5485.509015100846
5485.422233906389
5485.387071854045
5485.387242587025
5485.353558432063
5485.351687633769
5485.267597331874
5485.188086683467
5485.261143747995
5485.142632245391
5485.100774736669
5485.078639981296
5485.127557669895
5485.02206210152
5485.013856627018
5485.028559277772
5485.014564623273
5484.890594341378
5484.838565134877
5484.834935374914
5484.825476871878
5484.810589697425
5484.758512866417
5484.681888213263
5484.736595198932
5484.637859071516
5484.51676526771
5484.527649880246
5484.561840858098
5484.449818477647
5484.416497705942
5484.396576173873
5484.3918011708565
5484.305675093771
5484.307835091955
5484.2845721712
5484.260648287284
5484.247545473059
5484.206835828441
5484.18116527947
5484.2448298244435
5484.115191159337
5484.071116468591
5484.0453611490975
5484.112053001739
5484.070368397308
5483.987530490897
5483.980899679583
5483.961838869317
5483.899315122661
5483.867140031666
5483.83380513858
5483.800463213359
5483.723784065202
5483.683965981351
5483.56843626864
5483.533726714137
5483.522250752245
5483.511434138885
5483.481723547172
5483.46079981061
5483.37930988601
5483.387180896945
5483.371186512436
5483.318491447682
5483.209997574791
5483.130863302833
5483.2064192401
5483.150995110911
5483.039319166762
5482.9270919241335
5482.84719044348
5482.912188922354
5482.833054088342
5482.713648857911
5482.6910568512485
5482.692007629326
5482.685369640438
5482.634570876775
5482.498688347106
5482.512695514453
5482.447326929422
5482.348019206464
5482.362823717392
5482.366821489527
5482.239356311027
5482.246039053687
5482.21840114036
5482.262736579196
5482.1361862384265
5482.180127722698
5482.089588152983
5482.134811560936
5482.092462228527
5482.008208774315
5481.9906066908
5482.014516805201
5481.904661756533
5481.951609802185
5481.89079566621
5481.902017883115
5481.826200099069
5481.8310231660635
5481.764908410399
5481.763674124121
5481.7368570479775
5481.665619546831
5481.589953557278
5481.651736699434
5481.597370431412
5481.576554135489
5481.547570293686
5481.58919891606
5481.484589214579
5481.46375934046
5481.477921259171
5481.4659091528665
5481.3991123375845
5481.418269949674
5481.322737209404
5481.385916436567
5481.369616731534
5481.341463504102
5481.237309049583
5481.22950152769
5481.218984793848
5481.100959724157
5481.085449914273
5481.064932487474
5480.951573832353
5480.939617528384
5480.914916051382
5480.981530291452
5480.851499356108
5480.860761585062
5480.807360649701
5480.812515222847
5480.765954272797
5480.777197816906
5480.698352360556
5480.738613098679
5480.71244539948
5480.657148072784
5480.558105400299
5480.573018948513
5480.562509022115
5480.495191963366
5480.482277323761
5480.52281200171
5480.418677630066
5480.3853645152185
5480.349604669448
5480.352066597274
5480.206965147518
5480.225400276879
5480.206032166098
5480.2125404625995
5480.150433087011
5480.1241092148275
5480.142085314137
5480.052629314342
5479.976730747704
5479.924963066856
5479.9283798436745
5479.954943397244
5479.832609159603
5479.857621017666
5479.923168340009
5479.79223848398
5479.635108359064
5479.562608734737
5479.520118676086
5479.437428450998
5479.368705142063
5479.346799833173
5479.272512510006
5479.293027440943
5479.300389426263
5479.218412163119
5479.193065805653
5479.206980076467
5479.101864658233
5478.992475063845
5478.930263913744
5478.97283338119
5478.981017369493
5478.904119359333
5478.799898163606
5478.8960054363415
5478.787212712989
5478.742327866957
5478.699044520536
5478.662921095124
5478.626310372218
5478.629003848395
5478.598663214074
5478.603228588705
5478.582032970937
5478.514434405377
5478.456591027652
5478.495129470088
5478.463952525924
5478.373414214437
5478.353191793662
5478.410753437677
5478.3260481529205
5478.31703810366
5478.225705274889
5478.2314134177805
5478.2592181073305
5478.1538660996885
5478.160430237449
5478.182873104555
5478.095023807714
5478.034305451251
5478.054602551164
5478.038280671618
5478.017256998275
5477.963512204299
5477.936597418032
5477.991576648565
5477.856412987914
5477.79380896245
5477.797389138265
5477.89202310531
5477.757843750755
5477.666971346291
5477.665503258128
5477.646640910127
5477.645200822495
5477.628647878916
5477.495389726432
5477.479524530712
5477.406653050432
5477.365934604508
5477.327829320711
5477.294256520922
5477.266083259544
5477.148771431396
5477.111830433306
5477.172270145701
5477.036835699568
5477.032341931178
5476.999228136482
5476.940152561825
5476.952922753817
5476.881478590354
5476.865754595943
5476.797389163602
5476.8122353215085
5476.763660409649
5476.600351314144
5476.570292936151
5476.519314329456
5476.49313574889
5476.480458718441
5476.475900020097
5476.370772704643
5476.306544144278
5476.261417755828
5476.268501249829
5476.209724167026
5476.175526707972
5476.142755129197
5476.1894516392
5476.103619020561
5476.055812206211
5476.0178779532625
5475.964966138023
5475.933405094381
5475.914181287288
5475.844425078453
5475.866452616782
5475.883323687547
5475.8115991967425
5475.747246711742
5475.768190637587
5475.671968122189
5475.5490883601515
5475.557854715507
5475.577919835401
5475.484580002679
5475.435408180554
5475.429979375385
5475.4295122386
5475.347431239706
5475.295059732941
5475.257133392432
5475.266867057946
5475.243944533575
5475.146150710154
5475.090708955498
5475.087594985406
5475.090871830666
5475.020928995571
5474.961762685888
5474.994457753162
5474.954965859497
5474.880157649827
5474.77312616213
5474.811931624954
5474.798023067588
5474.685396819534
5474.656459928826
5474.689853741062
5474.652416843373
5474.606163726301
5474.547952861645
5474.580195487608
5474.581296838527
5474.498513161257
5474.475101867705
5474.5522264361825
5474.435109984478
5474.440787977143
5474.507166752904
5474.457805097599
5474.336555531588
5474.3350717594385
5474.303451117064
5474.348901439883
5474.2940090732645
5474.240368085267
5474.241134774432
5474.281369054167
5474.177087776706
5474.170861228633
5474.2291851019845
5474.143535662328
5474.061040858641
5474.122990528345
5474.044222230262
5474.002417442588
5473.98708533636
5473.979392787561
5473.9334478542105
5473.958899572751
5473.929378915173
5473.8795450447105
5473.824534671996
5473.860968475762
5473.775614163107
5473.791670320161
5473.715807118399
5473.690356084617
5473.6904920962725
5473.619788290188
5473.581093477941
5473.631383205201
5473.558163415581
5473.5104240058545
5473.472329438843
5473.536559252037
5473.446134692469
5473.436033617902
5473.453742515226
5473.386415791918
5473.265474219843
5473.308307779132
5473.291296941729
5473.3214531519925
5473.1661436002905
5473.167114535982
5473.1932657645175
5473.069204136111
5472.955966405706
5472.99011895525
5472.930204690511
5472.96170187914
5472.871654432019
5472.904655866259
5472.798777626243
5472.832885624452
5472.820442343681
5472.68601485244
5472.611022935644
5472.68370600368
5472.598628275353
5472.531606906547
5472.467185011073
5472.538366670335
5472.450685536737
5472.3974655624015
5472.370895275098
5472.3965595204845
5472.323801837647
5472.305735107011
5472.198045008197
5472.2354997910625
5472.132078626474
5472.111602343184
5472.061467248078
5472.121977635514
5472.040732040475
5471.978179968635
5471.980809527526
5471.9865692128915
5471.939574662805
5471.941650256817
5471.842309959892
5471.845293078471
5471.766281220868
5471.712357714444
5471.636108714187
5471.639547251887
5471.568621391798
5471.551415817791
5471.547777316802
5471.534073790695
5471.455292678449
5471.472840381134
5471.417081372419
5471.400844237019
5471.319367549147
5471.306075828632
5471.2710280963565
5471.277055118552
5471.202275260905
5471.156855624297
5471.162165823473
5471.142561678901
5471.023609896568
5471.051018427952
5470.999536721324
5470.994107673064
5470.969257292245
5470.886125803808
5470.836339673134
5470.873675821025
5470.8859433223115
5470.80408605084
5470.760423655829
5470.842449329302
5470.686027075513
5470.6195791638565
5470.692806686874
5470.617879319534
5470.599255027675
5470.558000934357
5470.535740831779
5470.53768646458
5470.506548571986
5470.47487303903
5470.397844978162
5470.41203720262
5470.367846611194
5470.291621738962
5470.288433672318
5470.337980251361
5470.312738646354
5470.243678145835
5470.244542708906
5470.2881401732
5470.199061630258
5470.121349982229
5470.0681307149825
5470.033728827131
5470.027188769885
5470.02081040164
5469.940730277424
5469.958741342673
5469.952938773944
5469.914826122287
5469.81191876439
5469.848196405933
5469.8301250505165
5469.722708080734
5469.66097355763
5469.680987216107
5469.7183007587955
5469.654566725059
5469.622427806019
5469.648812352517
5469.570184817825
5469.522335029862
5469.453650844721
5469.465144525059
5469.508224796848
5469.418957586348
5469.381627562059
5469.409398447506
5469.420307717187
5469.331435329043
5469.322385255745
5469.339329822822
5469.325987117447
5469.281871071197
5469.254050147434
5469.255168852657
5469.235612655262
5469.203643733509
5469.202674823401
5469.151164458959
5469.035636699249
5468.970342241145
5468.964549573834
5468.956736528465
5468.899794815838
5468.9127511428715
5468.889862429526
5468.845323699839
5468.848297687528
5468.769864140603
5468.7901183083495
5468.807326478257
5468.770128774126
5468.691265171528
5468.7089287966255
5468.744528762561
5468.697768147161
5468.673203995058
5468.66761661469
5468.687510640668
5468.668822073318
5468.607933942866
5468.620569409617
5468.594313302652
5468.581108930359
5468.523288503816
5468.487160375657
5468.561039823931
5468.555429741495
5468.45989776778
5468.35200500185
5468.37766360137
5468.363687828738
5468.261034205841
5468.207546734354
5468.259525665878
5468.22484772528
5468.145551248587
5468.099024592965
5468.180195261039
5468.182122025031
5468.068643750644
5467.957046557652
5467.940720776669
5467.912289838023
5467.799717808579
5467.776378596866
5467.781950488093
5467.777170546442
5467.7193392390045
5467.631958868326
5467.656086776712
5467.611163337378
5467.590385576703
5467.515905446389
5467.511932477929
5467.490001559915
5467.505372377127
5467.443783976369
5467.454365484045
5467.468059849876
5467.4434332976025
5467.352523559464
5467.338410783332
5467.339101323878
5467.287118494374
5467.213664155998
5467.181078050667
5467.085479022933
5467.089783377599
5467.059747953325
5466.974323519775
5466.8765610697565
5466.81524424098
5466.771265068217
5466.7862710311365
5466.755668027239
5466.677811081724
5466.679424276011
5466.636420598893
5466.568516263842
5466.438999145836
5466.461173589027
5466.415763192043
5466.388115403099
5466.341623379084
5466.291869887258
5466.241174836246
5466.253584293552
5466.183061968837
5466.167597714783
5466.157022316012
5466.091511274645
5465.998897300274
5465.896477359043
5465.956143905474
5465.910597764275
5465.8655801987925
5465.905429828197
5465.863092296401
5465.79730717808
5465.707087089729
5465.6797411452435
5465.706788686558
5465.706033201103
5465.625360961162
5465.596926098339
5465.624164160978
5465.530660668041
5465.4363883228225
5465.460531838666
5465.485828113399
5465.420753501837
5465.32736381504
5465.274352578811
5465.2963039544575
5465.250208906569
5465.233952040585
5465.209777434453
5465.150499499011
5465.103668503496
5465.0487273150475
5465.0010982538715
5465.071287531272
5464.993441173501
5464.958654958035
5464.927833957659
5464.894713836579
5464.879205227403
5464.842787112064
5464.739336198593
5464.818414041658
5464.777098137078
5464.721757530199
5464.689593057565
5464.737823480483
5464.678429447331
5464.5400330491875
5464.510881654364
5464.583725299137
5464.46442122158
5464.409446749955
5464.318510108743
5464.363401462701
5464.252521689113
5464.225150322292
5464.251903891662
5464.27786853205
5464.12910634826
5464.0890782400365
5463.9822067712985
5464.012585020011
5463.926395613816
5463.941218755286
5463.898002509616
5463.899749392621
5463.8589914101385
5463.819141044202
5463.750887915404
5463.792666052457
5463.750372316109
5463.719395815508
5463.645022649917
5463.680559460589
5463.598715567532
5463.569243385707
5463.572728621829
5463.583239232504
5463.513788749022
5463.500064273396
5463.466994277198
5463.53245817253
5463.4567497241605
5463.411086273491
5463.4153529727555
5463.4943777184135
5463.4217553177405
5463.330200501601
5463.28134921468
5463.340496528226
5463.316317459226
5463.266565083109
5463.216433013775
5463.251828042461
5463.231010759962
5463.1336375943
5463.062868406484
5463.154048492978
5463.081017419033
5463.009923191318
5462.956886528685
5463.013827777279
5462.981345233159
5462.993851531332
5462.938917685196
5462.939254048571
5462.853308379168
5462.804528369784
5462.7805839108705
5462.8045252372785
5462.711587961736
5462.670449317153
5462.690033365892
5462.729735680633
5462.635970733128
5462.590939064737
5462.568961644323
5462.540344264901
5462.509514423022
5462.494057143265
5462.4303934368145
5462.492703969499
5462.4345688319745
5462.41512286135
5462.3555072753925
5462.4125537495165
5462.370269477489
5462.327137986975
5462.279342662923
5462.324474094957
5462.335418558027
5462.2590937845525
5462.221059145092
5462.266884479151
5462.213469980973
5462.172077810067
5462.199233004168
5462.156741072581
5462.122001588424
5462.072662297491
5462.05491961629
5462.050574483435
5462.034492480561
5461.916448079193
5461.910315163911
5462.001983224583
5461.96372665625
5461.840110106412
5461.801220118445
5461.829229569709
5461.777083187833
5461.710511545606
5461.703161872411
5461.738776112188
5461.712591238224
5461.687382295801
5461.694611849026
5461.703124483784
5461.621640247444
5461.555049187843
5461.539376507808
5461.53880520269
5461.540346777845
5461.460638562575
5461.430283138962
5461.47309452273
5461.472344189417
5461.401186563002
5461.353759751538
5461.36305469435
5461.362270417619
5461.308080163133
5461.272601579995
5461.29054291656
5461.31887059394
5461.28542526436
5461.17525820672
5461.182303088882
5461.235460844944
5461.144703892691
5461.116570485873
5461.150919411345
5461.113632641531
5461.068664158406
5461.043092646069
5461.089794175583
5461.041358339801
5460.966045580843
5460.928452444933
5461.06095829879
5460.965049864069
5460.877613899685
5460.849369843177
5460.896132086798
5460.851607789319
5460.794186575705
5460.808113106254
5460.806050361111
5460.777594979875
5460.751457323884
5460.733452869237
5460.778480812944
5460.73142334787
5460.695582835489
5460.668792425363
5460.687540829661
5460.671341004557
5460.654887769708
5460.604017878864
5460.604950223662
5460.594519347567
5460.581532838482
5460.545034598478
5460.569094558988
5460.55209656825
5460.489988891634
5460.485110202549
5460.551887660846
5460.508560581741
5460.399694735806
5460.34238836079
5460.445324592808
5460.410891057506
5460.334186098197
5460.321976393955
5460.39986792696
5460.369694666766
5460.346158927001
5460.317293197192
5460.301380226123
5460.263036489669
5460.230145317165
5460.165413882222
5460.197909091616
5460.187186720662
5460.141846429215
5460.138256207089
5460.166355148825
5460.144730614852
5460.076164923957
5460.022671863883
5460.0306532131135
5460.012484280656
5460.007631825391
5459.948074660474
5459.966600760929
5459.945439631347
5459.885482554943
5459.88580233991
5459.8729735615925
5459.78417805968
5459.764643270753
5459.767646544564
5459.769499189603
5459.747392107649
5459.72531128616
5459.6860282959
5459.680246695251
5459.692417950109
5459.636768731126
5459.559253911624
5459.603058661225
5459.549883448768
5459.538674375821
5459.557496065766
5459.562369356049
5459.4661611865395
5459.44428020145
5459.444576641252
5459.411413362422
5459.37757869304
5459.377883573055
5459.336497314694
5459.380161690226
5459.366855550605
5459.303994549593
5459.295013324701
5459.302348197698
5459.267424976852
5459.219855898019
5459.228009215277
5459.208964654971
5459.145668000791
5459.142210581345
5459.10558964178
5459.172411170451
5459.114629755797
5459.068956589091
5459.0168908719825
5459.092492727411
5459.0821576654425
5458.990976107088
5458.930014676062
5458.899351021265
5458.913925375391
5458.831012082861
5458.824219327932
5458.838594199306
5458.818636211123
5458.79740209318
5458.777652011626
5458.748735441641
5458.701862083861
5458.648919651158
5458.593444292504
5458.612083307468
5458.5807081840885
5458.523495771163
5458.436276502707
5458.499475704702
5458.446055946311
5458.4008874537785
5458.385793151292
5458.385182606309
5458.375534404275
5458.337981864527
5458.316761050319
5458.301637435037
5458.2403193620985
5458.228498849034
5458.176929482005
5458.209204498733
5458.189617951268
5458.117229487958
5458.090228636176
5458.122601531979
5458.087014132737
5458.044217499894
5457.947856509193
5457.965419349078
5457.942507570202
5457.8947958988165
5457.86168234093
5457.921460969924
5457.902596238979
5457.8455138238205
5457.848934592316
5457.829671930193
5457.734088470851
5457.721282102822
5457.731338988321
5457.733879754759
5457.645160912616
5457.622158832578
5457.601065480179
5457.631873057436
5457.579721745612
5457.548923471659
5457.47892845387
5457.510857244974
5457.484531235363
5457.4690075233975
5457.43057159954
5457.466036553916
5457.449138048613
5457.414958039454
5457.347933271596
5457.36574352398
5457.329550433388
5457.319374357023
5457.280447375235
5457.324020342867
5457.282021231049
5457.199459779116
5457.141661855905
5457.2175362117905
5457.185234031569
5457.108686222011
5457.048493725155
5457.107594733546
5457.079873162098
5457.061575869078
5457.00663955194
5457.002629559756
5456.935509436574
5456.89820593279
5456.842109197073
5456.888116703781
5456.835760010741
5456.786574671398
5456.805625167934
5456.824348658319
5456.773947142836
5456.745391972152
5456.667585557074
5456.735414005933
5456.730237568069
5456.716208895502
5456.643758281923
5456.686416118508
5456.649090256313
5456.623887673173
5456.553160496409
5456.615507867415
5456.574865275117
5456.451722996384
5456.448423039467
5456.477887089034
5456.425457608742
5456.406654416448
5456.396525900602
5456.409571486719
5456.371550039877
5456.349986128009
5456.298558837586
5456.287318732428
5456.278144405337
5456.221488569482
5456.2159455582705
5456.248584723831
5456.177155328809
5456.141402389367
5456.104426424849
5456.1095692520885
5456.122609592258
5456.04086387058
5455.99136411517
5456.041551433612
5456.073869549151
5455.977817751495
5455.962601173885
5455.95992089164
5455.953633196022
5455.945531885127
5455.8947407844835
5455.847354589215
5455.85742423712
5455.792028677468
5455.757705941021
5455.806442496656
5455.808707995263
5455.71412681761
5455.690084036881
5455.73865020047
5455.706896364301
5455.657411341914
5455.625405891753
5455.626862834212
5455.626048599692
5455.578098018743
5455.566526745231
5455.532557254024
5455.5133957420585
5455.524692947408
5455.506254906835
5455.485175520795
5455.434435881906
5455.344811961447
5455.36251280885
5455.33864427017
5455.322176695683
5455.262931034157
5455.220839466892
5455.221759890566
5455.244134974364
5455.1879482710765
5455.174759538059
5455.175143889118
5455.1717938205475
5455.0951103697835
5455.077284962601
5455.070905742628
5455.059172414973
5455.029476840245
5455.003716233107
5455.021597568284
5455.036103166448
5454.924066397181
5454.929381383007
5454.946087728122
5454.933224994747
5454.870490633017
5454.87935873701
5454.895164397592
5454.892311851001
5454.828601774005
5454.777495212956
5454.774598223716
5454.78258371416
5454.744715969916
5454.6930100431955
5454.710983501323
5454.659173540524
5454.564587210014
5454.559302132976
5454.596704288913
5454.556872758029
5454.489004234097
5454.490579739802
5454.475911790725
5454.475419425562
5454.441336711687
5454.416227979218
5454.4004292080435
5454.390856161926
5454.339730023247
5454.333609369297
5454.355008070732
5454.3419772446905
5454.256133347542
5454.243473174681
5454.237810718009
5454.224460087744
5454.172796130385
5454.1854232522355
5454.185738801138
5454.124278639131
5454.06580610624
5454.064782935948
5454.064240285539
5454.068686165083
5454.024940594992
5454.011558752556
5454.029102261842
5454.0202017530255
5453.959653837334
5453.908159753767
5453.947500663982
5453.893183497249
5453.837006591023
5453.867340611067
5453.878161748065
5453.841305694585
5453.795904941057
5453.797257567265
5453.775706047203
5453.69474126661
5453.656431716598
5453.616450342971
5453.642612981387
5453.651840650723
5453.603667572647
5453.571437630966
5453.601381873215
5453.591681611564
5453.496990431875
5453.4243128080725
5453.469657322086
5453.5003924482735
5453.421476821403
5453.385452255096
5453.462297125111
5453.435098873851
5453.32776866024
5453.321311698223
5453.3617213835505
5453.31446303478
5453.300470364659
5453.265748231143
5453.276399769404
5453.2762937815305
5453.218991371288
5453.166649776496
5453.20621027067
5453.192718581231
5453.1482704481205
5453.126373007255
5453.151279408466
5453.151775845593
5453.101183786818
5453.0147428846
5453.020273175152
5453.074270489191
5452.9819788619925
5452.982176536315
5452.954182329837
5452.964647854543
5452.903017003631
5452.867293019893
5452.883753154526
5452.84841708378
5452.8438131253515
5452.750949812945
5452.770045199386
5452.7891741853455
5452.720031026388
5452.63930630025
5452.6566424410385
5452.667791375071
5452.590953667029
5452.542039737899
5452.5813945973705
5452.578010543902
5452.553778441782
5452.5524594745875
5452.536389677355
5452.471107975215
5452.423484245584
5452.377274769613
5452.313763489416
5452.271726371657
5452.245411499525
5452.237244113542
5452.2846047012945
5452.253298131321
5452.210494975789
5452.173631584809
5452.174950372818
5452.12126331622
5452.0252708363
5452.036759609936
5452.02239499218
5451.993632798896
5451.950345933048
5451.9752448269455
5452.009207719599
5451.96309448146
5451.917126670738
5451.890559206372
5451.88754773208
5451.903819537201
5451.8428935947495
5451.78682515691
5451.827235000194
5451.7981144939395
5451.734690056698
5451.702935420075
5451.729640619178
5451.708322112985
5451.672429374988
5451.62920852556
5451.635536965926
5451.659275623913
5451.626481256368
5451.581393905001
5451.548577061541
5451.560572539463
5451.512446958403
5451.478540249927
5451.4957734433765
5451.448213315639
5451.342903389412
5451.360276903892
5451.356815403336
5451.389283095289
5451.286612061658
5451.248576736644
5451.269735966201
5451.260003333089
5451.16077922696
5451.17533155671
5451.158193254639
5451.1747684731445
5451.069780148581
5451.11077976917
5451.105894414402
5451.099329890456
5451.001271497281
5450.94936589962
5450.948324520135
5450.918760783742
5450.8471949197965
5450.853876728738
5450.863123197102
5450.856086643579
5450.81621488658
5450.773067834434
5450.712488688155
5450.657257493876
5450.612355476249
5450.553189364984
5450.539803758375
5450.569836672598
5450.515832833752
5450.511991097776
5450.524815190355
5450.4926330079425
5450.399487338762
5450.384985510591
5450.358244523412
5450.331961911021
5450.297900137649
5450.282994328311
5450.306396576912
5450.286172453537
5450.241953485598
5450.237404154747
5450.192319379732
5450.175084881641
5450.139969748881
5450.102029466237
5450.157621959385
5450.176179286703
5450.045153796098
5450.022521239285
5450.048307028959
5450.049639254639
5449.996219971149
5449.944117406621
5450.004004168995
5450.012484542558
5449.917200445354
5449.909014467338
5449.983410424236
5449.914794705443
5449.878299487168
5449.854416473796
5449.895632479464
5449.893751575556
5449.846732821568
5449.834623365727
5449.829514885677
5449.826580946733
5449.795265114327
5449.77187323889
5449.8278208337815
5449.79305171961
5449.694956738645
5449.7157910399
5449.722964043585
5449.6879537886225
5449.636392707311
5449.619204545289
5449.696383279424
5449.661758228133
5449.608668048322
5449.57256090721
5449.567637089298
5449.565265689556
5449.502601763606
5449.481437900656
5449.506380768263
5449.4916413528235
5449.467855206834
5449.478985880974
5449.496073644626
5449.442881347038
5449.379388873177
5449.397321124609
5449.367671395356
5449.336692174596
5449.321301185892
5449.295271646596
5449.311993713482
5449.353056028556
5449.312210552244
5449.256373498317
5449.266329076011
5449.293057552515
5449.237563306045
5449.177593904552
5449.214115756335
5449.200479154275
5449.191515181019
5449.1480033113385
5449.15657616412
5449.1799803810445
5449.127318727447
5449.083059707239
5449.093609746544
5449.147467216646
5449.03845708954
5449.067366983827
5449.084336047315
5449.047464987426
5448.997862510019
5449.008949529951
5449.005630000382
5448.9824561847
5448.95289495422
