6675.829107576259
6675.55363559874
6670.368830219736
6663.7459329804615
6656.7875051495375
6649.944934044805
6643.219221768926
6636.611233962249
6630.121729479059
6623.7513828803785
6617.430988900818
6611.228369886985
6605.143968285862
6599.181345619694
6593.43719068639
6587.58798903243
6581.748950659928
6575.473025379653
6569.339170057508
6563.349225316349
6557.695141460964
6551.5078380510395
6543.6230089779165
6535.567623942009
6527.699083034233
6520.016131850027
6512.51988895909
6505.046709837935
6497.62757745789
6490.4002581651475
6483.358276579735
6475.841054503443
6468.350781663975
6460.554099423186
6452.9653058406075
6445.587752435542
6438.423614482049
6431.474384680051
6424.741043628114
6418.224124658817
6411.923720931021
6405.839438512271
6399.970261221723
6394.314174291648
6388.866107078862
6384.027366343066
6378.778254358194
6373.758078963352
6368.277938087174
6362.673287941982
6357.215810327796
6351.784122355501
6345.9010715771155
6340.299702461379
6334.909980738838
6329.729196629562
6324.734806501263
6319.948121278846
6315.382107862392
6310.9399993179595
6306.723183378566
6302.355241931765
6298.128644470602
6294.173867859489
6290.400068208512
6286.903202007374
6283.271659835108
6278.9927678933955
6274.652735507862
6270.577738840288
6266.841282865945
6263.277622556628
6259.637493153073
6255.731469481112
6252.055399588981
6248.590540542164
6245.184021918845
6241.218725884401
6237.035242394534
6232.9842744487705
6228.333519367685
6222.671590545223
6216.6946084694555
6210.998491113457
6205.848335316574
6200.425574237232
6194.473804673749
6188.787413800748
6183.009181707755
6177.438544511339
6172.076623395178
6166.922062020963
6161.943209446062
6156.639198426251
6151.119576402136
6146.059720183697
6140.98306282788
6135.973302842422
6130.998370117247
6125.7304453003535
6120.268117808174
6114.390455178003
6108.178322698035
6101.8148392231615
6095.710556990359
6089.645838247495
6083.780802569671
6078.139343607149
6072.455425853443
6066.926010440982
6061.628945755689
6056.4302220586815
6050.959794714237
6045.764393114596
6040.448357087474
6034.983008122377
6029.621260183141
6024.544208734889
6019.4408833754505
6014.311437866918
6009.368200427289
6004.6362734068
6000.006564023315
5995.300265075059
5990.621261612617
5985.854664730652
5981.299714201161
5976.951424612151
5972.8115931977345
5968.896980582074
5965.14852073219
5961.264156484612
5957.357994576741
5953.341643719293
5949.5038323552135
5946.098647354134
5942.736199946904
5938.650230753918
5934.525528231919
5930.489562794562
5926.729081182233
5922.655450279655
5918.684883441302
5914.745562565908
5911.021713337215
5907.510472741392
5903.961667025851
5900.406367362881
5897.066418538161
5893.93715828344
5890.649440887917
5887.584131634067
5884.458011602713
5881.731593908576
5878.990158118083
5875.889976141874
5873.074081121681
5870.238119793745
5867.036856164768
5863.9685749306645
5860.917209910718
5858.039973858648
5854.848046303117
5851.650388783866
5847.887213100657
5844.613001838672
5841.320773315279
5838.102876279308
5834.937793305132
5832.096627002277
5829.090315016859
5825.825547223271
5822.7383048321935
5819.5085036355395
5816.463191741231
5813.601141251053
5810.921133510984
5808.315100101458
5805.836293540626
5803.125230028851
5800.698596712726
5798.525651243938
5796.166103036893
5793.866797119524
5791.229093748409
5788.737940906015
5786.1868242077
5783.673455386276
5781.2570154932
5779.132480794028
5776.857228508731
5774.218643682454
5771.953061100841
5769.522530879524
5766.861942672124
5764.074581419132
5761.401165328472
5758.782064584856
5756.349422993007
5753.800453419011
5751.207974550037
5748.8649033831025
5746.614727638364
5744.34721610498
5742.151233598073
5740.02553814477
5738.0706000991095
5736.286315128541
5734.672448007223
5733.08065946629
5731.754415445283
5729.991661736019
5728.098311000612
5726.471791785883
5724.613377129459
5722.582988288864
5720.595730257749
5718.575054530513
5716.500591177327
5714.813710076133
5713.055404993214
5710.919443911566
5708.833801317286
5706.775233815694
5704.605347112205
5702.314956186676
5700.121585348504
5698.187449462343
5696.113993076184
5693.758924507253
5691.686448568529
5689.009334665444
5686.318401773759
5683.628025766388
5681.25140538439
5678.318849485361
5675.356119565892
5672.51137271518
5669.906691641359
5667.472698328672
5664.722928334005
5662.39952411297
5660.146840001963
5658.080541652423
5655.946742684844
5653.7673344218365
5651.252459808139
5648.82728394984
5646.308931552424
5643.727965345675
5641.225343137274
5638.765841022762
5636.514468727182
5634.257718514184
5632.025389480111
5629.84006212796
5627.575336433568
5625.078491034783
5622.728284765359
5620.52951981081
5618.433936964767
5616.537365080001
5614.74868365252
5613.040352668475
5611.240769694984
5609.406712724493
5607.673850333688
5605.180931117285
5602.556461019425
5599.867093946242
5597.256275834253
5594.35625306503
5591.162502658456
5588.089651647932
5585.004812371968
5582.007649420125
5579.002194435491
5576.033274267948
5572.7581982530255
5569.552121807267
5566.517349258264
5563.588223616685
5560.483720135662
5557.663537643447
5554.828544310175
5551.908444144516
5549.118955080909
5546.433809514152
5543.8753977920205
5541.570562820174
5539.350857290543
5537.133078058184
5534.798603271709
5532.247623832712
5529.6810047029385
5527.136845905606
5523.6962010067355
5520.398528629287
5517.132537449723
5514.040975428389
5511.105927526082
5508.138156860323
5505.051002410512
5502.022116365514
5498.92402801049
5495.974469777865
5492.962221410966
5490.024368607743
5487.3789159002645
5484.755315166897
5481.991766351208
5478.911573506017
5475.990108404052
5473.380541470018
5470.252746306397
5467.312746060878
5464.158006255827
5461.159561381524
5458.151778269412
5455.334814534156
5452.542115293231
5449.530210541848
5446.5563229254085
5443.762520628487
5441.0057101700795
5438.313040965055
5435.6630684078955
5433.208499570973
5430.881269532927
5428.4370951592055
5425.987989435382
5423.657261424661
5421.384525426449
5419.085771975012
5416.876515772865
5414.633277840931
5412.469140196808
5410.5088131766115
5408.352888570637
5406.202992736018
5404.100335668509
5402.090798872307
5400.141229122461
5398.3083453868185
5396.878938042867
5395.132404067132
5393.381046510941
5391.629826201806
5390.020177913882
5388.535246461947
5387.18720708064
5385.6166328939635
5384.30947240049
5382.756899099293
5380.824768158715
5379.109771053211
5377.37678070864
5375.623326916516
5373.664924838808
5371.374525614097
5368.8347148391795
5366.374278770206
5364.127423477473
5361.93920882538
5359.800106047172
5357.72276310584
5355.693179321597
5353.81093368073
5352.037367888804
5350.424875750001
5349.1750475427025
5347.784362960541
5346.277218383954
5344.759400683523
5343.122561640841
5341.65338335081
5340.305152942901
5339.043166804106
5337.924726198303
5336.699589820684
5335.281782974562
5333.870684997682
5332.538526273912
5331.002840688485
5329.75847772358
5328.4293175015
5327.099772960322
5325.680410995831
5324.355358931689
5323.273391590037
5322.121150896871
5320.819268728314
5319.410884749779
5317.958737341098
5316.444484347876
5314.887636952022
5313.604206098375
5312.304427801051
5310.550995608622
5308.8633190897635
5307.321733579073
5305.518790936884
5303.802451323963
5301.819797017592
5299.959236994939
5298.12007364434
5296.342087100061
5294.66722334638
5293.211395476046
5291.722513363121
5289.951619175838
5288.1057391372515
5286.371369561229
5284.752344891324
5283.277184466063
5281.887678784597
5280.287734373172
5278.663611988165
5277.148543362259
5275.712700581215
5274.284987173999
5272.919658447729
5271.381482574468
5269.9411255395435
5268.613481174209
5267.400334132671
5266.191617918515
5264.572006564922
5262.765946176877
5261.041974588928
5259.475554065349
5257.569828723827
5255.669125326142
5253.863265389751
5252.116648648953
5250.325260392232
5248.5989771520835
5246.948730114591
5245.203328278505
5243.496723734628
5241.949066853154
5240.4926228867
5238.978746970674
5237.450859681326
5236.0370625804835
5234.82418769961
5233.364830986506
5231.39168725135
5229.553983528046
5227.73367651047
5226.013689972368
5224.313904280863
5222.753169690986
5221.121342210636
5219.58001068356
5218.164840582233
5216.660634040689
5215.017208451678
5213.456667467767
5212.01259790895
5210.639534818788
5209.104524625655
5207.445163132394
5205.894947731843
5204.450940225793
5203.05499335713
5201.635560142398
5200.189478138123
5198.911413823565
5197.478437549815
5196.0832590167865
5194.670116015367
5193.079403902167
5191.355051347367
5189.656798552348
5188.078835274154
5186.383118671405
5184.844426146265
5183.37151363584
5181.779955776271
5180.178564408264
5178.662119041699
5177.211899978533
5175.866253855928
5174.8267072529825
5173.4818094049915
5171.658886385206
5169.935051610369
5168.304002997106
5166.756837120376
5165.214519487682
5163.724066869126
5162.094716918184
5160.463736360343
5158.636087452513
5156.785072017448
5154.965794221708
5153.260318417475
5151.618986683737
5149.976300041177
5148.3968688727655
5146.875095586949
5145.355228980558
5143.873400688343
5142.529614812186
5141.0599070488315
5139.673643227983
5138.35527867094
5137.12213469024
5135.980147416472
5134.81979916339
5133.692604384772
5132.533554648952
5131.476997517098
5130.411508694847
5129.557327114741
5128.455520747328
5127.414416524583
5126.40486696543
5125.333670127684
5124.306501009917
5123.241683190123
5122.189524557651
5121.217093944055
5120.288523999392
5119.4319863381
5118.589307992913
5117.6406423797425
5116.8280433134205
5115.997835657493
5114.98817386077
5114.0395542422
5113.2684449888675
5112.308086263386
5111.197406616116
5110.25062249368
5109.1595401001305
5108.048431274999
5106.737592836572
5105.480376916468
5104.171698688972
5102.909218919037
5101.657735463661
5100.426912011342
5099.23937259758
5098.085086875609
5096.9370353114455
5095.826307342661
5094.785397191914
5093.726032455161
5092.547043771473
5091.418955316685
5090.419530050904
5089.284475427739
5088.218951292393
5086.971036470235
5085.649946358866
5084.4036087281065
5083.2373123369325
5082.171642742307
5081.1077285931415
5080.1302262756235
5079.090786714463
5078.106287321506
5077.196865327561
5076.349332011186
5075.245669075467
5074.09185712734
5073.011726902172
5071.943104158472
5070.94633622086
5070.005882438596
5069.145636982015
5068.3807455658225
5067.477382569567
5066.427842313094
5065.371733265976
5064.357595903347
5063.22641937067
5062.096836815911
5061.010129459362
5059.996803618681
5059.068319237151
5058.1661158293355
5057.326404264999
5056.689603635155
5055.916635618104
5054.876386987805
5053.842239525741
5052.888339562465
5051.785408649773
5050.666871833909
5049.526873701438
5048.38179524809
5047.264792076666
5046.219414036555
5045.227463240031
5044.2405741379835
5043.331062215934
5042.463319192273
5041.54964904359
5040.632227832074
5039.635132909734
5038.685521114572
5037.763357745338
5036.897593309848
5036.046544902809
5035.210636046283
5034.3994498034035
5033.643613304085
5032.96195475724
5032.410745703826
5031.649927541961
5030.907435029597
5030.193775012603
5029.198159410345
5028.225048053178
5027.306147247664
5026.4799102167335
5025.598765252184
5024.490859788125
5023.424363166658
5022.314103361539
5021.241546815019
5019.961202048924
5018.73255237078
5017.515644684653
5016.289378655536
5015.080869869206
5013.931506780236
5012.884635958898
5011.764868194233
5010.667090133548
5009.612948072237
5008.5985520489985
5007.6319158789
5006.6584771688695
5005.734463346452
5004.8395731869405
5004.142610082665
5003.338443998979
5002.331730482104
5001.116917710685
5000.049825047222
4998.750631861814
4997.664792109971
4996.424969521787
4995.08777713381
4993.802543538522
4992.59537564339
4991.425037006725
4990.190295309161
4988.906845164692
4987.644677224145
4986.455427600526
4985.258846190962
4984.0917445007735
4982.969580161746
4981.874543749239
4980.803178232635
4979.82229898329
4978.865657129055
4977.957549462556
4977.114725110164
4976.301257459644
4975.519349230591
4974.727914564657
4973.934297689122
4973.13334358541
4972.326925840207
4971.339004494045
4970.443607560242
4969.573427115649
4968.589970010145
4967.666824200619
4966.810539646688
4965.92746596615
4964.919467003285
4963.960384255363
4963.050602503359
4962.197862652177
4961.41363512299
4960.733460525597
4960.049166989902
4959.254654448019
4958.343891626073
4957.476761196979
4956.638800256337
4955.777313375369
4954.953301217662
4954.172326823042
4953.465633522677
4952.748239758833
4952.050293333651
4951.319726363821
4950.6159177250765
4949.95785154764
4949.347884398993
4948.794593676552
4948.184711536521
4947.572533155976
4946.83680247753
4946.153028800425
4945.5212682130095
4945.011693243374
4944.448658504764
4943.80756412781
4943.136168586448
4942.509709321871
4941.927010677177
4941.414795404287
4940.910552312948
4940.374077466581
4939.8628003682825
4939.380399781484
4938.965385558287
4938.428729268691
4937.78430272082
4937.163389981814
4936.617836172258
4935.966936559354
4935.511550665052
4934.985787206398
4934.276351568991
4933.482293885858
4932.70918016863
4931.9857307588645
4931.294028527188
4930.598700846932
4929.980951836997
4929.254692335645
4928.543824864144
4927.84983573114
4927.2014357035705
4926.595075238856
4925.966194853874
4925.333584919967
4924.705942836137
4924.074479526366
4923.480477339229
4922.949212312304
4922.391483738456
4921.821823973302
4921.297475568794
4920.81425355599
4920.361570464682
4919.892384890854
4919.43034290345
4918.9510663018045
4918.662991403018
4918.199473993333
4917.60782415954
4917.073359649669
4916.576780173266
4916.108226317843
4915.669833954177
4915.199431373176
4914.2959189807325
4913.4084341598145
4912.515762789595
4911.62230590861
4910.784127847785
4909.992103453287
4909.106804171257
4908.175829427446
4907.397275773576
4906.538093742793
4905.5362252392515
4904.572237834665
4903.696323730611
4902.727281441366
4901.8142913794745
4900.886673421035
4900.105482487024
4899.193821354497
4898.361842036265
4897.358703669923
4896.403237948132
4895.5470938146755
4894.688057067174
4893.63738205941
4892.5116582504315
4891.382738399332
4890.257020855786
4889.176267936931
4888.148579875849
4887.172212456838
4886.253546182311
4885.3945154563135
4884.579744942804
4883.83676263403
4883.048754673494
4882.103945681469
4881.254125294164
4880.38400424566
4879.584704451022
4878.725321726247
4877.899684893201
4877.129754778116
4876.331081965217
4875.561898899879
4874.841616942197
4874.168154478308
4873.577292339896
4872.983614642198
4872.404752860302
4871.749136735651
4871.124892379322
4870.501709710801
4869.8069243978725
4869.140250936586
4868.520490351712
4867.946569740536
4867.421653367993
4866.935863627218
4866.496380967668
4866.113764164025
4865.644355066057
4865.188877355682
4864.760580248349
4864.32725371176
4863.926898669501
4863.414656534906
4862.9434843812705
4862.499753759383
4862.052766874736
4861.567222181426
4861.087017230235
4860.64455088287
4860.226941028663
4859.868132909858
4859.462727333338
4859.136918703523
4858.648267161493
4858.159868832398
4857.659038584054
4857.176256859557
4856.740004805605
4856.338585101539
4855.948849446163
4855.568740568575
4855.15514783947
4854.810545752823
4854.348184179458
4853.913988400401
4853.516400279917
4853.115758216617
4852.741555682586
4852.461368504988
4852.058065105691
4851.6953295682815
4851.315137485934
4850.735314222822
4850.153542657981
4849.640939454956
4849.133303718917
4848.468333110696
4847.804873245657
4847.225882563454
4846.605691090358
4845.828719242375
4845.003481859814
4844.152313881515
4843.341819717988
4842.523646267069
4841.746895331913
4840.93098058633
4840.054565786838
4839.040523035481
4837.979688302669
4836.98850507833
4835.951312038091
4834.906200598393
4833.897533764335
4832.943361378576
4832.052309966641
4831.224932254284
4830.484739293216
4829.72043578655
4828.908062970422
4828.0841943296655
4827.302028078151
4826.55597237274
4825.786299436544
4825.06520253164
4824.3939451628685
4823.780473592392
4823.131028442273
4822.553491532431
4821.967800696939
4821.135725463956
4820.349771904154
4819.617220972199
4818.946557067615
4818.220577575846
4817.51356660406
4816.863994522449
4816.251049691198
4815.668379390883
4815.133723152736
4814.628505533254
4814.113939602122
4813.613493296902
4813.187989763823
4812.764820861029
4812.48607252166
4811.906841398041
4811.183134856665
4810.516844685836
4809.775953128789
4809.046444471897
4808.34015055772
4807.608872674524
4806.91848463847
4806.23491339923
4805.583004674164
4804.976812788547
4804.419224532048
4803.9262848736025
4803.445111657467
4803.001574316782
4802.570234030827
4802.1672357369125
4801.736168749119
4801.297630491821
4800.907738026156
4800.540147317994
4800.142852123529
4799.642400760355
4799.10752984553
4798.612769874388
4798.109170420506
4797.630651221892
4797.194753216807
4796.797535941936
4796.445414488564
4796.124868521376
4795.780247863752
4795.441211835114
4795.158840399168
4794.855355705716
4794.702881979652
4794.378219463393
4793.9160186819245
4793.447469618778
4793.047649850567
4792.728805311534
4792.203881530728
4791.715244145778
4791.271232851648
4790.799726366781
4790.377103911304
4789.967283195525
4789.594857697708
4789.255186685204
4788.912511801068
4788.582803094717
4788.243121355449
4787.94301903498
4787.664431497066
4787.394078244926
4787.174291122741
4786.952240820874
4786.826745787769
4786.584689763572
4786.369197006196
4786.122414163873
4785.913043714539
4785.655923633514
4785.302675139794
4784.97260249462
4784.659713113669
4784.383935923865
4784.112341116968
4783.847711711234
4783.566921725131
4783.270361638862
4783.01154341482
4782.726860598973
4782.45057893654
4782.190876019967
4781.9532989473555
4781.757967421661
4781.4930738683015
4781.245500896094
4780.986122723742
4780.6626758417215
4780.370043991868
4780.1256841743525
4779.7997016966765
4779.374863276602
4778.972773981101
4778.588353231416
4778.233434426464
4777.892515472447
4777.578538954684
4777.285987999265
4776.98585865444
4776.713867398344
4776.476312305303
4776.147262855078
4775.7660628308395
4775.405189040809
4775.079425761176
4774.732620306255
4774.396757268203
4774.080743277362
4773.758034703608
4773.459125114474
4773.006009527914
4772.5766076879045
4772.178923857834
4771.80015993348
4771.4351575945075
4771.07871973996
4770.745245784488
4770.439597098616
4770.14054675274
4769.866391061224
4769.5811443951325
4769.3281080619645
4769.0253994219565
4768.713509804133
4768.2564822571585
4767.825682762135
4767.398480160662
4766.936745388641
4766.493519362123
4766.066292552419
4765.666857007247
4765.276411848572
4764.893732370807
4764.532581565329
4764.196761909638
4763.8753018380185
4763.575321056411
4763.294363523847
4762.997442704896
4762.72261982098
4762.454147562748
4762.185071840921
4761.943486288093
4761.726342587826
4761.503984701489
4761.286873062898
4761.095750538182
4760.907593966885
4760.752289809037
4760.58843678938
4760.395793085774
4760.1828539806675
4759.961552050943
4759.718899650633
4759.486009827962
4759.256242988852
4759.047277247301
4758.856783430625
4758.6439933348
4758.417653347958
4758.213214761016
4758.018690992928
4757.823361047676
4757.5690802375275
4757.33590070857
4757.1177335671155
4756.916144944967
4756.73825300622
4756.568243643178
4756.399361323258
4756.2494947295645
4756.074095741993
4755.914301821149
4755.774986113269
4755.6315105551475
4755.480127788815
4755.353077096532
4755.218967353312
4755.085803841792
4754.975920260845
4754.883285388494
4754.7702418591525
4754.6303692962765
4754.465781280692
4754.320857276411
4754.198158901813
4754.05226350983
4753.924944183594
4753.796830510786
4753.689379634256
4753.522165944533
4753.369703389991
4753.209856656298
4753.027368319122
4752.837654966675
4752.402453701486
4751.865258962494
4751.0532702421915
4750.266521106029
4749.501014765351
4748.765197282246
4748.073943017952
4747.405099599816
4746.745476681848
4746.105453215453
4745.480764457191
4744.7918807893775
4744.152449302379
4743.4242305129155
4742.705377233126
4742.0083302212415
4741.341393015089
4740.688510425982
4740.085243338507
4739.4382654263145
4738.814892256252
4738.2001997560665
4737.626954038948
4737.048935109267
4736.472787687254
4735.908577356182
4735.327991501759
4734.771376446616
4734.234413182967
4733.726522256658
4733.23341253471
4732.770537973205
4732.307867299479
4731.874839269057
4731.438320829767
4731.017555799999
4730.612873540279
4730.177536490533
4729.772147024829
4729.3916920808415
4729.057576755599
4728.7204850672615
4728.294158175923
4727.881086204663
4727.490741520177
4727.177144627578
4726.782731208704
4726.37440878369
4725.928143390052
4725.509362081695
4725.107573139072
4724.728156749971
4724.354093161085
4724.000960421653
4723.705735712968
4723.365665150084
4722.987671401637
4722.6420725912685
4722.296201300511
4721.977430483302
4721.690279242446
4721.4284084558585
4721.180667545194
4720.835956213197
4720.487759660138
4720.135673522552
4719.777428758295
4719.390007849704
4719.103998702019
4718.654806131937
4718.201391710524
4717.788058317919
4717.376756482047
4716.870567118013
4716.407185382066
4715.982161598355
4715.621331660885
4715.2460573827775
4714.858787556811
4714.502800135117
4714.185108846564
4713.911479560057
4713.669843690145
4713.327682764516
4712.8751462251885
4712.4613413951865
4712.076996678625
4711.71088258229
4711.3210372337035
4710.962515624318
4710.634402939746
4710.328944915357
4710.023029346237
4709.719166561778
4709.475335263802
4708.918182471618
4708.400225801913
4707.922452718386
4707.4572691217545
4707.039161026061
4706.650493649594
4706.271023400105
4705.841282729238
4705.39880491912
4704.821634443184
4704.283351405869
4703.790130900942
4703.353374564593
4702.951320535495
4702.567125763825
4702.235284866376
4701.911482188952
4701.635775660537
4701.396539062602
4701.1891775407485
4700.841636001119
4700.466537179735
4699.961378611203
4699.522801831217
4699.069919188699
4698.423082087628
4697.78831837776
4697.159476537638
4696.589336823552
4696.03822663412
4695.524135757549
4694.9526189592325
4694.220920254401
4693.517259698939
4692.847389453067
4692.236075829231
4691.4723162763285
4690.667351223757
4689.8853368492455
4689.152998892528
4688.480458027615
4687.825469400717
4687.224805960401
4686.65985397281
4686.149952646434
4685.679103498934
4685.191258996304
4684.704057311223
4684.283595990276
4683.927452620021
4683.550794093327
4683.1784411502385
4682.825353247699
4682.533805152606
4682.283535649736
4682.027985473377
4681.730849733741
4681.307290123926
4680.772176079197
4680.283089192025
4679.756933181994
4679.081324799625
4678.317882593513
4677.60841954094
4676.961253908814
4676.361557180032
4675.766185481606
4675.183644550551
4674.515224948922
4673.873853981672
4673.2394409895205
4672.647733333411
4672.046510687954
4671.4622545901175
4670.934252772158
4670.41798656164
4669.918647125242
4669.327539915061
4668.724239363764
4668.182443468808
4667.708048289282
4667.198541795894
4666.622216335897
4666.11572470954
4665.6818238236
4665.307084542835
4664.854947756874
4664.460960779684
4664.10382199381
4663.703807545346
4663.328780835164
4662.9344952099955
4662.45498651259
4661.909296444363
4661.26648276709
4660.599796181361
4659.891624173352
4659.249399243738
4658.671132576923
4658.153954795427
4657.63043625065
4657.015574495189
4656.240569009299
4655.47918078933
4654.636659949717
4653.833580199352
4653.096751065218
4652.44125426991
4651.824093959796
4651.266429913009
4650.790694541353
4650.260719354405
4649.789011369128
4649.266747295479
4648.829050352176
4648.383236335934
4647.860359620248
4647.353017578732
4646.922796650771
4646.524689878992
4645.945817143143
4645.352788090438
4644.802504784694
4644.316489934032
4643.8971202014745
4643.5394171504195
4643.156615859879
4642.805364106744
4642.586900163472
4642.328775650924
4642.047227400534
4641.642657669887
4641.24721906052
4640.8188373010835
4640.38448590315
4639.890746535343
4639.413821014808
4638.793890791199
4638.207956234938
4637.654316469474
4637.177614247138
4636.619719229644
4636.011284068541
4635.432199629386
4634.874207498063
4634.356408620716
4633.855239255101
4633.359103275093
4632.785776118673
4632.238428442438
4631.707736675205
4631.130203916838
4630.597342263238
4630.147017841497
4629.775844858948
4629.4537298290825
4629.085065150809
4628.786494910647
4628.527786293617
4628.252060992449
4627.889027288604
4627.520917780816
4627.175014443963
4626.83627940834
4626.511836289016
4626.069103265972
4625.705989108521
4625.273201870478
4624.936814081585
4624.617240382861
4624.265030571166
4623.889237463989
4623.602959955635
4623.405408288309
4623.090809790285
4622.798685272057
4622.528516155385
4622.322092919438
4622.0668663998895
4621.741077242156
4621.370783899389
4620.976286260174
4620.639681953972
4620.345591570611
4620.060542469051
4619.811803716986
4619.54168008948
4619.29728873725
4618.754594842316
4618.065941910589
4617.314354231272
4616.614207501307
4615.998763249866
4615.44267006711
4614.960657793073
4614.493834302503
4614.056457166768
4613.682289159812
4613.359617558618
4613.063662063061
4612.767226656363
4612.376176090012
4612.023564861495
4611.728095234276
4611.467646054001
4611.234888498209
4611.050753978514
4610.796551990123
4610.4036223834755
4610.036603444751
4609.722082256432
4609.488610125437
4609.232887287857
4608.924865728075
4608.597459922167
4608.353703548226
4608.167729235519
4607.99069583559
4607.861655740844
4607.630054034124
4607.244506819093
4606.81905727885
4606.4567005597655
4606.181744824331
4605.801600993312
4605.4343709623645
4605.045828157427
4604.686551892214
4604.313345172025
4603.982171928593
4603.6093289502405
4603.254179263054
4602.962728294808
4602.704916285161
4602.370727228944
4601.9916457467
4601.617434197056
4601.3026482031955
4600.99232102651
4600.673360948845
4600.314854729585
4599.9417980834505
4599.53674703109
4599.264827263525
4598.69506955741
4598.077489247327
4597.5143947251845
4596.996581665926
4596.473692646668
4596.008291674314
4595.610149103696
4595.2194346783635
4594.719693653804
4594.170254828091
4593.608649649984
4593.030015420586
4592.508698386055
4592.022792255391
4591.5644382143655
4591.18345957239
4590.7321108082215
4590.342875418246
4589.990999896363
4589.703862425348
4589.301546850841
4588.944878970491
4588.614454307587
4588.288701716873
4587.937788241131
4587.65037901235
4587.386993389233
4587.1549171406
4586.894023989257
4586.515747333294
4586.213055332986
4585.855911548327
4585.5474630871895
4585.301866428684
4585.007106954523
4584.663586549825
4584.343037954233
4584.008488564258
4583.774541559067
4583.441785657415
4583.005203884196
4582.558289622982
4582.086401000293
4581.636866150189
4581.226471145069
4580.813813275302
4580.414504124799
4580.067344248955
4579.747316029059
4579.279864856655
4578.873220141069
4578.461751610855
4578.101020198247
4577.706914297348
4577.335491374136
4577.012706700323
4576.670755836985
4576.377754469504
4576.089416556513
4575.856120038821
4575.660279112004
4575.408212843323
4575.035899651123
4574.617196396953
4574.248467226469
4573.865917951349
4573.532530687362
4573.232548238501
4572.952293375504
4572.736045570829
4572.5170005678
4572.308962809883
4571.98252395414
4571.703561434755
4571.420067577097
4571.168835204279
4570.918456916288
4570.649728463704
4570.41514299694
4570.227789542602
4570.066957913066
4569.911525614849
4569.72404616399
4569.533615349584
4569.181018599095
4568.882762157766
4568.593764920607
4568.275973642772
4567.974300070023
4567.6489689590735
4567.39049184488
4567.144361971479
4566.909297429112
4566.749340430599
4566.564771275644
4566.31361874504
4566.056888028977
4565.8609341892425
4565.6510454558975
4565.504346881123
4565.285453401816
4564.983619150399
4564.643753712271
4564.342823183053
4564.036112428729
4563.762956371986
4563.511801176906
4563.250134248176
4562.86659483104
4562.512446833358
4562.168896250805
4561.85593901531
4561.572592953298
4561.335879812594
4561.0313694936885
4560.762522666803
4560.536555721857
4560.337707795857
4560.0621123209
4559.536642744856
4559.000235241739
4558.523226223009
4558.036135534435
4557.514970580987
4556.998988493397
4556.516373566519
4556.05537989984
4555.645017943501
4555.168867328881
4554.722765102849
4554.311591581636
4553.9485208519345
4553.494166857569
4553.072425433676
4552.721744989507
4552.3747410579435
4552.082045879162
4551.8393812435315
4551.627408980869
4551.2025597775755
4550.83509232752
4550.487625565501
4550.178783297671
4549.913351718982
4549.679499761514
4549.429351145557
4549.086978688804
4548.779946573197
4548.495408632463
4548.185136234011
4547.926411148889
4547.723911187191
4547.547830006584
4547.388491329106
4547.243888910671
4547.141865565616
4547.081654748216
4546.982297865956
4546.818145166018
4546.534038404192
4546.181199180913
4545.670452566374
4545.0534924361145
4544.49476901744
4543.983508598523
4543.460740612548
4542.979279601919
4542.467636074711
4541.966662085217
4541.516276654392
4541.127016687318
4540.778229817878
4540.471146261352
4540.163236219193
4539.834446481847
4539.5674931660715
4539.240802849019
4538.978498856743
4538.748073096925
4538.54862793552
4538.365293086563
4538.19640751553
4537.992197191495
4537.786671904623
4537.563220167284
4537.353845827757
4537.135699757003
4536.907580865636
4536.701083759348
4536.54768025917
4536.421179250045
4536.325322804297
4536.203902948868
4536.025343791223
4535.634884231718
4535.248867224203
4534.866290955614
4534.479641674317
4534.14848669802
4533.814247676207
4533.4824236562945
4533.199964188783
4532.913375203084
4532.6641125556325
4532.472849455788
4532.344460413878
4532.211348271372
4532.016281641642
4531.818353993433
4531.6408174798125
4531.466393294782
4531.328649645603
4531.227743013162
4530.967397838091
4530.704489872794
4530.45131957397
4530.161358443332
4529.91504817459
4529.702572121616
4529.554280155349
4529.400123492055
4529.262143545752
4529.173977594187
4529.09939831799
4529.060438727777
4529.035854272258
4528.852150641988
4528.6433986151505
4528.474793210658
4528.309588946925
4528.172598263762
4528.066848666455
4527.993344763613
4527.925232061843
4527.826641001606
4527.5083634276825
4527.199456763492
4526.8998855004365
4526.6362738952685
4526.358419738599
4526.113981632536
4525.857589552131
4525.63316425114
4525.4463331066845
4525.248850835827
4525.082460834197
4524.897386354419
4524.752622567124
4524.6185413144285
4524.423481867202
4524.095830196667
4523.832972850205
4523.57479263694
4523.355193381619
4523.153759450732
4522.99520247824
4522.860654461248
4522.740462719919
4522.661552353969
4522.581461604315
4522.52614909149
4522.489830248575
4522.299491132867
4522.106146363161
4521.905928328869
4521.745977895111
4521.60965947045
4521.489693218824
4521.398960747842
4521.318412030185
4521.194629538853
4521.062936100207
4520.87459248199
4520.689125307791
4520.541868277416
4520.456308202849
4520.325511329606
4520.159625701194
4520.034595462391
4519.948868569402
4519.79374900906
4519.62685451022
4519.538645499776
4519.469068541786
4519.388155771968
4518.795662906184
4518.256890840009
4517.695821099473
4517.128229174503
4516.614406413947
4516.125100832852
4515.684269055752
4515.198774384116
4514.7584126127795
4514.372527628977
4513.842200221319
4513.354074595124
4512.895045875211
4512.484075275165
4512.0892728291665
4511.740794958465
4511.413352111644
4510.974130798069
4510.590335325305
4510.206619361749
4509.857091460698
4509.550254058487
4509.291336977552
4509.061939102681
4508.783355592825
4508.5593322575205
4508.344829806756
4508.086218954338
4507.820382983868
4507.390905745925
4506.997030978266
4506.645376353793
4506.336219504152
4506.069999649701
4505.838597248847
4505.643449618072
4505.471947962361
4505.491001913181
4505.279675416715
4504.855143501432
4504.442379700769
4504.066814858354
4503.6807842536955
4503.273534639472
4502.915194610035
4502.526410374159
4502.186844168521
4501.8302801364
4501.505851034722
4501.203698055926
4500.940761569166
4500.676033609355
4500.441482947684
4500.167202804145
4499.861179447313
4499.589919085463
4499.335902648503
4499.128077591042
4498.967014852317
4498.7354705375865
4498.544645232061
4498.369856761807
4498.183050627591
4497.996397152481
4497.782064367167
4497.589209756165
4497.436594410552
4497.31254035165
4497.205972749917
4497.0669142432935
4496.918472287202
4496.811376715325
4496.751241135958
4496.7227728837015
4496.698119849264
4496.712742322845
4496.566687965875
4496.279539135407
4495.995803469262
4495.74224470239
4495.512690567025
4495.279155858032
4495.070707552557
4494.823869683142
4494.612172056953
4494.423445164859
4494.141184436469
4493.860556583126
4493.635611665546
4493.446017288378
4493.28478997158
4493.1735523072
4493.008234224524
4492.802448681485
4492.623354310044
4492.507736980254
4492.408033757533
4492.282565985793
4492.115074050811
4491.977376801968
4491.849486500516
4491.7507438494895
4491.68101990855
4491.632134050083
4491.490263422214
4491.35683694585
4491.129484066167
4490.838960341002
4490.595490854349
4490.391845609625
4490.012761517346
4489.6394822894335
4489.269054002451
4488.928785964037
4488.638693404756
4488.405613853167
4488.149634686895
4487.885544105228
4487.677105587694
4487.456425481442
4487.273716376865
4487.123420730498
4486.972307579191
4486.839858624596
4486.732091225971
4486.48724133993
4486.279964824132
4486.038228112467
4485.767957693534
4485.478756385913
4485.202890922553
4484.775586935578
4484.324024409007
4483.831369681161
4483.379714829482
4482.936884967918
4482.490750536373
4482.085526561494
4481.734876874127
4481.448206547981
4481.202256654227
4480.921047457561
4480.675366477885
4480.462754040638
4480.282162998619
4480.14798955324
4479.968393562057
4479.811515678295
4479.630384013055
4479.346815152516
4479.115522806458
4478.890960779444
4478.736520953611
4478.482365940341
4478.208200221634
4477.905716050064
4477.644176379143
4477.408864036761
4477.022915898214
4476.652706025225
4476.315503416001
4476.023773058339
4475.701426059311
4475.439868811858
4475.144521470762
4474.911813428027
4474.6996549717
4474.575050113141
4474.421499520946
4474.298570411486
4474.174024150503
4473.95944068649
4473.74623705805
4473.331225818228
4472.809838823364
4472.334303167582
4471.923795106006
4471.514793499778
4471.16602574723
4470.847210735749
4470.529072435432
4470.234345149182
4470.017946631206
4469.837797578386
4469.590776513476
4469.331383042529
4469.126621542369
4468.964982966496
4468.772767088197
4468.499576347906
4468.1946366673965
4467.867407467135
4467.398464233024
4466.98312350663
4466.624901058959
4466.266592633179
4465.979415212645
4465.742780999278
4465.544667092471
4465.386101653289
4465.216371652563
4465.096009853288
4464.8520938149095
4464.44955222491
4464.025197796346
4463.674960783255
4463.329062720099
4463.033320960877
4462.776574636761
4462.482464882684
4462.174997292002
4461.909318875915
4461.66598367873
4461.47146346395
4461.312927195737
4461.104758724799
4460.799145911768
4460.479639835647
4460.130415433418
4459.709672634377
4459.349733390822
4458.9999471735455
4458.645331376774
4458.188076938678
4457.641844380438
4456.886319850399
4456.04501316365
4455.252214070209
4454.470333094728
4453.772183105329
4453.1089369597685
4452.508209212341
4451.94185476176
4451.393149933365
4450.931288500419
4450.495052983523
4450.137321001681
4449.857636965268
4449.485563805736
4449.173133596096
4448.925770409026
4448.601301738639
4448.261727517125
4447.996490297319
4447.799669674034
4447.663416365048
4447.4479356644415
4447.19769622673
4446.883835535577
4446.64092080601
4446.4427645124
4446.054179541426
4445.460476751795
4444.870029690197
4444.360354911013
4443.906570310475
4443.456984915063
4443.016310780983
4442.379460141975
4441.7507714770745
4441.170477509213
4440.591883446943
4440.056849081257
4439.564773927965
4439.117745966459
4438.686688936074
4438.168648336641
4437.501019604142
4436.768444614487
4435.966379931318
4435.154331134591
4434.418408868704
4433.715598735467
4433.074331263528
4432.493305319112
4431.988136676506
4431.534289567536
4430.8257825402015
4430.089273408836
4429.271100763609
4428.51781924581
4427.823450872994
4427.110330520626
4426.472245303041
4425.914518579339
4425.415448059319
4424.949554888039
4424.482249931682
4424.018677714233
4423.547136801428
4423.154040668993
4422.673014397133
4422.071153902797
4421.357969864437
4420.676807994411
4420.058240757411
4419.514979665427
4419.00343073371
4418.360144040378
4417.786072682319
4417.247932622189
4416.6810032499525
4415.964041916294
4415.096434434621
4414.300121274572
4413.527421509441
4412.802576529471
4412.097738421659
4411.452028453149
4410.779213782254
4410.148028651027
4409.5683528604795
4408.754773295475
4407.846143854402
4407.021218440464
4406.249841214831
4405.378733521897
4404.510760300273
4403.716934162484
4402.966188808929
4402.24665739197
4401.565731821881
4400.967686622667
4400.406024308606
4399.901314847867
4399.4741957989345
4398.897987741037
4398.335716595269
4397.731856130324
4397.172215080741
4396.555231872494
4395.96498017795
4395.3870740894445
4394.836120527523
4394.300219282916
4393.835756449216
4393.43250399367
4393.056670666063
4392.691936325022
4392.267926369391
4391.926116363156
4391.563380193473
4391.2364055987655
4390.918397240525
4390.569248485296
4390.1156284903445
4389.6621526148165
4389.238038137875
4388.811105455277
4388.382121508226
4388.011352091032
4387.709941323352
4387.4530178770765
4387.1091644313665
4386.817449060068
4386.611680775446
4386.382008494158
4386.009173656862
4385.7045685065505
4385.436044638924
4385.071444739373
4384.661016883599
4384.26204995997
4383.846953649208
4383.418322394998
4383.063911951786
4382.758649151859
4382.155985259717
4381.614255756529
4381.160537754494
4380.670510327801
4380.11975699284
4379.610373691478
4379.169631905441
4378.811790808373
4378.491397484145
4378.020229436544
4377.510691852825
4376.891984584627
4376.358668253599
4375.898732527417
4375.520394252643
4375.128716822283
4374.541887961803
4373.982817717657
4373.500255030349
4373.030990433986
4372.591130069775
4372.210240706989
4371.903520427761
4371.523683923909
4371.19596988883
4370.920206670328
4370.669982648214
4370.500953556972
4370.083074136725
4369.735589794363
4369.30376551868
4368.801219343583
4368.235914607931
4367.725774051436
4367.256797838086
4366.723353636812
4366.298347579464
4365.939017595017
4365.665459270228
4365.4621367882555
4365.231169584939
4365.004501342438
4364.753206958077
4364.554583971684
4364.350618921299
4364.189441471177
4364.042229552043
4363.72530570562
4363.450272347327
4363.115067175181
4362.799531955099
4362.548765320626
4362.193449459066
4361.885607158145
4361.656857689708
4361.352584563188
4361.091435011133
4360.773538851762
4360.483975194046
4360.157415027329
4359.862097637868
4359.576494181944
4359.33999217232
4359.167768671324
4359.050284849707
4358.932140459038
4358.718025726919
4358.520177794856
4358.229874472396
4357.893115269929
4357.5971264974705
4357.187972493306
4356.859213356954
4356.52812165102
4356.245410987011
4355.998218208465
4355.7219505268995
4355.41130150244
4355.152947757226
4354.936103796287
4354.629286041044
4354.350133314129
4354.095711811345
4353.773301924613
4353.519023743761
4353.315220217323
4353.133073702429
4352.899599525512
4352.575117814307
4352.313448362206
4352.011149727376
4351.623327320329
4351.273325984484
4350.994353580153
4350.645006118654
4350.3401239294035
4350.081651874174
4349.895116327134
4349.693523310016
4349.565371399661
4349.355601403516
4349.139009108563
4348.892181574628
4348.5922711068115
4348.298747604478
4348.055053275391
4347.86439827513
4347.644056022319
4347.4775017492075
4347.357265698655
4347.222973870087
4346.8791630220685
4346.535103713778
4346.2612393265945
4345.9655703917015
4345.4819450991345
4345.018110662562
4344.599278255206
4344.2478801622465
4343.963243507471
4343.61317910328
4343.1544091593
4342.7747374619985
4342.352644167919
4341.9996415640735
4341.609186825091
4341.178598492181
4340.754132659207
4340.41571009317
4340.108138379753
4339.718331320073
4339.379405704387
4339.136073707313
4338.950572630979
4338.695758165005
4338.448981535796
4338.056233104464
4337.737559784797
4337.462876947315
4337.2395773878525
4337.070952944364
4336.9032983205025
4336.746022292692
4336.384206030727
4335.956814745928
4335.480859942171
4335.033193016005
4334.520388434835
4334.035924157165
4333.6195023133505
4333.275130115563
4332.998242350287
4332.797935544758
4332.644917385297
4332.490654548978
4332.226565884609
4332.025499340126
4331.898422245049
4331.711091521572
4331.55267101134
4331.206179269159
4330.841769657389
4330.418271991321
4330.016449153888
4329.6819990247395
4329.412380080437
4329.194694265066
4328.97485464056
4328.7414376864435
4328.399573731403
4328.086415905914
4327.854871282402
4327.66529520523
4327.361426203081
4327.136058830796
4326.881722883817
4326.6842222093655
4326.547484169391
4326.444762355339
4326.374007279418
4326.355007652662
4326.225295086793
4325.995679520064
4325.812850690199
4325.675440502951
4325.5520430198185
4325.39955026787
4325.212197370377
4325.016333934557
4324.810568807031
4324.5630124146355
4324.307254971846
4324.125165262566
4323.866880805388
4323.601839638612
4323.332791599545
4323.0865560876655
4322.86997965019
4322.648463589081
4322.399247052055
4322.214362618803
4322.06495276481
4321.89484177815
4321.610541136553
4321.275238717866
4320.992121611248
4320.774803431699
4320.528051699069
4320.265012337495
4319.9991860661885
4319.778792405766
4319.545124819135
4319.363561705569
4319.187192629871
4319.049628958059
4318.93278131022
4318.732278183998
4318.550002802965
4318.426605353831
4318.263702197168
4318.106895431065
4317.858969611733
4317.638976745882
4317.485543661489
4317.340070496115
4317.225007501774
4317.186768661354
4317.064124898083
4316.8404862273355
4316.644636855524
4316.419731349207
4316.14747143588
4315.8608484235565
4315.563604631353
4315.32336939198
4315.01375109312
4314.653202566755
4314.317741268228
4314.03394581562
4313.80658306272
4313.581015989561
4313.362515098557
4313.123729248974
4312.95874125183
4312.822788619999
4312.661839650678
4312.460103928997
4312.322248175919
4312.1543598834
4312.035927700453
4311.972489139464
4311.866473684384
4311.709879426741
4311.525517895132
4311.408520853012
4311.310427670702
4311.185807566576
4311.022615923482
4310.891824245803
4310.682915011809
4310.559485895386
4310.481303025108
4310.350850878512
4310.208369719107
4310.10380849698
4310.022954761535
4309.869963197535
4309.73946101323
4309.635044010347
4309.524722455057
4309.38996652843
4309.311527126436
4309.201859811378
4309.074861963257
4308.946015133644
4308.79286718189
4308.663947191562
4308.548659687291
4308.44157790337
4308.376185992959
4308.269904634109
4308.196658173675
4308.085092143398
4307.9923240664875
4307.947896631479
4307.858070602724
4307.702397905988
4307.525403692866
4307.353639766881
4307.225788099467
4307.080570773723
4306.9343944913435
4306.763392345475
4306.648476782227
4306.488363926954
4306.344081816397
4306.222287385561
4306.084846036363
4305.930476474628
4305.7676365010875
4305.591101559938
4305.393018789508
4305.225060382829
4305.0630410239155
4304.903130975115
4304.754894644948
4304.609791356804
4304.462583500392
4304.279512714064
4304.131173276244
4303.964804714443
4303.835835557946
4303.689457585286
4303.548789549652
4303.416623980704
4303.278821654815
4303.159041776436
4303.021152360032
4302.895886289015
4302.787380017709
4302.668941110592
4302.567518195907
4302.450891852828
4302.357868225794
4302.237119663761
4302.123717585397
4302.0259130945515
4301.908014481617
4301.791738232561
4301.685875101975
4301.613493840797
4301.496912300579
4301.398952179752
4301.274011782486
4301.207878614313
4301.093522510399
4301.010815726696
4300.919433315996
4300.788603897045
4300.683209948493
4300.560606416478
4300.441053527146
4300.337135859516
4300.220141577126
4300.1246572750315
4300.03454885163
4299.949192735564
4299.854510899718
4299.760160817697
4299.67121299588
4299.595140135048
4299.51571015522
4299.413077772544
4299.31891544744
4299.243669141271
4299.161274754443
4299.071965588117
4298.98123131967
4298.899685206392
4298.809856463705
4298.7038778288825
4298.623501240296
4298.548667543594
4298.472191228352
4298.385352632646
4298.300494130366
4298.215138680202
4298.140058441176
4298.04938288169
4297.973313452135
4297.890008796985
4297.8171599359885
4297.7438660943635
4297.662220249109
4297.588677147011
4297.512791964207
4297.456061036994
4297.369047524911
4297.29456764975
4297.231313020575
4297.150210226977
4297.079990392064
4297.018234108058
4296.946844559019
4296.877008919654
4296.802532480877
4296.7439086847535
4296.670828238851
4296.606468423796
4296.539067230661
4296.471338383772
4296.412507855529
4296.3466370279375
4296.294716048084
4296.21152495011
4296.160994199785
4296.09605393517
4296.037870553296
4295.983628808981
4295.921929127712
4295.85676880086
4295.805864336044
4295.7316946138035
4295.676733956864
4295.619870090667
4295.56754236822
4295.506216305503
4295.455548527226
4295.396310263827
4295.344212261426
4295.291232593215
4295.237141294822
4295.189335286033
4295.129886220141
4295.074505166032
4295.03468985885
4294.96908239468
4294.913078339421
4294.866969527733
4294.814960256285
4294.765258980815
4294.710843196601
4294.665363456709
4294.614832125112
4294.567461442685
4294.521037455288
4294.47517279458
4294.423381291206
4294.366459424831
4294.307072400813
4294.253621602107
4294.181946044354
4294.135343478913
4294.083002481809
4294.014936456564
4293.963942550158
4293.914771522531
4293.855042206872
4293.773490201091
4293.713530742718
4293.636421886727
4293.568431215972
4293.506762684313
4293.440297578348
4293.375873536599
4293.315290876798
4293.2546017428585
4293.1801656035395
4293.120841353711
4293.06840452485
4293.0057410782765
4292.9477690281265
4292.886993399717
4292.818640717681
4292.772094549007
4292.707541913969
4292.642206145932
4292.575758237273
4292.525721118147
4292.450411259133
4292.37603389874
4292.302406241379
4292.231627253367
4292.1580348159905
4292.085848957149
4292.018755688068
4291.960957227667
4291.880495848267
4291.814377085223
4291.748878277164
4291.61767114874
4291.449300416795
4291.281039159493
4291.116206397013
4290.966243335911
4290.756793774232
4290.560590544319
4290.368129955446
4290.103847887903
4289.833974049045
4289.586705054459
4289.339429921844
4289.122833907346
4288.9083386572565
4288.72282262651
4288.5406356934445
4288.371822362499
4288.221267440444
4288.077289667387
4287.928791073941
4287.783246396815
4287.646839569632
4287.537986464627
4287.420941682921
4287.276344373186
4287.106730308969
4286.956109765875
4286.8075885925455
4286.674646795153
4286.555348209699
4286.446334340874
4286.339863671383
4286.24876234237
4286.173218533696
4286.078382679356
4285.984494374613
4285.912423469925
4285.805777722258
4285.719826373969
4285.651379096257
4285.620804899421
4285.3961526919475
4285.196846684284
4285.002709805884
4284.75652109475
4284.483850787634
4284.239071541193
4283.846309269726
4283.4568748084685
4283.088408320952
4282.735350612994
4282.384476268406
4282.045798339012
4281.734869168299
4281.42522878458
4281.12569186409
4280.851163025557
4280.587484324396
4280.336502537394
4280.099971983345
4279.761196192211
4279.379978462487
4279.032690693957
4278.718569521738
4278.4209419992185
4278.173164507965
4277.941362653207
4277.73876296784
4277.569311327587
4277.4370228435255
4277.338184176052
4277.173447440474
4276.904279562446
4276.617894185022
4276.3798814949005
4276.16676925323
4275.99142787166
4275.862257857354
4275.745973099216
4275.65298736812
4275.582471963414
4275.458893653652
4275.343046060571
4275.227416393669
4275.0304395281255
4274.803530703839
4274.558142222573
4274.266713221471
4273.939354614222
4273.656426087203
4273.340678970389
4272.9738352551385
4272.616706573572
4272.299732045108
4271.793422493139
4271.303497040135
4270.8565543380155
4270.4546495309505
4270.073230240586
4269.739660485015
4269.4157348892895
4269.125878334793
4268.873804692135
4268.5410096587875
4268.23037422395
4267.947317851426
4267.616074339072
4267.230437606815
4266.886900459408
4266.569900388811
4266.280339651196
4266.020412152791
4265.804791368686
4265.603023659856
4265.4025536142335
4265.239086616561
4265.137930598064
4264.848436887338
4264.576645905323
4264.175206902495
4263.78446694116
4263.426399755
4263.111153659562
4262.802232166627
4262.511100563857
4262.241263748224
4261.924758151564
4261.613016617446
4261.333280327847
4261.0867851507755
4260.865705135355
4260.68258699734
4260.548638015407
4260.443539227021
4260.397998560292
4260.120393450842
4259.861124411237
4259.628731369925
4259.355621229208
4259.089466936024
4258.691326286964
4258.319575468763
4257.972019646815
4257.627397544265
4257.301124326821
4257.016623511697
4256.765002231254
4256.552804408062
4256.3685565019305
4256.197702577097
4256.078143122336
4255.829512460737
4255.618526227989
4255.432672194346
4255.298059880842
4255.164940263323
4254.692123918266
4254.243664798729
4253.803185050757
4253.398195144094
4253.023478393668
4252.625988018435
4252.242284549853
4251.885917854326
4251.579265325953
4251.238262837688
4250.946885700555
4250.6852297112655
4250.4514406423
4250.210029865278
4249.916477282915
4249.624082144185
4249.287586239272
4248.926023107338
4248.538219453317
4248.180742637302
4247.862227291917
4247.568335899588
4247.17922018259
4246.846454331534
4246.528640714719
4246.277833978619
4245.929016953139
4245.477466721617
4245.098442329094
4244.721026738541
4244.1674707380525
4243.590493287093
4243.014516947175
4242.484717328116
4241.969561774341
4241.489796132667
4241.062896685755
4240.651570765003
4240.2863513940365
4239.899145107283
4239.562351052932
4239.255109565053
4238.98340734695
4238.745478455137
4238.547096301373
4238.302910111884
4238.104283012406
4237.967345404505
4237.86559045632
4237.832303595736
4237.771341138704
4237.396315709471
4237.037668725557
4236.726177555367
4236.353367205296
4235.946754863534
4235.523283669103
4235.143880407139
4234.78867418568
4234.429300395608
4234.052941820146
4233.638430251686
4233.242509754991
4232.8908281224285
4232.575737201529
4232.235305997732
4231.855042325584
4231.518473048513
4231.133519450974
4230.798334607216
4230.4612788722925
4230.1269794405825
4229.799274480114
4229.468692354436
4229.117242998032
4228.626781669278
4227.932019390402
4227.240654689604
4226.601047455292
4225.994446481402
4225.377637219445
4224.804116336685
4224.277826667769
4223.726846946687
4223.253850371329
4222.767248697547
4222.262815402391
4221.664066271581
4221.049627647854
4220.469735529433
4219.892211497648
4219.3356153027835
4218.827937206384
4218.354522064239
4217.921563704947
4217.51008045352
4217.152654806808
4216.828984836094
4216.474722361912
4216.09817651062
4215.661780636781
4215.229346614946
4214.839039790646
4214.480900516916
4214.177924006526
4213.903529295319
4213.356483661619
4212.673178196743
4212.054425072965
4211.334135446174
4210.619348151402
4209.972571806369
4209.3871675763985
4208.864041820484
4208.319491890622
4207.85367313917
4207.443779046727
4207.110317865505
4206.709077597671
4206.343152373977
4206.0027617296655
4205.735526610229
4205.506091064034
4205.317575125838
4204.928078852091
4204.556943081414
4204.245935497935
4203.886951627264
4203.609684434722
4203.307088340017
4202.907732754453
4202.562969264501
4202.1471703816305
4201.723105167652
4201.345268005003
4201.051990139464
4200.803701042487
4200.597255122084
4200.42013900655
4200.29571867613
4200.091529346257
4199.67947441506
4199.284569086711
4198.8343735964145
4198.261315231714
4197.755544111754
4197.291863864907
4196.887321627666
4196.473491320824
4196.063560473941
4195.68799164493
4195.28370253955
4194.952915290307
4194.514563756199
4194.015634678719
4193.587064815914
4193.234185957041
4192.94002647077
4192.513321739904
4192.118504258906
4191.803333892524
4191.461603789011
4191.101817195847
4190.6697115635025
4190.266414555559
4189.901375770859
4189.414558472373
4188.886989642721
4188.410780726654
4187.987062806191
4187.645217019584
4187.277960821039
4186.689065172545
4186.107444606685
4185.573617481104
4185.096581265738
4184.666929868085
4184.276654347502
4183.463947599652
4182.741465186859
4182.099450779546
4181.431689001808
4180.747070930153
4180.139623673601
4179.555493003525
4179.064524779676
4178.5605470077635
4177.981403430094
4177.408308813941
4176.923561912161
4176.466835811941
4176.000996432911
4175.618188708902
4175.302529703197
4174.956355757821
4174.662981228287
4174.359242512389
4173.928305750039
4173.435288668247
4172.976625713536
4172.49802768403
4172.036329582354
4171.527364205818
4171.061202019203
4170.64442595567
4170.269474476539
4169.927632105193
4169.4637471136975
4168.985227520212
4168.47523011469
4167.9509059578595
4167.482824626188
4167.0448857424235
4166.574375161085
4166.1342069659895
4165.695573088691
4165.311824198827
4164.972841182328
4164.695857496307
4164.310964235167
4163.966651385022
4163.584469024861
4163.033317859419
4162.539757605499
4162.096732881289
4161.722237559335
4161.394871296927
4161.051818648043
4160.770078952551
4160.560342783599
4160.329649332037
4160.09733181363
4159.852812703261
4159.666167667438
4159.308727731309
4158.990736324701
4158.45230542125
4157.966768018883
4157.551078603382
4157.138475163578
4156.736833908928
4156.400960650703
4156.112600067086
4155.732780718006
4155.378842913941
4154.979660740857
4154.616209406162
4154.322987642112
4154.0207782114585
4153.699892983661
4153.430334425088
4153.190693815387
4153.02748062649
4152.728057758131
4152.374394462084
4152.020005318052
4151.730069214347
4151.427193243414
4151.144366376244
4150.833911648418
4150.550604234515
4150.313194634992
4150.086915478727
4149.70666875206
4149.281581862753
4148.959910962022
4148.683674175667
4148.376827806885
4148.113168927216
4147.907776249119
4147.665107447592
4147.489871840179
4147.467023458649
4147.295703750928
4147.051254281889
4146.736986389355
4146.365527376442
4145.919504739592
4145.489278240133
4145.085002574725
4144.6935056341135
4144.359169825355
4144.067785809379
4143.762600509816
4143.550796640063
4143.401807986073
4143.151236598471
4142.849486860591
4142.54710097307
4142.167979707176
4141.716301035908
4141.330334961434
4140.987580737917
4140.720139783948
4140.454011512805
4140.248602383639
4140.050179475203
4139.745849892048
4139.458363813627
4139.204121140778
4138.963270794513
4138.647551426824
4138.32846621061
4138.0433986804765
4137.717948988915
4137.432137911411
4137.208528117783
4137.021811221026
4136.805951775963
4136.573551525445
4136.321779005399
4136.116432461349
4135.981419444088
4135.78189813065
4135.608897871787
4135.4449527315965
4135.232312026532
4135.007461004095
4134.852112265896
4134.781235222018
4134.63961580577
4134.430464249575
4134.085629129387
4133.813236250626
4133.605290680663
4133.362090883193
4132.9960228039245
4132.6998660376585
4132.342995703165
4132.071694465753
4131.776018128541
4131.421997684519
4131.061066814657
4130.744728551787
4130.4974763112805
4130.338378469143
4130.233274985437
4130.13661409901
4129.871864251645
4129.716923316614
4129.465756357139
4129.212010268832
4128.985682272888
4128.820778404546
4128.63548089785
4128.417177595776
4128.220931293204
4128.001180780973
4127.816265384051
4127.59014667798
4127.436262021497
4127.251533292875
4126.8772755361415
4126.542035917918
4126.258710133586
4125.964713161207
4125.708100503916
4125.442045876361
4125.14898405469
4124.896116265661
4124.72279314404
4124.560643387041
4124.349690439308
4124.196429987578
4123.960543082567
4123.723976961202
4123.507598365477
4123.333548275072
4123.107793615547
4122.937419948701
4122.826752047904
4122.666136953516
4122.579267636975
4122.387941479613
4122.221977200215
4122.090023181182
4121.984043111183
4121.896845694832
4121.695069072897
4121.504333984309
4121.386375673626
4121.181247121591
4121.03720368798
4120.898383353655
4120.7927554659245
4120.570303511169
4120.344688332852
4120.107517573322
4119.91964089343
4119.677947271216
4119.434971900145
4119.18915281931
4118.9229126166965
4118.745473955424
4118.545847198323
4118.404593891911
4118.2805453731735
4118.190639031797
4117.996109915434
4117.797651643657
4117.606490170072
4117.449499225042
4117.362057383133
4117.2101832040635
4117.061098041447
4116.946037444726
4116.7269390879865
4116.581595815033
4116.489849200327
4116.48364449185
4116.473765967964
4116.421957529675
4116.338829605246
4116.1524647332035
4116.060629937285
4115.977314550659
4115.936495183108
4115.878849234942
4115.854240067525
4115.782484969362
4115.730349120788
4115.630985717728
4115.491315978279
4115.3963618502985
4115.289772336455
4115.191401520215
4115.127655349703
4115.05380951299
4115.0360630651585
4114.899935602833
4114.636227990127
4114.390726465422
4114.192614588622
4114.005209192718
4113.87284881069
4113.720883797459
4113.613142615175
4113.532142585812
4113.446350982996
4113.423894673956
4113.401005940073
4113.306887542606
4113.228414250292
4113.19353515964
4113.137907708997
4113.130517593746
4113.000538505922
4112.803307582951
4112.6345679018705
4112.477831498884
4112.364992146177
4112.255345449407
4112.160555851049
4112.083495689587
4111.910050925019
4111.774978597966
4111.6664987217055
4111.577019655233
4111.5295660310485
4111.374795089828
4111.225500016632
4111.095516207016
4110.897276874672
4110.653526164668
4110.4358675801495
4110.245909449837
4110.072336795341
4109.902917555834
4109.769815652149
4109.660555097056
4109.596040588957
4109.545294136653
4109.523692028544
4109.51174459671
4109.466961532837
4109.472373797716
4109.486421183865
4109.425541552766
4109.119594907124
4108.801159046186
4108.471141985762
4108.177156498471
4107.932332125362
4107.596176689437
4107.302756465349
4107.031967489273
4106.8072764186945
4106.600820320817
4106.425561823417
4106.274218413601
4106.17993915859
4106.103115468338
4105.9837284106725
4105.880525037814
4105.8015192724415
4105.736580091502
4105.666755809793
4105.544482299607
4105.439689898156
4105.273932105003
4105.041985216737
4104.751162844104
4104.494753423022
4104.255184789477
4104.027333233599
4103.825808229619
4103.694429587155
4103.587650194956
4103.483257185096
4103.223174448273
4102.915719211275
4102.710597328211
4102.547501912652
4102.440171504868
4102.38354822763
4102.404031046615
4102.474749041808
4102.467125853899
4102.158795652822
4101.872158913232
4101.638105170597
4101.425159061449
4101.173623102351
4100.934669934033
4100.5968201980795
4100.27633436229
4099.977154706453
4099.732537542306
4099.53113038302
4099.486585431293
4099.30305444275
4099.012821052668
4098.734023539903
4098.487108341809
4098.179917774774
4097.915710895172
4097.681579505682
4097.4871373494225
4097.275642890282
4097.029360813558
4096.860138758848
4096.690983756851
4096.521761667394
4096.369063399578
4096.256117264331
4096.178568896416
4096.138722011539
4096.065485223494
4096.044144457239
4096.0482059094165
4095.9444437774614
4095.822477713879
4095.7017493751555
4095.622644387436
4095.5927813121075
4095.587456019787
4095.540168450674
4095.4939446691315
4095.4493273381963
4095.408421526542
4095.253102485175
4095.0361186361524
4094.7561074087275
4094.502075990404
4094.304718631836
4094.147214019972
4094.0346594477687
4093.873663747305
4093.771667317939
4093.7227224435783
4093.549122268962
4093.4141598120505
4093.3174353307168
4093.1966733504237
4093.0096922582557
4092.8297397331758
4092.702168963638
4092.6236843363367
4092.6026190298767
4092.678301680085
4092.5614160868236
4092.3463743606508
4092.109166860333
4091.9163164671536
4091.7357109883333
4091.6378088340525
4091.401526598822
4091.1871696770695
4091.022568355584
4090.7425965301227
4090.4218484162325
4090.181575730317
4089.8978134111785
4089.661525153855
4089.3854992107163
4089.0975772697675
4088.7566682053366
4088.395060801198
4088.073528060091
4087.7891038783614
4087.4572174427094
4087.168378988612
4086.9101787393893
4086.6863429325085
4086.4844735938727
4086.3339420379216
4086.1743208129274
4086.058841204382
4085.9514929421907
4085.885794679229
4085.7678149963567
4085.667978903959
4085.617213663408
4085.5950781919187
4085.537794059733
4085.4693387456514
4085.392266154356
4085.342174530574
4085.3190230348278
4085.1158006699006
4084.8583965329676
4084.5974770705984
4084.3461507192287
4084.1149380785196
4083.9104838323915
4083.741676155904
4083.507124351223
4083.28766412033
4083.0901392905457
4082.9123033468163
4082.767704108336
4082.6723340942053
4082.6456217645023
4082.623009351988
4082.5744088893857
4082.5269249435305
4082.362439969699
4082.1265205830123
4081.894730588141
4081.6821254248734
4081.4909697573185
4081.367828862179
4081.2205380365635
4081.0910248087257
4080.9510241813705
4080.80450787666
4080.5172515297454
4080.287732880014
4080.088470919597
4079.945294370875
4079.8480406584813
4079.6834001506604
4079.5366181855597
4079.3408338487748
4079.0886180325815
4078.8647980220994
4078.658172926462
4078.4833300466616
4078.351296073581
4078.254389469367
4078.1661043580034
4078.0902997761395
4078.063103460306
4078.030013328192
4077.9849526698586
4077.954159623946
4077.9230322706608
4077.8527968830576
4077.766418617801
4077.651694368055
4077.580398410772
4077.5516522471116
4077.5119128257925
4077.3716325219793
4077.246150609462
4077.1123227226317
4076.9985620357756
4076.935656677781
4076.892774638636
4076.8810365300988
4076.8710469617567
4076.8434183369563
4076.740853984786
4076.6409216662496
4076.4313148242913
4076.115814997819
4075.818017025806
4075.528596316911
4075.211479678088
4074.830226217555
4074.517940445833
4073.983018028453
4073.4831239551145
4073.034179380858
4072.6462476211777
4072.2548088177077
4071.926230243702
4071.6072357832454
4071.267781637398
4070.958163268997
4070.6848969168886
4070.4295584183005
4070.214528090882
4069.887638919512
4069.5174525274124
4069.1364579334145
4068.804293272734
4068.389009412257
4068.024076864756
4067.6884883730595
4067.3221916088796
4066.9299688406827
4066.5742759434033
4066.1249537995955
4065.7342796588655
4065.3995674165067
4065.0838017642504
4064.815462201522
4064.387740317729
4064.016821115145
4063.653792371426
4063.2390864123977
4062.831436441316
4062.39848809146
4061.9969567970143
4061.6555761160907
4061.3129911781134
4061.026288928795
4060.6150517751494
4060.2674523345045
4059.9726715675283
4059.713425991529
4059.50859610917
4059.3023583276718
4059.0855235190343
4058.906415423539
4058.763440669081
4058.651529574596
4058.504718212881
4058.3543459701336
4058.1212290778763
4057.9505660665022
4057.7801116736628
4057.5085736016913
4057.283857054192
4057.130923818327
4057.020325735156
4056.8966845238765
4056.8070335088073
4056.7657757422403
4056.6874430408425
4056.5778953778454
4056.4049772807457
4056.167549494471
4055.9059058115085
4055.5929728952988
4055.3140324832325
4055.047338009529
4054.757165257345
4054.523260497382
4054.3438755915995
4054.2362565609374
4054.203889613656
4054.096666688401
4053.727521211738
4053.310246977546
4052.9242112569905
4052.588347444201
4052.267575150884
4052.0099231835216
4051.7620233041284
4051.534222559509
4051.3596998454377
4051.1390253003387
4050.968120465473
4050.8300756653284
4050.6431984357196
4050.4788418761955
4050.3605373226637
4050.262624952233
4050.215722399245
4050.206215265035
4050.1506218647733
4050.140558802922
4049.934255548185
4049.6250784263566
4049.3715125145372
4049.1343928512206
4048.97181511771
