6611.879636176696
6611.518257094952
6605.647678202597
6598.8510870852315
6591.898436241901
6585.0480734192315
6578.30134738621
6571.398187289721
6564.565461320174
6557.842763336152
6551.076376250688
6544.2028585641565
6537.081193601115
6529.8978417965045
6522.84667063461
6515.940017590152
6509.129906877646
6502.458277724383
6495.92511862067
6489.532515656133
6483.282880399217
6477.269877365247
6471.129726484847
6465.13486174769
6459.287646895554
6453.590521578224
6447.712892624409
6441.824063094473
6436.103298083844
6430.554688851277
6425.1718093721165
6419.739369636416
6413.98421510499
6408.368290554854
6402.938022276523
6397.691769103856
6392.338441432264
6386.490012742616
6380.8269891743785
6375.36904414507
6369.9724340588555
6364.628119347838
6359.462611098089
6354.295730639323
6349.216269124333
6344.203443342056
6339.355301595193
6334.707031600848
6330.152626322858
6325.226152270898
6320.353959881427
6315.691556281989
6310.89927992302
6305.387391082841
6300.057593390742
6294.912544270184
6289.919740889826
6285.313533145106
6280.544632542184
6275.862211787872
6271.262427309183
6266.77850272057
6262.564208491993
6258.45658796305
6254.4740955407915
6250.535771290338
6246.867656572522
6243.421460371022
6240.060235643785
6236.919615564932
6233.958469264057
6231.2282674638955
6228.512647888086
6225.278588377733
6222.195460292701
6219.237932743399
6216.4962110193255
6213.962049275813
6211.331612538238
6208.9063805504
6206.554083125069
6203.949094716477
6201.446328636939
6199.183426036933
6197.173653415545
6195.10848720015
6193.164828621276
6191.56178268228
6189.487591744448
6187.569677544036
6185.692839944086
6183.811482350739
6181.697460566583
6179.566502198692
6177.5261810416505
6175.649470443393
6173.851964729355
6172.041764808225
6170.071081631362
6168.121898571312
6166.303404437961
6164.528520190696
6161.957211676616
6159.215645572838
6156.563987645016
6154.025052783584
6151.076621954328
6147.8768224848545
6144.844819289228
6141.966884029288
6139.226023908108
6136.783206560896
6134.001567571544
6131.3649260831935
6128.808109445616
6126.33375909087
6123.949020678738
6121.258531132142
6118.481776446855
6115.772506140109
6113.125638483682
6110.4557116919295
6107.942721753346
6105.190142877962
6102.391688741767
6099.705230042008
6097.156496336623
6094.8260545536195
6092.422167583955
6090.1589968880235
6087.939099017127
6085.877809665086
6083.899753075035
6081.976338312698
6080.197097261456
6078.565858068774
6077.052949956206
6075.523825395335
6073.686139347707
6071.9747698180945
6070.293535310289
6068.2535317055945
6066.148990196647
6064.280805014207
6062.312907921456
6060.477288498809
6058.724260722463
6057.123592255238
6055.641144639995
6054.143410389334
6052.175355834911
6050.422768091292
6048.664140027307
6046.956956271093
6045.27082428687
6043.808747335279
6042.442653004577
6041.012873314398
6039.479216085535
6038.1596285155965
6036.9135726904715
6035.693775687034
6034.446615372466
6033.360176725343
6032.189436462541
6031.051965142796
6029.95585519149
6028.963992551
6027.849995873395
6026.782359002069
6025.800648318187
6024.944524727969
6024.050364850487
6023.115394636494
6022.071542258751
6021.200567809466
6020.262067768543
6019.289668768114
6018.329613363243
6017.110796022081
6015.605930235643
6014.165956265523
6012.778144073739
6011.412399238805
6010.180119637117
6008.993404542943
6007.819249426827
6006.591954189025
6005.490395731267
6004.445575746993
6003.544199653098
6002.4328570339285
6001.387426275335
6000.284497879132
5999.221545363628
5998.213763180028
5997.304825157477
5996.28899827145
5995.199562418317
5993.6636915333265
5992.175507081316
5990.728581583912
5989.2999779229
5987.879305730779
5986.532306323327
5984.816291089845
5983.11823292522
5981.533036667212
5979.830842344989
5978.207711292392
5976.714970669012
5975.266096246496
5973.891120153517
5972.468117342432
5971.017148161628
5969.627199450215
5968.354888091934
5967.060590743178
5965.892526656121
5964.778012402402
5963.781974495837
5962.748505646882
5961.8129245080345
5960.969824550984
5960.270057804421
5959.450484148887
5958.76804647818
5958.187637248805
5957.661406757344
5957.069051393573
5956.620893612934
5956.264804756462
5955.97983383872
5955.630724664545
5955.400612568127
5955.182211967677
5954.997427123836
5954.860380372705
5954.787723598999
5954.740644495069
5954.7151614749955
5954.684999736641
5954.596912738117
5954.628650128185
5954.573858258841
5954.3857536991745
5954.241965735635
5954.147307475409
5954.1538309210755
5954.004244592012
5953.8746556395035
5953.733607677458
5953.575926816329
5953.481004308873
5953.412324671215
5953.352121667617
5953.2594645099325
5953.126954534022
5953.04147263888
5952.95022442869
5952.8578430634425
5952.779360506993
5952.708407683003
5952.666026596242
5952.747080856251
5952.6162901052585
5952.072168287687
5951.351896476274
5950.682770470705
5949.968075653827
5949.27034598466
5948.146139490475
5947.054265061392
5945.9991818010985
5944.987094857326
5943.970148027391
5942.896897997757
5941.89303091651
5940.947143495441
5939.947361084998
5938.715827350057
5937.545686252336
5936.319919719267
5935.178628875319
5934.060956487964
5932.9760706346515
5931.856125399365
5930.824923062584
5929.857080307821
5928.822311116945
5927.744236317096
5926.799068346226
5925.867604164545
5924.932146808906
5923.998328443095
5923.230170528894
5922.417420009461
5921.559002596433
5920.765012962112
5920.106217342826
5919.39868493618
5918.777217765895
5918.105958616428
5917.385275392184
5916.739502312453
5916.2108448401295
5915.698765364523
5915.335153985166
5914.839823770554
5914.339236091577
5913.929453717781
5913.632070908374
5913.330159618817
5912.982378265527
5912.694567506685
5912.475262646875
5912.282011511238
5912.155812703114
5912.0438506455575
5912.034844402482
5911.971226702777
5911.926560109862
5911.809252600494
5911.851191776963
5911.868536477453
5911.7723661280315
5911.482280907625
5911.315962821451
5911.178767300781
5911.013158755659
5910.861759433434
5910.740444744235
5910.650721606669
5910.5322809147165
5910.436296578698
5910.397300025963
5910.424702282371
5910.372678746343
5910.363601648898
5910.341189430985
5910.306699830536
5910.277912255185
5910.287979188113
5910.284763850326
5910.26621047237
5910.223278150885
5910.154824552976
5910.192561297926
5910.003048262131
5909.690637737822
5909.350251169459
5909.1193587166445
5908.8975681238235
5908.645509865941
5908.362512289675
5908.21168917357
5908.053277219647
5907.863827622372
5907.665688150238
5907.582017000266
5907.482129764677
5907.375786065328
5907.257703169386
5907.2276646060545
5907.184209881885
5907.151148691801
5907.134572896938
5907.11256012011
5906.890640896138
5906.454647891595
5906.010574743042
5905.607247410633
5905.248456878707
5904.879083058341
5904.5289828934565
5904.25309962273
5904.043762111034
5903.756480465859
5903.417641713242
5903.186641834827
5902.955987623193
5902.697639896752
5902.453995344393
5902.317842778644
5902.256482637207
5902.129781419007
5902.00647614951
5902.027660396345
5902.0161044972865
5901.987564307993
5901.9304401744475
5901.935932319734
5902.071676137755
5901.936316210038
5901.751609799336
5901.467255393489
5901.183030293085
5900.876966901427
5900.542772743858
5900.330053534371
5900.141022923144
5899.910058157601
5899.694409763392
5899.557086828529
5899.449879982429
5899.362849194195
5899.193056755246
5899.153846308187
5899.169388792577
5899.098988987077
5899.023379069059
5899.072152182325
5899.0520056630685
5898.962155535604
5898.8985763583105
5899.017895573997
5898.920393676599
5898.76338974535
5898.61099414508
5898.64924264821
5898.686721844888
5898.660413227997
5898.607613144433
5898.634233654569
5898.596150221383
5898.582882085129
5898.546890535509
5898.569718234819
5898.573327420977
5898.523031177081
5898.4636578204145
5898.485445831706
5898.479891275664
5898.417332839325
5898.30364112287
5898.307418312523
5898.356804210025
5898.300709054297
5898.225164181149
5898.232907019793
5898.292290362503
5898.26537412385
5898.243062916139
5898.210522126332
5898.168987021854
5898.1014106303355
5898.021050616251
5898.0281491730175
5898.00993553365
5897.905651512066
5897.818339005054
5897.846200570601
5897.850313656137
5897.820563199332
5897.76159122773
5897.790853647797
5897.830115694674
5897.79230376977
5897.709709034965
5897.7042486198525
5897.74233742559
5897.690143246092
5897.636363507619
5897.683430433558
5897.670118870386
5897.649360963173
5897.619240583317
5897.607575093226
5897.613200828608
5897.589639702409
5897.5504335688765
5897.551679303436
5897.555984966378
5897.514675387425
5897.457662457829
5897.433383645254
5897.434712393597
5897.399572958744
5897.36005228659
5897.403813876466
5897.440500488887
5897.355670139004
5897.278542574989
5897.266190416221
5897.207713202532
5897.095965466922
5897.014509243997
5897.028190275466
5896.967597109848
5896.943460488061
5896.914092703624
5896.875773768482
5896.86494705001
5896.875347544311
5896.829963741955
5896.817957251563
5896.825490493927
5896.821272578785
5896.762519525442
5896.746690064647
5896.788040310021
5896.770875183087
5896.716654224664
5896.74253916459
5896.77255401566
5896.724330846412
5896.660724725449
5896.681386310185
5896.7058185810765
5896.682737537234
5896.627551935462
5896.629389529589
5896.608270636017
5896.550322943192
5896.507696895048
5896.442892394032
5896.119133779317
5895.708473896267
5895.29658979653
5894.951929983138
5894.605163765994
5894.263295931903
5893.880298341751
5893.548882126923
5893.24528023594
5892.94078835032
5892.610746263677
5892.366210057717
5892.13561477905
5891.871542440956
5891.636824182291
5891.460244158021
5891.304942581357
5891.1037654679985
5890.894505824729
5890.783951011372
5890.7053059413465
5890.5698756062575
5890.432963493261
5890.369837006753
5890.337204320113
5890.238213102253
5890.141266745065
5890.140587189961
5890.151224329894
5890.090902223784
5890.055889742366
5890.0911085259795
5890.101692059903
5890.035670973588
5889.982565693925
5890.019155344008
5890.007803478254
5889.98260373913
5889.90369374373
5889.80761651522
5889.765666547711
5889.683567317105
5889.599866784415
5889.567779897509
5889.5025581565305
5889.458041691066
5889.392056676933
5889.347165572093
5889.35450948695
5889.3075218299855
5889.200064030341
5889.159451838222
5889.134484666215
5889.0832319477595
5889.006997746726
5888.999554401073
5889.040902062748
5889.013011185929
5888.932015929404
5888.889003461343
5888.827027342811
5888.748062442294
5888.6679115400575
5888.646901651381
5888.675328440452
5888.612796368593
5888.56192666717
5888.5977970359445
5888.578304443531
5888.521442225897
5888.476277949866
5888.50801099467
5888.521635834946
5888.474028296176
5888.556001768491
5888.465403982059
5888.274927749568
5888.094349193685
5887.9535812283475
5887.832876479958
5887.701627376627
5887.555051325616
5887.380129276685
5887.3001612846065
5887.23563373533
5887.093126962004
5886.934710325019
5886.876505968597
5886.827579634509
5886.701051786143
5886.564465710198
5886.554158724204
5886.367570999679
5885.959137865546
5885.373437598827
5884.897468708496
5884.411619072579
5883.832238640802
5883.109015443899
5882.5162759265595
5881.9224009372765
5881.30074501594
5880.741632853029
5880.253949613349
5879.832550811437
5879.308494220344
5878.80949540122
5878.4048008476775
5878.064157050361
5877.67532403173
5877.310751949747
5877.074085121694
5876.863264369218
5876.604194376445
5876.363921869585
5876.256836371986
5876.1537432429595
5876.036446554384
5875.9355750302975
5875.914381744564
5875.961866094226
5875.918264276877
5875.893539465755
5875.873841113055
5875.871473091191
5875.837954344479
5875.782331696824
5875.7958337804075
5875.840700229412
5875.779299262468
5875.672101094861
5875.7179357370305
5875.7135349570835
5875.688043191128
5875.649679174757
5875.642409224472
5875.663671356812
5875.6129022354935
5875.581694103369
5875.587798240548
5875.620760907803
5875.563746613791
5875.5400386782285
5875.43551535385
5875.096101781626
5874.625783440886
5874.219264427168
5873.848355950489
5873.568695587923
5873.11171739956
5872.594687108506
5872.073956241028
5871.611563457689
5871.048347935829
5870.370187037772
5869.7452664095135
5869.2356728860805
5868.587130017667
5868.011777884847
5867.557768361444
5867.021792127145
5866.432786357913
5865.90998262248
5865.396312804707
5864.966068504306
5864.5000848885265
5864.066976235165
5863.674436833555
5863.378135879328
5863.0349441649505
5862.726442379532
5862.45478684146
5862.300441402069
5862.073983785946
5861.888652940509
5861.752403803551
5861.709642635689
5861.606159259601
5861.52555445631
5861.166419791988
5860.918306530795
5860.602750091352
5860.243150809854
5859.939040236937
5859.755341506725
5859.4532171255205
5859.168324824951
5858.937117334042
5858.785795026555
5858.504359359759
5858.306543605538
5858.120681202181
5857.98207130679
5857.7811373786935
5857.648906356569
5857.472024442679
5857.338592373473
5857.164996590659
5857.059352910777
5856.825829203861
5856.565578397556
5856.207913713182
5855.934259518578
5855.727767517035
5855.5987517833555
5855.367116200915
5855.2769132380145
5855.212958732806
5855.183177054026
5855.010675919663
5854.967367628127
5854.991896979868
5855.002280780253
5854.589509874732
5854.237285769316
5854.001006083064
5853.771007486714
5853.381111898823
5853.0794396644205
5852.887007415785
5852.692152443782
5852.341148808467
5852.102999877429
5851.972931087464
5851.80411996111
5851.530868553623
5851.366425978524
5851.2474800831715
5851.131481771764
5850.911575275573
5850.779199562441
5850.724042160971
5850.654604731363
5850.518780038811
5850.420578562463
5850.41727588207
5850.414243377047
5850.3407590142615
5850.173512422094
5850.017598288835
5849.817559520177
5849.58287606683
5849.304523716615
5848.98614903096
5848.707568415984
5848.338376621612
5848.009241736469
5847.797869134063
5847.567229436855
5847.293345887337
5847.075113158248
5846.9113266838185
5846.605960919975
5846.150175028171
5845.522775465675
5844.978019631691
5844.390097698357
5843.7712415431515
5843.230928709848
5842.721610162837
5842.170329788153
5841.574492306657
5841.044205967816
5840.634850384246
5840.139846286963
5839.536429928518
5839.064941433375
5838.687023833574
5838.309233794163
5837.7695850418
5837.342764384945
5837.04388435522
5836.742143069776
5836.222664929386
5835.82497502254
5835.602723697053
5835.212491135331
5834.599618157076
5833.9759274283815
5833.426419444031
5832.9099855064105
5832.336090168414
5831.846534598946
5831.496300238346
5831.087673914451
5830.652756882663
5830.318841011058
5830.071375354357
5829.760803393468
5829.43790934526
5829.225199310692
5829.054410276574
5828.864733631755
5828.675287606451
5828.5440505275865
5828.471797684594
5828.361256960942
5828.232264660685
5828.156331428296
5828.119703722856
5828.0678531471485
5827.99147920541
5827.955193674763
5828.019539775713
5827.935328519999
5827.880377989378
5827.843479501243
5827.9070725934735
5827.8743069799375
5827.727572458212
5827.577681662051
5827.560983805621
5827.510326054467
5827.425322672883
5827.423662589144
5827.449615121667
5827.395699389342
5827.345229807166
5827.313892948685
5827.357689690892
5827.3390681341525
5827.3016907290175
5827.2663473966995
5827.290601840232
5827.085065768327
5826.64779283605
5826.236637271167
5825.883894359349
5825.530155663014
5825.139390865608
5824.790530722433
5824.469686368789
5824.158549352854
5823.7640216456475
5823.145920146615
5822.573493124845
5821.996260027909
5821.402890224182
5820.834511233309
5820.386449868804
5819.861492863196
5819.338298825929
5818.828697499038
5818.44086859594
5818.022932389033
5817.53689641042
5817.097177522743
5816.79752641473
5816.429301116103
5816.050559429462
5815.698929343426
5815.468299665867
5815.197849239093
5814.883325051606
5814.671018957954
5814.505707184968
5814.307736053403
5814.084194756744
5813.92936331294
5813.853286171834
5813.75899139574
5813.620937854048
5813.5154700163675
5813.532377191815
5813.524574625092
5813.4075916807105
5813.209754345622
5813.156405110545
5813.024151026463
5812.840798728577
5812.7134839293685
5812.69220386931
5812.664273876471
5812.522060710867
5812.459048412566
5812.520512537016
5812.517198227018
5812.4831923634765
5812.420128416602
5812.458733098925
5812.454119596719
5812.414052438785
5812.361508214779
5812.412756064296
5812.4090293402405
5812.361429210193
5812.366999837483
5812.365002651117
5812.344476123949
5812.249658199424
5812.217172213511
5812.265450217454
5812.30241512169
5812.198843203539
5812.017760568489
5811.692537759642
5811.209060716279
5810.6703149650075
5810.229936895097
5809.746149251465
5808.939398251973
5808.024334584079
5807.010933141697
5806.14433450924
5805.244086402534
5804.296776363575
5803.405751137843
5802.609570452618
5801.854354861835
5801.025563051687
5800.300170789317
5799.648304491193
5798.982071145126
5798.303196502181
5797.523089590479
5796.553273956935
5795.356108319965
5794.125534682915
5793.028156525722
5792.014004618272
5791.027707805693
5790.049368434981
5789.168767688335
5788.387885506194
5787.581032201587
5786.729225279606
5785.824872991159
5785.030140759708
5784.248868702011
5783.466643999668
5782.781147107885
5782.092137564329
5781.351983860271
5780.614241597479
5779.970865019186
5779.457587449404
5778.922422124496
5778.391300368423
5777.990078719491
5777.69524382286
5777.3673683658535
5777.011217999234
5776.751732093336
5776.627103108121
5776.458282961692
5776.2964626993025
5776.153703430349
5776.103883828283
5776.016425394993
5775.968381352494
5775.90704274314
5775.970074731849
5775.971821946018
5775.907570512414
5775.872521345881
5775.909850981038
5775.773113739921
5775.663307254562
5775.624029379086
5775.663304204126
5775.644005768072
5775.53959603568
5775.509792394543
5775.564644961535
5775.545533770873
5775.515855571473
5775.431957506714
5775.465172002684
5775.474810623366
5775.436052044621
5775.3730211121265
5775.419332049644
5775.4032537001785
5775.40576949521
5775.35454251625
5775.379768722491
5775.394693332041
5775.3228725549325
5775.254096537088
5775.318146770151
5775.299535624923
5775.248710809454
5775.210965292602
5775.277133043947
5775.241901511296
5775.2018791880255
5775.181703591914
5775.199018905261
5775.211501578013
5775.169364307619
5775.118269324701
5775.173662487221
5775.1530804131135
5775.116892358264
5775.023566149869
5775.079980947417
5775.087407053277
5775.006993506418
5774.966475828754
5775.02989717765
5774.858090257315
5774.672272230238
5774.534815147867
5774.513554001731
5774.426133351633
5774.305219211903
5774.217759421929
5774.261426518967
5774.219045270792
5774.148690688678
5774.11805363076
5774.211231901647
5774.138279490443
5774.097025800826
5774.075977725577
5774.097408506092
5774.0655490463105
5774.066080161777
5774.056365719196
5774.01792119143
5773.976396998236
5773.954016873847
5773.9221733651175
5773.990296005998
5773.9635771642015
5773.910386629743
5773.849513556169
5773.915859390806
5773.915508569301
5773.880424872489
5773.808428688845
5773.885478478332
5773.897543790466
5773.787008522113
5773.747790189067
5773.845673931024
5773.792112222856
5773.748528371188
5773.734768950525
5773.805851839783
5773.75596577309
5773.699642392292
5773.715041807645
5773.773919178346
5773.712966167147
5773.673491653901
5773.677420974932
5773.729788284354
5773.6701077341195
5773.626239502608
5773.614598970661
5773.681496998486
5773.6565782515545
5773.59948603796
5773.58765920125
5773.655105413914
5773.621424031311
5773.568553690002
5773.5459988988405
5773.598217119639
5773.608836452144
5773.513658817977
5773.489279996888
5773.58019686772
5773.545737948584
5773.496311826561
5773.466228672729
5773.44805048891
5773.256633510593
5773.036200026734
5772.866257169132
5772.7953090747615
5772.672884050764
5772.532903039854
5772.442257040202
5772.414534501788
5772.388998904773
5772.316536001251
5772.290848404862
5772.341614433124
5772.303630765293
5772.229548871457
5772.228284632969
5772.247209595669
5772.272879461929
5772.174692069301
5772.167298796318
5772.229113245994
5772.216276077653
5772.119306217235
5772.026143726989
5771.84854462177
5771.53430238118
5771.225842597031
5770.945883939116
5770.769808435814
5770.566195567696
5770.2863266912545
5770.116801554174
5770.017033985818
5769.841474327695
5769.671024043848
5769.552610720115
5769.500700258422
5769.44501964429
5769.2814338330945
5769.267375880189
5769.2440264347015
5769.25292858036
5769.16982561939
5769.152856737061
5769.144611740554
5769.17851172553
5769.0939076287295
5769.080348722363
5769.160964264068
5769.11612208505
5768.957155133477
5768.878108384026
5768.875370653003
5768.889069917636
5768.762631887459
5768.716421164431
5768.783624975992
5768.840799843266
5768.716878395013
5768.692921251974
5768.719932888311
5768.705206927024
5768.572935252586
5768.489464053501
5768.409717208151
5768.308928811526
5768.117054034431
5767.971242018346
5767.90947225487
5767.824457613312
5767.682015215743
5767.6257447034
5767.6172362277875
5767.631631427425
5767.560972481541
5767.536398032517
5767.564470788722
5767.588464881838
5767.525311358045
5767.512793267018
5767.516747486429
5767.553497134848
5767.452036834028
5767.444996299965
5767.4893234091205
5767.517825119492
5767.428120909356
5767.381167304276
5767.409380119267
5767.442091059038
5767.358284637188
5767.3526059904725
5767.364473544126
5767.394944743992
5767.310737322493
5767.323824483434
5767.322497826329
5767.353847374912
5767.271666539542
5766.9156530114515
5766.525083351953
5766.122925410304
5765.67651003723
5765.35486840632
5765.0136011886325
5764.678908180773
5764.320164186458
5764.064431855802
5763.782484539859
5763.558231270494
5763.27136573559
5763.045500508034
5762.869255909259
5762.707210888334
5762.501314332553
5762.329601059667
5762.219671086651
5762.145436535594
5761.982167242851
5761.885230681915
5761.863379798748
5761.847822311705
5761.738233472371
5761.735259982846
5761.784191066424
5761.755650695756
5761.6673972208055
5761.575191941918
5761.411223992911
5761.202525992319
5760.998638619029
5760.89337607251
5760.839900662612
5760.794805509373
5760.62415370955
5760.58936044036
5760.599162183596
5760.623964680097
5760.509479069677
5760.532975416432
5760.536157622903
5760.5536737535795
5760.4598100032645
5760.506781018341
5760.508736390448
5760.504026836411
5760.453096540512
5760.469342414197
5760.474656047388
5760.475004233977
5760.404267454789
5760.40851438291
5760.419602292479
5760.462757946248
5760.3489142487915
5760.386194554611
5760.402824343928
5760.418603589061
5760.323295480721
5760.365836426621
5760.369438954952
5760.399277358099
5760.2897464387215
5760.336025253351
5760.3434230080275
5760.367009011386
5760.265578163603
5760.280300475285
5760.302727556745
5760.341306402113
5760.195195992245
5759.7724683193055
5759.374569815076
5758.970333821065
5758.502518611037
5758.133088184147
5757.8533880735895
5757.553475229915
5757.197479672652
5756.940333889221
5756.7825165273025
5756.477846145947
5755.7809734070825
5755.214638054958
5754.775524437256
5754.293334134085
5753.80175142508
5753.430074578792
5753.159635079405
5752.867892474115
5752.482370509684
5752.078129278061
5751.746375403056
5751.342142603678
5750.937029186605
5750.606930265152
5750.324317593778
5750.010101957829
5749.673089693806
5749.417333253
5749.22596628244
5748.96714901798
5748.708641842849
5748.538548292927
5748.411468088497
5748.145437172442
5747.638358074146
5747.253750988447
5746.831755858939
5746.445513648235
5746.019592946571
5745.651879024251
5745.343395223843
5744.991879161507
5744.626465831161
5744.318652664776
5744.042563785857
5743.75186333962
5743.415690417519
5743.174313902346
5743.024949831266
5742.812814756272
5742.609921768852
5742.502699502439
5742.454252977606
5742.2983918319815
5742.10390056692
5741.986227581292
5741.876417053948
5741.5014635837715
5741.1419739236535
5740.847368504886
5740.5217346059235
5740.251796438407
5739.816798091947
5739.4099078574745
5739.013740779844
5738.583937879139
5738.068598567132
5737.652908214976
5737.181960456076
5736.704748528627
5736.112859069588
5735.553480578189
5735.052126862525
5734.5786177453665
5734.008173164932
5733.555484612188
5733.148424522151
5732.782569881298
5732.351384111206
5732.047092220081
5731.770891509464
5731.485103420601
5731.130293851732
5730.847507992452
5730.572586043551
5730.208296576602
5729.773080415348
5729.4127052752
5729.040404230755
5728.699999130231
5728.281852502203
5727.939767137135
5727.651334847378
5727.35379709308
5726.948807267032
5726.668037037878
5726.396967617953
5726.09519938302
5725.715572460582
5725.422019730722
5725.146969393715
5724.889607242264
5724.498265177565
5724.214535357153
5723.995190006026
5723.775657157376
5723.482545469455
5723.278835232797
5723.021605276074
5722.7853045211705
5722.407567119649
5722.089484483183
5721.789595095008
5721.495173123497
5721.115922669494
5720.850164080718
5720.620990198389
5720.39080537496
5720.065145598337
5719.902048472281
5719.768795059747
5719.673203652129
5719.488602428
5719.387558960132
5719.29623372836
5719.163119191498
5718.974433801806
5718.881165828384
5718.806247928975
5718.745450183976
5718.610949930912
5718.578663392213
5718.4643064971115
5718.3413547335185
5718.119610421884
5717.905909142988
5717.677964215991
5717.45204746358
5717.108574628677
5716.902187463247
5716.65587486595
5716.411487906684
5716.023716039957
5715.728990093742
5715.4729154181
5715.221355738097
5714.903858383459
5714.597762541249
5714.316869176608
5714.05565075331
5713.697568290055
5713.4602761034685
5713.233756892678
5713.067111807067
5712.840479213487
5712.751228840299
5712.684032154785
5712.5717131204765
5712.409976768128
5712.360856525991
5712.261857652277
5712.198277959387
5712.086099479337
5712.0450579756925
5711.922931211398
5711.819937860599
5711.553825577829
5711.307922387865
5711.10517837821
5710.9408037512985
5710.714942412553
5710.5683527607225
5710.436577326475
5710.2618304007265
5710.025384199383
5709.843287920075
5709.65742640566
5709.506536675932
5709.2401072510065
5709.06655403751
5708.930852456667
5708.750676193113
5708.545250025484
5708.491138548695
5708.32038429277
5708.213200787556
5708.036012484849
5707.952477459672
5707.84315331259
5707.727846392699
5707.458678871665
5707.303154476293
5707.107191938503
5706.8873200946655
5706.6075286348605
5706.450722907784
5706.349989586065
5706.319279561005
5706.174308861329
5706.106467176076
5706.100812637134
5706.074634603688
5705.915187986302
5705.7688371190125
5705.6760888496
5705.540486593218
5705.241495991795
5705.0473494512025
5704.944990819445
5704.833002080309
5704.666855263163
5704.588378810359
5704.527460912819
5704.464020177327
5704.281802140398
5704.2283021239045
5704.11849607092
5703.973196437957
5703.744368910101
5703.656513682469
5703.550819755491
5703.504531260468
5703.354172265299
5703.320641157413
5703.2098151507025
5703.131416222378
5702.942046078138
5702.848200338678
5702.790796765747
5702.720734139501
5702.539726548659
5702.411443561263
5702.315985718218
5702.2656176887
5702.084510550183
5702.034754919614
5702.025696905907
5701.987231414694
5701.872553979402
5701.869338126305
5701.856514373152
5701.743847521705
5701.598284017413
5701.571740553763
5701.453110755048
5701.359294201605
5701.220764096762
5701.154444598275
5701.098100785068
5701.047079722543
5700.931158171056
5700.80881541393
5700.709608976981
5700.626440038619
5700.462772059137
5700.409418399511
5700.410675921107
5700.423488701015
5700.346145651452
5700.305799459911
5700.295908550791
5700.2891881287
5700.140822277972
5700.14686074741
5700.170735542324
5700.168698842017
5700.001269347952
5699.961224290158
5699.879819837874
5699.806340684913
5699.664547419488
5699.6130571595495
5699.569309457324
5699.492828436447
5699.3462810423325
5699.294510822961
5699.183993436032
5699.127094156132
5698.93243484399
5698.852605897367
5698.777117686617
5698.670600193403
5698.515371076014
5698.488250856489
5698.428256396144
5698.3983360456195
5698.292279639874
5698.303473789385
5698.3125584492145
5698.283194979477
5698.162883803835
5698.121323890609
5698.069641510675
5698.009812244431
5697.892933713842
5697.844885840969
5697.835596066311
5697.834902776629
5697.674590356332
5697.633768639948
5697.572391268208
5697.502766131665
5697.383526872636
5697.347487960997
5697.304711134872
5697.253877731447
5697.122341183622
5697.133205161524
5697.118187654223
5697.133560252016
5696.998069442327
5696.970617378015
5696.941658761548
5696.912620086537
5696.795192162557
5696.785853313393
5696.733361577684
5696.710127509754
5696.59429715314
5696.551170745568
5696.553740563862
5696.5358854454325
5696.447338151674
5696.392906422396
5696.351942473677
5696.326397549556
5696.159347194779
5696.074189511579
5696.077769274823
5696.008718491778
5695.863284629265
5695.812200712066
5695.764391034228
5695.736020253206
5695.614130276274
5695.60001479093
5695.605381325512
5695.548662842292
5695.42817974261
5695.42979784429
5695.403929185409
5695.407227993219
5695.291045407159
5695.217008292738
5695.177383009676
5695.1353450209335
5695.007415776581
5695.013928806223
5695.008679034663
5695.0226593368725
5694.922210346424
5694.924231845842
5694.947674064086
5694.979368566678
5694.871866651674
5694.856892181598
5694.884460333592
5694.820268927807
5694.721835834298
5694.673380769214
5694.637958240536
5694.597397468759
5694.474242061138
5694.4505517253865
5694.421775237051
5694.3949041706355
5694.283127102934
5694.244484787581
5694.227469075505
5694.208300746086
5694.073511368176
5694.101505989296
5694.089668265717
5694.068113405255
5693.994817607597
5694.015541505587
5694.012391070486
5694.0306339668505
5693.947219678166
5693.937463170553
5693.9431789712535
5693.944931705706
5693.88108213653
5693.881658921869
5693.861508687331
5693.880510514954
5693.758056762575
5693.725344026833
5693.719906727996
5693.719138677706
5693.616547503576
5693.609506365308
5693.62127266145
5693.614745564844
5693.523393828913
5693.533576698066
5693.486857027926
5693.483767203048
5693.395609698061
5693.39528385766
5693.419464936446
5693.395695483227
5693.304906957796
5693.318318475547
5693.3172875230985
5693.288664284212
5693.203516836853
5693.220620181413
5693.221748950828
5693.215814141805
5693.115387394371
5693.135677688373
5693.120453101309
5693.1120931569185
5693.0419663212215
5693.023062670431
5693.027527349935
5693.041874961466
5692.919985719031
5692.889876800426
5692.848845468325
5692.827311506586
5692.695100133426
5692.661601997777
5692.676609324824
5692.656761198897
5692.6073862186195
5692.608972082105
5692.609852541265
5692.613136424668
5692.5422780125955
5692.557536719163
5692.588238780786
5692.5767550995015
5692.504479930431
5692.535786852161
5692.5415104955
5692.547283071555
5692.392543277177
5692.328034035374
5692.288427150448
5692.2649750973815
5692.168489085521
5692.112265369303
5692.157745313201
5692.162589988915
5692.0870088452975
5692.006960426765
5691.926878493804
5691.884360130068
5691.596957248921
5691.4448249607
5691.374866344874
5691.2632203667745
5691.069527532551
5690.961260743801
5690.881246297666
5690.776121705791
5690.56666975563
5690.461011547217
5690.409677534126
5690.359259005698
5690.236203627692
5690.19542717697
5690.169091299626
5690.175897735093
5690.0849052683325
5690.085381961286
5690.059600555884
5690.0232510506985
5689.830419723378
5689.758773686582
5689.693626411655
5689.6662534397465
5689.554881068746
5689.576855797516
5689.591103016158
5689.523530916059
5689.418016284369
5689.4361395630185
5689.3948953360505
5689.342951057344
5689.235095927954
5689.220352428634
5689.200006342851
5689.125012064259
5688.887258903612
5688.787999719365
5688.706335355675
5688.6152049108505
5688.476507064318
5688.464528958269
5688.439152995507
5688.430164379353
5688.314431460961
5688.262242947639
5688.215680221944
5688.094077816057
5687.936817674092
5687.919016918664
5687.892745255289
5687.910618289941
5687.771791608225
5687.7435930012625
5687.700638079735
5687.653021656602
5687.5381554659125
5687.457748096056
5687.415467912093
5687.3574079961745
5687.219838446501
5687.176427111264
5687.181824646565
5687.183703744786
5687.0807193277
5687.094942284105
5687.100728382868
5687.0994206255045
5686.991739870355
5686.970422927304
5686.984458677047
5686.931470014417
5686.784335378359
5686.727610917057
5686.67877186717
5686.630727568805
5686.504634526733
5686.470823768944
5686.430814480629
5686.42346240778
5686.350004255789
5686.325824029652
5686.325372319216
5686.333008471458
5686.260099130289
5686.273247042134
5686.259018910156
5686.2589368559
5686.173418991268
5686.183681435484
5686.14917401652
5686.139393673126
5686.046221329685
5686.0551963907055
5686.060822999368
5686.050177779931
5685.9754592423715
5685.992040228295
5685.991736724571
5686.008822107916
5685.885553380481
5685.853716147025
5685.831369999987
5685.794881230437
5685.701672460335
5685.69231176134
5685.676005907935
5685.6729016574955
5685.602504741596
5685.599284805761
5685.619521921318
5685.635145479575
5685.554443960988
5685.5544624534095
5685.594407054054
5685.6065398835
5685.511404060229
5685.521728611477
5685.548124673629
5685.572897101171
5685.477832385503
5685.4704723028835
5685.4771530976805
5685.51465570369
5685.43344420692
5685.415518012122
5685.448190850711
5685.4800717723
5685.369721138125
5685.384538694458
5685.433634433972
5685.438774637689
5685.343713100087
5685.359990618253
5685.384297343475
5685.420006586715
5685.326796500348
5685.327453392402
5685.370050181277
5685.392786204633
5685.309078739607
5685.319231036241
5685.373866407165
5685.366351963014
5685.2871789298815
5685.298700246116
5685.321137578487
5685.322555703981
5685.248722543136
5685.280121107422
5685.280305601597
5685.301765358265
5685.211075878186
5685.239043200268
5685.236960692153
5685.268511341931
5685.185029334146
5685.195571233382
5685.215314773788
5685.227431118377
5685.138794719012
5685.162768563367
5685.19070530366
5685.17326257575
5685.108994657968
5685.138515356973
5685.138109929987
5685.137852284156
5685.072834644186
5685.095181825992
5685.10687650298
5685.104447934268
5685.03694320478
5685.055520266582
5685.048735165195
5685.0488905646125
5684.990462215835
5685.009544826734
5685.012657169419
5685.03086103367
5684.960630557099
5684.966821088242
5684.976061138175
5684.981920689726
5684.904017624349
5684.903500007775
5684.914183192346
5684.95820951921
5684.868251805066
5684.867037661102
5684.916133467037
5684.9056939417205
5684.8219291175255
5684.842970046236
5684.860943734692
5684.855034198647
5684.790690659962
5684.792003301123
5684.818028309523
5684.829056927474
5684.752342230614
5684.764104032724
5684.758772081948
5684.780643884644
5684.715118531222
5684.733905253177
5684.755740834451
5684.762096592046
5684.694487867515
5684.721756016441
5684.727779016909
5684.7424100454045
5684.6681562332915
5684.705152332597
5684.701680540943
5684.726383540307
5684.646517711167
5684.660505286437
5684.691746263766
5684.701695270108
5684.623550344845
5684.641539766191
5684.653435860297
5684.691109454012
5684.591798125351
5684.605419544785
5684.639780004693
5684.639109104491
5684.580401476416
5684.578163804308
5684.624097798136
5684.624113264307
5684.536629575444
5684.559276842147
5684.590320971931
5684.599664048116
5684.519371324561
5684.548496151162
5684.5515086938785
5684.587925376174
5684.511323831296
5684.517135256651
5684.537061715188
5684.574403870494
5684.491655445811
5684.486054019514
5684.516735946454
5684.552679338573
5684.467233417013
5684.462152640081
5684.487492178361
5684.54325335615
5684.430691713255
5684.426328648583
5684.4752477061365
5684.497360003879
5684.408403807491
5684.421252628996
5684.472785659083
5684.450586613615
5684.380608758717
5684.400149863401
5684.425017169158
5684.429530560889
5684.368738632133
5684.398885546731
5684.399696093656
5684.4220603426
5684.358653103775
5684.385202166756
5684.3976735105725
5684.402505791076
5684.34007237081
5684.376136109789
5684.374156305006
5684.389505235992
5684.3186767903735
5684.358218073705
5684.353996436827
5684.375826836924
5684.295591305859
5684.313530564141
5684.332588978869
5684.344547576339
5684.267399912596
5684.28335846114
5684.2839441553715
5684.314423175667
5684.224191922855
5684.245063223069
5684.270240307535
5684.267859906929
5684.195280609599
5684.229438811966
5684.234458334537
5684.243530603714
5684.159131491023
5684.183321177193
5684.207895987706
5684.207632265159
5684.128777456844
5684.164098130651
5684.158291429939
5684.179321520864
5684.117709766963
5684.12027045758
5684.133910510303
5684.158631652424
5684.070484203953
5684.071134167965
5684.084082316736
5684.120382878386
5684.030439403245
5684.029814302893
5684.046677493745
5684.077887564222
5683.99732901462
5684.001068853137
5684.024638652899
5684.046219248272
5683.95934404937
5683.975916331755
5684.000688343887
5684.017217226341
5683.942420640151
5683.957111339749
5683.981170740689
5683.990594610299
5683.923904862608
5683.948939710288
5683.950278830125
5683.97531000479
5683.9047461762975
5683.927530389702
5683.942311329519
5683.948158724688
5683.886029440645
5683.922302565498
5683.915329078916
5683.923640766432
5683.8451591587545
5683.876570630991
5683.881121165032
5683.905243589215
5683.836920152858
5683.82146925922
5683.882590595083
5683.879198544371
5683.796409594822
5683.804207697376
5683.829361672708
5683.851289579069
5683.764784538741
5683.791277150714
5683.8053888184695
5683.8313773305135
5683.746229839627
5683.769664561973
5683.793723134975
5683.81598242746
5683.718196956576
5683.735765233532
5683.769858861722
5683.785426873412
5683.697595152377
5683.722397683571
5683.7356424622585
5683.774812323954
5683.688839211928
5683.686784999735
5683.725552551217
5683.757920763484
5683.669407551627
5683.664206357068
5683.696422253774
5683.745471634321
5683.64826431177
5683.629490406652
5683.702438941104
5683.705754756604
5683.611240446404
5683.624639213055
5683.66481406015
5683.665369513477
5683.596549000284
5683.616393175518
5683.625150305035
5683.653609011511
5683.579599843594
5683.590655263867
5683.618273217344
5683.626043588339
5683.563704490219
5683.588542531291
5683.594018879627
5683.614899586667
5683.548833906304
5683.57065380113
5683.584939410159
5683.59103160038
5683.529346805494
5683.5610568167895
5683.559886968529
5683.573905987621
5683.504825217481
5683.5348097411315
5683.545897719383
5683.5450043032615
5683.484854043393
5683.5084290562645
5683.506061868913
5683.534857023898
5683.458479481293
5683.488982676015
5683.501394504829
5683.485553082721
5683.4263131738435
5683.460544968122
5683.465525647763
5683.473205764214
5683.406115045148
5683.436084823841
5683.46172422334
5683.449642510166
5683.381509444274
5683.4195222355065
5683.423123123518
5683.43569702745
5683.364544851489
5683.399413632412
5683.398946129746
5683.422738799563
5683.36389820011
5683.35793450081
5683.382326728986
5683.4029172758355
5683.330014893083
5683.3346543862635
5683.352532275225
5683.398860667152
5683.29475202208
5683.300982603821
5683.345302978163
5683.358791387313
5683.269843612389
5683.289774694995
5683.319327417398
5683.336717046745
5683.255581583884
5683.2689117527225
5683.303464954704
5683.313041287709
5683.24322312516
5683.264188188847
5683.277582416068
5683.309145942328
5683.228240858716
5683.246636676472
5683.270357431381
5683.276459874974
5683.215418609016
5683.232209076482
5683.236501720049
5683.259566528574
5683.198111346485
5683.197435566096
5683.236885858567
5683.246321433727
5683.1554065781165
5683.170322123812
5683.194902891935
5683.212972720763
5683.137163372999
5683.144492822636
5683.157386324249
5683.202530486675
5683.105603726666
5683.114931105545
5683.150993149365
5683.160201686854
5683.084590297397
5683.105008927903
5683.124922329776
5683.145969619299
5683.060686321444
5683.080914451761
5683.111151305839
5683.119664708417
5683.046734099662
5683.0696472152085
5683.081781909913
5683.100953426497
5683.0131397087225
5683.032562786578
5683.072945286576
5683.074741660542
5683.002763666441
5683.010585221051
5683.031472777946
5683.054975975271
5682.980180576197
5682.986659791389
5683.011319132504
5683.037864911745
5682.950164661368
5682.971680458485
5682.992236174097
5683.016327044375
5682.931445147506
5682.952283645325
5682.976574967314
5682.9911006717575
5682.92054436308
5682.9372529245065
5682.963069306908
5682.971518797823
5682.907603499901
5682.933259748572
5682.935140881316
5682.960494813692
5682.89180575094
5682.919404819473
5682.932113291516
5682.943744537946
5682.875735130812
5682.912278492092
5682.907436559048
5682.929999570235
5682.855239923168
5682.885155570297
5682.895172695511
5682.912884343869
5682.824914327699
5682.84807857384
5682.863529916899
5682.870790212813
5682.805888079975
5682.817042673172
5682.829551234226
5682.842328920794
5682.768402965807
5682.805223700883
5682.803342122391
5682.818977100407
5682.750551998163
5682.784768867659
5682.791853691755
5682.803663868218
5682.724172016935
5682.753551239436
5682.770539560566
5682.771821863157
5682.713777717707
5682.731569271721
5682.741445072828
5682.761918062425
5682.681235958711
5682.710191995898
5682.719809091217
5682.742309503057
5682.668402024027
5682.679059082559
5682.689240676856
5682.727241570266
5682.646333898643
5682.646639993373
5682.671839762175
5682.7012817096875
5682.613462536153
5682.634222237521
5682.662035820799
5682.657585513204
5682.580048973019
5682.6063727942155
5682.616195876574
5682.650911148385
5682.567980877251
5682.58088411327
5682.611954799009
5682.6257675849865
5682.565397120677
5682.565671031866
5682.606271891332
5682.617848519499
5682.536242081346
5682.551689397917
5682.576181000398
5682.60094569697
5682.5218305168955
5682.544105787232
5682.5542896535
5682.588041989706
5682.50059019065
5682.518220913995
5682.536042156049
5682.569605842895
5682.469705319186
5682.482033109756
5682.506575344438
5682.542928647139
5682.4407044681675
5682.453774563881
5682.492825573528
5682.5025265166405
5682.423045578551
5682.443303537057
5682.464610907091
5682.493682475464
5682.4051078546745
5682.422748688306
5682.480456787878
5682.467913083703
5682.378062196796
5682.400918008888
5682.423869795364
5682.4286597296805
5682.359727659952
5682.38182996256
5682.394576461359
5682.414824597831
5682.333785518132
5682.360567250998
5682.371076872433
5682.3937160324895
5682.323061286455
5682.330831923924
5682.344138425176
5682.391521947487
5682.29329009775
5682.302204904874
5682.338671968534
5682.347549296436
5682.271230886476
5682.287075873053
5682.321840770867
5682.32390373376
5682.254327303845
5682.2811079779085
5682.286912721487
5682.312794169168
5682.243625407652
5682.254450813137
5682.276610748152
5682.284257541423
5682.2323078962145
5682.260314253863
5682.254807834087
5682.266787854561
5682.199715373815
5682.221728118754
5682.237757446165
5682.242895098364
5682.1837114437
5682.211244496802
5682.21174942634
5682.229358355171
5682.1592982452885
5682.185657605214
5682.201686481466
5682.199504903887
5682.132229615258
5682.167439734838
5682.1556007322615
5682.185658326352
5682.103423664421
5682.124760053181
5682.14937278902
5682.1437314451005
5682.095273671682
5682.111144255255
5682.124247790498
5682.135253946984
5682.058526838409
5682.08658104078
5682.117726286592
5682.112205922293
5682.033989386357
5682.066524361831
5682.080943676086
5682.097712547146
5682.023218425978
5682.040041622467
5682.065283058959
5682.085432168441
5681.996934623525
5682.015529589159
5682.040983978596
5682.066773583649
5681.982087176252
5681.977452036955
5682.018159789171
5682.042339688349
5681.952851573618
5681.956163841351
5681.9858127223615
5682.012690989783
5681.939557138752
5681.925046580089
5681.990956437777
5681.991202592516
5681.912256412362
5681.912498903513
5681.95315587627
5681.971885823687
5681.90020162574
5681.9134105504045
5681.927688814183
5681.964289281904
5681.890258055349
5681.898446633165
5681.926802588704
5681.944948525003
5681.876654830169
5681.8913028732095
5681.90245723543
5681.934264614668
5681.859611655308
5681.872709130007
5681.887073287103
5681.919211341594
5681.835593884565
5681.842755929581
5681.871628200398
5681.8862198685065
5681.810694521806
5681.827920230288
5681.851833923424
5681.840470006455
5681.755268348808
5681.790736600043
5681.79658303879
5681.801175233147
5681.742328177199
5681.764099118582
5681.763736222385
5681.7983098453515
5681.709770627483
5681.740598993918
5681.763766377264
5681.753577009568
5681.682639571603
5681.72495720628
5681.716309037988
5681.745510792406
5681.6690658082
5681.7036957337405
5681.704848384213
5681.735482518023
5681.649810231446
5681.673441759004
5681.680554339087
5681.713132039923
5681.62558222852
5681.648952397693
5681.661207508406
5681.694000110273
5681.594420120629
5681.6315345783405
5681.643055450762
5681.669664448799
5681.57342368274
5681.609464060272
5681.620914901223
5681.643698798086
5681.561605089966
5681.592174575734
5681.61218485497
5681.624294735218
5681.549999986487
5681.587647108056
5681.579560099499
5681.608952613876
5681.5384813210985
5681.568091834123
5681.568245263983
5681.585717702817
5681.520288960802
5681.559986268364
5681.546299378255
5681.575735354957
5681.503269890596
5681.539384736024
5681.528208778384
5681.561237516045
5681.495765458564
5681.506008448261
5681.509878685624
5681.533173762267
5681.459098027361
5681.485195230604
5681.479061222806
5681.50126770517
5681.425331410323
5681.470136519984
5681.45626927317
5681.479009926494
5681.4075077211355
5681.4496514697175
5681.441603248763
5681.462970478282
5681.383918310229
5681.4264184276835
5681.42115716239
5681.427856400816
5681.351077367468
5681.386937092055
5681.385723893434
5681.417976239401
5681.332941460199
5681.361111149164
5681.374371993811
5681.401762710594
5681.313901368851
5681.33790668419
5681.344141460987
5681.387795827906
5681.303252090447
5681.293560335491
5681.342323309923
5681.365472401792
5681.253323683437
5681.279755435602
5681.311963228817
5681.333574515996
5681.238079462499
5681.274778971614
5681.28040718015
5681.327800268081
5681.229420115539
5681.249731846067
5681.2754017797115
5681.304994286885
5681.217889195605
5681.247372538695
5681.253266522761
5681.29874711278
5681.207637604837
5681.229948902659
5681.24655396519
5681.280084581359
5681.193618250016
5681.22012681805
5681.229749138804
5681.274586923984
5681.17829159839
5681.194439557191
5681.241022938876
5681.229126157225
5681.161733783578
5681.192655295959
5681.173519428778
5681.2228579792045
5681.132127105292
5681.168573686739
5681.173031801996
5681.181833835438
5681.11521129092
5681.162090349992
5681.14661038749
5681.17226995312
5681.098072606701
5681.142154140085
5681.133646121871
5681.156281116784
5681.072096513685
5681.108153616404
5681.106655322744
5681.126367836831
5681.054486096536
5681.092038657817
5681.083275927512
5681.113787620939
5681.036435728779
5681.0651880069045
5681.068395556979
5681.092966428526
5681.014946825331
5681.043562404656
5681.037565353513
5681.086571334153
5680.983184118747
5681.0184565782365
5681.029758618868
5681.034585567858
5680.946914088539
5680.982962623649
5681.001258354393
5681.011783017874
5680.9284096607535
5680.976915521071
5680.98309931989
5680.992412903014
5680.922386594883
5680.968425839972
5680.953701552285
5680.984458795221
5680.911856067519
5680.955349353753
5680.953765918991
5680.96846773907
5680.9013207627795
5680.946930835978
5680.930710438959
5680.957287205105
5680.89922438693
5680.925322101292
5680.916365982084
5680.951700149976
5680.867788000674
5680.8994756895345
5680.906019714419
5680.926506139482
5680.848172005534
5680.880895677708
5680.868000874321
5680.915883920545
5680.817784941287
5680.849371179518
5680.859816216504
5680.874022198516
5680.797253731893
5680.836616489982
5680.838560369591
5680.8665298676715
5680.774716708719
5680.807308751764
5680.823283915701
5680.832898998126
5680.751273669459
5680.783859808511
5680.778755701121
5680.816390623032
5680.743784615867
5680.747969007821
5680.784229177281
5680.805982179537
5680.709544375505
5680.723830759724
5680.741497272316
5680.7855837543975
5680.6877108939225
5680.701565125308
5680.721553433953
5680.76804904598
5680.656558380093
5680.685814576401
5680.701811648251
5680.7434252154135
5680.639724447891
5680.664677051669
5680.683997107362
5680.715854343502
5680.626060716622
5680.648751176329
5680.671749961087
5680.6962378998305
5680.617401468402
5680.655588227596
5680.6437829051765
5680.68077907653
5680.592201240974
5680.621380056326
5680.657895070118
5680.650624469393
5680.582398196107
5680.6296264712955
5680.612082702121
5680.642311608221
5680.5701927369055
5680.611690348723
5680.600003117778
5680.634484571009
5680.552701409663
5680.586131594408
5680.5848421123565
5680.607761217792
5680.532537391144
5680.568416833593
5680.560549862473
5680.583503525512
5680.506334444557
5680.554878599578
5680.537508257213
5680.562644919273
5680.490781949187
5680.537414384502
5680.5271307134335
5680.553148011911
5680.468523199094
5680.514080193058
5680.512959950986
5680.528390121964
5680.452809515036
5680.494192459552
5680.486425986343
5680.520167641076
5680.438520283154
5680.470051566897
5680.485304598755
5680.505390696163
5680.421750447434
5680.4480289757075
5680.448107085913
5680.486833191509
5680.401342804267
5680.415980753221
5680.424012888417
5680.461123916947
5680.3605475642225
5680.3975749382735
5680.417028049513
5680.426743949787
5680.345697361442
5680.392672585665
5680.382199105694
5680.414823002205
5680.3356271991715
5680.366386760435
5680.376172521527
5680.391303312128
5680.333093366662
5680.361111168454
5680.348711884569
5680.384687531697
5680.306960248772
5680.344285653471
5680.344747907513
5680.363974605321
5680.294476401994
5680.333960388815
5680.321449757194
5680.351070093542
5680.277091737779
5680.311858830305
5680.30296050461
5680.3379932461785
5680.256243413127
5680.285715454324
5680.278459334313
5680.306612973057
5680.20993005371
5680.247509840688
5680.25633820035
5680.266156916043
5680.194028661011
5680.2359797759245
5680.228332980209
5680.254278704346
5680.187638157913
5680.204275655341
5680.235164947194
5680.247006258814
5680.147266841892
5680.179818180908
5680.189648516802
5680.220765139827
5680.131742678469
5680.161902330863
5680.168511940736
5680.212548495145
5680.118713767364
5680.136062825492
5680.15779219738
5680.19460258507
5680.099181712137
5680.1152449900355
5680.128713051954
5680.195235133322
5680.0669421404755
5680.086081632476
5680.121874791134
5680.152714479175
5680.04640973679
5680.069740109124
5680.104833457591
5680.131228170345
5680.03146969978
5680.06150254175
5680.101163011041
5680.110510107541
5680.0224008914765
5680.048477436871
5680.063989545145
5680.080930799801
5680.010292861545
5680.046072916456
5680.033239791284
5680.071474267749
5679.992627000579
5680.028975833024
5680.029241332371
5680.050736907313
5679.9797586305585
5680.020438218627
5680.008179898096
5680.039490588528
5679.965423336288
5679.997989291873
5679.998974931187
5680.016578122096
5679.946132080171
5679.9854002451875
5679.959998085696
5680.007583010068
5679.918239181382
5679.95810284654
5679.957401841016
5679.96492942517
5679.902265364673
5679.94867218163
5679.932156900838
5679.951319740947
5679.886109868163
5679.934276461039
5679.927186552629
5679.922579868375
5679.847807519367
5679.901432626673
5679.8810494606005
5679.912487339911
5679.836403521348
5679.8768792436085
5679.87107542316
5679.901191139172
5679.818615263558
5679.847809862104
5679.85448533935
5679.879046700093
5679.797817214135
5679.823624372117
5679.8347921354225
5679.8659499863215
5679.766637040876
5679.810420308503
5679.811125646976
5679.840881454425
5679.760195397572
5679.781000122411
5679.802020886449
5679.817817364362
5679.729843667692
5679.772388621067
5679.7842500683255
5679.796201183332
5679.722952297762
5679.762785380492
5679.756043699119
5679.792122681927
5679.710011203539
5679.74859328353
5679.753648788684
5679.7758334113505
5679.697793469061
5679.739303663081
5679.7354805788145
5679.769425690322
5679.686690868063
5679.714880704319
5679.716063333006
5679.747464755084
5679.667399096342
5679.681296140141
5679.693405590132
5679.72013436545
5679.637151752734
5679.664187106609
5679.674161850823
5679.698953815277
5679.615907191107
5679.6287177018785
5679.641410357741
5679.666574558583
5679.586315056047
5679.618992364013
5679.618595819814
5679.653479482196
5679.565661879669
5679.594489852583
5679.610510129902
5679.630687835622
5679.54126624011
5679.578501576758
5679.572877746627
5679.619252814158
5679.528248940005
5679.55373407868
5679.560575406334
5679.605047840391
5679.50781885758
5679.520428065327
5679.538974341153
5679.5781965150545
5679.486881816044
5679.50107707456
5679.515440943906
5679.552334440402
5679.437716846878
5679.466947564712
5679.508636092155
5679.516041726604
5679.419193834039
5679.461333645345
5679.467347818077
5679.490041542195
5679.410428267858
5679.445098085031
5679.4588739617075
5679.469224102086
5679.400257226071
5679.444699589055
5679.432241193653
5679.46601280971
5679.389165852448
5679.432596647527
5679.429546670577
5679.4498222193015
5679.3780672781295
5679.4242505586335
5679.408790981865
5679.441290986773
5679.365488968949
5679.402999766012
5679.395964960646
5679.428788170122
5679.34686941174
5679.372224725715
5679.376021501948
5679.401749670869
5679.323338117201
5679.355249515348
5679.346847657544
5679.373177957584
5679.291939605754
5679.3407277956185
5679.3292227989205
5679.354825956483
5679.278992667015
5679.3174787344315
5679.311923456236
5679.33124976746
5679.256041839706
5679.28724213107
5679.28806415317
5679.304329835804
5679.229423884552
5679.269772208745
5679.258973405983
5679.293176915501
5679.212455219346
5679.245334455583
5679.249465879072
5679.2732107659385
5679.195748800663
5679.222291025429
5679.219178537231
5679.25609055524
5679.183869757656
5679.185022178881
5679.196326606306
5679.232457675931
5679.13156504791
5679.169562697525
5679.185622453352
5679.198355394534
5679.1136700558145
5679.162886957871
5679.152519808872
5679.186743824218
5679.1088634545
5679.141716178
5679.147590147769
5679.153422020939
5679.079229494454
5679.118153796294
5679.112629843751
5679.1485887694735
5679.064782642118
5679.100142680783
5679.104872832152
5679.129941280669
5679.050001869229
5679.089142732494
5679.082320658414
5679.118275005677
5679.046701689221
5679.053056074401
5679.097510823508
5679.097210763327
5679.015463070714
5679.042673309274
5679.035577210627
5679.094535765481
5678.989482891762
5679.0202191055205
5679.033355506148
5679.0573550034815
5678.973754382325
5679.011872321605
5679.009780319737
5679.04741078329
5678.959578032609
5678.988993972636
5678.999193826661
5679.033463799411
5678.933712561018
5678.9573227003275
5678.974941881447
5679.008241879117
5678.914181261865
5678.94007730339
5678.953783863459
5679.00208712014
5678.896824502841
5678.908765322058
5678.958481546164
5678.959619531699
5678.879801627964
5678.898040613007
5678.899801380658
5678.952304355388
5678.84127373436
5678.8671240783315
5678.89011701126
5678.910277363463
5678.819114840238
5678.856614935704
5678.870987593105
5678.888113354268
5678.802515104288
5678.8523279386845
5678.841768968964
5678.877770443865
5678.796351822628
5678.824600038733
5678.83411605027
5678.850363183626
5678.782669674311
5678.822562561262
5678.819803968514
5678.835301218236
5678.76970856534
5678.818723952124
5678.795471448158
5678.825295942181
5678.756891087172
5678.801414138044
5678.782621019719
5678.812350692047
5678.743686810079
5678.7813150455
5678.773262544023
5678.777748901866
5678.709968296938
5678.745456166145
5678.724896774445
5678.769428086917
5678.678690332961
5678.720025024537
5678.717729629535
5678.729841184018
5678.659700284955
5678.709801950238
5678.694787171214
5678.717212292638
5678.641714125499
5678.684499766392
5678.689530341638
5678.692061417556
5678.6194534004435
5678.667056454733
5678.651365501468
5678.682299641728
5678.615987325597
5678.638611749331
5678.6373274237285
5678.675138276375
5678.582371047143
5678.608370913165
5678.619570790771
5678.652576843051
5678.561223326376
5678.580741176932
5678.600457863744
5678.633603261275
5678.528664336164
5678.562899113615
5678.577378590457
5678.610399970687
5678.508226571465
5678.537555412412
5678.565871389904
5678.587650753404
5678.48738423733
5678.524975115629
5678.542822491892
5678.555291980941
5678.483162822133
5678.509291489078
5678.507071636411
5678.54301038374
5678.476149208394
5678.483691632579
5678.523269957346
5678.53034521882
5678.448349473611
5678.483361344483
5678.476068330615
5678.522280905228
5678.435796398952
5678.463594830605
5678.463400331335
5678.510486758435
5678.419193726544
5678.4345974027965
5678.448521841409
5678.480217489658
5678.3973027585635
5678.416512440697
5678.420418351343
5678.45498583645
5678.367167208304
5678.4074428460035
5678.395290930012
5678.43306317927
5678.354930167051
5678.3960295793
5678.385990179426
5678.412846509418
5678.32081245023
5678.352524586316
5678.390550227029
5678.375633571687
5678.305979147853
5678.34821327217
5678.33781701423
5678.371145150985
5678.291013600107
5678.3290394460655
5678.32554909864
5678.360946988698
5678.270578388154
5678.297677524731
5678.302969932086
5678.337359996802
5678.248592920947
5678.269751831771
5678.281785817485
5678.313729667984
5678.216758262471
5678.254079792089
5678.273439706063
5678.285632406187
5678.201235803945
5678.254425556372
5678.240522753976
5678.279560414385
5678.19350923024
5678.228664019508
5678.242598384528
5678.2567494693885
5678.184063265602
5678.225291552092
5678.216297665698
5678.248582313188
5678.17288322954
5678.208345751416
5678.215863888105
5678.23540118722
5678.158458101805
5678.198534005626
5678.186833046843
5678.218241753081
5678.14488244156
5678.17426645769
5678.165007486066
5678.201754424658
5678.118741782693
5678.140624498046
5678.142814385744
5678.176064477465
5678.087916305113
5678.125462513167
5678.1275358316725
5678.135298262089
5678.070583075889
5678.120128959994
5678.097803995155
5678.123630854173
5678.064921400743
5678.094990098222
5678.085592746509
5678.109842413603
5678.028349620594
5678.066009439068
5678.067848365716
5678.0811642798435
5678.00919915703
5678.04511995855
5678.038744667945
5678.071815705919
5677.9892781030885
5678.020592722601
5678.02510942535
5678.051877610956
5677.970697299524
5678.003524737754
5677.99510596274
5678.040258229156
5677.925141858841
5677.949757801206
5677.978992883447
5677.995619908398
5677.901630550517
5677.932384856958
5677.9588180851115
5677.974936542697
5677.882620121684
5677.9283993745585
5677.946538037417
5677.961096533127
5677.885382823943
5677.896395841879
5677.919068162784
5677.946781803419
5677.862869770502
5677.892758056848
5677.896536085879
5677.939906850136
5677.851270097697
5677.8752946271
5677.8894935629505
5677.924191306409
5677.836826220528
5677.867972893673
5677.867667218182
5677.915916616945
5677.820783556139
5677.84310964987
5677.86154558018
5677.8926869778625
5677.803794942384
5677.825469677537
5677.825004833143
5677.883377670035
5677.7772817668565
5677.797825178358
5677.846771778675
5677.834977145032
5677.759368551007
5677.805449807736
5677.79144252781
5677.817656887069
5677.743610610435
5677.78087433407
5677.774453184267
5677.799775201744
5677.713903684164
5677.7491584454265
5677.750805978526
5677.769007361721
5677.696164240538
5677.731576836723
5677.725366507256
5677.760478136904
5677.676462034949
5677.706153218857
5677.709350338873
5677.740413872456
5677.656090191369
5677.683921140667
5677.691625640549
5677.723833828978
5677.6283065134885
5677.668809245863
5677.670568996644
5677.696317018809
5677.611018300191
5677.645575222502
5677.659202205856
5677.671418242984
5677.594892879181
5677.651054938046
5677.628008613167
5677.6548635778445
5677.569122827094
5677.602538926008
5677.611828901483
5677.628640949212
5677.55795240578
5677.598802765986
5677.598178603072
5677.611229565059
5677.54637592446
5677.591853751905
5677.574813817322
5677.605175016688
5677.531646451861
5677.5747078679005
5677.560256587355
5677.594401906806
5677.513256666301
5677.54608885985
5677.547512816057
5677.566528342617
5677.495135008823
5677.526532463714
5677.508863026209
5677.549697673405
5677.472330066303
5677.491609493292
5677.4984584166405
5677.514151074755
5677.438307503322
5677.4848109567565
5677.4741342065045
5677.502209229443
5677.4171134675325
5677.457812515457
5677.469461992635
5677.478699155615
5677.396762001908
5677.437108777597
5677.436211141553
5677.46892786994
5677.3820989646365
5677.40617924239
5677.415624073474
5677.450756603281
5677.359593232404
5677.371428115241
5677.3846801187265
5677.425130166643
5677.327371469697
5677.342418194773
5677.36127391924
5677.401324050472
5677.30620348781
5677.313531984298
5677.360620864589
5677.377117877715
5677.273562428363
5677.291942892539
5677.320714728102
5677.351554579349
5677.252588512983
5677.288492721302
5677.303538650524
5677.330475372569
5677.246338341552
5677.28034777191
5677.277975930038
5677.32147702218
5677.237758998184
5677.264040218025
5677.276096540139
5677.301457292446
5677.229577295182
5677.264592157218
5677.251764146785
5677.287234868731
5677.198310542781
5677.227079383325
5677.2283792611815
5677.277504371694
5677.179017811409
5677.195597483647
5677.233590326515
5677.2335045219315
5677.158744637025
5677.19134948429
5677.183513606658
5677.204512249137
5677.1310749342065
5677.180450012391
5677.161915162247
5677.188463303777
5677.116335202171
5677.166192853596
5677.1517942416895
5677.178515583266
5677.095476339074
5677.139164313405
5677.143676994291
5677.152524866312
5677.074998724832
5677.1194313733195
5677.1082373235895
5677.140182714605
5677.061243428418
5677.092223136761
5677.10103759102
5677.126942348193
5677.041888775127
5677.073317659883
5677.070786866915
5677.115714760295
5677.021195319944
5677.040310383377
5677.051876160524
5677.0887515876275
5676.9879934363025
5677.021413911891
5677.048064994492
5677.057942006549
5676.972919838514
5677.015851818988
5677.009540014373
5677.043031382741
5676.9635155463475
5676.98997427278
5676.99937643155
5677.0157328328705
5676.94282935213
5676.986023436782
5676.973466437524
5677.005969901825
5676.932389804647
5676.967128246949
5676.96656990343
5676.9831831129995
5676.917472760792
5676.95736852425
5676.941658631924
5676.973207232299
5676.91120187368
5676.932223561879
5676.934193590309
5676.952206318257
5676.879025995833
5676.917123396157
5676.895853772303
5676.943130770873
5676.852726347183
5676.889386681475
5676.893481544292
5676.899195427255
5676.838653120447
5676.887398600197
5676.864873320875
5676.882244737809
5676.803990573047
5676.847997489036
5676.842133163411
5676.870029621358
5676.7785862328965
5676.817537202941
5676.823757916519
5676.841924129041
5676.761634350747
5676.793030668839
5676.79689805468
5676.830307967459
5676.755423712564
5676.755722306352
5676.802048699206
5676.81733157881
5676.719941413469
5676.739708278227
5676.7490942576815
5676.815128279352
5676.687846523192
5676.705890186283
5676.741502420038
5676.77270176663
5676.667760758144
5676.690683308454
5676.724378716805
5676.749465576358
5676.652286286216
5676.686737791552
5676.693443180111
5676.743457591798
5676.642277901743
5676.662182421821
5676.6881413777655
5676.721302474698
5676.628666732154
5676.65773990952
5676.669156708492
5676.716226575493
5676.619074923009
5676.634299205684
5676.678311578174
5676.6716183937515
5676.606186994066
5676.636760560233
5676.625557984564
5676.662197175751
5676.58172211896
5676.614963876279
5676.615478519475
5676.637596605606
5676.564036994478
5676.600512576258
5676.578888068451
