6513.619623909288
6513.1080514409
6507.745295539892
6501.400818326865
6495.144577384837
6489.032856961369
6483.067756012003
6477.241977851488
6471.631111348258
6466.002054719172
6460.519802093238
6455.187248297567
6450.099154999598
6444.9570624580265
6439.431692539689
6433.944309381493
6428.626311923006
6423.398788705052
6418.309837667808
6413.389499722014
6408.720283642435
6404.106565998746
6399.500303344816
6395.07331711592
6390.7014177236615
6386.506394195386
6382.489947864699
6378.713424696697
6374.943204568332
6371.104472268751
6367.444642482375
6363.889367881734
6360.210159749981
6356.556869617264
6353.051739975498
6349.749185193058
6346.647410087405
6343.716955149414
6340.839591250215
6337.888107994725
6335.132210639431
6332.410339751
6329.787080192818
6326.457825686878
6322.515098885433
6318.590522984391
6314.900036889134
6311.3716936157625
6307.64562512553
6303.683947133584
6299.868930281202
6296.290503419275
6292.928489206626
6289.548921833321
6285.470372272922
6281.299657613195
6277.331237588627
6273.395207113157
6269.588782385497
6265.915907025373
6262.489604696435
6259.088388583822
6255.661896873875
6252.425820597233
6249.271246987364
6246.4225232393155
6243.010215227791
6239.188505138892
6235.089922683216
6230.961793139956
6226.505948266948
6222.132961463098
6217.8744930157845
6213.78547537309
6209.953546007559
6206.195984473245
6202.7516837671055
6199.498420925477
6196.130802706145
6192.579368741289
6189.1695276372375
6185.805188751921
6182.622589810345
6179.512361910572
6176.6503158639825
6174.0094377799605
6171.696624051983
6169.608077226422
6167.316050261423
6164.992916597897
6162.896895127511
6160.923744806423
6159.052678096156
6157.307727618093
6155.528597398753
6153.878307761774
6152.529491285216
6151.05276767223
6149.6959903908955
6148.301290213406
6146.361192793804
6144.671881299004
6143.187560623847
6141.6477400868425
6140.306838851799
6138.9970242864
6137.626861546367
6136.168721407051
6134.056198863087
6131.840897215163
6129.806266305791
6127.991328689445
6126.306344492298
6124.656941270145
6122.998615068634
6121.177163521011
6119.298106528176
6117.511072105844
6115.723863624348
6113.990098923642
6112.418918479249
6110.908060793957
6109.400036496815
6107.946130919453
6106.081005562835
6103.930479435963
6101.97567766589
6099.369696666032
6096.20647345896
6092.553252960321
6088.796532195208
6085.041961329659
6081.343758870804
6077.79204437984
6074.2934437184695
6070.863608332486
6067.592667577956
6064.286166449599
6061.117063544151
6058.195680453502
6055.367927770171
6052.658408255535
6050.040408441916
6047.488248021638
6044.802176344762
6042.152069843243
6039.426803493978
6036.842601186921
6034.05045085288
6031.19205513879
6028.044518764375
6025.0083422048
6022.081911528215
6019.1892799785655
6016.343809205956
6013.705398964889
6011.187142928549
6008.754832967908
6006.541038784973
6004.304120902523
6002.161123415458
6000.199217784973
5998.440619740138
5996.746736414015
5994.96342071476
5993.210756495243
5991.665653007818
5990.211770606078
5988.768073120464
5987.421877551186
5986.187791130891
5984.862545818986
5983.446415847334
5982.030604998294
5980.749785839432
5979.632907006901
5978.338473112584
5977.275183985251
5976.340101525739
5975.518287110297
5974.940009624284
5974.207626158319
5973.46132633857
5972.494639857976
5971.454216836571
5970.564802661291
5969.7211562052025
5969.090265821743
5968.493292778282
5967.8626336252455
5966.8078869096
5965.8190901117705
5964.643136210976
5963.465036334787
5962.231347766339
5960.885887988615
5959.333291800417
5957.742076987933
5956.176701691489
5954.709903623838
5953.290048546051
5952.029312101698
5950.818996905568
5949.652725174774
5948.443620414976
5947.355846340855
5946.24571245013
5944.43170723143
5942.535740555115
5940.834689971063
5939.195766273006
5937.653877586753
5936.052177925814
5934.51473021904
5933.026351190762
5931.769339550561
5930.497055809994
5929.250891601371
5927.999530711161
5926.72522664335
5925.434849952948
5924.167324791562
5922.929632125675
5921.936078216007
5920.698943521776
5919.452712334271
5918.397864338169
5917.474280995994
5916.5291744410515
5915.694441844629
5914.850847961924
5914.020442439394
5913.18674599006
5912.396582372561
5911.591814654886
5910.713562636854
5909.862606110569
5909.104564415959
5908.5111051255835
5908.097718402502
5907.542245482285
5906.822253832371
5906.235429700989
5905.712911360024
5905.167430562764
5904.832841312929
5904.28079384185
5903.482905560299
5902.900622804118
5902.351490998012
5901.599684947026
5900.948054348674
5900.487457071229
5899.985538573255
5899.438547444054
5899.035461863213
5898.648379531274
5898.2632401628225
5897.828493629911
5897.400247396138
5897.023473062205
5896.5175055373375
5896.098159975848
5895.740533614449
5895.150322172064
5894.831149353573
5894.377930201971
5893.913483245808
5893.373745708787
5892.693138451726
5891.978652377654
5891.108901773739
5890.047099843318
5889.018095179592
5888.182776943041
5887.291651190893
5886.127218198612
5885.003915949868
5883.908333947409
5882.889306729027
5881.765742530279
5880.873644686038
5879.89786892856
5879.014468152783
5878.1268828
5877.371870295727
5876.463771631954
5875.744257586473
5875.107277005114
5874.198474312733
5873.23035353005
5872.4578034490005
5871.746987211476
5871.005134560113
5870.257063846953
5869.543300967239
5868.79685493156
5868.235356028457
5867.635629794039
5867.009586870711
5866.450468192153
5865.983831996818
5865.298432596797
5864.341553466446
5863.188567778913
5861.723749834922
5860.320326019948
5858.98505987053
5857.61772087688
5856.377917484243
5855.233042473846
5854.142068428475
5853.231658165752
5852.516144273823
5851.760546217857
5851.229726495632
5850.651374270729
5849.982521489321
5849.26722121317
5848.682711568869
5848.2113466491655
5847.8411516073875
5847.671636206929
5847.3680643081325
5847.131647931372
5847.035035741843
5846.664904492611
5846.2192548555995
5845.914490646131
5845.5548787458765
5845.301107380129
5845.256195114321
5844.943589333628
5844.639446350291
5844.392784733158
5844.200045655664
5843.879347981126
5843.652054814753
5843.368105619868
5842.978787241358
5842.735753636557
5842.368858400045
5842.018935425708
5841.86810809679
5841.369269493808
5841.0362090110875
5840.777679143186
5840.326791226172
5839.510536507785
5838.677259196278
5837.752147046274
5836.759658132091
5835.838396158737
5834.954593150209
5834.146035222504
5833.444500169275
5832.385219330088
5831.196628095127
5829.848635893888
5828.276633745086
5826.880029541874
5825.764387597905
5824.737346326432
5823.715489788173
5822.573452232151
5821.622000086043
5820.734697140267
5820.030119843436
5818.959781014163
5818.119676356164
5817.5325113545705
5816.735034259408
5815.982019213726
5815.55896665934
5815.201148546786
5814.518644686281
5813.945153619455
5813.259548155446
5812.693949639753
5812.339667258572
5811.983516006776
5811.591363080132
5811.1976039751025
5810.78841958012
5810.363005105359
5810.072790164095
5809.546598394352
5809.099361901332
5808.653968875804
5808.202273129104
5807.8723032750295
5807.522801205756
5807.2358294885635
5807.045348924978
5806.700284872015
5806.335280063246
5805.79488349026
5805.573724684179
5805.2346876838865
5804.665505197041
5804.120730553756
5803.756652056601
5803.491980986809
5803.054933401047
5802.565514358512
5802.2884181929785
5802.09603753526
5801.801597616265
5801.477499047753
5801.1199539846
5800.6592604752095
5800.174559114412
5799.839547598199
5799.545840555973
5799.216172400327
5798.834542189599
5798.525733776737
5798.210890534769
5797.882332761015
5797.614662904814
5797.292004664705
5797.055561636248
5796.618685083793
5796.342982782699
5796.100176739227
5795.831725282338
5795.510724375259
5795.4037462611595
5795.256735277337
5795.084114292512
5794.931852776114
5794.610797566857
5794.454076605298
5794.274887641042
5794.029385939336
5793.718878810596
5793.472510214632
5793.327231833336
5793.090964172922
5792.843521712791
5792.369927863629
5792.065403627571
5791.719065523105
5791.530306531962
5791.291252812506
5791.05827321133
5790.635291557356
5790.1063575353555
5789.544434340853
5788.873791770114
5788.387610554858
5788.059805340966
5787.558706493499
5787.02803622882
5786.4942786486945
5785.920519317076
5785.42053792012
5784.980533024364
5784.575886387993
5784.177429232411
5783.760606039504
5783.487167685123
5783.152069879255
5782.917283641935
5782.727936950219
5782.481030854465
5782.062671245847
5781.478050555415
5781.132108039705
5780.980272265696
5780.648764782925
5780.453138877426
5780.227031299996
5779.857593294269
5779.657947527876
5779.3759692605045
5779.104465121884
5778.775734766837
5778.5014217952275
5778.369102053672
5778.066697088306
5777.714870207398
5777.39544597985
5777.289120267878
5777.103448367385
5776.94508654082
5776.453571267752
5775.735930867003
5774.92491046129
5774.218707758227
5773.282161335089
5772.400879041474
5771.67375533767
5770.963261492896
5770.138747685445
5769.458543268964
5768.840627232609
5768.179127216157
5767.52543275716
5766.917295615421
5766.356694511022
5765.887915369869
5765.252704142085
5764.827014805574
5764.382053795407
5764.005120867769
5763.602522394048
5763.404523582204
5763.039169310857
5762.820472620616
5762.4985210795885
5762.266647201387
5762.034792511692
5761.966258164336
5761.784230764779
5761.670348487127
5761.468487346978
5761.409990979366
5761.2545904078825
5761.035640642698
5760.784388173877
5760.662653889011
5760.38827282854
5760.096205185927
5759.76376318382
5759.492161621973
5759.287728336334
5759.185854310229
5759.020069297284
5758.851675964139
5758.444995646866
5758.1079762523395
5757.724522061386
5757.525797033837
5757.304590297161
5757.297845102191
5757.009062044895
5756.743297869153
5756.254340784768
5756.071174609975
5755.9269499500615
5755.770766791318
5755.492531852471
5755.400409950571
5755.239323194976
5755.1466540745905
5754.9010895115925
5754.787543969049
5754.666782354398
5754.650686612018
5754.337524446587
5754.132676412676
5754.0179809283445
5753.6885632280255
5753.3828321162
5753.243410801716
5753.05586063532
5753.005109677023
5752.867548184002
5752.668906942881
5752.374268085068
5752.0806907136775
5751.912565363287
5751.763660102376
5751.591338726549
5751.470607304466
5751.09559910263
5750.905477173384
5750.435876839648
5750.147730676999
5749.863480692541
5749.479013518143
5749.046682395252
5748.7690839170355
5748.5298857691805
5748.376225673219
5748.15205828767
5748.018333060665
5747.738889015449
5747.617653834521
5747.400270696032
5747.27673931847
5747.092933322193
5746.954773527601
5746.767512207669
5746.584416477896
5746.333622956736
5746.305129517876
5746.141093829395
5745.997562662664
5745.8612008381915
5745.463222046314
5745.107797884478
5744.936518287484
5744.6369727053725
5744.433145008521
5744.3301864768155
5744.168104388467
5743.871760318102
5743.737156754545
5743.533490022289
5743.43707810174
5743.172765828642
5743.045473731553
5742.885070134026
5742.8165447661095
5742.660416217749
5742.270195967251
5741.793841089128
5741.397749361943
5741.027978218743
5740.679624621928
5740.051160965134
5739.5676133010165
5739.109049428833
5738.823408048539
5738.380043609052
5737.865452610064
5737.406714682023
5737.056021922636
5736.642537718302
5736.328522742811
5736.112342791196
5735.842887218095
5735.495424023807
5735.120475616
5734.523104355577
5734.068022875952
5733.784766997361
5733.478304899733
5733.066316927273
5732.749859150661
5732.466814293167
5732.270748922244
5732.024924705574
5732.002612162577
5731.818341412248
5731.550973313076
5731.138107133369
5730.7526653351715
5730.393975232673
5730.054198996565
5729.790649761812
5729.626464165268
5729.47275415002
5729.211138688551
5728.995010321994
5728.830673995019
5728.528549577443
5728.383528465313
5728.154506332174
5727.731182737647
5727.290044814099
5727.125557979691
5726.944196456482
5726.8661853067115
5726.632044533376
5726.537760019191
5726.316610035234
5726.18027006958
5725.952120734645
5725.624956816427
5725.426226921465
5725.238729369906
5725.057077609952
5724.973425900085
5724.738653373113
5724.7100649917575
5724.4813270389595
5724.391984282393
5724.10282254022
5723.8101257883245
5723.539787258802
5723.455351315696
5723.109541862392
5722.992049206176
5722.760989145325
5722.633495282215
5722.3601257750515
5722.20679212831
5721.976884872887
5721.87582446597
5721.65275881184
5721.5708241126185
5721.410579937495
5721.381951955737
5721.195657563912
5720.9582122654765
5720.6842761843245
5720.5607134786
5720.348341732188
5720.096230691625
5719.871243681998
5719.61155316667
5719.392132322997
5719.278760514596
5719.071042309875
5719.005059684841
5718.784734458559
5718.590629314214
5718.3971856417575
5718.212575076117
5717.992484163856
5717.960405882858
5717.930051205361
5717.929485694569
5717.69420122564
5717.4618702404405
5717.183674294245
5717.0692519935865
5716.905788684715
5716.762801498652
5716.523281698133
5716.482804902747
5716.3328972156005
5716.204677291776
5716.042081395621
5716.021402642522
5715.758514107048
5715.563193149144
5715.357848531858
5715.31778518724
5715.1283597840265
5715.100941225971
5714.985326679074
5714.9194053208275
5714.8025757863425
5714.7240196699995
5714.65004478873
5714.504382463283
5714.299455436117
5714.197755934069
5714.144711980575
5713.949752259685
5713.76272306683
5713.698429349582
5713.467182420772
5713.400943807629
5713.218446126923
5713.012462281101
5712.855861283118
5712.793155287463
5712.541075788366
5712.333513499369
5712.23238186399
5712.211609309779
5712.050778059264
5711.858824708264
5711.677180475152
5711.624278804778
5711.564926321002
5711.426956096099
5711.321132677097
5711.1935127403285
5710.954383484863
5710.887478019367
5710.791836862166
5710.623191121662
5710.336420608175
5710.226668628241
5710.049206315823
5709.936396171971
5709.777934493918
5709.683073485272
5709.661110885805
5709.668165110413
5709.357181811208
5709.24569911051
5709.17118166237
5709.013688014282
5708.854618688975
5708.802240112212
5708.669658990635
5708.5791862601545
5708.449274158727
5708.271074639329
5708.062846173629
5707.918535496147
5707.806722696703
5707.7948626215575
5707.646539965389
5707.46663982328
5707.291349870212
5707.133893547657
5707.089727119844
5707.047420417439
5706.871189864352
5706.72098761221
5706.577909015992
5706.459181366739
5706.299872978227
5706.25404592905
5706.0837686783425
5706.044898943091
5705.897031069796
5705.748025555484
5705.614471505848
5705.497054617828
5705.2671244902895
5705.120875690914
5705.064985281967
5705.152696120865
5704.889199914515
5704.620001985862
5704.494563846504
5704.389423679576
5704.178829229339
5704.04364467828
5703.821116086633
5703.611533360939
5703.334518359352
5703.125396024761
5702.972627133132
5702.858165196315
5702.763785390535
5702.551690182933
5702.35247163406
5702.277132812537
5702.048746543245
5701.957212854591
5701.891734605239
5701.783498288903
5701.598777345295
5701.5799563813225
5701.507682257221
5701.44070601564
5701.241410318379
5701.104023619852
5701.0369432453945
5700.9505801926125
5700.606145121893
5700.464967473037
5700.402805560958
5700.376108191625
5700.248137790258
5700.231332566947
5700.1412655601835
5700.1927713603345
5700.029596121479
5699.888800727979
5699.7619066434645
5699.659063642506
5699.453323383239
5699.31026593026
5699.182270307377
5698.995352002262
5698.754909229819
5698.688014043362
5698.588978879495
5698.583010067391
5698.469243309294
5698.354940762392
5698.261087690332
5698.246185521269
5698.058215726964
5697.954332709072
5697.871964770382
5697.780155771806
5697.566450738192
5697.479599762177
5697.387009784901
5697.431016169422
5697.2582173496685
5697.139556746225
5697.059265453432
5696.975957028712
5696.816084492776
5696.785674937234
5696.6615928385
5696.6014152379985
5696.47894680947
5696.450986205234
5696.35224077263
5696.290634584096
5696.08231271045
5696.0476174834785
5696.008964030184
5696.046113653656
5695.8727932464835
5695.816245151584
5695.789363727917
5695.746092186494
5695.60606581187
5695.457786424459
5695.332283173811
5695.2497689285165
5695.029515712571
5694.984560749137
5694.822147436505
5694.7306436449535
5694.598705094012
5694.583121910402
5694.440964863658
5694.3303607032785
5694.152890125136
5694.030793825153
5693.925483552295
5693.879131188632
5693.751615696947
5693.760171826364
5693.709664717264
5693.714534578966
5693.5927157779715
5693.530042978926
5693.42314136173
5693.341128488377
5693.246798959158
5693.223443394662
5693.000366166016
5692.990419967732
5692.853861621466
5692.663607052965
5692.536842915709
5692.551906880329
5692.368677810368
5692.285117804806
5692.222670656272
5692.110501498221
5691.9393529613735
5691.911384038063
5691.793885292621
5691.811737355039
5691.6561368187795
5691.53425991897
5691.430109587479
5691.45849260155
5691.314882327748
5691.352229450998
5691.247992114822
5691.188217828409
5691.035782706883
5690.940200478877
5690.843385398896
5690.770536119336
5690.636300584321
5690.643712530169
5690.529170339934
5690.493193114668
5690.3072005046715
5690.228805770419
5690.14107905914
5690.062690317402
5689.927520133913
5689.867983114411
5689.783448669463
5689.762629477227
5689.616324963331
5689.601659739437
5689.429491552497
5689.4418852748095
5689.338021255922
5689.300356438665
5689.2183637518065
5689.260078882707
5689.141744116796
5689.090431347184
5688.9930001328685
5688.968830782804
5688.840500216204
5688.775317900155
5688.6095773696225
5688.575544991165
5688.4472349992675
5688.4055200800185
5688.344403299998
5688.348022863934
5688.152414409702
5688.063433878142
5687.966265823447
5687.874094678271
5687.7100660642045
5687.733187816617
5687.646852766013
5687.624853915821
5687.487345796727
5687.4434586377065
5687.418510692521
5687.405657929337
5687.297527984699
5687.228079635232
5687.151026429211
5687.11974518689
5686.969876758848
5687.016425312157
5686.903340925729
5686.878839791703
5686.669368120741
5686.6192920789035
5686.505442286007
5686.456513768484
5686.417771025857
5686.306549661092
5686.1784219102665
5686.178704802369
5686.036114233805
5685.9522710743295
5685.8435174687165
5685.78489887967
5685.7197721583025
5685.687741236728
5685.5384274856615
5685.436413628073
5685.236522520611
5685.188743079407
5685.096593370781
5685.046558997442
5684.943596291864
5684.891346035773
5684.778727345918
5684.720766672043
5684.592014227194
5684.463041129797
5684.3807405161215
5684.359937836256
5684.195527630206
5684.087160772795
5683.970151829261
5683.969816569477
5683.933214309197
5683.901149194199
5683.825790101508
5683.87361163056
5683.690017606877
5683.614404510919
5683.54659823127
5683.532720554982
5683.447882205714
5683.328082883698
5683.302418979586
5683.315420912684
5683.248239363234
5683.221993632997
5683.129331792486
5683.141779981877
5682.950902101303
5682.8968198817865
5682.912345498742
5682.859199259218
5682.689172204021
5682.657876734426
5682.5746975768125
5682.585890188112
5682.549801805057
5682.519207381862
5682.415972125152
5682.477499554747
5682.275757521136
5682.230901690064
5682.170149082255
5682.184143173915
5682.106054884647
5682.087906021976
5682.000813004667
5681.961716870332
5681.869759905569
5681.7990733983615
5681.760534492234
5681.775107869306
5681.705853409333
5681.659047739671
5681.610106842462
5681.583088555871
5681.507644186601
5681.455138281426
5681.279015392161
5681.27133119386
5681.237649049272
5681.187084733353
5681.133856747438
5681.232009737056
5680.986754192188
5680.874881305306
5680.777349632376
5680.824145955042
5680.682353666549
5680.62961496952
5680.5773868564165
5680.614046128668
5680.542145114888
5680.44274813095
5680.4196392597705
5680.446667708696
5680.293051990264
5680.254440821629
5680.228379225695
5680.191946205814
5680.017686996013
5679.982185238132
5679.944368263478
5679.972301355353
5679.859726868786
5679.844880053308
5679.794883474166
5679.80752046093
5679.638225096423
5679.612220715652
5679.50366152447
5679.517750135097
5679.494031409264
5679.434032196027
5679.355711489171
5679.408259132361
5679.305969952369
5679.245661145279
5679.162370159325
5679.192488154534
5679.1470570334595
5679.076410742086
5678.945321479026
5678.921210794663
5678.8205421343455
5678.808149414467
5678.723007662659
5678.723877353313
5678.689339680434
5678.578244675813
5678.602311207091
5678.664833708889
5678.475237248068
5678.474825673381
5678.432352366826
5678.421754135613
5678.266018968582
5678.207596593962
5678.194381297191
5678.234604796014
5678.133804696388
5678.09655955134
5678.039280551859
5678.07713741916
5677.976524077244
5677.977045151418
5677.89669018816
5677.958568395862
5677.859672982069
5677.824365692319
5677.760953798205
5677.751128050684
5677.663426892866
5677.5854211385085
5677.510893049011
5677.53000523525
5677.41610992469
5677.3982111989535
5677.396677221654
5677.397881115785
5677.257666959171
5677.165541001594
5677.150960578215
5677.146932341567
5676.978583397585
5676.984468298784
5676.981610971536
5677.0279722857895
5676.9043830790015
5676.87238408844
5676.772616381162
5676.7528187800735
5676.649646948563
5676.654609510297
5676.582948761511
5676.606436176655
5676.527211121821
5676.505134192328
5676.443125129849
5676.470908326936
5676.36570612685
5676.342708751381
5676.203796322442
5676.214178176328
5676.117657425895
5676.121769024819
5676.067941958424
5676.08236956584
5675.987824740752
5675.9799480134225
5675.9596058935695
5675.991823995191
5675.880416525787
5675.854888089454
5675.757575077101
5675.767503083641
5675.676864670297
5675.637202084005
5675.587893040545
5675.504750150684
5675.385232985853
5675.375979330263
5675.334481952997
5675.290418717143
5675.151853234017
5675.187679203763
5675.067781505494
5675.075814717695
5675.016880767859
5674.9202804718325
5674.85593956244
5674.886351492443
5674.729193768786
5674.739787751507
5674.694246954084
5674.787098163577
5674.649809351452
5674.618337853522
5674.468078936684
5674.281333933601
5673.706849781807
5672.894883770338
5672.028596457632
5671.323410466296
5670.497239334536
5669.718162842756
5668.99339279609
5668.269286932505
5667.373311474047
5666.536516431309
5665.547628179586
5664.7334329119
5663.884660936017
5663.082150878396
5662.269710983884
5661.5653707157235
5660.684947514662
5659.900711961497
5659.159210368383
5658.460903485791
5657.714993167712
5657.064421206821
5656.376438942197
5655.80079432656
5655.065149895652
5654.461684143958
5653.851994622468
5653.3841510455795
5652.721484717509
5652.173186832843
5651.635255263808
5651.153883953366
5650.5790569976025
5650.045800667225
5649.452439037414
5648.998768832207
5648.4292209352125
5647.851559257699
5647.359599834742
5646.92654612296
5646.290733867709
5645.846860933028
5645.391711164084
5644.920244171305
5644.39491936602
5644.016504188507
5643.559848709564
5643.274965115129
5642.826670099828
5642.270307170766
5641.807462693748
5641.388379008293
5640.862424930095
5640.3979454633145
5640.018168128114
5639.745440304175
5639.320017088852
5638.9924255068545
5638.659262892737
5638.406278041332
5638.096807130781
5637.905834985654
5637.533211855762
5637.231181875988
5636.753413616558
5636.4606239338655
5636.095115100839
5635.84706797174
5635.504924944556
5635.305946638191
5634.909847258261
5634.672590808173
5634.236589121842
5633.958012862684
5633.651139524988
5633.410107075546
5633.031784050692
5632.815860367384
5632.44180954395
5632.2165016774325
5631.79140570768
5631.526292435561
5631.1326382784
5630.867645593402
5630.422044759857
5630.0149196569355
5629.6595218820885
5629.324917938417
5628.760157403402
5628.390500666124
5628.090099865808
5627.80575835267
5627.409590323616
5627.156521140113
5626.868205893314
5626.684533175714
5626.405732031772
5626.222822342531
5626.092490270541
5626.104451069746
5625.784822283783
5625.467342958765
5625.281187118082
5625.132062381557
5624.59840245152
5624.070130627934
5623.610673930706
5623.127754299556
5622.606643585327
5622.19638082756
5621.834092104841
5621.671248505976
5621.200572847242
5620.885025387057
5620.611486360191
5620.354748380478
5619.927767630698
5619.410982478888
5618.894707522019
5618.341022304966
5617.703068582236
5617.308887383656
5616.966818067149
5616.675397998977
5616.153559031167
5615.764920808732
5615.429066811001
5615.213937646699
5614.818201625778
5614.549504069233
5614.348922812361
5614.017879441586
5613.491265462822
5613.115883690331
5612.7114258356905
5612.238307099164
5611.704025008962
5611.249434925563
5610.765306156388
5610.463872791666
5610.048981225287
5609.711344336537
5609.379604334506
5609.085091309144
5608.609102446942
5608.332598144505
5608.056468358899
5607.731878220258
5607.367600417188
5607.068892850313
5606.702033937169
5606.499873117589
5606.134074974315
5605.895423781795
5605.549847207195
5605.36538225633
5605.076008091434
5604.922298652715
5604.644288136686
5604.538262943719
5604.302143906403
5604.136173476404
5603.735561050713
5603.540986486963
5603.16570863922
5602.954318768218
5602.7840473969
5602.683752220567
5602.350649939719
5602.226793242679
5602.085378833545
5601.966675211496
5601.66101990056
5601.478567766375
5601.296321557455
5601.153379216213
5600.741809235281
5600.5336122091485
5600.344844017739
5600.065867226452
5599.705546255488
5599.4818138369865
5599.230089696162
5599.08887304667
5598.749056574957
5598.556050339982
5598.271723733774
5598.095866580289
5597.785369114681
5597.574164491079
5597.326950217672
5597.142346168219
5596.756385042897
5596.452087147307
5596.117813010112
5595.879541612882
5595.506119949197
5595.26563894118
5594.955979506464
5594.7738209946165
5594.430707675186
5594.189342996704
5594.031557004758
5593.899505105014
5593.623353541517
5593.498872864372
5593.322348379887
5592.99424908439
5592.486959555683
5592.165761023916
5591.82696819366
5591.4744964185875
5591.009668243706
5590.717677312714
5590.430091311694
5590.2024777133765
5589.7806892660365
5589.529962910866
5589.310936977346
5589.191247897848
5588.87345557859
5588.6396740492355
5588.426737897999
5588.237942869317
5587.868237898576
5587.637929555965
5587.443513443702
5587.236994011731
5586.886656985916
5586.745106010477
5586.597238764663
5586.535423884673
5586.256595268525
5586.032734255061
5585.654735568736
5585.4252688113065
5584.930046148759
5584.57292652615
5584.183206341381
5583.906152111409
5583.455595146406
5583.1738115581265
5582.842560280003
5582.650510437444
5582.294705932512
5581.966354165823
5581.6109823772495
5581.414198499573
5580.988601215683
5580.703562910122
5580.399317771917
5580.11846038681
5579.7183135795085
5579.468662305894
5579.077918903078
5578.8650984130545
5578.446840098321
5578.034850074639
5577.647069592043
5577.278927079214
5576.772045137085
5576.339249385929
5575.948447459986
5575.707357866944
5575.184224015033
5574.879686552598
5574.653632696776
5574.563676241562
5574.466122026117
5574.226492099371
5574.014163993696
5573.931125101753
5573.685049581372
5573.539422107424
5573.334635835031
5573.253030326082
5572.948125410537
5572.82583604036
5572.730575246656
5572.551883981395
5572.144554367714
5571.980824033452
5571.800524799043
5571.624048378616
5571.374845229645
5571.096932798326
5570.8453061709
5570.743364873505
5570.487520239026
5570.31101834575
5570.171029511634
5570.093987489933
5569.938960745927
5569.932494737017
5569.75602206728
5569.797894365488
5569.63078000892
5569.4326084345985
5569.237471721721
5569.1146621481885
5568.853480120833
5568.692723431987
5568.563193409865
5568.463658366445
5568.285608112376
5568.308255445555
5568.178298856633
5568.158923955381
5567.895565348022
5567.71739368534
5567.370472871691
5567.231594616201
5566.931551484456
5566.691271817534
5566.42028578356
5566.265543693119
5565.962506209721
5565.815629781348
5565.569626880607
5565.510214688502
5565.256239719499
5565.192961035319
5565.140708572188
5565.124334085027
5564.918069177673
5564.847323082417
5564.794236990941
5564.839405261843
5564.53828793346
5564.358119131854
5564.112913678019
5564.074954656607
5563.813752262891
5563.685818255542
5563.55027026628
5563.501640029953
5563.2966642864885
5563.2533256340175
5563.103448245041
5562.955152885494
5562.664164924718
5562.470351613941
5562.192717158318
5562.07594857595
5561.813513013619
5561.699474134188
5561.560777880858
5561.546377588881
5561.359421976309
5561.392419811405
5561.31631417861
5561.343448856972
5561.181845516139
5561.106088940585
5560.997957040521
5561.008393267069
5560.843486816876
5560.824352639822
5560.712856331596
5560.756721918758
5560.556617257098
5560.555047316022
5560.6170693881495
5560.550384013732
5560.082100644147
5559.725314636449
5559.359669522052
5559.0932958458125
5558.685892401963
5558.421496444237
5558.1240973008025
5557.928795970082
5557.515687571559
5557.344545094123
5557.106666770237
5556.980067694975
5556.634815740838
5556.504329358244
5556.347611516865
5556.352685987468
5556.220219411858
5556.133879265136
5555.951994991033
5555.910995440245
5555.694313890248
5555.635564028143
5555.490338579527
5555.3825830852675
5555.114569371137
5554.9212144516805
5554.7870898527435
5554.760196912489
5554.584120930065
5554.488964772546
5554.384915233935
5554.414849836889
5554.256510558578
5554.182864363542
5554.024208645857
5554.06378341967
5553.912685794424
5553.83323012386
5553.684476703
5553.694771888845
5553.444745269663
5553.342621192192
5553.200643872959
5553.121152453538
5552.797191737557
5552.637301944807
5552.518065311682
5552.2827719158695
5551.96134271013
5551.759121487814
5551.51461406511
5551.255863296246
5550.9424218522045
5550.804427054904
5550.623434314617
5550.5906385372
5550.38958080206
5550.350982984543
5550.285198428157
5550.290078709789
5550.140840758535
5550.128055642856
5550.107492042866
5550.16412536487
5549.966544803494
5549.940793041584
5549.821724046469
5549.800510495433
5549.598861105337
5549.64245451244
5549.587499812346
5549.683452069579
5549.552387957828
5549.41014927753
5549.158448355505
5549.110338294304
5548.872485849374
5548.811529362098
5548.573185257014
5548.533946011877
5548.350043038258
5548.325645824723
5548.263289793069
5548.302319391388
5548.153461092968
5548.044608763919
5547.830708357219
5547.70998398455
5547.454505399395
5547.246531273182
5546.99026912054
5546.909267193468
5546.66537227032
5546.532961063914
5546.3167528249405
5546.217261567307
5545.996800423959
5545.914645994433
5545.588594640707
5545.367151008438
5545.042277003399
5544.600768603947
5544.1968336849795
5543.986185484176
5543.606396115039
5543.354863025448
5543.186529979038
5543.045652889548
5542.747791732082
5542.58580413962
5542.430591542258
5542.409176980601
5542.248775345622
5542.043690037067
5541.735765024935
5541.637914457415
5541.448839767232
5541.331115434549
5541.1714122323865
5541.135504900079
5540.8717733710455
5540.696165932616
5540.487743494648
5540.52275232337
5540.320827735292
5540.365175766867
5540.181325909629
5540.096034515922
5539.811228888763
5539.745315370872
5539.580652164219
5539.416686475665
5539.080034341478
5538.904706944955
5538.6645979903815
5538.624174473268
5538.4606732620305
5538.260782132789
5538.022913235876
5537.997638259884
5537.797464735848
5537.819705326571
5537.726561124868
5537.756152954695
5537.541069701034
5537.439186373234
5537.333340205978
5537.351733242758
5537.174338935735
5537.166177799701
5537.017371454198
5537.077235732897
5536.857780457488
5536.833253339736
5536.711463076293
5536.710304332412
5536.570270377173
5536.567213838243
5536.472648397618
5536.559650920806
5536.392430755649
5536.373323054579
5536.320268914095
5536.369230070349
5536.041147317507
5535.962883072655
5535.827726854883
5535.7866962817925
5535.619795909319
5535.598066733311
5535.519546417486
5535.534225064798
5535.402113830166
5535.413121775631
5535.318523042482
5535.369293819391
5535.159683290111
5535.123929537449
5535.025853085898
5535.0410780401535
5534.83764825008
5534.784581612918
5534.58217838439
5534.582866821799
5534.442255216568
5534.377865755252
5534.283450524644
5534.292021916042
5534.112973432224
5534.09342133194
5533.910648165304
5533.9166194034415
5533.724031848782
5533.691643598582
5533.53440637024
5533.517610621684
5533.3333325636495
5533.264210340802
5533.136646009848
5533.18567616868
5532.945496653692
5532.912899300616
5532.7472126668035
5532.690587210356
5532.549320743228
5532.542370223369
5532.366142242386
5532.390194823859
5532.250947098419
5532.249991230473
5532.227171940903
5532.290916046164
5532.174871886691
5532.13268685869
5531.979995874599
5531.966843365024
5531.788813973505
5531.801514292634
5531.739064739842
5531.797518663416
5531.677315484786
5531.694803770001
5531.601354934013
5531.675052244689
5531.429785483078
5531.4016698247
5531.305753241243
5531.362281706543
5531.251033365518
5531.209227026263
5531.094374335555
5531.143690996324
5530.983046774336
5531.009784893043
5530.936981059136
5530.964383657304
5530.83284479023
5530.8604769349
5530.768200626231
5530.821478673824
5530.715106001822
5530.682032364157
5530.552022632004
5530.623032905034
5530.463145237461
5530.457448882413
5530.381674676765
5530.439138855675
5530.323873859313
5530.34790728026
5530.237305220746
5530.3301693529875
5530.1609785021965
5530.121870587665
5530.074987661558
5530.14382336034
5530.020235817802
5530.030818043878
5529.95686488909
5529.97559215987
5529.850173648792
5529.869243665407
5529.812900540031
5529.869776342651
5529.696595742569
5529.70624797897
5529.6460451082885
5529.716198905835
5529.58077374142
5529.646832880717
5529.591221322656
5529.635697158344
5529.512828090741
5529.5180158514795
5529.425826847678
5529.489655232774
5529.325768268642
5529.3542338158995
5529.297185487802
5529.340692251336
5529.249761878567
5529.226499917411
5529.121111967924
5529.243085312743
5529.121134019091
5529.099684812242
5529.061625321912
5529.148724573618
5529.000951192942
5529.021361150591
5528.989268956816
5528.985097197705
5528.820486630208
5528.8891088518
5528.807052186597
5528.916759485903
5528.77407588098
5528.811304562948
5528.746675352889
5528.770297247642
5528.671612245241
5528.717300817052
5528.641231522384
5528.72808590018
5528.629439011851
5528.696726644185
5528.543562707328
5528.624310177758
5528.56556547474
5528.566938669024
5528.4427039177135
5528.505862599813
5528.381842453972
5528.484421925967
5528.383712164482
5528.417340810458
5528.3303807550155
5528.329068996296
5528.295404718438
5528.400640689063
5528.290159710087
5528.235578746411
5528.172723025875
5528.226345760529
5528.1095851676155
5528.134521341894
5528.063953377123
5528.146728718925
5528.047987008411
5528.059685044337
5527.96123985269
5528.053263141388
5527.930889657462
5527.848213747805
5527.81269788146
5527.8739340726615
5527.7598776439145
5527.807882500454
5527.777143972262
5527.785832184929
5527.57509719706
5527.532438839095
5527.492430288673
5527.601816539653
5527.3657135203875
5527.366823511571
5527.387331018732
5527.390272249269
5527.255976424509
5527.275612619806
5527.207374113569
5527.228659996363
5527.1097345439875
5527.135519983683
5527.061877001028
5527.178533332218
5527.07591877644
5527.013860160424
5526.9162535415135
5526.967123972389
5526.8702114595035
5526.914467591193
5526.861758404718
5526.925207458946
5526.81705792487
5526.856567020492
5526.771083130197
5526.878747936605
5526.730766600998
5526.706156115054
5526.614861682169
5526.702472711615
5526.5980589835235
5526.585518047739
5526.510773382698
5526.608969958264
5526.472871930487
5526.474900527229
5526.437852951701
5526.533833353166
5526.379581681603
5526.410443271127
5526.4230781495025
5526.451388548754
5526.29133977837
5526.337353733567
5526.276949858641
5526.3483513766005
5526.220819580243
5526.263588008359
5526.226092747421
5526.271802776589
5526.142998303993
5526.19807761379
5526.160309096229
5526.218999031508
5526.1188423212825
5526.170906090371
5526.069506147452
5526.141182516457
5526.016437674045
5526.0665401422775
5526.051605963534
5526.102791970978
5525.949454450517
5525.970260042329
5525.912169963893
5525.961855336026
5525.881693341738
5525.859258817932
5525.763704366487
5525.880639556109
5525.755393248389
5525.769264238233
5525.676614190273
5525.78859370655
5525.647084669854
5525.647829780533
5525.605444194167
5525.673564792031
5525.581284300884
5525.603286388295
5525.530932951548
5525.645289660078
5525.471812324236
5525.500731983561
5525.479485412816
5525.506696547877
5525.405676069716
5525.498469223616
5525.4073761554155
5525.4527361807295
5525.319969627289
5525.351651741328
5525.28380705418
5525.33316895568
5525.205062654436
5525.2293788435545
5525.176698624206
5525.231118688392
5525.113659864049
5525.171668694496
5525.045881653318
5525.070962020899
5525.016015470767
5525.01611232137
5524.940657419967
5525.035059895114
5524.937799704191
5524.930999191577
5524.831358655756
5524.920909542239
5524.8149132691315
5524.828603537943
5524.753303747494
5524.849574422069
5524.737589386109
5524.754898945925
5524.729976722786
5524.833093538315
5524.663970605608
5524.650850087163
5524.585872262292
5524.642137972065
5524.589674093198
5524.583350228307
5524.502455198939
5524.578129484616
5524.506105801947
5524.51324508958
5524.407204116351
5524.464793396338
5524.394021987669
5524.393451410539
5524.358200897955
5524.426776547933
5524.322952524325
5524.332075058684
5524.215263628503
5524.263945510593
5524.130396301079
5524.154876531353
5524.033325404765
5524.051327576688
5523.910452866677
5523.9253292854855
5523.877755798055
5523.949682131756
5523.815098334634
5523.825371926304
5523.793167293435
5523.871139154673
5523.7134192880685
5523.702290475558
5523.696705462871
5523.801886283222
5523.620612269478
5523.594988941592
5523.594093314237
5523.656782862547
5523.530643602578
5523.533253101727
5523.493281274109
5523.608824394968
5523.4973134450975
5523.518668338651
5523.471710711885
5523.518806683561
5523.380248184867
5523.383535242112
5523.328707287879
5523.380324365438
5523.2995384757405
5523.31909231837
5523.279938835458
5523.342172138456
5523.241202106771
5523.239264255525
5523.156158456033
5523.239228597442
5523.147347945033
5523.176773273163
5523.086604967567
5523.188476453844
5523.084090134116
5523.089443729236
5523.019901921611
5523.090361615126
5522.9732240433395
5522.97388861484
5522.936302352201
5523.052741931512
5522.917558640605
5522.949851028208
5522.898924440517
5522.9572787677325
5522.812176968765
5522.85623145098
5522.811280848444
5522.916072293811
5522.773980411535
5522.820649578809
5522.747928531505
5522.857396532215
5522.744570152843
5522.7914426686675
5522.696900515616
5522.784837848638
5522.628201284379
5522.625246652616
5522.595277599346
5522.6180070440405
5522.453234306605
5522.485758033927
5522.392036929204
5522.411453776783
5522.314323143092
5522.362050370016
5522.254309742395
5522.346177183622
5522.28738873479
5522.265213953793
5522.175413134647
5522.2857239187715
5522.124452492893
5522.1989706187505
5522.093549024724
5522.192977490429
5522.097833798148
5522.097735347032
5522.0323210704055
5522.16319420191
5522.025599959425
5522.065478484683
5521.96617985971
5522.042010053413
5521.938966165539
5521.989544207514
5521.892628232963
5521.974838906416
5521.880678518376
5521.930998047314
5521.786223472456
5521.830440608424
5521.776777833629
5521.784269588417
5521.687795266521
5521.74616587046
5521.696702318082
5521.722107816164
5521.637711968451
5521.725399117986
5521.622454982121
5521.626846326029
5521.559178134882
5521.5769621457675
5521.425163951792
5521.423238922933
5521.323669134633
5521.426640044541
5521.305187421323
5521.28252394327
5521.259635760618
5521.299439501
5521.198361529735
5521.162731898143
5521.112364985956
5521.096569725094
5520.986112074455
5521.02059863049
5520.954419945425
5520.975473066031
5520.862477117179
5520.775672776821
5520.74039622617
5520.807030532612
5520.690149002371
5520.674405331808
5520.589245387822
5520.61491064048
5520.530287023319
5520.557795954212
5520.462838634094
5520.545235370483
5520.460379912026
5520.426820521036
5520.360672544881
5520.4524076112675
5520.2862577501
5520.313934964016
5520.309111599259
5520.332173382196
5520.234614796885
5520.29783470663
5520.228780055171
5520.261191445979
5520.115455919937
5520.14230650611
5520.126820058322
5520.180589250201
5520.036078519426
5520.05438732544
5520.008854801193
5520.116548545733
5520.029292848537
5520.050979115347
5519.92353042532
5519.96709080207
5519.839445125842
5519.89757901786
5519.851197654951
5519.8778035479145
5519.742967238623
5519.783204710896
5519.74620097304
5519.830600381812
5519.7005415595395
5519.714484416773
5519.697969049405
5519.762583669306
5519.623140543071
5519.6493936468
5519.645543742015
5519.747945770084
5519.60498387679
5519.624903276465
5519.620818238583
5519.6432541198365
5519.500105318394
5519.5279467510545
5519.491065698856
5519.586385063264
5519.453801425171
5519.484783617984
5519.503294538479
5519.526743696597
5519.382956146018
5519.426958011305
5519.403120436565
5519.505309425145
5519.362839157893
5519.402988814895
5519.35030507294
5519.420708178968
5519.311102471535
5519.341827869467
5519.299818760363
5519.407979564465
5519.2709018062105
5519.307615071707
5519.260533679884
5519.3311892543015
5519.212975877416
5519.242071814602
5519.209605683208
5519.287368609645
5519.144234991524
5519.166974038901
5519.112187015251
5519.196980242771
5519.0436904303815
5519.074515061911
5519.033724300271
5519.101181853193
5518.97927491552
5518.949093220254
5518.920375416233
5518.984763420067
5518.867423258876
5518.928089096718
5518.874488475617
5518.884620502912
5518.742862488349
5518.788588641332
5518.739714488534
5518.833382099115
5518.707791367229
5518.7252904014995
5518.723990379656
5518.799752305932
5518.704413069082
5518.669996088073
5518.654231479381
5518.718742630153
5518.57070692631
5518.564649518058
5518.560166913263
5518.6187218090945
5518.463117297874
5518.483462944733
5518.464150670066
5518.518387827195
5518.386136675661
5518.3964714900385
5518.388731394229
5518.451073103983
5518.349000658171
5518.343134240762
5518.272612304463
5518.356026901755
5518.251662884871
5518.289731304596
5518.240567852888
5518.2682398367215
5518.142455564884
5518.1588207993655
5518.140371562242
5518.239797608348
5518.100104145598
5518.091777445327
5518.043902606884
5518.13874128651
5518.044438902568
5518.02859313787
5517.965774387021
5518.059478211103
5517.958605662974
5517.998532494332
5517.953617069222
5518.037937634371
5517.889775463511
5517.9201304401595
5517.879962727594
5517.934056498848
5517.7868686123575
5517.818683310972
5517.792227026933
5517.831468627713
5517.698498173571
5517.739348395152
5517.692385390392
5517.787214410499
5517.666610924352
5517.685051670765
5517.615361156361
5517.721679483661
5517.603464633438
5517.616624251061
5517.551673336772
5517.668017919418
5517.553827167597
5517.566723871233
5517.536478762089
5517.637367545577
5517.5024398447185
5517.538991337235
5517.49170567688
5517.605639566081
5517.480697544226
5517.517593974933
5517.431970056168
5517.475463641348
5517.396216063677
5517.4180987013215
5517.342106579686
5517.439375856058
5517.331564541471
5517.360207497659
5517.311408239914
5517.35380832183
5517.253413636515
5517.331113945158
5517.237046199643
5517.28442292876
5517.185731945388
5517.238838389401
5517.1373189384085
5517.222530919617
5517.099772873444
5517.077744865785
5517.03587550953
5517.093183581273
5516.994902928802
5517.074318479937
5516.991893597853
5517.032591810316
5516.939719128365
5516.980133999524
5516.897116840155
5516.965152606075
5516.871704754363
5516.88869704122
5516.87738258013
5516.967085324498
5516.841193481496
5516.821623661755
5516.797676590583
5516.872269188175
5516.727118210646
5516.713814016398
5516.70000873772
5516.779744262829
5516.687414603233
5516.690464141513
5516.660072884367
5516.7053836645955
5516.601876267101
5516.6413595703425
5516.562087925486
5516.648775367753
5516.577907411534
5516.592817123254
5516.522030451409
5516.638060844892
5516.553110300073
5516.527715131091
5516.4695331701305
5516.560268039255
5516.474491992908
5516.51963052694
5516.446205630288
5516.508071264654
5516.412209950191
5516.420277580021
5516.315576664455
5516.405719276171
5516.336123281533
5516.326825693929
5516.263692563327
5516.314656100418
5516.157631408182
5516.157520613303
5516.147716881687
5516.165272069545
5516.08374512404
5516.076502116586
5516.026949187748
5516.111114066593
5516.02230127517
5516.030697854819
5515.927738101559
5515.980955933855
5515.905784514091
5515.890409814248
5515.824734161627
5515.9101893847655
5515.8093525327395
5515.832963498146
5515.781052091294
5515.874459731097
5515.73335659294
5515.71539521573
5515.684790380509
5515.767615960537
5515.650062604938
5515.641575230129
5515.617844450998
5515.729191702833
5515.598617920568
5515.628089598795
5515.575036754561
5515.625645208875
5515.542465215197
5515.5498386674935
5515.497255284754
5515.57749354685
5515.476079423507
5515.540462013646
5515.458561856083
5515.535032598791
5515.4537761766105
5515.432418106225
5515.387836271496
5515.498931885223
5515.392695264214
5515.3799909194
5515.357944320869
5515.47149843159
5515.293676724072
5515.28608550972
5515.268587249279
5515.349287600603
5515.243281925687
5515.257539063254
5515.240362291179
5515.316764351798
5515.1744784046
5515.202030917113
5515.168746261951
5515.217473695024
5515.117815040819
5515.141257920655
5515.108354804044
5515.213164884237
5515.118762708553
5515.121083509912
5515.051768261069
5515.154763084634
5515.0301697216855
5515.030923726476
5515.0094885021845
5515.098643921918
5514.978537926856
5515.035775780734
5514.979582208758
5515.057079576921
5514.960582622793
5514.944816252604
5514.92722340403
5515.034550714102
5514.916629276273
5514.898981024963
5514.884111072262
5515.006613236125
5514.8361798455435
5514.837782068522
5514.7886686570255
5514.841244546246
5514.663918088559
5514.643408267174
5514.5705409931625
5514.681636368162
5514.52672101508
5514.474711073214
5514.455295511179
5514.517307938064
5514.399050346415
5514.428089504602
5514.409005545451
5514.478508502845
5514.339789921329
5514.33180109087
5514.282418071361
5514.310139525408
5514.19870556519
5514.264497460343
5514.211076181072
5514.242593128359
5514.128483514359
5514.156958496812
5514.042918004055
5514.10955971715
5514.015273832407
5514.007030616585
5513.9387707014885
5514.035016148498
5513.957663922001
5513.9521187036
5513.8939040692185
5513.978155370822
5513.804402050254
5513.815642307985
5513.769631810128
5513.848120267844
5513.711528718867
5513.748049382737
5513.709171790208
5513.7694168792705
5513.575720140847
5513.563305040554
5513.512443920635
5513.536377721607
5513.414651610386
5513.457305107755
5513.408557790493
5513.492557751761
5513.414046297275
5513.422513476502
5513.371086792219
5513.431235931684
5513.360054995344
5513.381856416009
5513.325660417448
5513.387047968149
5513.286338536694
5513.359338860851
5513.249819332023
5513.306492935836
5513.225869215416
5513.243197043847
5513.211843098544
5513.3017126992945
5513.196133164756
5513.199088420884
5513.155523604052
5513.274530207629
5513.123941401919
5513.1384480491415
5513.122861094414
5513.173559423846
5513.06393036195
5513.103939933052
5513.090279182358
5513.1303764089025
5512.978662153354
5513.011568996523
5513.008938446935
5513.0496065952175
5512.926887453787
5512.948355854655
5512.942583446214
5513.032887332725
5512.915441173714
5512.93924146879
5512.899197917565
5512.986992975159
5512.900264153969
5512.913314793067
5512.909916024739
5512.970893705875
5512.805388410063
5512.76781945059
5512.687652465571
5512.760058207986
5512.596027180146
5512.557478877636
5512.477106344809
5512.58134209122
5512.4327001318825
5512.452523923265
5512.41539540878
5512.478606519204
5512.413351980473
5512.402554121133
5512.3071779660395
5512.351264091553
5512.299259280693
5512.298792951402
5512.234693415511
5512.249945473298
5512.140739371119
5512.116398554866
5512.110222196615
5512.199964676024
5512.085804825753
5512.039911819933
5511.976485150949
5511.99814634439
5511.904076386312
5511.8937605933725
5511.841959221738
5511.9327939662435
5511.79527831616
5511.866053110134
5511.790132754697
5511.869538319349
5511.754315824764
5511.772763719439
5511.718312426213
5511.74659665935
5511.5973281974
5511.611724295965
5511.584432330347
5511.666874868918
5511.545570284161
5511.574161721804
5511.553552839468
5511.599058644644
5511.459889619101
5511.435661647234
5511.426513668321
5511.526826235988
5511.390664809695
5511.394893975566
5511.352490030775
5511.468406253446
5511.38171777302
5511.335300040091
5511.281543805992
5511.39919433169
5511.286529731487
5511.290835228394
5511.247806585412
5511.374422191461
5511.202619427035
5511.217763108075
5511.220053071185
5511.285059466403
5511.142979316318
5511.152447563652
5511.127767846182
5511.242735447213
5511.120649361042
5511.122832197299
5511.11125069546
5511.193558155068
5511.0955953544135
5511.090667702849
5511.075039747568
5511.167007139702
5511.074071543798
5511.06413298867
5511.022038028866
5511.098011073726
5511.01504740195
5511.012248425975
5510.9703366321055
5511.047852655451
5510.953506244275
5510.983419017182
5510.921894062371
5511.0332672085415
5510.938177356413
5510.937248431842
5510.909585926714
5511.004884316168
5510.881866134442
5510.882184294545
5510.886205170901
5510.99079373051
5510.8509668788265
5510.847701854025
5510.866370649272
5510.887607619467
5510.750209847928
5510.751622292346
5510.754543039746
5510.8529400070765
5510.733398211375
5510.728161975445
5510.728569975504
5510.783766910371
5510.67304325779
5510.708836844843
5510.659979729683
5510.742019334915
5510.653783679056
5510.6663241117785
5510.647672902794
5510.736244084539
5510.607825590945
5510.535161238442
5510.453719520974
5510.5212485886195
5510.384099016774
5510.397617214676
5510.3082516163195
5510.396745212736
5510.274872767988
5510.273988791919
5510.26124676628
5510.348054625105
5510.209692997971
5510.193389890659
5510.155629854167
5510.1862821110135
5510.059411634254
5510.054376802545
5510.014238249259
5510.106146907881
5510.034003724683
5510.0909694850425
5509.9993693626575
5510.003345767502
5509.865106098115
5509.9251925635335
5509.884480605554
5509.943422279923
5509.842883288172
5509.893044216066
5509.8396015391045
5509.889213581851
5509.76408640918
5509.8050456928195
5509.749345349414
5509.832326966718
5509.738306383007
5509.774852649386
5509.704325765456
5509.777120451488
5509.6916683837135
5509.649770274788
5509.588161430101
5509.68469937717
5509.52045575977
5509.539100156407
5509.422486811555
5509.468629426775
5509.307550586943
5509.3374088214205
5509.260028318204
5509.351206139888
5509.21535326024
5509.223544836718
5509.193212298616
5509.225092613637
5509.069660431205
5509.101075281736
5509.025598860857
5509.110156310352
5508.986560378
5509.013606303536
5508.905265384273
5508.935305400792
5508.792692650015
5508.8345006397
5508.801156027072
5508.86716815817
5508.770128687922
5508.7667853272615
5508.671277044103
5508.732715936194
5508.616622722175
5508.600114878063
5508.5215760180545
5508.60941704321
5508.544623730185
5508.544450246864
5508.481918148141
5508.581578984915
5508.4739025733825
5508.492135726763
5508.4504671375735
5508.557493199696
5508.410157193253
5508.435744640308
5508.414345702436
5508.4995037464
5508.379644812442
5508.38906021913
5508.368264481121
5508.439478227021
5508.265375187921
5508.269695762056
5508.177060493255
5508.246576019885
5508.083841103392
5508.091146662655
5508.052471111982
5508.061409636239
5507.91632852175
5507.923729451832
5507.890616462702
5507.938071473078
5507.804513329261
5507.804778953574
5507.717473830627
5507.826088629791
5507.735078734447
5507.72825213244
5507.639579753596
5507.742273073746
5507.662194377913
5507.705146235645
5507.592555040836
5507.670736957344
5507.531271589092
5507.530749351459
5507.502386624677
5507.609736646111
5507.458815401026
5507.500152685359
5507.475427791315
5507.559385624387
5507.432014623144
5507.4573626806705
5507.373531227755
5507.4820528828
5507.376336750137
5507.379541735
5507.330709882931
5507.411329994109
5507.288310919117
5507.345908505172
5507.276934210763
5507.319922337219
5507.210854621215
5507.296709225041
5507.2025896183
5507.255294554319
5507.1426737601
5507.1777972953605
5507.119440713718
5507.193657192419
5507.1073323919945
5507.073229377335
5506.981497463006
5507.074419894671
5506.934334025725
5506.984121764794
5506.895350985051
5506.952698619407
5506.897782412525
5506.897398143371
5506.847975712426
5506.938267408957
5506.797237900709
5506.836799206114
5506.749980097078
5506.852732263641
5506.758799370088
5506.7736442918485
5506.720586242185
5506.770373928954
5506.64286795932
5506.643408290324
5506.5931288714
5506.7053107960965
5506.583303232871
5506.557983501747
5506.514827813402
5506.568420075428
5506.465059641847
5506.515936946129
5506.431412936048
5506.462827046823
5506.350119108624
5506.354625498989
5506.361690013296
5506.443087793049
5506.325251285183
5506.276758851976
5506.269157185765
5506.387011725904
5506.2463068383995
5506.246009112328
5506.158155637977
5506.2605493546025
5506.161575808046
5506.186447665545
5506.145184333598
5506.214131980004
5506.084105793385
5506.115758382208
5506.063330385205
5506.165258381968
5506.026170847948
5505.989998838171
5505.930300698264
5506.046313466017
5505.9131301883135
5505.950476760756
5505.9106640080545
5506.004027653901
5505.8687412951
5505.88212108889
5505.82427091939
5505.8228531811155
5505.687246886307
5505.691016469305
5505.619806945159
5505.712214616271
5505.60207336679
5505.6603108046775
5505.5370600212145
5505.60358734138
5505.486954773976
5505.462092279149
5505.4120927477215
5505.443845648741
5505.299645921259
5505.2930990002205
5505.240235673268
5505.373843673082
5505.22630575004
5505.257065526928
5505.235776084624
5505.34196088236
5505.140620485104
5505.129346615773
5505.113493523257
5505.206164398751
5505.088301456726
5505.091964786321
5505.074046006647
5505.175849789824
5505.039837427026
5505.041786284635
5505.024784508193
5505.115614698656
5505.006122911719
5504.983009085671
5504.941364878721
5505.053734000581
5504.858055842371
5504.8460904345575
5504.807953933982
5504.88726774012
5504.764160344525
5504.738553496544
5504.6847869524845
5504.751134170194
5504.612362781315
5504.617543339659
5504.538449076708
5504.637588050878
5504.460317026055
5504.424616341567
5504.330307922417
5504.387555092452
5504.254578914544
5504.243516588349
5504.182907124267
5504.310511461507
5504.236490228255
5504.175843396007
5504.123518453888
5504.162993211937
5504.016329940818
5504.06187705424
5504.01270648147
5504.103356999589
5503.982708658511
5503.967094633741
5503.948321742513
5504.000432603213
5503.9133614608
5503.929117916331
5503.8695528374965
5503.940133990585
5503.821169170108
5503.873453271692
5503.808929135682
5503.861978574514
5503.723030491824
5503.755816301156
5503.701608052331
5503.807354377757
5503.676528424317
5503.692114616967
5503.659651958596
5503.7347748614375
5503.59067030995
5503.553732573527
5503.535273945993
5503.649569557063
5503.522863291532
5503.559540851546
5503.5208350546045
5503.5960474304875
5503.431906032039
5503.437494737771
5503.399756513061
5503.51597948258
5503.385297272095
5503.407043442075
5503.382433729997
5503.45384557926
5503.352029481828
5503.378279575562
5503.319659732523
5503.422334011072
5503.27761476945
5503.2872227989465
5503.192741596134
5503.274730665212
5503.201278837546
5503.198651228986
5503.145498021196
5503.2330996053115
5503.171074488623
5503.176826234887
5503.110430338238
5503.1627971960725
5503.0924372724785
5503.132230331929
5503.081109397003
5503.081703545431
5502.949914213888
5502.959500939655
5502.942617181085
5503.037079069272
5502.870330152288
5502.8748687169
5502.791653907485
5502.86584259974
5502.777872595602
5502.8271429008555
5502.80795687461
5502.84677750084
5502.693974423216
5502.67732213521
5502.593959855691
5502.667398705602
5502.570890212525
5502.596192157011
5502.50682124882
5502.567339205086
5502.410984018861
5502.452344977553
5502.428169896927
5502.4869091788705
5502.365934889302
5502.398975571325
5502.382217518633
5502.4713113805265
5502.277616417244
5502.28636834945
5502.237475357242
5502.312071556931
5502.179804349953
5502.213382962867
5502.193736112713
5502.282083290584
5502.152609649348
5502.1438546393865
5502.086380626051
5502.173104616504
5502.064184284002
5502.1170684575345
5502.0234133985405
5502.093259856786
5501.981858318147
5502.006309899018
5501.938079573682
5502.048872629228
5501.939927289498
5501.935440473924
5501.859630430336
5501.898248347198
5501.784544599908
5501.768919838773
5501.710795215124
5501.8132404749995
5501.701582684685
5501.742920430297
5501.691320782541
5501.745236126655
5501.654373199182
5501.579137450345
5501.50566417946
5501.618220520052
5501.538656346659
5501.542353682253
5501.47522439474
5501.576538439367
5501.452427157675
5501.496697452649
5501.41572458607
5501.466266896982
5501.402328945742
5501.396267420325
5501.352932303043
5501.4098172305185
5501.270108468599
5501.29380529025
5501.289842084876
5501.3538326909675
5501.226055853109
5501.227962344791
5501.203352128857
5501.271705635814
5501.142904343548
5501.157432959323
5501.13950142959
5501.231942873465
5501.075752913773
5501.099798312456
5501.075287552389
5501.1661155575575
5501.050287937464
5501.072039205558
5501.0571028336435
5501.10119633997
5500.991913457194
5501.0264025457855
5500.991435636076
5501.067093303836
5500.976191028804
5501.003891305247
5500.915936014648
5500.973819469353
5500.883425479168
5500.853050940319
5500.824471008971
5500.920373907195
5500.842896442112
5500.800118202649
5500.747304427704
5500.875961445116
5500.746124927327
5500.784373674523
5500.67910277788
5500.7717402887965
5500.6370709990515
5500.639976103907
5500.556632335237
5500.668896369066
5500.545386471851
5500.598437003536
5500.562659856793
5500.62830778028
5500.483611920905
5500.465752418505
5500.4148954976445
5500.4986554155985
5500.362373053731
5500.411790478241
5500.364679517105
5500.483361834661
5500.350746546293
5500.387459318543
5500.307371288814
5500.417415303606
5500.307635030542
5500.3111967927325
5500.244960479483
5500.360320387325
5500.2723909687475
5500.245883679415
5500.202751310239
5500.331837071499
5500.188391778931
5500.229012947722
5500.1800626956765
5500.294252528217
5500.160294574634
5500.156878880475
5500.160691001565
5500.238332129103
5500.066827353581
5500.088792441409
5500.045057537688
5500.111171367957
5499.952161984933
5499.991970575379
5499.947752731776
5500.034099321864
5499.936333374574
5499.909221147128
5499.865798545008
5499.923915726378
5499.789455998128
5499.8064046887375
5499.760321015006
5499.867485026812
5499.734629892658
5499.756343070857
5499.755629231892
5499.810841418381
5499.6808438802045
5499.713411842735
5499.682065200363
5499.783946136652
5499.671071826686
5499.687459488184
5499.649850623831
5499.719466975934
5499.6229286769785
5499.634216292256
5499.6082799009755
5499.633675775425
5499.560253841813
5499.557750438743
5499.507129282508
5499.579912878907
5499.454080099469
5499.428067474355
5499.363931497921
5499.42563148501
5499.329065599681
5499.322856393564
5499.268637834235
5499.338776150462
5499.254249529645
5499.235338774274
5499.210590381608
5499.261504418282
5499.129125427407
5499.127272249189
5499.082256874282
5499.202312288171
5499.04812362005
5499.113643784698
5499.030617017856
5499.0034176731515
5498.795207085434
5498.772047571985
5498.693128011356
5498.735901813813
5498.619177196667
5498.607176950751
5498.517485442973
5498.6232239981
5498.480139175826
5498.5191045720385
5498.47662403666
5498.594235132078
5498.451727295794
5498.49010301752
5498.441928915731
5498.570192562137
5498.43711023254
5498.467338890093
5498.404485701131
5498.507774133657
5498.366359462732
5498.4035582674505
5498.3654922283995
5498.44295028202
5498.328086982016
5498.354555110814
5498.290039221632
5498.402597081651
5498.287239222837
5498.3397086481245
5498.219283544412
5498.282258024176
5498.176566683409
5498.192735639936
5498.124914637476
5498.242205752094
5498.085679305214
5498.117776992609
5498.052314717327
5498.160008475826
5498.035960114329
5498.08774102117
5498.0438010866965
5498.1222606489955
5498.010057687705
5498.063977007963
5497.996782316651
5498.10458482228
5498.013707861463
5498.057000802891
5497.974484368204
5498.074914444233
5497.970755110446
5498.005616192751
5497.946108047444
5498.052411039974
5497.919051691845
5497.972338655914
5497.912150985341
5498.012552793785
5497.89476295935
5497.909024259044
5497.86598086239
5497.970620852114
5497.853789936144
5497.862371059909
5497.8002854517545
5497.885319199634
5497.791116596072
5497.855752118197
5497.776128955301
5497.808529270456
5497.715253373676
5497.741796369338
5497.7034112455485
5497.801957366778
5497.686831385923
5497.707068172622
5497.686049560624
5497.77775045775
5497.675852210938
5497.697207939968
5497.63866943969
5497.732235738618
5497.652127053849
5497.68559622266
5497.611964485433
5497.714066297951
5497.601796380609
5497.656531219431
5497.600615560516
5497.696455087833
5497.568146597327
5497.607099053796
5497.544744483748
5497.619547428308
5497.519879567309
5497.582599750722
5497.501032867793
5497.570862759286
5497.489911518803
5497.545095729851
5497.472489339277
5497.532181547548
5497.393752398277
5497.43330629717
5497.396229070286
5497.543895076008
5497.359270151875
5497.325815452208
5497.241810294038
5497.263122115003
5497.11189605727
5497.161835150881
5497.111339223142
5497.234374874597
5497.074032103387
5497.093807509292
5497.006478244344
5497.090697582254
5496.983130998407
5497.024925245167
5496.939728685301
5497.018758324519
5496.904817074666
5496.94666410348
5496.886763166858
5496.952767457971
5496.86689029723
5496.907675912919
5496.854474552453
5496.916497166639
5496.7950743416795
5496.854184545412
5496.820758435827
5496.86915581698
5496.761788959238
5496.792920741484
5496.7374996625995
5496.837324595977
5496.7244418655355
5496.785452609374
5496.702746977016
5496.7944006051675
5496.702951619158
5496.730006499258
5496.671429301873
5496.78472840771
5496.68176252668
5496.716164839476
5496.645542503327
5496.748064411896
5496.648422290391
5496.672567248287
5496.614173415097
5496.726671286173
5496.607978292919
5496.666124696875
5496.595156931442
5496.693004517422
5496.58181598231
5496.619383794586
5496.559000567047
5496.684180202444
5496.565160122163
5496.594688252078
5496.554833151516
5496.673239930224
5496.543768893327
5496.586129696597
5496.53593514893
5496.6552263794165
5496.532131338136
5496.57523287769
5496.534269247721
5496.600170226265
5496.496810665113
5496.521280361305
5496.487053854343
5496.574658817671
5496.456963541297
5496.499424112382
5496.494768820182
5496.541757851928
5496.409833434866
5496.460077206056
5496.4332862285355
5496.523520663905
5496.400920517712
5496.447784343081
5496.3888843261075
5496.489420819825
5496.383668592575
5496.409292141225
5496.363262730807
5496.477740201797
5496.357642003918
5496.396348772646
5496.352303557931
5496.464201890045
5496.336560522736
5496.378533197362
5496.338607348583
5496.4188755005525
5496.301186273554
5496.336935645015
5496.281551369865
5496.387546559961
5496.2795024183415
5496.317826009408
5496.229596065492
5496.336973013667
5496.264016344482
5496.291823304763
5496.190798965629
5496.279358606218
5496.17625784696
5496.2190636640225
5496.160703248817
5496.272328687568
5496.1515419282905
5496.195652641569
5496.134879741726
5496.24852189682
5496.1250400571225
5496.1864996691
5496.120056940891
5496.225979027922
5496.111853543698
5496.171964857368
5496.096343783287
5496.1814628624925
5496.07589056089
5496.126249182571
