6546.135517545984
6545.17110015953
6538.092559669337
6530.18300877437
6522.448446693246
6515.073223345893
6507.531042605027
6500.023751029503
6492.700357161219
6485.561623507801
6478.608150615424
6471.840314479194
6465.255171322748
6458.580408509852
6452.030131596184
6445.503633057641
6438.196055991216
6431.087895475194
6424.178977833478
6417.552925116097
6410.897600539638
6404.444126042884
6398.195206669824
6392.079710516903
6385.953113949587
6379.737572408823
6373.07505037175
6366.280742952208
6359.677582825878
6353.230955703666
6346.818888040083
6340.701662330883
6334.56166747721
6328.07696090558
6321.7155661609795
6315.415982715979
6309.350025319392
6303.621498434198
6297.964633802551
6292.328968685549
6286.580915835802
6280.695647302443
6274.55824316727
6268.856034771579
6263.0554514076985
6257.485783380681
6251.742347082985
6245.532152669986
6239.405856908002
6233.532745697451
6227.754170230796
6222.258412950671
6216.921150876794
6211.687396616758
6206.411299681757
6201.250152492083
6196.317592357658
6190.959002592791
6185.766730772803
6180.757264495413
6175.850189450627
6171.21018317634
6166.912027681779
6162.731030566559
6158.410514744608
6154.333231900131
6150.245898945811
6146.075701442598
6142.179915918147
6138.490646504328
6134.495958124535
6130.142459261333
6125.999083791279
6122.2232558643345
6118.623250154612
6115.150227833179
6111.669038493048
6108.233909187545
6104.9510461056525
6101.50808405793
6098.099338300026
6094.837337095006
6091.764479176708
6088.440721142168
6085.392825886522
6082.438893066735
6079.7751752775885
6077.394662290655
6075.307782157422
6073.40550239519
6071.380217859485
6068.891245552497
6066.178210251195
6063.446799927294
6060.657579415606
6058.027056404066
6055.260327374402
6052.414523410921
6049.50871795568
6046.729292515567
6044.269240187096
6041.719840129978
6038.775583814929
6035.862632964318
6033.235555035056
6030.033863134598
6026.840750258115
6024.038214684334
6021.322229372208
6018.626313909055
6015.817529266535
6013.0780908696515
6009.738824925031
6006.427749728141
6003.644366857007
6000.401977983711
5996.987776313064
5993.668475310399
5990.660077586443
5987.9217739605465
5985.501134359626
5983.122656771441
5980.558473954089
5978.441736233777
5975.378730014514
5972.114688568849
5969.246124392002
5966.248951378028
5962.907363024763
5959.419397279754
5955.9647805416735
5952.938520387217
5949.633063062869
5946.582135672211
5943.823276665509
5941.480156220561
5939.247271238906
5936.40322895408
5933.109676201329
5929.81890854129
5926.615626398106
5923.3052413583855
5919.864786281151
5916.868629149505
5913.45802041824
5910.005370409359
5906.346535861282
5902.947961963724
5900.0107510115595
5897.051043379494
5893.93700415926
5890.599920316303
5887.21241359508
5883.825796836816
5880.298914558022
5876.597037720146
5873.087052984207
5869.7171568681415
5866.4390988692285
5863.051208946453
5860.0488615736
5856.499929761907
5852.857359914477
5849.201576466845
5845.5755049381005
5842.273267579474
5839.247322203884
5836.403042822911
5833.771098627082
5830.386507236088
5826.7077210584275
5823.120279468822
5819.81199691827
5816.511937411539
5813.475117848778
5810.442584292133
5807.569670775897
5804.537862171659
5801.7839759977005
5799.316552071504
5796.698745023163
5794.311451319491
5791.988658054056
5789.497620480222
5786.65556804163
5783.622901730367
5780.427899826856
5777.009699430458
5773.696883288902
5770.235677786775
5767.078432260262
5763.992621064318
5760.0594579570625
5756.0647232757265
5751.995083222804
5748.175369035838
5744.701896442887
5741.350775876834
5737.597577456002
5734.168791328549
5730.753762365043
5727.746462907561
5724.864227469587
5721.822782521311
5718.528933943552
5715.221179744658
5712.014362561792
5708.666002124357
5705.21898050003
5702.085123471664
5699.234068539553
5696.408593166397
5693.620975531929
5690.9884060831555
5688.526364121671
5685.846200746899
5682.647769346704
5679.60656930028
5676.626313871702
5673.679267722227
5670.580300001157
5667.53615877855
5664.8529812998395
5661.805093212514
5658.691381964175
5655.62358986333
5652.888985317269
5650.193056183108
5647.306876306364
5644.533451529981
5641.73895482341
5638.875347756895
5636.175313921818
5633.610764349388
5631.367016738495
5629.397225797139
5627.428734883641
5625.53285838652
5623.6945626441975
5621.890811003132
5620.251189737011
5618.663273881653
5617.026782510066
5615.634130106042
5614.627948079759
5612.730023949913
5610.3692627128885
5608.347222104413
5606.282811175866
5604.5454600190415
5602.750582408328
5600.927474073687
5598.999724684478
5597.027185117842
5595.127737111594
5593.709581397044
5592.017375593924
5589.570256445579
5587.244232349462
5585.334168134302
5583.304977439754
5581.091598199597
5578.825560216173
5576.927246261825
5575.324601124727
5573.021491585969
5570.0599156812095
5567.357415724746
5564.892814779424
5562.372299997291
5560.247580357511
5558.223097824864
5556.220468277359
5553.600522556563
5550.825110939612
5548.266502841879
5545.810187047173
5543.564906945358
5541.1916261485685
5538.533326278809
5535.741740651869
5533.042676163193
5530.179828758134
5527.634114839346
5525.409609482833
5523.123982911938
5520.450316328801
5517.59133583507
5514.743848029013
5512.107786516478
5509.587797744716
5507.434754691952
5505.788371735886
5504.077612855604
5501.912224997971
5499.478372809518
5496.823956653877
5493.976870719702
5491.29437979111
5488.516349157921
5486.215241743748
5484.008391669725
5481.721782437574
5479.542861442001
5477.45210039402
5475.475117533911
5473.818357477209
5472.129126094723
5470.533142669977
5468.438585293305
5466.712123047718
5465.0239886696945
5462.720306285514
5460.730532410476
5458.668475960763
5456.55659824078
5454.473026236855
5452.062393100425
5450.038274860946
5447.793866707103
5445.56661766082
5443.369904861697
5441.242386515332
5438.486435705648
5436.014197418561
5433.359894388901
5430.852706529012
5428.809952411017
5426.478740407494
5423.396317821008
5420.45535462322
5417.573242009954
5414.998085848135
5412.827867114228
5410.547119544113
5408.15714407746
5405.443640973393
5402.828665687871
5400.256231081469
5397.964215757344
5395.647739341972
5393.418200619065
5391.244256577349
5388.832473353695
5386.621019143261
5384.609627567384
5382.863573462885
5381.297721137954
5379.921471643885
5378.675250785051
5377.357263779242
5375.7042796891865
5374.0051740866875
5372.756214921686
5371.499527609905
5370.079374651918
5368.83423156414
5367.604224163734
5366.049803132084
5364.394958875275
5362.742282816613
5361.284051879344
5359.95761161874
5358.258359408287
5356.917968757723
5354.88037594714
5352.651634336519
5350.395292158918
5348.538921274243
5346.910421962824
5345.633506159221
5343.850843739598
5342.347979335375
5340.514535386706
5338.9486638485405
5337.4045508224835
5335.866641768787
5333.970644106951
5331.9819018130665
5330.341090503103
5328.515133211385
5326.203113467809
5324.152800014623
5322.340904253648
5320.61938459003
5318.698469903829
5316.994071054001
5315.00985978641
5313.126079186368
5311.042131488096
5309.164696811113
5307.361164896371
5305.854152504522
5304.335933665799
5302.938718945033
5301.1638873196725
5298.627136631508
5296.19838453362
5293.781960969894
5291.678764934842
5289.689772644018
5287.966244451409
5286.132924072823
5284.62454131199
5282.9318658220545
5281.198809502246
5279.661266824272
5278.017610126235
5276.244054873721
5274.544290668489
5273.120134052102
5271.95345013709
5270.6014314836975
5269.270282296949
5267.740792622427
5265.779661266043
5263.8511029860665
5262.006312723368
5260.041123179097
5257.955376887025
5256.188548861349
5254.547602897896
5252.837208735132
5250.894814531581
5249.199804468761
5247.805795301218
5246.38862727613
5244.960675218364
5243.726245335548
5242.3215591504495
5240.655812853765
5238.95297032735
5237.468537713223
5236.104993637488
5234.737370740443
5233.341327202072
5232.157320460532
5231.044438563258
5229.559367220627
5228.4224843052925
5227.296706616834
5225.841596712307
5224.503611794673
5223.409698034637
5222.719722008027
5221.340742028357
5219.544291696401
5217.82376155133
5215.910331645522
5214.285621494457
5212.503478560067
5210.7243977748485
5209.234533676014
5207.759903731205
5206.210610385017
5205.021392110553
5203.483838776566
5201.864299366504
5200.483622061181
5199.263376623365
5197.64063487414
5196.289252448875
5194.923548946142
5193.1396049635
5191.131202451039
5188.880623631372
5186.3110963487625
5184.034300655078
5181.835845254542
5179.657593144556
5177.533311530555
5175.747606281287
5174.149870208251
5172.97119032983
5171.547537878793
5170.156653530253
5168.640821484537
5166.46996128139
5164.230398326573
5161.9052577267385
5159.624216219223
5157.252912088788
5154.7475619842
5152.457727807017
5150.13888753444
5148.3034267844205
5146.675317667992
5144.800020352118
5142.870387248654
5140.48903390045
5138.459460671678
5136.404160730649
5134.512178704201
5132.930047372179
5131.138164726953
5129.710627414673
5128.224355320673
5126.672482905644
5124.98216821364
5123.593801551253
5122.010172762929
5120.598953124135
5118.883993370877
5117.542578159148
5115.9504639577935
5114.316167354673
5112.701044354478
5111.087559001395
5109.8900724200475
5108.677189028053
5107.661772006045
5106.68931553427
5106.045998141928
5105.351502327358
5104.445602039713
5103.224344156743
5101.600393489967
5100.408597211739
5098.840303237463
5097.572716060655
5096.325512144277
5094.125552863154
5092.125761234441
5090.398302458822
5088.614893863963
5087.006798998834
5085.247843216392
5083.395959900694
5081.789094116008
5080.496985183819
5079.365301512756
5077.911435545868
5076.713919760383
5075.3691030637365
5074.140117024751
5072.792856289521
5071.565349106901
5070.474713733426
5069.052195228394
5067.640627766869
5065.884346920234
5063.116404984827
5060.743165010835
5058.428476288472
5055.959818115348
5053.593422907268
5051.293425521518
5049.084142858671
5046.887588680751
5045.04426512253
5043.39628210839
5041.989737526763
5040.455169696138
5038.8440982734
5037.241248968247
5035.710244953858
5034.093234040808
5032.496602717468
5031.157190041422
5029.955434515708
5028.625025105206
5027.096396134191
5025.706046995666
5024.423245193232
5023.342037671441
5022.085604334612
5020.638927052533
5019.556468344541
5018.645633067703
5017.371198471522
5016.483749387296
5015.476164263868
5014.210081406599
5012.940010683064
5011.673343514984
5010.300200425979
5009.312494322047
5008.286348252449
5007.437061497172
5006.452508408799
5005.132295578385
5004.042175723695
5003.260379927915
5001.872667674184
5000.82538995878
4999.289965161341
4997.487738179423
4995.899147417886
4994.469508258291
4992.8991854998085
4991.422539098329
4990.345047614044
4989.396091665341
4988.497065910421
4987.925395751035
4987.11492436581
4986.344074631761
4985.124870950731
4983.065006931607
4981.203536665037
4979.301175323537
4977.208685036311
4975.349820033073
4973.649626547929
4971.811193796291
4970.025972091745
4968.448701734822
4966.94479087258
4965.558663735579
4964.631891463897
4963.304395086037
4961.850479871927
4960.161466016101
4958.171756103975
4956.363079835104
4954.258441363915
4952.125777905806
4950.233452292923
4948.256876346783
4946.598918766566
4944.794064178325
4942.676998244301
4940.562520961673
4938.47206219276
4936.62622969593
4934.6729797255875
4932.596515726813
4930.610404223373
4928.947789850907
4927.070210270384
4925.449411540166
4923.811271824854
4921.974622814841
4920.477409232012
4919.030917769641
4917.561359808415
4916.239271626839
4915.108190765798
4913.579607679529
4911.636977150412
4909.435419633487
4907.503831543609
4905.953900085394
4904.640554924975
4903.207631428735
4902.000503437092
4900.653991675554
4899.308517699051
4898.227437364906
4897.004131639232
4895.623177489288
4894.086164008365
4892.686847420373
4891.547549854623
4890.567749258847
4889.537757942495
4888.464246251738
4887.131183202049
4885.53168974317
4884.133187942711
4882.6633587748465
4881.418196726434
4880.226592515955
4878.951703427083
4877.32507654337
4875.113769331166
4873.073758038081
4871.183318081571
4869.063719017352
4866.770083483248
4864.795040016359
4862.898802549375
4860.8805319773255
4858.874887263804
4857.0425272786615
4855.383185609495
4853.695269383637
4852.162898325858
4850.841885871924
4849.738210840118
4848.116894820559
4846.824815241424
4845.612777928869
4843.635654745011
4841.486011051194
4839.385570977034
4837.31787218808
4835.399760064515
4833.559739374615
4831.717524765509
4830.1744964741565
4828.486824311323
4826.548436697058
4824.701108804613
4822.596272644987
4820.566555041221
4818.710922147488
4817.001929674277
4815.572686344966
4813.965519431969
4812.577122411094
4811.261822646704
4809.589863782561
4808.473779306564
4807.083250065288
4805.449806061713
4803.3368447814955
4801.5764374091905
4799.968147998796
4798.623786505248
4797.823139812665
4796.483080188064
4794.68183047438
4792.856338885357
4790.953500605267
4789.154848858521
4787.21762628367
4785.2147352716875
4783.1612113018655
4781.19895618346
4778.742748972546
4776.7316724300945
4774.74541447557
4772.638934059124
4770.841648654513
4769.3603953815345
4767.3906662966365
4764.704886015018
4762.315384540298
4760.248522836248
4758.335076585195
4756.510494881782
4754.505549111097
4752.631210568413
4750.784979477084
4749.251718143098
4748.031206620904
4746.5525972303785
4744.797558004904
4742.491000485756
4740.451028057849
4738.625257397963
4736.852635684448
4735.366869903436
4734.00063104045
4732.163802713004
4729.9646929888195
4727.816109373838
4726.192190085065
4724.6670337887535
4722.899782288928
4721.011764389454
4719.131654814014
4717.086413384161
4715.2212842403815
4713.021838781801
4711.101004297674
4709.273521781469
4707.228206109172
4705.317173030481
4703.5450492655855
4701.378706014515
4699.084366302131
4697.153907929047
4695.583481594482
4693.6844814927845
4691.7132874058725
4689.71193075353
4688.10931553761
4685.950663582558
4683.678592276087
4681.384646546894
4679.334571474328
4677.643484601355
4675.723555147175
4674.010094552969
4672.2543437798795
4670.667622878031
4669.175542017539
4667.750871624787
4666.665011724406
4665.482597182327
4664.6106797982775
4663.363380227618
4661.467428549469
4659.718404381813
4657.825474443569
4656.079510397578
4654.267801612296
4652.305671773505
4650.4638992292785
4648.686428134208
4647.137774972256
4645.628801633719
4643.974817787945
4642.457289556813
4641.172849427312
4639.372626580265
4637.866418385774
4636.045571976701
4634.044166991598
4632.303556236236
4630.435317893842
4628.869169459149
4627.305019857097
4625.8017469766055
4624.674053974886
4623.2812135506465
4621.995191147321
4620.2811385528985
4618.615344595947
4616.982175947076
4615.691437900698
4614.107957099936
4612.317715437896
4610.33830353759
4608.634786061145
4607.131723188928
4605.33468968467
4603.053468166936
4600.9280523447505
4598.4979576678215
4596.449849421129
4594.476696948483
4592.786319106932
4591.368413232695
4589.632640740144
4588.298346383406
4587.220247965388
4585.992007959189
4584.608129550642
4583.196215041344
4582.020173656946
4580.728739228398
4579.5916986650345
4578.581824890753
4577.53039553602
4576.094974738057
4574.536828505296
4572.970881003418
4571.539743050147
4570.0834071454
4568.51331252165
4567.049787864513
4565.69120527368
4564.404371296446
4563.027011981997
4561.390000298117
4559.782987353862
4558.034699675019
4556.457174948452
4555.053746400186
4553.246641077911
4551.519999827709
4550.064995573307
4548.832224308626
4547.504186292594
4546.264807816106
4544.943295206921
4543.600702755852
4542.453773386792
4541.119723016389
4539.795445353801
4538.64187361571
4537.23346497114
4535.744279104472
4534.649213175595
4533.344579956196
4532.418072951636
4531.530411265851
4530.705034392336
4529.632191019105
4528.466881958684
4527.347958654426
4526.136360115226
4524.8852239730995
4523.364733941932
4521.913055905336
4520.56914276185
4519.278934857156
4517.8463635979415
4516.494718044945
4515.348091946427
4514.224353842749
4513.438499065367
4512.432021679967
4511.305769557417
4510.151575709857
4508.807241902827
4507.307026058238
4506.416340478975
4505.377808051623
4503.90070327702
4502.519205269209
4501.181327050558
4499.8300638386745
4498.265003051635
4496.687457931087
4495.522504588646
4494.677521314989
4493.358314825874
4491.868602738505
4490.5107658138595
4488.62875699996
4486.901786591601
4485.322243782197
4483.647975626991
4482.388287307318
4481.093671480421
4479.633938922445
4478.185591699601
4476.842200857274
4475.549360369556
4474.331061020149
4473.270739105835
4472.461104596832
4471.399128993339
4470.160314187405
4469.057373331798
4467.5796238660905
4466.186525770777
4464.872467373781
4463.823828799727
4462.840960282935
4461.622908536814
4460.639046499435
4459.554132540265
4458.437564957717
4457.433231406993
4456.70562769453
4456.146872691268
4455.085152474506
4454.110321654156
4452.541833130176
4451.083255680109
4449.4428978510605
4447.9786867312905
4446.739119338661
4445.572099418928
4444.4554439854755
4443.303656389117
4442.243074731749
4441.205206810104
4440.145239368406
4438.731490630465
4437.376268557228
4435.682965947836
4434.201304665705
4432.804743443476
4431.298477691748
4430.066318350901
4428.857651650663
4427.735765129564
4426.541361353269
4425.103273512044
4423.965065112191
4422.555520921852
4421.244071334598
4419.89733280682
4418.761641984208
4417.668459246282
4416.944336079844
4416.035151635546
4415.046404939513
4413.710751828242
4412.386598870678
4411.3994674849055
4410.3211457048155
4409.4273769807405
4408.563943268706
4407.303273498445
4406.241562315934
4405.170285130664
4404.079062964083
4402.793385573172
4401.77329004001
4401.1256230178615
4400.120890246653
4399.055359855429
4397.991531741317
4397.046390615101
4396.171906969678
4395.562435536395
4394.847362831401
4394.281754794593
4393.171326003755
4392.2330746660855
4390.99747416862
4389.705191882619
4388.587559959894
4387.632529456695
4386.606936200232
4385.342742663659
4383.957039387131
4382.448397613974
4381.333787578501
4379.789862627312
4378.423638199953
4376.795785298746
4375.248481798615
4373.865142762824
4372.533758506256
4371.263782105204
4370.085313737305
4368.688719522341
4367.222193828385
4365.634246086351
4364.374912374273
4363.391651342228
4362.396834978515
4361.268082758432
4359.996524273479
4358.847009841651
4357.65415434943
4355.701000049026
4353.880444996709
4352.28623463194
4351.095787351984
4349.745876537375
4348.144195917031
4346.756022861961
4345.563088187795
4344.120452264537
4342.501773104595
4341.03664011583
4339.642839488785
4338.722124955056
4337.777936887007
4336.70754354698
4335.532612516728
4334.332487646742
4333.3275565249
4332.241285889702
4331.137949040893
4329.582642482865
4327.680589534646
4325.677098353125
4324.060745291992
4322.743528675893
4321.678537244596
4320.651600691813
4319.764310326889
4318.99251511491
4318.0095675076755
4317.229398401381
4316.619053900327
4315.7546634436785
4314.504075607016
4313.445630312656
4312.319925666181
4311.355597366566
4310.520363832238
4309.160554199383
4307.875771384007
4306.647237481565
4305.384119782988
4304.022542511798
4302.496025088172
4301.349792549184
4299.945572960925
4298.4624056032835
4296.969941752729
4295.124094257954
4293.327696193981
4291.381250470713
4289.522741299809
4287.823671964607
4286.393406201782
4284.958642023542
4283.520142191441
4281.978894036916
4280.620509691598
4279.518527983995
4278.6789338793005
4277.686324559766
4276.637724978249
4275.457504248582
4274.344688847177
4273.293388235181
4272.206940442554
4271.424783152813
4270.099823355574
4268.652409660769
4266.77937703146
4265.10153901214
4263.766429064647
4262.302715425981
4261.183318075914
4260.15226009751
4258.655653751031
4257.390765840982
4255.967469561788
4254.727881900577
4253.774977224204
4252.894198601571
4252.324271898579
4251.447924207062
4250.350343966594
4249.346608070065
4248.385675244895
4246.8791230234565
4245.693184181281
4244.456930203201
4243.3918034509625
4242.338252165296
4241.464824098476
4240.675369605601
4239.371891552392
4238.241232278136
4237.56720618201
4236.319596227678
4234.974322054645
4233.973832773491
4233.076380007268
4232.221896053979
4231.1210528864785
4230.346861537277
4229.248599326259
4228.090008708744
4226.823499316073
4225.4137083082605
4223.971413740426
4222.752848424264
4221.39612506219
4220.133602528314
4218.899081138261
4217.862780828333
4216.618534378465
4215.382437461484
4214.371993650313
4213.4122273176845
4212.043244505429
4210.632191361662
4209.415208951362
4208.110703730741
4207.075171150996
4205.715359677809
4204.378787980372
4203.215789131979
4202.270323334514
4201.4015487213
4200.40023729855
4199.474173633853
4198.594581965368
4197.849070865218
4196.823480470661
4195.816893473729
4194.635045336075
4193.3999055062
4191.898343983947
4190.30634011806
4188.6961039439
4187.056492080846
4185.26836802433
4183.501342001518
4182.101003171832
4180.772547665394
4179.307702206753
4177.871813758156
4176.137525276467
4174.386807272436
4172.4463717744875
4170.754386000807
4169.046471172308
4167.448767603137
4165.72351673968
4164.089613653779
4162.668116644505
4161.623045896445
4160.465140821574
4159.053193390315
4157.780902319783
4156.437782586724
4155.135159151203
4154.2569837095425
4152.669899200556
4151.262886559257
4150.152576499895
4148.721460965065
4147.369448452902
4146.176008871534
4145.344804514255
4144.60604263223
4143.487420150639
4142.317248097117
4141.233540525871
4139.9395479832465
4138.52691773861
4137.1549411132355
4135.883325716453
4134.471809842669
4133.3465143089425
4132.235752765352
4131.5787648774885
4131.082601129624
4130.235724161473
4129.253607934983
4128.595343071568
4128.1051995199105
4127.407107127071
4126.801574383801
4125.931748043993
4125.090313849475
4123.988332532646
4123.071123590144
4122.048285273671
4121.050418221766
4120.231211372342
4119.164763787056
4118.116193497291
4116.867480766588
4115.563712531117
4114.476821645751
4113.341119767418
4111.924758795927
4110.593043558363
4109.524899962285
4108.28618020484
4107.213192012932
4106.314183042287
4105.35250503308
4104.465372963066
4103.102990407771
4101.913390605287
4101.040014755514
4100.20572669757
4099.554987896029
4098.733464834009
4097.826848833828
4097.050201235076
4096.075899839299
4095.356992914007
4094.558394509124
4094.027847608679
4093.2824058303213
4092.8706326901274
4092.1686687550555
4091.5420123544372
4091.0395510861313
4090.288847038445
4089.2796239121894
4088.456410532476
4087.4869296973607
4086.5765044615077
4085.5931895849753
4084.562941700161
4083.601943454925
4082.9072077980495
4081.883818174382
4080.755014359982
4079.7368201313298
4078.456248065282
4077.279621495267
4076.3293939006717
4075.4917070802435
4074.634985350668
4073.7127027432475
4072.689548240039
4071.7059183031706
4071.08593459708
4070.335674315967
4069.4654163744976
4068.2945633415097
4067.301456885916
4066.345446317288
4065.3967461354
4064.6369032001903
4063.652271530232
4062.8048048589585
4062.126563742982
4061.1353755200416
4060.232236853839
4059.253435624072
4058.001965388434
4057.0229915120153
4056.4545282920294
4055.601019470576
4054.50347622072
4053.0079729592176
4051.903870903618
4050.878319899701
4049.5710000391878
4048.2326427763674
4046.9128050991235
4045.689983300437
4044.9406842292583
4043.9410702702153
4042.830366933152
4041.6768437283085
4040.3718412926996
4039.2640018908332
4038.14377749632
4037.2038425259893
4036.1760024087093
4035.402699910408
4034.675815598045
4033.5737495251137
4031.8592994236215
4030.157139319802
4028.489043564866
4027.248965817281
4025.8982390106303
4024.4394815281903
4022.8587069256528
4021.360240595471
4020.042774591275
4018.897215541458
4018.058688748123
4017.100069874488
4015.9383426742356
4014.989708465843
4013.9884290154628
4012.7516068857244
4011.3691014693213
4010.2588304018313
4009.0910339541747
4007.9668780182433
4007.10477146674
4006.3323507686887
4005.240743352057
4004.3376953421284
4003.1797002143944
4002.3582956459218
4001.6909826482556
4000.879882920651
4000.178164223733
3999.4069814096097
3998.3543031001955
3997.456602010928
3996.434512440168
3995.5984556676985
3994.920511477393
3994.193581560197
3993.39037126285
3992.6930822746826
3991.9227505901804
3991.191640748115
3989.866956403468
3988.8228807287514
3987.7983638028436
3986.73956179226
3985.3662385089033
3984.1182110648206
3982.6610048035623
3981.5555059091776
3980.550683309477
3979.721778740257
3978.7086382289253
3977.6428482688316
3976.5746484637443
3975.582763381708
3974.79458351736
3973.524639865838
3972.3170447308657
3970.891859808367
3969.7132755968323
3968.5753046970012
3967.326565025281
3966.0907620627363
3964.80658514516
3963.831386795374
3962.471640948673
3961.0129286904985
3959.8205728394473
3958.843657302033
3957.9856525322202
3957.2483356255566
3956.3489251265655
3955.5095461567485
3954.731022289105
3954.25387357327
3953.5133086271876
3952.1693602548785
3950.759158361819
3949.431761197341
3948.161395816524
3947.083087474237
3945.7225079549576
3944.161367758346
3942.386844220131
3940.6617287807517
3939.108231881219
3937.830227424371
3936.51870848916
3935.3137654170378
3934.0309770444564
3932.5975546978793
3930.9888997424237
3929.749128956103
3928.7120795634696
3927.4133807945705
3926.6021337299753
3925.5993141719964
3924.7616581045054
3923.764640768473
3922.8337158243744
3921.930410035443
3921.0322369807477
3920.0861145410154
3919.305563177233
3918.869757706748
3918.323450536248
3917.935457118119
3917.306609955201
3916.597812308002
3916.020723711333
3914.502165173069
3912.9987528230995
3911.6395120219217
3910.046904895123
3908.7476884198604
3907.625154792573
3906.4993967776745
3905.3707216838457
3903.8758241893584
3902.5362365134592
3901.3987536392365
3900.1782303665204
3898.9787035016902
3898.138995555679
3897.31654440043
3896.220261642667
3895.097507325691
3893.9137200476034
3893.2335666715962
3892.386610650857
3891.2000109993596
3889.858041132892
3888.5302480682803
3887.2305649870596
3885.948728104033
3884.734650991836
3883.5777138036033
3882.559942128195
3881.696941186173
3880.999022292921
3880.140710994063
3879.1085498155485
3878.2488350806643
3877.0982761293003
3875.6483969822866
3874.2910682453503
3873.044798100941
3871.650372181756
3870.5384003409004
3869.6111662035555
3868.50754860778
3867.5581300067333
3866.8527965342896
3865.6671356288516
3864.4392169605967
3863.3281407808236
3862.353544987146
3861.3588851360596
3860.0636876856674
3858.4977096707835
3856.8622110221813
3855.2533512714103
3853.6712337261774
3852.001800017631
3850.716629286955
3849.5841584645445
3848.6240046408975
3847.5427801856426
3846.56643558469
3845.6584804659146
3844.625296758096
3843.244840294046
3842.132791669533
3841.065010663206
3840.171665005315
3839.009940163413
3837.8926377541798
3837.078980127702
3836.4234728890983
3835.6153655305025
3834.4589917093513
3833.108277629438
3831.516882927348
3829.82226228655
3828.308748016048
3826.695988865537
3825.1499807575324
3823.797451867741
3822.4742147122574
3821.2358177346555
3820.116076740208
3819.2496901818895
3818.6459413957796
3817.8762898281398
3816.992368712804
3815.991130946777
3815.2767806892552
3814.614359605307
3813.8894338296745
3813.029105636257
3812.1462869297366
3811.1557097779973
3810.221272843835
3809.337934997816
3808.4079073978537
3807.457094955499
3806.415507056928
3805.1456294287295
3803.9386378471663
3802.6151595638285
3801.3900262092197
3800.3187129877924
3799.314979821296
3798.4390359420327
3797.6104076124434
3796.7932881834663
3795.9400326400573
3795.1457067086985
3794.4911019125198
3794.0961965559964
3793.669221882606
3793.0705686448573
3791.941940786942
3790.6874769541073
3789.2326576591604
3788.0641168261777
3786.988384566412
3786.2941450254025
3785.1620950567135
3784.2060957792514
3783.343123934155
3782.520050144934
3781.6864015149795
3781.0770673126444
3779.7917576978966
3778.3670173604987
3776.979711860925
3775.804126429943
3774.8671664614794
3774.0066820994957
3773.0743249192924
3772.3322646199986
3771.707361886427
3770.4693479525768
3769.098522327627
3767.9433657100244
3766.9587897890383
3766.215702320123
3765.519304977662
3764.920749611078
3763.9009104463953
3763.01754941883
3761.99461184842
3760.856653433992
3759.6263124063175
3758.6050059731842
3757.290325801556
3755.82881691343
3754.166551441465
3752.735336802593
3751.5181474950386
3750.1151633935738
3748.4564997032994
3746.907293316704
3745.5609456005163
3744.3000961876332
3743.2353315417627
3742.186403230015
3741.1920653259012
3740.342553389607
3739.367684423709
3738.564836268096
3737.3652205212406
3736.325308718066
3735.1690366391704
3734.0860733508534
3733.1018395116535
3731.9704450121303
3731.2914777738297
3730.5791984066695
3729.7630686931966
3728.8365629044365
3727.5356423539897
3725.976947613555
3724.7718933527576
3723.7910613119284
3722.948154127585
3721.9815985834634
3720.9933052124434
3719.798002703019
3718.868425933076
3717.913515483233
3717.0471608161242
3716.351306236513
3715.722812591528
3714.9672397144004
3714.453989806298
3713.6728139288
3712.561579701053
3711.2299746272474
3709.7456119359877
3708.299147780342
3707.0643170293383
3705.7574233495643
3704.467709999014
3703.2717837862015
3702.2856189535796
3701.1698395580656
3700.4289273268128
3699.296158643282
3697.975751693733
3696.8387888159623
3695.8498493549164
3694.939146485029
3694.05058265891
3693.152325907106
3692.3040998632428
3691.6835522231845
3690.662544223754
3689.2670641930713
3687.8646346030814
3686.7540044459734
3685.66808939306
3684.465000719861
3683.5825910738613
3682.7683227131847
3681.8404119975885
3680.776157335908
3679.6835047403742
3678.6673277971813
3677.5026631320043
3676.561916662936
3675.3387347900807
3673.852136850034
3672.510300128247
3671.4835200349976
3670.2587995175363
3669.318644828789
3668.589304581606
3667.889688920939
3666.9364310947803
3666.2137228323422
3665.241598201754
3663.9144235673375
3662.716178773815
3661.400596168835
3660.4449394501617
3659.6980784834495
3658.6726693079218
3657.9191167530607
3657.4159049122527
3656.9613617711807
3655.9891856624004
3655.269545551274
3654.8141018909164
3654.373944031743
3654.1019497821953
3653.583721807282
3652.615490957238
3651.4106336738446
3650.458597227437
3649.497290514704
3648.267073866315
3647.2213412315887
3646.309488044607
3645.0293289203732
3643.94609784289
3642.893565743628
3641.9148353763453
3641.0896465811757
3639.7673724551396
3638.221377349121
3636.8207141861085
3635.549318429486
3634.1004626178305
3632.6193238715296
3631.3322347780213
3630.0813999512557
3628.9248888033308
3628.0057576910626
3627.0307296903648
3626.2288121054858
3625.5083623842424
3624.326212162435
3623.333518055975
3622.4289912881477
3621.661099186266
3621.200659405356
3620.458588280032
3619.7261685605235
3618.9024004413473
3618.002511480584
3616.685673184841
3615.5147792178113
3614.3312772602885
3612.954591183889
3611.7111487447432
3610.4873912289413
3609.25464130443
3607.941169695261
3606.629055654981
3605.6008645024003
3604.725234829935
3603.9549421525703
3603.0853833938177
3602.1965561449147
3601.0342581113982
3600.01748092379
3598.996638355506
3597.6659724493456
3596.4176809810533
3595.308561553596
3594.2034697203067
3593.28148939998
3592.606199736539
3591.7737531258254
3590.8405548577025
3589.789482431584
3588.597437939363
3587.324064375266
3586.1228172536644
3584.8054184589196
3583.5863696240567
3582.5770129552193
3581.7354925364643
3580.6197152394616
3579.568237086936
3578.6009781602156
3577.967581449517
3577.0796613147613
3576.2053132210267
3575.3646492450075
3574.5491169089273
3573.7327988547204
3572.9870722691758
3571.998489163324
3570.7925326967224
3569.7199078295894
3568.6263482074196
3567.6495332729314
3566.8921397033096
3566.2378248012533
3565.4125989840513
3564.2962874554546
3563.292288680881
3562.098995138964
3561.1703292760494
3560.392153463067
3559.499115569916
3558.6565558236125
3557.855771745219
3557.077902062621
3556.298798559681
3555.5866977460805
3555.1550523860706
3554.491082904108
3553.5365659378976
3552.5423102703876
3551.550430374962
3550.647800926032
3549.672910595515
3548.92055593746
3548.004119885261
3547.281715131433
3546.4745461924304
3545.4409738562067
3544.463073345877
3543.728302026457
3543.235941327081
3542.808853839167
3542.120928371292
3541.230118449674
3540.4352728267395
3539.5826898138416
3538.5880317389106
3537.4345807283066
3536.5111071980155
3535.6302641225875
3534.878374327078
3533.790619127829
3532.500492229121
3531.326749671287
3530.1753073775444
3529.0357034985923
3527.9230105069664
3526.9984847631426
3526.00100700174
3525.032791016673
3524.2816081800297
3523.4409902030598
3522.519041825472
3521.4943325762515
3520.3175842454443
3519.0633166454036
3517.913175354642
3516.9107879791113
3515.9229081848143
3515.0121712721957
3514.3290414992866
3513.918541306397
3513.2616109511287
3512.4591017650796
3511.833443778932
3511.178891561386
3510.4888894355486
3509.7429335855413
3509.1134275911104
3508.365492375293
3507.296392384398
3506.1527942385055
3504.961919111638
3504.0071508856986
3503.079100078332
3502.0329775166983
3500.96695897583
3499.6842570383174
3498.546413517692
3497.3581097571714
3496.3589408309545
3495.3192768030412
3494.4596238773506
3493.538348715457
3492.511729033226
3491.582789891598
3490.707996163071
3489.782661910969
3488.7265732409073
3487.673714974469
3486.7648297315127
3486.02389144437
3485.4365392108616
3485.0255668442583
3484.322710403897
3483.3855831183155
3482.4589235887893
3481.7784386575877
3481.190515805349
3480.452026452983
3479.671184587113
3478.745463826812
3477.9995637719103
3477.467576922949
3476.8671966586417
3476.343891075627
3476.080600189569
3475.7149860383247
3475.0663567051815
3474.449605828736
3473.515617864421
3472.36955571688
3471.2268710064764
3470.269604659214
3469.2738256665084
3468.315520278504
3467.371085513513
3466.6712579766795
3466.040688834296
3465.2170797936915
3464.6096752180733
3463.874457290945
3463.389601430861
3462.9962055770525
3462.4661698670257
3461.75288292718
3460.902626591251
3460.1520784507043
3459.468444010629
3459.120568591037
3458.14914092106
3457.293587036894
3456.464203107992
3455.802565926364
3455.3291559654376
3454.9032919635897
3454.6821702685825
3454.026332843709
3453.0003510010038
3452.071510848505
3451.1949235675115
3450.333600301826
3449.5048321788863
3448.885634117521
3448.3344372186157
3447.845618323247
3447.419580579573
3447.004897083889
3446.4236315508806
3445.725640547207
3444.8958881872436
3444.294556001688
3443.737285017154
3443.4233666120363
3443.349218391214
3442.8707870996873
3442.1541804115564
3441.4702388945525
3441.013656042731
3440.681824499376
3440.5011398172046
3440.1413568306057
3439.6053928349093
3438.8394494757863
3438.154836985072
3437.446558881748
3436.598163769423
3435.802161225908
3435.0704200255677
3434.2619994229585
3433.6194287750322
3433.0022167979077
3432.325444023151
3431.856969621948
3431.4309463059435
3431.2050064330588
3430.982781182925
3430.525624064082
3429.762194279495
3428.847400268425
3428.080594927797
3427.5059094934522
3426.953799255976
3426.611299710689
3426.274482667449
3425.573780377086
3424.916301818392
3424.0523805787934
3423.1411967008894
3422.284842022842
3421.446464402255
3420.6154153921375
3419.685643740932
3418.6772632860284
3417.6890055697554
3416.79839991477
3416.1459964872315
3415.57500602137
3414.8685408063293
3414.059781574864
3413.468724206251
3412.9602635240963
3412.652320456987
3412.21361690515
3411.3900969171436
3410.7231027592866
3410.210617893914
3409.834946494744
3409.132894820213
3408.2908894014154
3407.2730188442674
3406.476910938298
3405.832564636196
3405.2054203243047
3404.3916593179483
3403.5756659741287
3402.8587157343204
3402.1601808329187
3401.4686334802423
3400.60673641203
3399.729054447088
3398.919341370941
3398.183640297749
3397.640986207919
3396.9928794822836
3396.4352258058
3395.945473296344
3395.6869403280202
3395.3884902225764
3394.6707125845123
3393.8225448437506
3393.1227941177685
3392.6593379199703
3391.924593769845
3391.241625063963
3390.670388314049
3389.985352872253
3389.4019972233878
3388.866648694156
3388.445038624236
3387.9698091404066
3387.560418657922
3386.992529279078
3386.4623577851107
3386.2463207235432
3385.8144872142348
3385.2629853906897
3384.7685986460565
3384.1752538394044
3383.648423409836
3383.1715184067575
3382.7296621277474
3382.495688986108
3382.2869341073006
3381.9653997347987
3381.6230988034436
3381.2054073845925
3380.76552025664
3380.3836720195663
3380.1615295429006
3379.888264689858
3379.648862825673
3379.2155267308162
3378.601684905503
3378.022798701436
3377.437257330182
3376.919953218832
3376.515289553495
3376.126805391195
3375.7643999561374
3375.4571376850795
3375.3330089267183
3375.086731022054
3374.727859461406
3374.2835501522904
3373.7633971072646
3373.354448815271
3372.943086615521
3372.432596488926
3371.808246316306
3371.2766545501386
3370.97338854986
3370.6376169121595
3370.1221470277874
3369.4861895443887
3368.858236988947
3368.392620069117
3368.0645970221767
3367.910849226236
3367.64876588375
3367.225531963699
3366.7475621541953
3366.4804448825926
3366.400987880006
3366.2423959673874
3366.092835731572
3365.6532342127584
3365.339721985047
3364.91409110743
3364.492272516562
3364.1248601900834
3363.8839855013125
3363.631359623928
3363.4172914516294
3363.398424449217
3363.116756919456
3362.6343887938206
3362.2300153360893
3361.80453405623
3361.4923284925217
3361.281277066926
3360.9665910171616
3360.6253397740306
3360.152763439083
3359.7276518159942
3359.3259346350205
3358.848092566779
3358.5018123651284
3358.1358507518644
3357.689202513041
3357.1374279410766
3356.687240565117
3356.2037186913203
3355.747797788956
3355.2771875304834
3354.8832000288726
3354.583931354641
3354.374543224039
3354.0764464959557
3353.8227474168443
3353.6434362073237
3353.19192234144
3352.907331377734
3352.5771869569094
3352.259945404777
3351.8022762148144
3351.260217429403
3350.913037509116
3350.6482186991
3350.4153317685636
3350.247652469108
3349.9919613325837
3349.675801472969
3349.4328643742556
3349.233927012812
3349.129432475419
3349.0447907722396
3348.668579603079
3348.3547179846587
3348.1179995552457
3347.957117327696
3347.6723262595056
3347.3597900449563
3346.9849354354183
3346.4744831919184
3346.0887525563476
3345.8168423850457
3345.5914328861145
3345.31546888772
3345.1806787447485
3345.007621879739
3344.6879928005
3344.3235194159797
3344.010388334703
3343.765955693754
3343.516520066849
3343.343011979396
3343.1011109660853
3342.80997912072
3342.6082772589934
3342.5402418244576
3342.3098903818736
3341.855093820308
3341.4888243543846
3341.2273952039054
3341.063231756487
3340.9363005808
3340.8103511075183
3340.657146141885
3340.372924213203
3340.1559731064167
3339.976668199122
3339.8360017614714
3339.74085071242
3339.664014338413
3339.457773129988
3339.0873007225964
3338.766986437996
3338.570985504551
3338.4005446883466
3338.410729074003
3338.21972252083
3338.0732057569526
3337.9961663742415
3337.6479735865732
3337.187863472395
3336.768638586213
3336.515526766401
3336.2525941997474
3336.0691843076224
3335.9565833338825
3335.791692663205
3335.792558149666
3335.7219936076385
3335.345311145962
3335.0611862514816
3334.7150790626188
3334.4430073627136
3334.099637586253
3333.895077163021
3333.748108487921
3333.5561315062487
3333.1077694876776
3332.6661358966426
3332.2490461778866
3331.9486003335423
3331.705810051125
3331.4703380032274
3331.3235832349374
3331.215415851185
3331.059208883289
3330.8936036512923
3330.7596116686627
3330.639825603895
3330.457732584096
3330.2833728437045
3330.097906389018
3329.948011266105
3329.742011020904
3329.5160126250094
3329.415169077686
3329.341778910422
3329.170825204251
3328.8751122637477
3328.631960570438
3328.4495101600346
3328.396338044805
3328.291362384177
3328.135202283861
3328.0348492742855
3327.7752489011395
3327.5146489606295
3327.3106382823976
3327.2429088112426
3327.056495751421
3326.9273633425764
3326.8392671760375
3326.733966710988
3326.429738789418
3326.1648818309973
3325.8396577736125
3325.559298788198
3325.3444725254544
3325.2238008959625
3325.0559721023524
3325.007000169936
3324.876081462601
3324.8373802407173
3324.8499552491153
3324.8916060979877
3324.8125457186297
3324.5811667657626
3324.2832517285824
3323.936503530017
3323.6820817752655
3323.5339434170514
3323.446670605525
3323.282862321469
3323.0648605827646
3322.901509638855
3322.7988555947913
3322.4987526209065
3322.3204377826787
3322.222854395402
3322.153023410498
3322.0340663340676
3321.973666787073
3321.8734058110304
3321.6525661031465
3321.435412894043
3321.389893808439
3321.3286877589258
3321.143188239526
3320.995591741759
3320.8970816197234
3320.7322008963765
3320.5632893479883
3320.462475267256
3320.4482356772637
3320.24183746676
3319.876108805937
3319.5710820957024
3319.3471203008367
3319.045108149479
3318.6780558607607
3318.4701490585385
3318.3674245485913
3318.1824855032196
3317.964708085591
3317.77989839925
3317.741159175895
3317.674408427843
3317.5279154891637
3317.3710955381853
3317.307817570378
3317.1579560316586
3317.0437842412693
3316.9833102304888
3316.79510803344
3316.6536646692543
3316.5227881756296
3316.4014115035006
3316.290777403603
3316.2115212716362
3316.16608838539
3316.03052682409
3315.786057526086
3315.42501262818
3315.150338623528
3314.912757691773
3314.759086257473
3314.5803752772713
3314.5079171816524
3314.4425665182466
3314.2843651374374
3314.1634045603028
3314.0641009121655
3314.012149427141
3314.0857667285227
3313.952804135987
3313.834010236928
3313.65716920679
3313.560156099849
3313.349329602598
3313.211199750458
3313.1747003317437
3313.0802204665606
3313.004111853905
3312.9575510605005
3312.8043589649737
3312.7555510961292
3312.7235295792334
3312.6943290865534
3312.622463297843
3312.4402373619705
3312.299611612932
3312.1510407362694
3312.069599434889
3311.8815508501193
3311.7526286888865
3311.6544143236943
3311.5585668751933
3311.4860889535644
3311.3787094392956
3311.223340698909
3310.994612996152
3310.812828173442
3310.6259020663047
3310.5138787557285
3310.376592661803
3310.3728604961602
3310.096244909744
3309.832344073677
3309.5377315351734
3309.2984475668572
3309.0086335989317
3308.6610913334202
3308.4460067453924
3308.2946880751247
3307.9770146037104
3307.794710467135
3307.608049523015
3307.4839679529023
3307.438948363393
3307.317930785379
3307.229576145654
3307.125588631151
3306.9130511719527
3306.6733198745155
3306.5350064075537
3306.5085124823345
3306.4503398079687
3306.3888585337318
3306.1470473660684
3305.9588315147944
3305.8152493267344
3305.7597593643045
3305.6061906745663
3305.5862028409124
3305.5192086354414
3305.4101777278893
3305.3263244002314
3305.2549302657103
3305.2172861881986
3305.1482738835402
3304.891215939405
3304.7922661121506
3304.6024882069587
3304.495696289203
3304.439149314217
3304.319581992859
3304.1848526842796
3304.1530316685676
3304.0614038281747
3304.0351182629784
3303.922602799038
3303.748697729525
3303.6735346767778
3303.6206866647135
3303.5473047872474
3303.4614206893357
3303.3660440501076
3303.3035988100028
3303.20008099578
3303.1009857439317
3302.942566259215
3302.803648107722
3302.648017733621
3302.4909449663833
3302.4186781011686
3302.27487995419
3302.2394846045017
3302.1586777573348
3302.1364143415744
3302.1343969270424
3302.084517748718
3302.031131101288
3301.9940004873815
3301.9290693873845
3301.853688163891
3301.7032217978726
3301.5755815983916
3301.5163620492226
3301.5161417750287
3301.4328616687335
3301.312475065498
3301.221796858177
3301.203354737804
3301.255423229124
3301.197256174133
3301.128090778651
3301.0116179744323
3300.88648934593
3300.8176913235957
3300.8006445613983
3300.775567470243
3300.663074523991
3300.6104911655375
3300.524762625224
3300.5452462361445
3300.5386054158434
3300.552260477558
3300.5549245628526
3300.3767631765945
3300.204458838086
3300.1458807481486
3300.0308408727306
3299.8695453964615
3299.718539940531
3299.666502352564
3299.6035251667263
3299.5431831083342
3299.5015253491692
3299.4786454675004
3299.468669388716
3299.459809001842
3299.3470397791843
3299.2393829673147
3299.1501288065224
3299.113481334192
3299.005742459855
3298.9752641454998
3298.834807065958
3298.7428388320163
3298.59665715388
3298.5170247156407
3298.417494136881
3298.3628905034357
3298.304420965018
3298.285102190354
3298.191920129734
3298.0785066868693
3297.963303157708
3297.9009837045382
3297.840015450608
3297.7930269865396
3297.8396472106574
3297.770247156519
3297.7557721120415
3297.749104571426
3297.642528888928
3297.5566017709284
3297.482665694869
3297.414604512474
3297.370074497622
3297.292699617497
3297.255009506054
3297.276519260597
3297.296127198063
3297.24287634621
3297.225764265444
3297.2168985779804
3297.19444229498
3297.1887037046613
3297.1569873170006
3297.1423130403446
3297.0647929369
3297.042461050217
3296.9797355167398
3296.9315572296437
3296.8519274261025
3296.8726344325432
3296.8536074224676
3296.8889026949714
3296.7805598859204
3296.746402572059
3296.780413502474
3296.759148719746
3296.7237034392992
3296.7210562377213
3296.711752152363
3296.686374075496
3296.6021789027473
3296.5829052412955
3296.5681944479916
3296.5164164679472
3296.467067061125
3296.4337434755503
3296.3692294426314
3296.3422637439908
3296.380833594737
3296.291131710972
3296.0785183274347
3295.8851673691775
3295.76821691074
3295.6757111323127
3295.6101955737972
3295.577636837438
3295.517689154279
3295.4328619961057
3295.326432769915
3295.181008794571
3295.0806174143836
3295.0232405917454
3294.9834084818294
3294.9458424264512
3294.8737952832694
3294.8437315257456
3294.806128484954
3294.7776932339357
3294.798403222199
3294.8267931087753
3294.6759715664307
3294.5035544143175
3294.365838945844
3294.2082405687934
3294.128801801427
3294.075848746023
3294.0371323749564
3294.0476926164906
3294.0068202309403
3294.0062036972145
3293.9171044091004
3293.8549935898195
3293.7804290415743
3293.7584670220053
3293.6783411045176
3293.6639010842923
3293.5833210171777
3293.5692645320296
3293.5645625556404
3293.5342057650896
3293.5071120021616
3293.433548809146
3293.3815254640904
3293.3585470168396
3293.306227390465
3293.3211880384188
3293.2822665323433
3293.2567669686982
3293.219190568108
3293.217385611381
3293.2361460087877
3293.2004665380123
3293.1357031538128
3293.0668289938603
3293.0445149021402
3293.0725845625207
3293.0489620865724
3293.012347040465
3293.019273426056
3292.9513135256
3292.8823345175224
3292.8573243468777
3292.8271275223674
3292.807078958278
3292.8248745979918
3292.7789715722197
3292.813799070601
3292.811875749551
3292.6845802867874
3292.586777724939
3292.4774919484994
3292.398559625565
3292.344882879565
3292.2560636601147
3292.2086055470313
3292.143766918549
3292.0988730383547
3292.0875121568433
3292.0870976649
3292.0002085396163
3291.950667170304
3291.9763354191673
3291.948457837879
3291.8879002047815
3291.86002569244
3291.8352886147286
3291.82014067248
3291.8068889639962
3291.6620769593787
3291.5743820156044
3291.517687620268
3291.485309067178
3291.4190482041436
3291.3790878285054
3291.4439822736017
3291.3578866181874
3291.3298788591337
3291.2676577978887
3291.2601875209707
3291.1922785743436
3291.163082436311
3291.1424764120884
3291.167457691941
3291.1631039165522
3291.0511029083286
3290.940317804866
3290.823416046493
3290.7717876741935
3290.729695707905
3290.6909411780375
3290.655440467135
3290.7123967823313
3290.706801402323
3290.653930644362
3290.5506813133043
3290.4970227275285
3290.438011973606
3290.421729303809
3290.4236609724667
3290.44175161538
3290.3809242330426
3290.2546486737774
3290.1864232164644
3290.1625482764307
3290.10620913858
3290.113358158225
3290.127073467006
3290.1340933071724
3290.09564957757
3290.079110359016
3289.8869289401787
3289.761319889508
3289.6496968231186
3289.635893126104
3289.591784453781
3289.600508584683
3289.6016970030973
3289.660654647611
3289.661173661727
3289.61703325975
3289.581834451242
3289.3953539720396
3289.226349509303
3289.1099975617035
3288.985992402095
3288.881386437516
3288.8230321480173
3288.748414046442
3288.689928309835
3288.693367455108
3288.698806253006
3288.678693584406
3288.678161527034
3288.6822952596954
3288.665772183857
3288.656291335065
3288.631200995122
3288.6465883079504
3288.6770878743137
3288.7022821576766
3288.585131734784
3288.5576323017544
3288.4805331978546
3288.439620592916
3288.4081806524173
3288.3767210267406
3288.3633682656928
3288.292631030792
3288.2684966104107
3288.2517252582634
3288.235196417603
3288.2457275986258
3288.253209362028
3288.2354099135064
3288.2150345307764
3288.2241343939536
3288.216807681291
3288.209381964376
3288.128059016919
3288.0686560880677
3288.0216784875442
3288.019319505889
3288.0433416082624
3288.054850389564
3287.9711383514104
3287.9244317582165
3287.893789700587
3287.869608622284
3287.88304668333
3287.8094791788317
3287.749125373922
3287.7396923128795
3287.743958260111
3287.8642230883947
3287.7652747705893
3287.634194460148
3287.5415031671787
3287.4908777531364
3287.4331034889497
3287.404241026026
3287.3997505842985
3287.415390174155
3287.4260865653428
3287.5126207741114
3287.4861269848598
3287.3009008933423
3287.112269429603
3286.962749640018
3286.8203040382837
3286.703180769897
3286.6108349610813
3286.533705069011
3286.4321949979512
3286.3671409421236
3286.334160620467
3286.295127138403
3286.299903902475
3286.2985675864147
3286.26088646815
3286.251541368712
3286.2562996413208
3286.186526565602
3286.1322372063305
3286.090743883653
3286.0867742856935
3286.0726118332136
3286.067802280111
3286.065716048658
3286.081430662823
3285.9226817180197
3285.678138977718
3285.46936822679
3285.266196885051
3285.107993371468
3284.9532753105264
3284.8625026948957
3284.738281243112
3284.721089515346
3284.666160035992
3284.6506984069197
3284.6286273761966
3284.6362349252217
3284.612945404203
3284.4820589854676
3284.4100083575477
3284.3002268212235
3284.1306862484316
3283.9714603025977
3283.8742917658424
3283.806192210429
3283.7436481245136
3283.6716231981877
3283.5961651269126
3283.5148627011604
3283.4711343645145
3283.3123326453674
3283.1483517658417
3282.9970375443036
3282.903203905828
3282.817138545625
3282.718850297731
3282.682096175006
3282.6500213828594
3282.568350976583
3282.502651913881
3282.4738153137027
3282.466271899846
3282.510409091577
3282.4031798532965
3282.307533076284
3282.210089002866
3282.159889569481
3282.110518155603
3282.1122891994514
3282.0678819809277
3282.029779871373
3281.9504799153706
3281.8320488060012
3281.7382572276824
3281.6701878050335
3281.6054579105567
3281.562058859499
3281.5307082169816
3281.5088374108523
3281.4393309352804
3281.3520131574237
3281.2859917213073
3281.2104156933556
3281.182437379275
3281.1490894249155
3281.1490085687
3281.1417376117834
3281.124663379646
3281.052722692317
3281.043564509799
3281.0273073660146
3281.039968889776
3281.0092920810384
3281.0400896075357
3281.0239995042193
3280.9979375776716
3280.886005299384
3280.8171559209477
3280.7323474406476
3280.709906811676
3280.6843868136193
3280.6346749782506
3280.5632428250256
3280.4398349993257
3280.3469890698666
3280.2542595957234
3280.1939577449
3280.151079254448
3280.1304531625588
3280.1135507416775
3280.093218084698
3280.0225227096394
3279.983666093626
3279.847724546448
3279.7388621669656
3279.635680221032
3279.566686904848
3279.509106938201
3279.478165605377
3279.4196905509816
3279.365998880217
3279.308687920105
3279.1923027678586
3279.0740985407238
3278.9948035123875
3278.91583443431
3278.8019612724324
3278.698319597471
3278.653184147583
3278.600477281145
3278.5930010719408
3278.609880942562
3278.560940375491
3278.488328743644
3278.4284193236194
3278.405465513301
3278.3973623562124
3278.40431986
3278.377517665092
3278.380189347234
3278.365465839515
3278.3498357496965
3278.34852204618
3278.2656704071383
3278.223790017386
3278.205801734904
3278.2284566204835
3278.189053280961
3278.1860067585067
3278.204311792124
3278.1625100673846
3278.058167200405
3277.9636028791265
3277.9287669013383
3277.9456833316717
3277.9271394499865
3277.9126196852917
3277.913916229491
3277.893340823128
3277.8518000147415
3277.809742933754
3277.796333769954
3277.7748669383896
3277.754285723642
3277.738307828922
3277.736214679472
3277.7299803239466
3277.744874367658
3277.6797996237237
3277.6130547393127
3277.518005778065
3277.483239495946
3277.4653221737553
3277.3923727302176
3277.3501211779167
3277.323365134384
3277.3205382972283
3277.298059279895
3277.2274223207573
3277.1761969855283
3277.1541717717355
3277.0663857352674
3277.0257503614193
3277.021089331221
3277.010728559178
3276.9373614908154
3276.857141747373
3276.8261131303793
3276.795913840587
3276.7568843176387
3276.7441561767478
3276.7225057321507
3276.6722776212937
3276.6789649893344
3276.6617251418415
3276.6412540636325
3276.6525947960854
3276.639894471896
3276.6485987766077
3276.6135791814936
3276.5823720207936
3276.6013188574143
3276.570436946754
3276.580113838522
3276.5471097537034
3276.5126891338514
3276.48718827264
3276.476629403987
3276.4468822516637
3276.391094331475
3276.327687509836
3276.2790863402183
3276.265501872765
3276.2661476045673
3276.2741990034747
3276.2674274413434
3276.259495263743
3276.2506612114685
3276.2599806553417
3276.2469910798577
3276.238290671453
3276.2489189920016
3276.23979216169
3276.21565372285
3276.183332720619
3276.1778889205148
3276.2007909675362
3276.181128221646
3276.155389631024
3276.135716335556
3276.1339883528217
3276.1363419486797
3276.1411796059374
3276.1284675068173
3276.1189369649255
3276.1036155574357
3276.1076353614367
3276.0986742828627
3276.0957423247173
3276.103088747187
3276.095377575555
3276.0990683337855
3276.089528035685
3276.0789561827455
3276.0601990748983
3276.040579137748
3276.03030248088
3276.033362953952
3276.039612053724
3276.0253541749576
3276.011609812953
3276.010366333775
3275.997108906341
3275.9909202044128
3276.0282388408646
3275.9896151806865
3275.9712749049754
3275.9511637342043
3275.9347575054453
3275.918859769731
3275.937284847678
3275.946355007317
3275.9392073687313
3275.9087165372375
3275.906446970859
3275.9181803930724
3275.928370440537
3275.8945224042413
3275.905124002301
3275.8537095012834
3275.8486452543198
3275.799671472866
3275.8201974001386
3275.8205796129973
3275.7889616797843
3275.8045272463905
3275.757200826008
3275.7375013949777
3275.7028571992355
3275.7016770413284
3275.6825324104893
3275.6584408169515
3275.650348895354
3275.6561440282594
3275.6470899083447
3275.6708251445307
3275.6495644184774
3275.6303129453245
3275.642967407688
3275.655601628202
3275.6491462141357
3275.638727389615
3275.6034187348423
3275.614611119292
3275.58589620868
3275.587594631585
3275.5653953662454
3275.592426723449
3275.575790224811
3275.5838526707944
3275.554773395707
3275.568770193459
3275.5501606728794
3275.563292152331
3275.545600683359
3275.5619274493
3275.5647177445635
3275.5664468284303
3275.5403184359084
3275.561045183152
3275.5339170308876
3275.549181420458
3275.542660616954
3275.5622470559088
3275.519483700676
3275.5215646956003
3275.528449854155
3275.543874376324
3275.5148814777967
3275.527359686786
3275.51504484589
3275.530670033749
3275.5281492095837
3275.524387775362
3275.496214742944
3275.528685127963
3275.515674563019
3275.5064765551247
3275.5089216285346
3275.526139963918
3275.5209491331325
3275.5176383861462
3275.513654371558
3275.513020034642
3275.51306074728
3275.5132681477776
3275.5054766769636
3275.5033859279356
3275.5123470190138
3275.4957676661274
3275.493634368433
3275.512737909853
3275.5079055625774
3275.506136938806
3275.4944703361334
3275.5196503536813
3275.471819571283
3275.5059747928576
3275.4996166469064
3275.5136973586664
3275.487352859968
3275.5086295263013
3275.4979172598933
3275.511751602589
3275.487114405487
3275.498720876829
3275.4818898607105
3275.5103338799395
3275.489864339153
3275.498688379312
3275.479144889695
3275.5115089319243
3275.4913448403986
3275.4933607683115
3275.484641287449
3275.4960805053215
3275.499424978402
3275.4869730596674
3275.4943932937526
3275.4982108889994
3275.4860799033286
3275.487640919243
3275.5094627528815
3275.4975947300745
3275.4787912844536
3275.490419080707
3275.4961169050894
3275.496158589282
3275.4927351094275
3275.479515789637
3275.487952545088
3275.494831811435
3275.4902512800727
3275.4845779476454
3275.5073513195744
3275.491315601062
3275.4865162263795
3275.484528011116
3275.5052521567654
3275.4951811916267
3275.479021802971
3275.4962908414714
3275.4850464260085
3275.4890359176475
3275.49324718931
3275.4951453436474
3275.4924576558283
3275.4951600563377
3275.4903278979277
3275.489355167841
3275.4884554078963
3275.4894298708973
3275.496487465076
3275.488882291273
3275.4856860929012
3275.4815129003264
3275.494769140486
3275.4894170363546
3275.4848951769086
3275.478846202671
3275.4911148995793
3275.4910828866455
3275.486563722553
3275.487311102887
3275.489080477022
3275.481055940498
3275.4854293439553
3275.4875369413803
3275.4853006441026
3275.479105754192
3275.4815433957406
3275.479649911521
3275.479710302498
3275.4926359648202
3275.4853908017644
3275.4850555218645
3275.4815766673228
3275.4827123991704
3275.482938792434
3275.4907393168814
3275.4950758183704
3275.4689802482676
3275.489390952306
3275.4919153834458
3275.480158268815
3275.4738733799554
3275.4967498390797
3275.482228661635
3275.4832418660403
3275.4822053572075
3275.4958945125773
3275.489946850131
3275.487968833921
3275.4847350789955
3275.486748792534
3275.485562703811
3275.4905719919648
3275.4817532000175
3275.4949196697617
3275.4866237379415
3275.5003925783226
3275.475733803986
3275.4836386056013
3275.473109739727
3275.489270138975
3275.4746316106416
3275.482130595675
3275.4734455334265
3275.4884354173237
3275.4764387610917
3275.4751877705744
3275.485166187847
3275.480195791364
3275.464719134737
3275.4886816151698
3275.483386540806
3275.4863348179733
3275.4794569378005
3275.4838214361043
3275.4819566596693
3275.48047994698
3275.487016042868
3275.4813439148725
3275.478161732
3275.468197550897
3275.4867648586887
3275.48630673192
3275.487824570234
3275.473899410948
3275.472563709163
3275.4813650984393
3275.486869363522
3275.4890387577975
3275.4774188155657
3275.4794026852073
3275.48963925221
3275.4817099527054
3275.480921227862
3275.4838071407435
3275.4933761111934
3275.495831646299
3275.486638790227
3275.479357732023
3275.4925343276104
3275.491478616246
3275.482776558895
3275.49110571148
3275.4873279230114
3275.4765865668687
3275.4897972832714
3275.4867166295708
3275.4797716333896
3275.472895944797
3275.4809350715104
3275.493067942173
3275.474035235666
3275.473654908885
3275.4809170843077
3275.4887504017197
3275.482044794892
3275.4782262615713
3275.4786539812094
3275.4754892447404
3275.478750860711
3275.486936829705
3275.4775314667836
3275.4770791061333
3275.4834358281137
3275.4940881975253
3275.484874748833
3275.4806788112255
3275.4847717691687
3275.4839611205603
3275.4766900024388
3275.490068152568
3275.4817952783173
3275.4798764125917
3275.4808919309335
3275.476514911259
3275.4841964571797
3275.4769305936275
3275.480329541408
3275.484233220942
3275.48811090801
3275.4870339761324
3275.4786304789272
3275.486680855199
3275.4694732046014
3275.4779608139206
3275.4847030629617
3275.483329496803
3275.481065550447
3275.479886564925
3275.4745815040087
3275.4847939391516
3275.4753962238515
3275.4894037124022
3275.4739711237767
3275.476985012273
3275.487842043618
3275.492322929613
3275.4805871621948
3275.47877076286
3275.483437562392
3275.4849981327775
3275.4822596732683
3275.4771187711126
3275.481595437383
3275.484777275958
3275.487075843745
3275.4787389606563
3275.464628718649
3275.4838734631676
3275.4911372510282
3275.4626366661523
3275.4742510187084
3275.4736772564156
3275.4822314334087
3275.4732308804932
3275.468209127051
3275.491388489288
3275.478133612625
3275.4752878514673
3275.477964791575
3275.479624999312
3275.4880143559494
3275.4711107088433
3275.4877113894368
3275.4717843903077
3275.4786274712
3275.486326132077
3275.4777202776713
3275.476311364259
3275.4796597256236
3275.4815703952586
3275.4777796435587
3275.4829687536317
3275.484221230506
3275.471376070043
3275.473247345671
3275.4803923316963
3275.48189625109
3275.483632914431
3275.4846923322557
3275.486271331517
3275.487035372274
3275.471498124745
3275.4831835752134
3275.4839222446676
3275.496380074566
3275.4641226222234
3275.4770311354587
3275.481110539774
3275.489420344323
3275.471102454996
3275.4831989744703
3275.4900788025093
3275.4852608085416
3275.4742474375657
3275.477493957538
3275.496445061839
3275.4745811231414
3275.4840152860884
3275.4652236192896
3275.4832278871586
3275.478438053826
3275.487293231424
3275.465720183949
3275.4800918932724
3275.48196588167
3275.4961314674815
3275.472490576185
3275.483812734938
3275.4811801133337
3275.4884087725995
3275.4950815158186
3275.480964917104
3275.4735893808343
3275.479036643186
3275.480673574187
3275.4818292567224
3275.4624819991086
3275.4785257636345
3275.4772731448084
3275.4934759722514
3275.4759217168535
3275.4735866711053
3275.4825988205866
3275.492165032077
3275.469529015967
3275.47742550363
3275.4815030283207
3275.4775456146062
3275.4804047795037
3275.4902284392715
3275.471250109622
3275.4751010953914
3275.491360090642
3275.483894687613
3275.4755431291564
3275.471565263592
3275.497454491497
3275.4825161060066
3275.4798063863677
3275.4914333556203
3275.4906937229284
3275.4806159126283
3275.4757173681946
3275.489622896849
3275.4973072210796
3275.487279273045
3275.468802285343
3275.4907203423645
3275.495488537952
3275.475438045062
3275.4751306567337
3275.4810705976147
3275.474414411864
3275.4804546210275
3275.477766275553
3275.4782708664516
3275.4749299288696
3275.4830998656175
3275.472282774044
3275.4760696431786
3275.4787884588964
3275.471360753531
3275.4846018846206
3275.4822656825418
3275.47303655072
3275.4783257104327
3275.4721005082565
3275.4750428380275
3275.484532583479
3275.4720178386465
3275.462649146152
3275.490299153754
3275.4927630691877
3275.469529894548
3275.4657504573975
3275.495876837737
3275.481918590851
3275.47135897367
3275.480801299029
3275.490252825484
3275.480396511441
3275.4836915796313
3275.4814401663184
3275.504097975554
3275.4897321289614
3275.487776635943
3275.4753942951834
3275.4856421547743
3275.4860979746854
3275.4854266349253
3275.4754288552645
3275.4778489008104
3275.483720709968
3275.487539595324
3275.4799262210727
3275.4822393410045
3275.486194084065
3275.46758407751
3275.476551599731
3275.4852734752576
3275.482719776193
3275.47088871445
3275.4888150812303
3275.4768586226114
3275.4763930467425
3275.4746418134364
3275.500530765119
3275.469290875518
3275.4750197508906
3275.4728955709993
3275.4966446589974
3275.4711592409944
3275.4696079118075
3275.4934761757218
3275.4740304740603
3275.492496803875
3275.4548928179343
3275.5030092669326
3275.4796021989564
3275.4870941396825
3275.4734228828943
3275.495068912939
3275.4740537824873
3275.485249503949
3275.471510481194
3275.483267850898
3275.469301758505
3275.4805853793882
3275.4742133138952
3275.484050781229
3275.4719666411806
3275.4811759703985
3275.4809593399827
3275.4832475048743
3275.475698819571
3275.4759587048206
3275.4815390461963
3275.4847372149966
3275.4709118109977
3275.4679961914076
3275.4756643400606
3275.4802578486688
3275.473985337003
3275.4764852760336
3275.483101830507
3275.478498332128
3275.4843439448186
3275.4751795064776
3275.481150661672
3275.482182109758
3275.4838500613246
3275.47492627283
3275.4829130469384
3275.4847010278627
3275.4842577782656
3275.48723564124
3275.4789213275753
3275.4908601297952
3275.4782657704727
3275.4791638728316
3275.481696189874
3275.4739948343063
3275.4864691766843
3275.4819819070367
3275.486376177891
3275.483406492252
3275.4757933925043
3275.4768032143656
3275.476185220854
3275.4790501258967
3275.4843752867014
3275.477086799401
3275.469631742926
3275.4765587504976
3275.4734312230776
3275.4815461157746
3275.4781636641155
3275.4776097791546
3275.46977121373
3275.4862260853
3275.484294938231
3275.4802692658564
3275.469125582851
3275.4812571240404
3275.484977276565
3275.495903706601
3275.4717436327187
3275.480594272312
3275.4690174320453
3275.4957489964177
3275.4810265174656
3275.4817020328724
3275.473587437323
3275.4814460420507
3275.4677465541704
3275.4801052551734
3275.476862213693
3275.482279774675
3275.476063167547
3275.4722484657036
3275.4758491363978
3275.4751461539045
3275.477440818685
3275.469366466567
3275.4705246013496
3275.4845118572734
3275.480083666523
3275.469784102528
3275.475833357362
3275.491731921538
3275.486696188285
3275.474900716622
3275.4710142259573
3275.480918286399
