6610.340761524437
6610.783869402802
6604.407496896373
6597.16806548956
6589.759797941459
6581.7749053584685
6573.929831288263
6566.226185735597
6558.608099704306
6551.167487298116
6543.711111646321
6536.401840038551
6529.241036157919
6522.230112858183
6515.464377593355
6508.058650780646
6500.463768443519
6492.884526233168
6485.324380686237
6477.942237284052
6470.693034961101
6462.586271083515
6453.920719061304
6445.370703531027
6437.03134257635
6428.968244509045
6420.891639799914
6412.725437339237
6404.597870711011
6396.541654969556
6388.633052236917
6380.000331900929
6370.912713710447
6361.366085358459
6350.607833397638
6339.724850736828
6328.964036223151
6318.304285194114
6307.845381179653
6297.679026577285
6287.806976671197
6278.231266459714
6268.9538964229605
6259.9385847856465
6251.223050691498
6242.770776957511
6234.588494512669
6226.510062475027
6218.751695649002
6211.144706510049
6203.61708355794
6194.940565779538
6186.637124116036
6178.681210890671
6170.920437166715
6163.397904176973
6156.211699996812
6149.362558339328
6142.697052975333
6136.373004689467
6130.094050504426
6123.256174046824
6116.198350226458
6109.382158007381
6102.287978163095
6095.452691102795
6088.826603166379
6082.430110100819
6076.21313394068
6070.089726475518
6064.035473631977
6057.993117366792
6051.586621009893
6045.187397102817
6039.109420100218
6033.365014562815
6027.816199888354
6022.571375918122
6017.491583391866
6012.69756839106
6008.002121709833
6003.564456239523
5999.468740288865
5995.430576267385
5991.774817933698
5987.936894780027
5984.388343299122
5981.007283586584
5977.6406779692625
5974.323479109419
5971.146479415623
5967.66350625059
5964.2199072293215
5960.865985875286
5957.477595965759
5953.936677291453
5950.704900346129
5947.614112560993
5944.779310903798
5942.126387199093
5939.652868904515
5937.500430418985
5935.408931085243
5933.548154098474
5931.396959647476
5929.084652132487
5926.577040196619
5924.097681726932
5921.612525035646
5919.353727070403
5917.2993297277735
5915.254795847204
5913.2740496920005
5911.445157335639
5909.66583199402
5908.117104677408
5906.5903025641355
5905.171724168813
5904.023490274202
5902.863480813421
5901.749828646581
5900.825305904459
5899.919726472113
5899.072656973309
5898.177187448801
5897.467501033826
5896.70064252008
5895.8733779247705
5894.972668595413
5893.869384522436
5892.790704601041
5891.818738510812
5890.302080093547
5888.6708373313695
5887.075419333885
5885.257997732281
5883.412408455921
5881.5076314497255
5879.720886179374
5877.950126870683
5876.223164727594
5874.6999436454635
5873.0974445226075
5871.619912436974
5870.077021590324
5868.708824405452
5867.415945269243
5866.320791473639
5865.099693168828
5863.916001093564
5862.761750266731
5861.602805597777
5860.4194962992915
5859.413796908244
5858.2814909032595
5857.306976842991
5856.2076804359385
5855.3221586825275
5854.3539253219515
5853.532798438328
5852.71576264533
5851.860076451984
5851.061311516459
5850.17622869537
5849.498379195298
5848.710708692098
5847.946321148894
5847.426262500673
5846.908286691493
5846.2924669031245
5845.4610365382905
5844.619737609819
5843.861869821081
5843.064520402889
5842.347320546905
5841.646680830796
5840.757003214392
5839.840117999502
5838.847275111653
5838.005823204847
5837.145974055
5836.027183917153
5834.996418017079
5834.13117325467
5833.437271462982
5832.735902466606
5831.953505256412
5831.348653235437
5830.725407225078
5830.284926892681
5829.406530611396
5828.498035939354
5827.64052952801
5826.974535744185
5826.386945513647
5825.996275066956
5825.56946032503
5824.785020874425
5824.145034711235
5823.759243592071
5823.227966254746
5822.533514746237
5821.564759921596
5820.716240870483
5819.959672539562
5819.383331668064
5818.583921769373
5817.785507032493
5817.26766053613
5816.589773607017
5815.9522897528905
5815.1334891934675
5814.102656076682
5813.149260792137
5812.128570838139
5811.230190012153
5810.269522960836
5809.548340604603
5809.019731557597
5808.626944998531
5807.856305320272
5807.206067180749
5806.4479232251415
5805.779234848045
5805.122437100178
5804.414912202712
5803.667353801788
5802.788203106902
5801.9851736502205
5801.1626450748045
5800.229358767099
5799.441917520577
5798.72305042178
5798.175086080751
5797.572058662664
5796.990401556123
5796.35026679663
5795.919547447713
5795.1232507395025
5794.52914566978
5794.074329352838
5793.41063845353
5792.775950022365
5792.333692667217
5791.808602491883
5791.182728749838
5790.591029558591
5790.183565180236
5789.429220162434
5788.816492829292
5788.119606066536
5787.574249265374
5787.045084528807
5786.436555965276
5785.822501692537
5785.578792154513
5785.098152201123
5784.8370370870225
5784.347429224546
5783.37104508684
5782.394812145628
5781.533511856743
5780.603680062172
5779.841803401193
5779.239138917091
5778.5810416452305
5777.819191221767
5777.19477772801
5776.50847625754
5776.068234360732
5775.645292382348
5775.283918666088
5774.9543415741655
5774.678365533112
5774.154398418899
5773.8991324284025
5773.38101879053
5772.891672213112
5772.555681976883
5772.194944286039
5771.884998016371
5771.474290093457
5770.8703788246885
5770.2601678415795
5769.593227862527
5769.027431557925
5768.3574873491125
5767.8125513915165
5767.165283808602
5766.697370090338
5766.428909492103
5766.131815783063
5765.450277465487
5764.777824597492
5764.067616298645
5763.612929626346
5763.002484585119
5762.58084427997
5762.038979020471
5761.617686256719
5761.15254276834
5760.635961960017
5759.8853438553015
5759.105927707338
5758.312829875915
5757.693192745952
5756.796644157377
5756.270566022474
5755.6859080160375
5755.002032336175
5754.234432892023
5753.655280118348
5753.143578815751
5752.621629602724
5751.484927406069
5750.417194455517
5749.407197146786
5748.337465278962
5747.271595517922
5746.463525879811
5745.5673469238645
5744.556126489334
5743.5161958089875
5742.568508221492
5741.58617572327
5740.734265314102
5739.91245946763
5739.0475839243745
5738.158468300817
5737.439668303176
5736.793025525139
5736.331276190902
5735.651808491136
5735.082133458686
5734.500199794132
5734.171266034711
5733.593160485906
5732.980629920969
5732.397874840005
5731.980806209299
5731.444334533623
5731.070313892739
5730.6780831009055
5730.434378198215
5730.062309427058
5729.8970495943095
5729.664151669947
5729.551088690981
5729.122039632425
5728.827038604901
5728.519610448441
5728.133134111776
5727.702278610103
5727.219960071046
5726.658462158554
5726.242874762713
5725.816735048785
5725.539955416419
5725.18132785583
5724.909629467765
5724.4973208270785
5724.205718086639
5723.943212263147
5723.888440697435
5723.549400587235
5723.098075718048
5722.665171826207
5722.301167289186
5721.792746422943
5721.3868352611535
5720.7519966606
5720.35617200127
5719.8835918391105
5719.612313616304
5719.208336163497
5718.953993992539
5718.565776666054
5718.31112684734
5717.995499842632
5717.896939992542
5717.7504154543085
5717.721914834432
5717.521819116291
5717.254116030624
5716.856108279658
5716.508487829337
5716.234140039499
5715.687600422001
5715.090946486591
5714.573924807929
5713.89608247612
5713.418138290002
5712.964168777872
5712.672176525982
5712.3689160621125
5712.075627091049
5711.689247691668
5711.362708094143
5711.0301209454765
5710.760838352774
5710.385622618033
5710.077494529754
5709.791570306294
5709.5121063538645
5709.206220339801
5708.932712285961
5708.490064526475
5708.399716767207
5707.953581653369
5707.654037471242
5707.245096093533
5706.871602586731
5706.524140578043
5706.230454789895
5705.944064096625
5705.637297966417
5705.425604223108
5705.028600846354
5704.534144208184
5704.201898700233
5703.861101669679
5703.6068147416045
5703.421143342209
5703.266189889337
5702.879410429276
5702.589636714892
5702.12622492202
5701.829616691358
5701.5070354013
5701.135888960128
5700.559273977147
5700.178053489816
5699.696839875798
5699.428173218248
5699.128907012521
5698.952428922701
5698.703409671576
5698.421579296375
5698.113120905752
5697.8768739459565
5697.524102252061
5697.201798780522
5696.6542462643665
5696.331432312176
5695.986731856814
5695.736128279587
5695.244594613469
5694.865220913945
5694.49452082106
5694.284207749256
5694.0365148817555
5693.82538810913
5693.5162215139435
5693.313539054033
5693.106352038652
5692.753540689308
5692.46932843134
5692.3630589306695
5692.156535727319
5692.041257069565
5691.696042144589
5691.514130321265
5691.387571145632
5691.274297402279
5691.096993327101
5690.8688456371765
5690.563157044694
5690.265359555347
5689.998933804012
5689.754843195725
5689.512719556779
5689.46414749143
5689.134293501077
5688.97796465179
5688.743870664077
5688.722128667355
5688.440728578238
5688.224400928212
5687.837472457752
5687.5854505987745
5687.3215353969545
5687.203512984009
5686.987522516334
5686.7611462057175
5686.489196163462
5686.276270486826
5685.99836828661
5685.825816156289
5685.5732328422655
5685.506528695089
5685.364550202402
5685.173810302832
5685.02245754975
5685.088534009271
5684.956010136717
5684.952125892408
5684.70704122381
5684.555737894454
5684.435450690391
5684.317871435014
5684.201219508755
5684.136145540763
5684.1429965091675
5684.103297359119
5683.690013695325
5683.343004991766
5682.981925744644
5682.757399454092
5682.43393271817
5682.247154371736
5682.066803418022
5681.910911774919
5681.772507903324
5681.6413275246905
5681.299213036285
5681.115479037679
5680.969393199793
5680.84545904589
5680.7984823280385
5680.537247771754
5680.283589862107
5680.071698591145
5679.931995791501
5679.768701120005
5679.63479383303
5679.514611663
5679.392262003206
5679.266096312892
5679.021065037831
5678.922166083301
5678.719808622037
5678.6537326951675
5678.501647189544
5678.402585284068
5678.172998209235
5678.051917899206
5677.875516705477
5677.705487229873
5677.428748755228
5677.300370950406
5677.037843038146
5676.829233016217
5676.6278760007235
5676.695327825618
5676.535060963857
5676.070340484254
5675.526700473611
5675.197308249947
5674.843380403142
5674.576847525983
5674.242327380913
5674.09133961279
5673.985644704175
5674.001623786937
5673.7174463538095
5673.630429847069
5673.52130789092
5673.470047757671
5673.314460293586
5673.237192880968
5673.109730590405
5673.110118017156
5673.082980584459
5673.052328870277
5672.932895198838
5672.865875985552
5672.79252354239
5672.824683147628
5672.766424102143
5672.698293472361
5672.4958499206505
5672.4300617750505
5672.354351980049
5672.235993435727
5672.214078378584
5672.140475910008
5671.895547531112
5671.775817051192
5671.515683524749
5671.361751740224
5671.093178266569
5670.938891264285
5670.780451717074
5670.669450854397
5670.505057082813
5670.425843736592
5670.315096375159
5670.236734869347
5670.057182972049
5669.9467336883845
5669.698466874034
5669.546510602905
5669.391381215055
5669.267058852751
5669.1724039316205
5669.202378828004
5668.976855994376
5668.880177358404
5668.678519181414
5668.533757406028
5668.261353723712
5668.086502294386
5667.948583747989
5667.671189183967
5667.337344914338
5666.913121311964
5666.49132310195
5666.116742232845
5665.612403971591
5665.255344896814
5664.916025942145
5664.670624384575
5664.396673007987
5664.237511571766
5663.989688429656
5663.683239373344
5663.43540814641
5663.279824451964
5663.136963214701
5662.92677121367
5662.446135694299
5662.085061769825
5661.759643925509
5661.529299869124
5661.337362205207
5661.233312302663
5661.110460382968
5660.7191280839525
5660.202818857136
5659.723651783055
5659.309325589444
5658.8924440624105
5658.551349461817
5658.155886483444
5657.730153324042
5657.371229142438
5657.057430247998
5656.846441452755
5656.644888080174
5656.569441090057
5656.339800259539
5656.108889534049
5655.987888822889
5655.8973027061065
5655.842003730391
5655.774850284364
5655.423336704784
5655.24317918999
5654.73431899849
5654.349669477947
5653.954397635445
5653.667475225818
5653.339990957561
5653.112543813668
5652.897182178249
5652.8275901431425
5652.630361281034
5652.5109285440885
5652.364775597761
5652.363718834202
5652.247462939528
5652.143466102528
5651.975301675514
5651.923012217571
5651.850537154907
5651.7262077074965
5651.534761884364
5651.3965896076215
5651.283455624792
5651.177515047806
5650.98738081101
5650.901898523581
5650.805595561035
5650.81159204936
5650.679321284441
5650.623107688496
5650.338010957389
5650.167449137619
5649.992252201762
5649.878558720631
5649.841438185853
5649.6489434344185
5649.314453706557
5649.111245397242
5648.6781556667465
5648.392734270688
5648.163296902738
5648.17989181555
5647.957180009527
5647.733241323988
5647.502072342272
5647.43557279781
5647.315074534625
5647.0294977394415
5646.7604568005
5646.626769296075
5646.484175950027
5646.5045576872535
5646.203572993929
5646.024163476862
5645.853327032977
5645.807915245943
5645.7440595285025
5645.686922217714
5645.36570003412
5645.165956333359
5644.97921641602
5644.880450794074
5644.744448592681
5644.683769811838
5644.626197725098
5644.458594401345
5644.283764216325
5644.144846367253
5644.030047013646
5643.995956094939
5643.774029763725
5643.486920631869
5643.207376752054
5643.044248033644
5642.73766347879
5642.56846081829
5642.387627767923
5642.274101984033
5642.155831381487
5642.070687153429
5641.924895027887
5641.72985023116
5641.48868919862
5641.3847745908915
5641.271674996107
5641.141725916449
5641.039713410292
5641.054570331775
5640.732406257827
5640.551808019449
5640.366793441798
5640.273905786508
5640.201273227741
5640.087237275797
5640.033971863396
5639.898789982995
5639.681161585511
5639.627218663675
5639.545566990782
5639.563582521847
5639.415612045933
5639.240452895024
5639.096800421951
5638.9695354993455
5638.899511579773
5638.785197672732
5638.664136771127
5638.679622743329
5638.606580479459
5638.424634650679
5638.123277303271
5637.737203108698
5636.917587729057
5636.104001501642
5635.408340303795
5634.793531449319
5634.166229841373
5633.414118783449
5632.731169559293
5632.128784937293
5631.623049998095
5631.216410502455
5630.820492242427
5630.410337647883
5629.944984506576
5629.5291394037395
5629.200998488483
5628.8556672623845
5628.610790296381
5628.227859275123
5627.776073852017
5627.347536833119
5626.884745316701
5626.412891437046
5626.080027357414
5625.7854647809345
5625.506893922882
5625.281542192151
5625.0665728623
5624.869069256963
5624.78733186188
5624.681194903048
5624.48636313723
5624.291648545446
5624.175920821812
5624.1343006731395
5624.050240063078
5623.909154585134
5623.845163705977
5623.703690610779
5623.5381952060225
5623.421971291152
5623.301615617893
5623.182133873853
5623.1246682999445
5623.097620140423
5622.874953249323
5622.731459801579
5622.650719470771
5622.568177564751
5622.514184599068
5622.395639879507
5622.256832563875
5622.094954442134
5621.936783022973
5621.862293969296
5621.755006130651
5621.7685614730035
5621.643332143353
5621.563973989613
5621.493096043343
5621.372452868092
5621.307616450947
5621.228268608163
5621.083930736111
5621.088967442147
5620.9636826476135
5620.897137151129
5620.802799392233
5620.848125721862
5620.862749282713
5620.764583348818
5620.582078871103
5620.5186912021045
5620.493964472633
5620.5486712026195
5620.409030574619
5620.347362983862
5620.294553528658
5620.3095831409655
5620.204683575783
5620.177314911751
5620.100065737554
5620.122964589679
5620.1013691428925
5620.083151545595
5619.999499037847
5619.991222632926
5619.98968839598
5620.055259237571
5619.974965803114
5619.827574609173
5619.666560200978
5619.531285799094
5619.414218065732
5619.350927856765
5619.251460778636
5619.156226896905
5619.063211102665
5619.015489385047
5618.92198380174
5618.878311522024
5618.793836769157
5618.730190015192
5618.672426592056
5618.692886037657
5618.648646262545
5618.621573244764
5618.544972273096
5618.5148215532345
5618.437479996761
5618.432208873835
5618.398842843428
5618.372528799315
5618.304785905083
5618.336675789147
5618.278116519499
5618.2984977787055
5618.256490435864
5618.247224000111
5618.257250949051
5618.219906292943
5618.11588746257
5617.993314297612
5617.871511700665
5617.767122912326
5617.496853386645
5617.2886785003975
5617.0794819297935
5616.923517934907
5616.692860523219
5616.526820987317
5616.317182063671
5616.226084524009
5616.053701223813
5615.8265046656925
5615.616203415722
5615.514082717127
5615.354763328055
5615.310927383096
5615.218168838123
5615.144079896051
5615.035538945858
5615.036685384167
5614.897432278047
5614.803459823311
5614.716095821569
5614.579721467434
5614.443043779439
5614.44544887872
5614.380134598022
5614.374537660338
5614.312803816714
5614.130110297607
5613.939190416276
5613.76788213207
5613.58736772777
5613.4868231549735
5613.310283543695
5613.127080016536
5612.987745160307
5612.857166357421
5612.687250232613
5612.605715075107
5612.515960715622
5612.4305229919655
5612.276901154973
5612.240217938452
5612.139078873446
5612.091997913272
5611.984334636141
5611.888926162089
5611.822190748832
5611.834317342425
5611.746490120717
5611.746413902007
5611.742478379925
5611.880829101878
5611.715554908324
5611.52815074996
5611.335540028813
5611.247748056375
5611.088766420608
5610.997815860663
5610.878181281817
5610.849410359065
5610.843113809342
5610.7721521671
5610.636287871268
5610.530524346649
5610.376124490893
5610.284607027438
5610.20655262357
5610.2253862324815
5610.163071724058
5610.191033145846
5610.088080387218
5609.975219145607
5609.853826846444
5609.786798120194
5609.681202130766
5609.627278313123
5609.467825782336
5609.379643549228
5609.2801159308765
5609.26230522059
5609.1788982851685
5609.2022310739085
5609.125775230524
5609.090723817838
5609.004927953433
5608.993488582264
5608.956642422699
5608.964918522994
5608.861511838028
5608.831348449505
5608.712008483047
5608.706474658196
5608.66343266811
5608.635692630847
5608.619891698669
5608.626857699831
5608.55596577583
5608.500428018937
5608.3999223003975
5608.356169851328
5608.236677945397
5608.194134772757
5608.119877992872
5608.168311119227
5608.13943191734
5608.197436419431
5608.11331718904
5608.093851852673
5607.995667999759
5607.921965556697
5607.822101489301
5607.844383661047
5607.710069221835
5607.7035060512735
5607.740641538389
5607.750099296692
5607.637216145098
5607.621809044856
5607.559354416781
5607.578841848013
5607.514921969624
5607.49553124058
5607.493409286901
5607.327170213801
5607.008099109788
5606.732423000821
5606.446358934074
5606.250652382457
5605.9773073884735
5605.737488446537
5605.541991312603
5605.328462697246
5605.016530076861
5604.758544779061
5604.502940446808
5604.124997169144
5603.554824534139
5602.998534167857
5602.462711597323
5602.064203059262
5601.592504144264
5601.1808441226585
5600.729959440298
5600.4104081244195
5600.000565765328
5599.722725129053
5599.432985191854
5599.212707302372
5598.850522138065
5598.611201372533
5598.379780694744
5598.242583313514
5598.044736501913
5597.934194680216
5597.864190522346
5597.808126365853
5597.696226874106
5597.66398340477
5597.630339345349
5597.596987759867
5597.439712707181
5597.388478689255
5597.273874298009
5597.156552404304
5596.96799867319
5596.896155080168
5596.8197808033165
5596.882781637436
5596.7300151238815
5596.634114796356
5596.566986233239
5596.593742961717
5596.603301514837
5596.456932778731
5596.325425831543
5596.283783024327
5596.12512839572
5596.021585894852
5595.92099603114
5595.910707345964
5595.863519871402
5595.8439221815415
5595.762361347764
5595.760589685017
5595.715116453073
5595.5939494679715
5595.488688701055
5595.46955803982
5595.416138649973
5595.3958493460195
5595.359915356859
5595.347020923716
5595.2417790825675
5595.238727057429
5595.221808063959
5595.336980577757
5595.2054274964485
5595.120064752355
5595.024146880687
5594.994638368772
5594.795558009329
5594.715595388293
5594.680380736443
5594.6350502632895
5594.496608314769
5594.470465030841
5594.522874246155
5594.58040457401
5594.425315283803
5594.312911801415
5594.228849963292
5594.169371450497
5594.056728855021
5594.044721859288
5594.087708651227
5594.063440676616
5593.893648293656
5593.828013089678
5593.725414366587
5593.730576468995
5593.616434800937
5593.597435742299
5593.560338958758
5593.575519603337
5593.552360075387
5593.496523065917
5593.421888490839
5593.40873890262
5593.362465939283
5593.377412769455
5593.319866614413
5593.282229036775
5593.196346064345
5593.171682432887
5593.23282646674
5593.203340786083
5593.091683089596
5592.993765692526
5592.927999981716
5592.89472473925
5592.828556118188
5592.827523344389
5592.875667195727
5592.932015213362
5592.749720708144
5592.679748173783
5592.634627311655
5592.638521228959
5592.528814492898
5592.535251624018
5592.479227233312
5592.521072128604
5592.410760501956
5592.419438504521
5592.438615153409
5592.44457108453
5592.388083193683
5592.376909700438
5592.327772462041
5592.3227136309115
5592.285909856861
5592.272097896249
5592.2844333334415
5592.26964484689
5592.190023253011
5592.149290770868
5592.064118214722
5592.0999801448725
5592.066543263467
5592.126714578904
5592.020761853572
5591.987802951723
5591.917733048512
5591.908351696822
5591.843835042155
5591.855035230592
5591.770141041694
5591.767489804369
5591.7627075619175
5591.825001545379
5591.764508072818
5591.707077200854
5591.610721906373
5591.590435233952
5591.494102848879
5591.508259975305
5591.575923081774
5591.512923055327
5591.276365928911
5591.105112391655
5590.988625333561
5590.911962974332
5590.761169482107
5590.657188366058
5590.600396501214
5590.550570234677
5590.42614603266
5590.3490680397845
5590.317894557173
5590.370076101623
5590.329389276005
5590.297239818187
5590.242364017786
5590.247152087795
5590.191909585438
5590.186319149933
5590.19814195997
5590.126286245339
5590.014040124264
5589.914824038533
5589.797490244143
5589.763130968022
5589.661911810101
5589.6133872403325
5589.553808737236
5589.568830126957
5589.5152578836505
5589.478867362062
5589.457750834074
5589.507475234155
5589.442573572773
5589.444122814633
5589.48930382756
5589.504253016854
5589.41029869155
5589.294762681886
5588.994670351903
5588.783682529631
5588.497312476533
5588.253895270331
5588.025550399997
5587.873899154577
5587.636862729716
5587.474223188062
5587.305745996038
5587.203248056006
5587.004881558463
5586.837410384118
5586.706879350472
5586.648230882271
5586.506490249644
5586.383581440742
5586.268932383542
5586.258724462709
5586.051926865515
5585.8978726964815
5585.776814498836
5585.72734414034
5585.536883488412
5585.450133304191
5585.391073019811
5585.426920240585
5585.349869113331
5585.3773302615955
5585.337376445951
5585.306719658566
5585.213212915999
5585.10280522292
5584.9918111521565
5584.9799108358375
5584.9115182885835
5584.877642828867
5584.805813543314
5584.808151021835
5584.734375577407
5584.7796168591085
5584.728883053029
5584.795532598119
5584.594332792497
5584.522875538051
5584.397264072812
5584.370504420545
5584.242367239978
5584.167444746453
5584.088216425675
5584.065489456432
5583.877455137547
5583.804545216062
5583.691360041636
5583.677733509227
5583.554151208197
5583.530535192863
5583.461809713645
5583.454889096952
5583.315921327857
5583.285096214648
5583.230973817325
5583.261376969951
5583.217145129901
5583.187728073727
5583.123737679507
5583.15541354978
5583.032231668265
5583.011659010456
5582.976523608781
5583.032814164804
5582.961245933549
5582.8999557008965
5582.860840796273
5582.926117845574
5582.865451874562
5582.813013810911
5582.757620503052
5582.7697097353885
5582.691414315285
5582.732586968926
5582.796454444267
5582.750564058581
5582.544036639838
5582.4634221301185
5582.401567084869
5582.339048872467
5582.174752619221
5582.120079737291
5582.086620124524
5582.130166382009
5582.017578039622
5581.988524889866
5581.938904804192
5581.971718411333
5581.921862328255
5581.955795354785
5581.912183869564
5581.885209920914
5581.79370485656
5581.716714610396
5581.627477643981
5581.620693560313
5581.563760748326
5581.523005086057
5581.512367451785
5581.507790394024
5581.390655785864
5581.383823624483
5581.247731716013
5580.886724241286
5580.333432849127
5579.93968681976
5579.551721213851
5579.2228196023825
5578.772425737165
5578.407792262769
5577.95931544636
5577.643085605951
5577.246598810393
5577.005136291036
5576.6793240820425
5576.430785511133
5576.13207461873
5575.876570789737
5575.58159648838
5575.362151706606
5575.050942840339
5574.943787557423
5574.694922821945
5574.477434333483
5574.167602400156
5574.030233901022
5573.832359962116
5573.680256806939
5573.42848186748
5573.344657845682
5573.254658611678
5573.265763043391
5573.081008939222
5573.061063600801
5573.059819779343
5573.108019209884
5572.926450422603
5572.879187468976
5572.804334358051
5572.838179893088
5572.722115949611
5572.689735137229
5572.6708497751
5572.627508832101
5572.424220948512
5572.372209843388
5572.318494196238
5572.278666239499
5572.084241800289
5572.041828413359
5571.946024156369
5571.958549923749
5571.853475447202
5571.876967342686
5571.777591662553
5571.685685072411
5571.470604014243
5571.400186659512
5571.25487298331
5571.255219997959
5571.143108158932
5571.085833817567
5570.954628126324
5570.923497166675
5570.829124062346
5570.823279591876
5570.692221852951
5570.541187089602
5570.3605871857235
5570.236659440302
5570.105275323383
5570.13107156886
5570.0537306066435
5570.0930450637725
5569.918033293173
5569.815501168722
5569.628085327727
5569.407308270814
5569.1903350872535
5569.057005607098
5568.741357886669
5568.544054476061
5568.3746067174525
5568.278133154875
5568.0528637660855
5567.943099757148
5567.836399031993
5567.806474504858
5567.638196097398
5567.518165711996
5567.3734469649735
5567.2818910158285
5567.077222413812
5567.040875673702
5566.921283551093
5566.841793303244
5566.638905755914
5566.51154916721
5566.401050396072
5566.31587533612
5566.103481134926
5565.989298188472
5565.831855602549
5565.612647128703
5565.344210011516
5565.222687372216
5565.046196384641
5564.937451351616
5564.766053122073
5564.737849777085
5564.644173345745
5564.607649403197
5564.491116717592
5564.457885352437
5564.359293055642
5564.301032871702
5564.142342219334
5564.125009680665
5564.051637229805
5563.774706215224
5563.224609279249
5562.815006480847
5562.284314860286
5561.872347903576
5561.350610514734
5560.9503976605565
5560.512328186207
5560.17287724768
5559.782220803523
5559.35798894959
5558.936653634661
5558.571336851142
5558.104302981241
5557.7697280319335
5557.490634547821
5557.241865375311
5556.835159136016
5556.564273549558
5556.311680364806
5556.131322703342
5555.852918874423
5555.627694963158
5555.377580836404
5555.200026744186
5554.911415203307
5554.744393967065
5554.582905779537
5554.4716957500505
5554.27375236152
5554.198095536561
5553.983123457223
5553.827571090063
5553.588600094205
5553.43502836594
5553.286570600095
5553.162686244681
5552.961919106135
5552.829917599137
5552.700640004262
5552.6505033913745
5552.501981498737
5552.34358533788
5552.213743490261
5552.175155319128
5552.035784375764
5551.990884612041
5551.926398918414
5551.848690101055
5551.621658703773
5551.491361121988
5551.340202718074
5551.261920849767
5551.094311373043
5551.045397742163
5550.960177175349
5550.965463097445
5550.8398865129375
5550.8502393255985
5550.853010095527
5550.787988409726
5550.586148818492
5550.525470255398
5550.447232978812
5550.375092121329
5550.188299354197
5550.115098856817
5550.0706614598
5550.057901278903
5549.944635589184
5549.896424325788
5549.801747020787
5549.745134019461
5549.604546832603
5549.573806702978
5549.544486239391
5549.548069573672
5549.473772876408
5549.430830977641
5549.238111143948
5549.104003500647
5548.832475531757
5548.697922009565
5548.4888059912
5548.3998572626115
5548.24919459893
5548.257009840206
5548.069820284916
5547.984104265348
5547.79244455121
5547.774548168064
5547.72980502942
5547.612086652965
5547.4235795938375
5547.304679144559
5547.195444784584
5547.185088756612
5546.888582069855
5546.686633402205
5546.49274774635
5546.3866992456715
5546.172559970441
5546.101756727593
5545.9893775700475
5546.026016827376
5545.9184127054605
5545.93081541001
5545.7177965770425
5545.55601826675
5545.232626893189
5545.086505921306
5544.875625100095
5544.716177058086
5544.425455597355
5544.248070144835
5544.032618111968
5543.915137308503
5543.6746515817995
5543.563897328454
5543.450472006997
5543.48736965862
5543.245987510804
5543.136665606776
5543.0209073940105
5542.956674514851
5542.846717373742
5542.892800701372
5542.789090661035
5542.754720085474
5542.650781379498
5542.549552665361
5542.432557309603
5542.408852536079
5542.222149268593
5542.129370816055
5541.995239550911
5541.855019360744
5541.630906911063
5541.558973573899
5541.503764373568
5541.446135540016
5541.2867014978565
5541.272585706354
5541.168284246615
5541.127409453007
5540.909548689959
5540.866962522719
5540.798069205105
5540.8162150758735
5540.800929425478
5540.708050965391
5540.5417379134915
5540.495316308623
5540.339765487907
5540.20022148149
5540.031684064656
5539.968394799352
5539.857767972998
5539.898875824454
5539.808687970619
5539.768800886611
5539.443694930971
5539.208612984141
5538.938675796166
5538.7339466121175
5538.49760304331
5538.366608546455
5538.268482829768
5538.245265124036
5538.163910545191
5538.107070961864
5537.977464429043
5537.856942530148
5537.583038498644
5537.437172005223
5537.193250716401
5537.059408819876
5536.838760078405
5536.635344017714
5536.445366952229
5536.373741871798
5536.206673692776
5536.139424192391
5536.030902113559
5536.007443006943
5535.888086243804
5535.8051877925245
5535.73165173661
5535.736408059779
5535.663304844484
5535.695817033465
5535.442925335547
5535.258159900203
5534.948420611561
5534.630537963025
5534.34374906813
5534.065113168968
5533.579540567277
5533.1984287678015
5532.877338424021
5532.593823076441
5532.247931454796
5532.004014684402
5531.761787559843
5531.600594130827
5531.361565073595
5531.160258267654
5530.979440706198
5530.883886983711
5530.710197695608
5530.552073212476
5530.43247669891
5530.415192328532
5530.214439874131
5530.081616240781
5529.9758232527365
5529.931600858995
5529.814560328574
5529.759462751762
5529.718661343058
5529.741485034117
5529.678970171264
5529.63045111342
5529.605927151204
5529.536738344307
5529.362933150565
5529.281066354521
5529.220361166246
5529.23346526438
5529.14636372101
5529.104235369484
5529.0133789221545
5528.962990539499
5528.84900717735
5528.79133724261
5528.566716672986
5528.332501048079
5528.054645586899
5527.930478714457
5527.804988343388
5527.638129505751
5527.3872608361235
5527.250094625003
5527.106094271376
5527.056225099484
5526.903578030219
5526.7312610519175
5526.462194787247
5526.277356939149
5525.992781021772
5525.72253336474
5525.465748158265
5525.192649205559
5524.771407395072
5524.4734971745165
5524.166389927273
5523.94747174573
5523.571399464566
5523.3277940920525
5523.09636864322
5522.935611724746
5522.709298877306
5522.5778997347
5522.543548728895
5522.330310453925
5521.973234507387
5521.733028110459
5521.444955989896
5521.263669217715
5520.939780398721
5520.759639205359
5520.523691864343
5520.366033458044
5520.125560277504
5520.027188822007
5519.879715006584
5519.831386765894
5519.69669103842
5519.5351754671765
5519.32844318319
5519.200370868974
5518.942366216134
5518.824553531896
5518.6129408878605
5518.536504786203
5518.303252187862
5518.205058820819
5518.080132556416
5518.086635047907
5517.916191387182
5517.874996759989
5517.755603947286
5517.71316811078
5517.582280484345
5517.5191462713265
5517.412043242077
5517.373668807327
5517.265154884971
5517.231621582877
5517.156325268313
5517.116626301994
5516.910653737314
5516.844687675508
5516.758589476685
5516.758530353908
5516.583973301125
5516.476000476638
5516.352538725767
5516.3722262522815
5516.244881006329
5516.286381060885
5516.213639285677
5516.229621007259
5516.033550917484
5515.960976744982
5515.845383136904
5515.694299808883
5515.392502166404
5515.26536045343
5515.11340888328
5514.976073116564
5514.742193884195
5514.60016112042
5514.356204827172
5514.229843998932
5513.929912684012
5513.698745578201
5513.4716146141955
5513.297167149008
5513.039436911125
5512.921562031531
5512.680548853965
5512.539765662865
5512.170387418688
5511.9744023521
5511.759630155561
5511.694097800119
5511.543216211319
5511.476807419385
5511.315222600973
5511.298644733941
5511.195985157363
5511.1703622200475
5511.077086449619
5511.036746354359
5510.899472184316
5510.868793684038
5510.807614753016
5510.845719151215
5510.672820897049
5510.579761364412
5510.488477550181
5510.454733076303
5510.311386769368
5510.238953138711
5510.094769731009
5510.0612336310805
5509.918792570261
5509.83947410109
5509.65267143496
5509.614988835686
5509.5174728801885
5509.472704958766
5509.343576116825
5509.290303561927
5509.118234226874
5509.025064130937
5508.894591352105
5508.828875307574
5508.713127908753
5508.713272112606
5508.601664756251
5508.618627380638
5508.481551185211
5508.472699063351
5508.407902868344
5508.392050469687
5508.298585235336
5508.247004727441
5508.192578447852
5508.20253563157
5508.055554880739
5508.061700976398
5508.048504429103
5508.087332205061
5507.898006359585
5507.8452156365565
5507.739794091732
5507.773759361312
5507.625985018594
5507.604163252454
5507.475201155639
5507.438527210808
5507.266260257843
5507.233930579496
5507.17132803675
5507.133715460338
5506.986596769764
5507.014901039936
5506.953176707383
5506.964673529489
5506.771723946558
5506.75653974345
5506.679610380274
5506.726113651225
5506.55721569106
5506.521547818439
5506.4264612829575
5506.455846289714
5506.372172467146
5506.387858100718
5506.336336265154
5506.374927017584
5506.279796421777
5506.289787605737
5506.172388899526
5506.187263297988
5506.079415920873
5506.079680210464
5506.035027965207
5506.09620732537
5505.9828485415865
5505.9427914883245
5505.849251178712
5505.851645734105
5505.791168928716
5505.762539469896
5505.698056115708
5505.668814290822
5505.56695056473
5505.5230555228945
5505.439732357179
5505.441283442526
5505.363333601599
5505.40050719139
5505.355456715491
5505.404270674797
5505.362247980035
5505.368285314204
5505.2804631329645
5505.2889601176
5505.203132055219
5505.218151608567
5505.1974796962595
5505.2537402763
5505.132143266406
5505.154010410822
5505.146811593087
5505.155072672649
5505.0369529791005
5505.042465829042
5504.99070712578
5505.015167290531
5504.927010141429
5504.938729068427
5504.879984163982
5504.923690799124
5504.818552157933
5504.829780844925
5504.807639754796
5504.830351309522
5504.770244867551
5504.794872543727
5504.795048659181
5504.813620052973
5504.72328881385
5504.754901240603
5504.710461605422
5504.738708063675
5504.636059210014
5504.645782468422
5504.651977146612
5504.67663034562
5504.571421582401
5504.57546967542
5504.577138870079
5504.614849722616
5504.536331413894
5504.518834633829
5504.447795376327
5504.461750279604
5504.40997520504
5504.399277197452
5504.3648443543525
5504.390328932748
5504.325256529036
5504.356711091148
5504.346750081311
5504.369214922703
5504.301323050339
5504.277320849383
5504.25507375557
5504.335540819175
5504.250812016461
5504.265860580908
5504.234122963838
5504.321370368736
5504.250507836524
5504.25352464197
5504.203196682637
5504.284906178245
5504.213500409264
5504.239556202513
5504.186325447107
5504.2727579152015
5504.179567958321
5504.231962225081
5504.171051574877
5504.246422265925
5504.178209921785
5504.209937514921
5504.147061147028
5504.222313337642
5504.136613019822
5504.1726827641805
5504.137165587312
5504.210824149776
5504.107319480764
5504.1286762257505
5504.089419296429
5504.126737463194
5504.042273673522
5504.050265169109
5504.053866064169
5504.114151896951
5503.976630764951
5503.966806084201
5503.952106929401
5504.04250224554
5503.947663413472
5503.905982484444
5503.856996451977
5503.87412700925
5503.790303582937
5503.806350625271
5503.780072125308
5503.807068237375
5503.691905950055
5503.706449313479
5503.691080835262
5503.742105161242
5503.614834790806
5503.597253905954
5503.554624007033
5503.595500027993
5503.5303151349235
5503.565893335264
5503.518395484668
5503.569866846281
5503.478178836317
5503.52734308336
5503.506439312596
5503.559669201497
5503.451678700027
5503.494004381293
5503.466127201583
5503.550444672935
5503.437057457748
5503.465326334493
5503.4394575856195
5503.515396338532
5503.399719151251
5503.417924389814
5503.376519029268
5503.465845720132
5503.386590850476
5503.390535377096
5503.293933117552
5503.300445335797
5503.186545102079
5503.231481649619
5503.165317199989
5503.217963323362
5503.10750683657
5503.137820937837
5503.0822107183385
5503.085155940636
5503.002075736294
5502.995755131099
5502.967815246883
5503.030314574765
5502.915556526801
5502.816164398808
5502.650891997553
5502.582697602719
5502.370710016508
5502.263330318245
5502.069306720836
5501.954465099084
5501.696680132926
5501.58119025377
5501.376807083903
5501.150308559234
5500.764119857743
5500.515796357902
5500.270604078061
5500.102384332482
5499.79539807678
5499.567468265343
5499.33151710169
5499.157249456463
5498.81932001438
5498.627749123723
5498.446543099343
5498.307267348024
5498.044119408615
5497.883006771847
5497.728814251481
5497.687773583316
5497.472513147317
5497.3597630176155
5497.243581512497
5497.23183962952
5497.090439724558
5497.065077820746
5496.996105052584
5497.035049998583
5496.961749707218
5496.964916338162
5496.914521268281
5496.890224505419
5496.695594384215
5496.467823428612
5496.147961766899
5495.897364527744
5495.542999580246
5495.32556167578
5495.051226983105
5494.902053284831
5494.65128192345
5494.517271544215
5494.356093701707
5494.264374318335
5494.054755930488
5493.961325073836
5493.896682509806
5493.875280050084
5493.704328663464
5493.682099418185
5493.628629660714
5493.685503742361
5493.51877773181
5493.336229428887
5493.074707217233
5492.924422700525
5492.5818747871535
5492.318881575212
5492.05431412589
5491.934724801113
5491.633601645911
5491.470693349334
5491.318365266382
5491.290639473895
5491.083720120652
5490.977786909762
5490.847121434936
5490.76482642987
5490.575766308016
5490.4596014097315
5490.318433510992
5490.238196138452
5489.968447682349
5489.826140158801
5489.663619329491
5489.613259732698
5489.48161952896
5489.481335798588
5489.406004156795
5489.385884108404
5489.217665685194
5489.167589635293
5489.130668764123
5489.075575260331
5488.917637801439
5488.931371919302
5488.848718844377
5488.828112759937
5488.631722050112
5488.49360071936
5488.347139216148
5488.300737107133
5488.085182277709
5487.990999969786
5487.852722421528
5487.798271099275
5487.532370585359
5487.388196950663
5487.258321650559
5487.198193975793
5487.015165728051
5486.980535861776
5486.895467427826
5486.81915782822
5486.611050016562
5486.559363101967
5486.490330824565
5486.519765652053
5486.406833244126
5486.434399949901
5486.3514436367905
5486.3369109760115
5486.239589090236
5486.253043390094
5486.237395910364
5486.226534262258
5486.062847371692
5486.032364454723
5485.970218924025
5485.99427069598
5485.876211574341
5485.8953575040605
5485.864503839302
5485.89924834573
5485.687735277835
5485.594302276749
5485.494473423436
5485.524083991447
5485.409916825657
5485.440238573034
5485.356566572662
5485.363624053217
5485.253959717787
5485.227657570401
5485.151366774046
5485.087778887497
5484.88730524121
5484.850991623095
5484.797700231772
5484.69657128492
5484.4568069230545
5484.369685629669
5484.23737297298
5484.2026859138805
5484.017212416355
5483.989978506717
5483.933893484135
5483.974989557732
5483.863518367357
5483.875300232678
5483.824600139136
5483.878793464791
5483.815553807492
5483.774100965911
5483.654468292491
5483.5251879249045
5483.246791762118
5483.092395970734
5482.920122496953
5482.879997626961
5482.679416955804
5482.587666386908
5482.472046440556
5482.483914733127
5482.395475288569
5482.409409333466
5482.408310330352
5482.415096592874
5482.257583552108
5482.175965250044
5482.075848452727
5482.056607538634
5481.8661972272375
5481.772592366753
5481.679445340857
5481.667444356155
5481.506823611236
5481.473595368209
5481.4109893688965
5481.407103501426
5481.267379056474
5481.222654486666
5481.145788078295
5481.113374152781
5480.949927795821
5480.830430507757
5480.68786433866
5480.627950042489
5480.444509300116
5480.400780543832
5480.3594893235395
5480.380705660322
5480.249668596024
5480.27354825988
5480.264441935957
5480.314290085844
5480.160562140575
5480.137639553909
5480.095766390996
5480.134499016554
5480.028123360445
5480.032677168948
5480.01446894492
5480.080687860181
5479.9637968522875
5480.004145444307
5479.936768825011
5479.977063916653
5479.843280025267
5479.846733099409
5479.677800485167
5479.632802465701
5479.442148093588
5479.318896897169
5479.167794415714
5479.108487539188
5478.9324159026855
5478.8478083079
5478.73593853246
5478.762582122527
5478.593319435251
5478.5787761047295
5478.559196975195
5478.601243003389
5478.463209617805
5478.4724975361505
5478.4202847531415
5478.499498776
5478.350833148286
5478.325317618822
5478.279084132886
5478.313395521879
5478.225262426167
5478.228769764558
5478.168414618498
5478.191552863595
5478.114501117964
5478.1513818093745
5478.106285677178
5478.147590674467
5478.0944025034405
5478.054436568253
5478.036316069734
5478.036056392919
5477.891464690309
5477.884927312389
5477.799208218173
5477.816364782033
5477.71163457138
5477.675021901831
5477.626520073823
5477.6910571527915
5477.573730026803
5477.554672847207
5477.491846879273
5477.522706913122
5477.412153168242
5477.3819889263505
5477.2599708387015
5477.270307658825
5477.156746216995
5477.132170905671
5477.007891574229
5476.962922912337
5476.734678414557
5476.649843435353
5476.5534847364215
5476.546092265776
5476.428996439317
5476.312067939652
5476.161896532398
5476.120540108024
5475.857861934164
5475.707794308734
5475.56478578469
5475.52277162626
5475.313386361811
5475.215828044583
5475.070798944788
5475.003625027236
5474.778668111545
5474.645763775382
5474.511284273542
5474.472228421321
5474.294512478667
5474.23180441764
5474.116215246919
5474.137669547573
5473.998476783811
5473.885169171936
5473.786617677478
5473.7694724976955
5473.566708187923
5473.49492362932
5473.392383957332
5473.384181768219
5473.23746369065
5473.2237802111285
5473.150249634047
5473.170503113735
5473.060315573572
5473.016627819876
5472.907196737551
5472.8777209030895
5472.651984023195
5472.537023376979
5472.373338710365
5472.308885052632
5472.116059110352
5472.00050531656
5471.860060826471
5471.855324810783
5471.6707755068755
5471.617875121489
5471.542140978282
5471.556487557368
5471.402612601489
5471.363926129621
5471.280422214161
5471.311188964619
5471.182473038096
5471.188688230287
5471.114069314755
5471.164545180637
5471.067917137486
5471.103245604923
5471.032679986892
5471.067068803435
5470.963885753691
5470.958785754496
5470.917958301245
5470.954841726154
5470.872091158414
5470.845148432474
5470.8153952637895
5470.837020785536
5470.738051190358
5470.759862866499
5470.73903904774
5470.738958657709
5470.561664083532
5470.5261505611525
5470.417920704336
5470.427787972587
5470.29406069265
5470.302121209095
5470.283206964778
5470.3485001426425
5470.253134782033
5470.249487341161
5470.202394919122
5470.217507006038
5470.105157910885
5470.115306528861
5470.079626056794
5470.131031027567
5470.030033576408
5470.031068576776
5469.978523947774
5470.035782094516
5469.926250546853
5469.935969122252
5469.885225282874
5469.950179965006
5469.873079945582
5469.9011531414835
5469.810601971919
5469.847127468454
5469.717869427
5469.703923812162
5469.629373103573
5469.6471391599225
5469.552229751619
5469.559571140144
5469.510850841589
5469.54045959974
5469.434152198138
5469.437863732737
5469.415761255973
5469.46137234323
5469.357114587183
5469.380371154146
5469.37039518455
5469.40717369866
5469.307188473808
5469.325484457535
5469.309451920877
5469.348778705435
5469.2572688283535
5469.276274675562
5469.263435433151
5469.326535510181
5469.213721386104
5469.237823988967
5469.214477173897
5469.26639157462
5469.157710955749
5469.177643568481
5469.166447816677
5469.20797297018
5469.086240808111
5469.129029528413
5469.10913654395
5469.177407359868
5469.053602702269
5469.086267911788
5469.059757586645
5469.125624148696
5469.04330200355
5469.059307418633
5469.025117166556
5469.083826791029
5468.990380764328
5469.021031394501
5468.9763785154955
5469.03972917867
5468.947500520565
5468.986383533773
5468.937378329425
5468.957743089817
5468.87321525143
5468.910386359128
5468.865950737544
5468.9250402304715
5468.835163372703
5468.884359204052
5468.843087660441
5468.892322999581
5468.79657255666
5468.825185919663
5468.811764715452
5468.8700967474715
5468.778340137167
5468.805443387372
5468.795813458698
5468.835896835033
5468.75052860117
5468.7744256999995
5468.763564374018
5468.814683735879
5468.7102007645635
5468.721547490593
5468.706682206022
5468.799604072934
5468.678103113406
5468.691751004218
5468.703840854568
5468.755113856643
5468.663701638179
5468.684819508984
5468.689950803122
5468.7341075901795
5468.660766690426
5468.682286289463
5468.679548495936
5468.720807851657
5468.644698082711
5468.672814866151
5468.663296640125
5468.709561836874
5468.615831481091
5468.650625668579
5468.647630510842
5468.6900015991105
5468.604425906345
5468.647052724734
5468.611061050242
5468.675891397784
5468.60517240387
5468.627188949756
5468.594561316697
5468.660769699315
5468.590798149943
5468.618376202661
5468.578817171471
5468.648193303782
5468.587108763359
5468.580247358818
5468.573270479719
5468.643884640761
5468.561549186806
5468.576708649023
5468.562470573252
5468.642374090561
5468.5581130101045
5468.57038029602
5468.55037255724
5468.643789313113
5468.542415330352
5468.563281082569
5468.547660262842
5468.621091613328
5468.536617434505
5468.5578304629635
5468.542984641213
5468.615535622097
5468.518005880592
5468.540804049931
5468.534664469788
5468.610785426175
5468.506787793437
5468.539713512299
5468.516788677596
5468.603500263599
5468.501936309082
5468.534680329768
5468.510302257389
5468.593015942247
5468.491870791021
5468.52677615672
5468.504307044658
5468.580932466981
5468.473277754147
5468.513114162462
5468.486888082331
5468.5682578281085
5468.465935485465
5468.482699926691
5468.467780060267
5468.546955483492
5468.456427630737
5468.4595470997765
5468.417849308081
5468.493632845837
5468.429928153841
5468.440661262381
5468.387438687323
5468.461076768228
5468.40368734021
5468.427545846392
5468.372247865355
5468.432996581975
5468.346636228311
5468.370966926462
5468.333146971894
5468.423756144169
5468.3323245635065
5468.35884025629
5468.3111986826225
5468.390493151895
5468.317897196328
5468.3439911781215
5468.281569370285
5468.3488326154675
5468.262494306396
5468.3158884734685
5468.266998703751
5468.303102062272
5468.181902628748
5468.207515468457
5468.192946936445
5468.286448294722
5468.162816499212
5468.163673758108
5468.134655867022
5468.204662280558
5468.1231190572025
5468.141561178352
5468.124796614916
5468.197602795287
5468.112365462102
5468.129418579907
5468.10948903628
5468.190121743701
5468.100026173543
5468.112507669932
5468.101533338702
5468.17825863518
5468.091504750509
5468.109914533521
5468.102023614757
5468.162239569242
5468.073413398089
5468.099805080856
5468.061251861411
5468.118982888354
5468.025125838055
5468.056009671423
5468.062468665507
5468.094660951382
5467.977652148637
5467.9754697117005
5467.940799994809
5467.98917815698
5467.919528233624
5467.917560865403
5467.887522460147
5467.949296035883
5467.86905974618
5467.941479350421
5467.891865903628
5467.894906692275
5467.757190472971
5467.7239467941745
5467.681904745363
5467.733970002514
5467.655641763428
5467.693375520502
5467.65533310174
5467.695053251343
5467.601806981326
5467.605901265976
5467.5997188219135
5467.661272879995
5467.579637748309
5467.587506153283
5467.575068994961
5467.629667278866
5467.540759777734
5467.560468425413
5467.514837972178
5467.593983303567
5467.534420346122
5467.5379194051975
5467.437635377077
5467.452266990237
5467.345630654722
5467.2936577634255
5467.209693217448
5467.239598639796
5467.155270364478
5467.139792374378
5467.110856964325
5467.151173381779
5467.073800302824
5467.092501483594
5467.0811659657475
5467.09601994524
5466.987311701169
5466.98172879812
5466.975755236151
5467.070799134851
5466.973351945417
5466.93794381262
5466.9026529003
5466.98518592827
5466.933282320205
5466.938539208234
5466.862457127328
5466.9060541944755
5466.838377547385
5466.917516599715
5466.817168675448
5466.801475046949
5466.67054445927
5466.644343782822
5466.6179710998995
5466.686312919867
5466.606696869116
5466.560266446599
5466.505119583638
5466.552612255616
5466.46599055729
5466.499667020354
5466.462136249712
5466.505023002091
5466.395926263216
5466.4080592172495
5466.387354462422
5466.445548489203
5466.364930845759
5466.373565390241
5466.3708085422995
5466.444480320381
5466.334947307958
5466.333106488789
5466.3248354790985
5466.382532583816
5466.296500954442
5466.322661730218
5466.275818813975
5466.313573443874
5466.202406996182
5466.226497925705
5466.217440477187
5466.24918115071
5466.121680484104
5466.131213104081
5466.1112546931
5466.196036403267
5466.082661544213
5466.116847697969
5466.099374428672
5466.1481899566525
5466.044687811205
5466.071211410994
5466.047079608549
5466.131416658858
5466.029521092222
5466.051863679141
5466.0511936357725
5466.132316719609
5466.007757172847
5466.0098036662275
5465.990967226517
5466.089679150875
5466.017994528442
5465.993911814336
5465.950474869291
5466.030099949436
5465.945750106603
5465.931447155877
5465.900275838863
5466.002118505084
5465.892944907123
5465.917766255297
5465.905118080057
5466.002102994457
5465.886459827474
5465.894776070857
5465.883627107592
5465.911028317277
5465.785779404514
5465.790563900025
5465.793058211717
5465.864653544623
5465.750395277805
5465.725672961582
5465.694267419235
5465.754519640283
5465.678263346208
5465.714525815627
5465.640511242603
5465.66078047159
5465.561298484559
5465.592357561699
5465.559060972401
5465.575219904445
5465.479808414541
5465.534100831867
5465.490965868273
5465.547419064452
5465.449072797832
5465.445617985103
5465.4293382205815
5465.506834223087
5465.389195581017
5465.395894965554
5465.402975318105
5465.460507919311
5465.373393102929
5465.385141941953
5465.392453450768
5465.442005670081
5465.370515825445
5465.370282342532
5465.345405733267
5465.376951793314
5465.285838460906
5465.321941766198
5465.2818649023675
5465.3296683510725
5465.255765238631
5465.258873177459
5465.218858640591
5465.286963894969
5465.21835501546
5465.216610116418
5465.205972946169
5465.27043089596
5465.205121261237
5465.21292604478
5465.196337642938
5465.256633423835
5465.194107992709
5465.194451458796
5465.179913882057
5465.237746244197
5465.142549381786
5465.15437180046
5465.151553809999
5465.190379036684
5465.104071164191
5465.130156089432
5465.08713492925
5465.170093044435
5465.068115538702
5465.098692397259
5465.0890057168735
5465.194758757308
5465.05364069724
5465.03616118313
5464.97794719932
5465.0290498899485
5464.942492505962
5464.974063301019
5464.948942971452
5465.020121070534
5464.935374180983
5464.972459748536
5464.943479093783
5465.016890711952
5464.934115000025
5464.969026505044
5464.93793859768
5465.001445129746
5464.92438369977
5464.968881601299
5464.915776913387
5464.978851479157
5464.921737246915
5464.936266462887
5464.899793300992
5464.971229531428
5464.8835329721405
5464.901015313173
5464.895243882596
5464.96829304795
5464.880974630197
5464.895428641279
5464.884074344394
5464.966040502048
5464.877007714896
5464.879581980375
5464.8586156033525
5464.946646681999
5464.853859899988
5464.873223606777
5464.845600483858
5464.9381588957895
5464.839434704183
5464.86420943321
5464.835773394876
5464.910642818134
5464.822909599612
5464.856061049903
5464.8313646809465
5464.873441435944
5464.786867188569
5464.815648168176
5464.791889663315
5464.870916553387
5464.78575847271
5464.814274470456
5464.787462046229
5464.861477038983
5464.7792678315
5464.809799787259
5464.779796261598
5464.844584094983
5464.767812426265
5464.798582916225
5464.7712208007015
5464.827515068408
5464.736463779493
5464.786421869407
5464.752955609036
5464.810971532181
5464.728677578206
5464.753088900656
5464.724533787962
5464.796474192812
5464.724746143123
5464.748681761765
5464.70959610091
5464.775407285469
5464.713451695345
5464.727342458012
5464.692280191762
5464.76348668389
5464.690152885535
5464.702537572777
5464.680449216735
5464.766396133934
5464.6895929955435
5464.674776790387
5464.6279254126775
5464.703979913026
5464.603515225541
5464.6303578113275
5464.581172434088
5464.653272798528
5464.570437377124
5464.599825721527
5464.571358642803
5464.608497329875
5464.484995550588
5464.513586291426
5464.505397936112
5464.525752801357
5464.413344940971
5464.491656583998
5464.453018134698
5464.474553057569
5464.272502958795
5464.220348909866
5464.141583321987
5464.193474550771
5464.0872423984865
5464.0955470815525
5464.089771548405
5464.178956475365
5464.087076638228
5464.078171092749
5464.052800227995
5464.15890533762
5464.053672997606
5464.072570186076
5464.053845765449
5464.145063020425
5464.047184277666
5464.055641695936
5464.033200359842
5464.065257807588
5463.988681012089
5464.014209884188
5463.984922879342
5464.044571391566
5463.987927924383
5463.988299732731
5463.984771668753
5464.034691234406
5463.95870413676
5463.965850120714
5463.963982476997
5464.020635754452
5463.948872314671
5463.961053757737
5463.955627255918
5464.011060007201
5463.935669248417
5463.955517726255
5463.938022247627
5464.000345384609
5463.929039948741
5463.928867984993
5463.929238620849
5463.998606922451
5463.900013491637
5463.897468512565
5463.884716004445
5463.949007110986
5463.880433291871
5463.885598773583
5463.875023420881
5463.940817518358
5463.875476954354
5463.88120275532
5463.866303846985
5463.933421362107
5463.866363543438
5463.871642801337
5463.853677000145
5463.918286299679
5463.842801349393
5463.85982678782
5463.838988413362
5463.893622735128
5463.813226652013
5463.846087547501
5463.799242322146
5463.853172495178
5463.7528153934045
5463.782254970014
5463.773302741945
5463.795019387946
5463.696500335387
5463.7131919817575
5463.700496967653
5463.792396869947
5463.671164415318
5463.672290863619
5463.645089921686
5463.707631822346
5463.627485428499
5463.637707516204
5463.632044146366
5463.702688726151
5463.612332441345
5463.609839878478
5463.609928333246
5463.698958433105
5463.595929284406
5463.589371752128
5463.587727669488
5463.656777112001
5463.574346068987
5463.582819493873
5463.568719665398
5463.639512235075
5463.567153899886
5463.581992254996
5463.5688705733855
5463.635250114153
5463.555944620957
5463.572873211602
5463.566016436836
5463.625341886643
5463.53738711107
5463.558086146494
5463.5650401743505
5463.609423307463
5463.514589513297
5463.552004221406
5463.5396779292305
5463.589825446429
5463.485614868518
5463.527363735507
5463.50158862194
5463.56555076226
5463.467387469778
5463.491492274995
5463.492645107647
5463.558029935663
5463.447757553547
5463.461080484131
5463.45268747374
5463.537515984285
5463.43549175527
5463.428498299521
5463.398146514685
5463.463413578886
5463.38579413326
5463.425413584853
5463.364042109993
5463.414246119192
5463.323223003998
5463.330250993594
5463.302565686574
5463.368277186916
5463.299035824185
5463.3042051630955
5463.2716190433375
5463.312647697753
5463.211803307174
5463.212740753475
5463.184814088628
5463.238749932833
5463.15485485651
5463.167706343107
5463.1658008808145
5463.244529405008
5463.114561399591
5463.092250749613
5463.053409322701
5463.115467527672
5463.008173009088
5462.9974527062295
5462.966313880879
5463.018068947491
5462.944350985809
5463.001133340339
5462.937703044499
5462.962758578751
5462.867195788363
5462.9061466109415
5462.893854166008
5462.9515185969385
5462.851046225899
5462.874196631169
5462.869976721089
5462.914835932456
5462.8272344776005
5462.871381146554
5462.859726751277
5462.897635285757
5462.78899468905
5462.819824965683
5462.802971490877
5462.88441396115
5462.777576095689
5462.790243914592
5462.778765172101
5462.856404179323
5462.762500912116
5462.778458054685
5462.777549399729
5462.85359082481
5462.762212621083
5462.764653472146
5462.7480844859665
5462.796361844488
5462.717403442652
5462.752738513897
5462.753854139597
5462.767110203052
5462.628968200216
5462.634094662995
5462.608097401677
5462.724925913846
5462.628991627491
5462.584511042123
5462.514455424794
5462.5551529473405
5462.480750813859
5462.499191194691
5462.457726653979
5462.527127101691
5462.451869423601
5462.494083674577
5462.46412985148
5462.49665812521
5462.383845216625
5462.393896937607
5462.382054809415
5462.447119588734
5462.361409074802
5462.386343558263
5462.360708099189
5462.422602458462
5462.310867605688
5462.336035267662
5462.336960758743
5462.391962858202
5462.290154240559
5462.310883084518
5462.3087351849745
5462.379094427182
5462.274204360463
5462.290766721857
5462.280361956558
5462.349202679214
5462.264284509529
5462.298226368851
5462.281437677254
5462.330874379355
5462.233247068385
5462.26652568975
5462.243696303844
5462.3229021046645
5462.213445244354
5462.247961696288
5462.226093407209
5462.310462408971
5462.208414695524
5462.217784994883
5462.198482239681
5462.26586660735
5462.200574297019
5462.221039642576
5462.189555313693
5462.24269151522
5462.180907450098
5462.195277023141
5462.178953083666
5462.233954828304
5462.154730011419
5462.198333794228
5462.158773125991
5462.229553794775
5462.1584853199665
5462.161702505444
5462.1276106349105
5462.22249377832
5462.129760010524
5462.1463499693045
5462.112537681633
5462.176334401266
5462.097027583485
5462.131327213812
5462.102646039062
5462.150537260854
5462.054191838979
5462.085113046983
5462.095663794325
5462.124262583332
5462.0086758569405
5462.021260889839
5462.0355042824785
5462.077307789828
5462.002964802987
5462.015191297972
5462.006204313766
5462.056002887949
5461.9767472753265
5462.002824149643
5461.998740381197
5462.048661260576
5461.963796940611
5462.0004217965225
5461.964582214978
5462.030470002549
5461.955870648767
5461.974903300721
5461.963119495343
5462.0319115544735
5461.954498768765
5461.972172303624
5461.9603310975845
5462.028914083435
5461.952426438636
5461.967660141284
5461.9518673735065
5462.027043467561
5461.947892778606
5461.959152326879
5461.936430844092
5462.020853710961
5461.945374261345
5461.945677443461
5461.915913122624
5462.004153063849
5461.928994974154
5461.935030619312
5461.889936171241
5461.976739946781
5461.906537216664
5461.925367051477
5461.857012918224
5461.91423935954
5461.85894620827
5461.897928453059
5461.8384211702405
5461.877503644755
5461.770150644907
5461.793986050454
5461.781230293643
5461.883944633794
5461.752844433576
5461.743794344256
5461.705534987094
5461.792411413779
5461.699762458553
5461.719169733514
5461.69642784101
5461.782175007947
5461.693511028523
5461.706592269513
5461.6768559669
5461.763327357631
5461.670908720985
5461.693953377746
5461.677767272063
5461.726667101876
5461.63802977405
5461.668198228911
5461.644225187341
5461.724731373395
5461.643092444833
5461.655999425053
5461.639412209578
5461.728058042532
5461.633210803983
5461.653704356428
5461.637501926371
5461.719401701295
5461.626880687575
5461.652567621495
5461.633730872206
5461.711694262103
5461.617701027232
5461.647322916288
5461.628269884175
5461.696472682818
5461.602973707796
5461.6374666314905
5461.614538684539
5461.673725976474
5461.600816571941
5461.629571059596
5461.587729894671
5461.652858606249
5461.5805795436845
5461.608269025764
5461.576681292624
5461.6254604998185
5461.530514813801
5461.537040533651
5461.507758540907
5461.577707269201
5461.5017933373465
5461.542626363891
5461.488615011562
5461.547667187617
5461.442566063651
5461.455900981727
5461.434891790488
5461.504237101385
5461.427130747806
5461.442497858634
5461.427317236269
5461.509879142407
5461.410495079517
5461.430216873095
5461.422419296687
5461.503916454495
5461.40070021075
5461.414285553721
5461.413862049512
5461.485569620745
5461.388850047079
5461.414660485566
5461.399439170161
5461.4827471745675
5461.384924679282
5461.412613160319
5461.396977074443
5461.47270898416
5461.373486563856
5461.413435493899
5461.384055682796
5461.466299958277
5461.373605342535
5461.398432197883
5461.376398802337
5461.458929574619
5461.371258284804
5461.391062787199
5461.366947572532
5461.442976378749
5461.362462478508
5461.382111818186
5461.351475559137
5461.423460989557
5461.347459982379
5461.360095689816
5461.3427349092635
5461.411421813329
5461.326716511123
5461.3548019711625
5461.32132931823
5461.408767079421
5461.311585549392
5461.345339501962
5461.319968804744
5461.396420882096
5461.307881769727
5461.335674557251
5461.315361481443
5461.387807857481
5461.298291198538
5461.323405207975
5461.308444754791
5461.378152149245
5461.280637672625
5461.301383258928
5461.294162689305
5461.362191676627
5461.267273891154
5461.290578802112
5461.280937779769
5461.328103250038
5461.2564849191485
5461.277318485669
5461.257330839315
5461.307160811888
5461.20821239315
5461.250281082552
5461.231739704693
5461.295134187398
5461.191605090604
5461.22545180031
5461.211350672562
5461.288684226522
5461.186733357336
5461.197720396623
5461.190943469832
5461.26201786461
5461.174285810345
5461.182597106353
5461.18405208868
5461.243727103995
5461.160095824515
5461.182132209558
5461.16694341624
5461.237466697441
5461.147066176264
5461.175177103388
5461.159149745843
5461.222208720333
5461.127778834774
5461.170803783714
5461.142860165873
5461.207988261739
5461.125543315946
5461.1530936395975
5461.12638899321
5461.202587296488
5461.122481240859
5461.1491463212715
5461.118741468334
5461.189547542274
5461.125959359152
5461.13555681119
5461.103493078447
5461.179718715496
5461.105808693905
5461.1214591615335
5461.088139344735
5461.175322196556
5461.0909293740815
5461.111584399242
5461.074318005561
5461.158736150984
5461.070522840956
5461.104343182777
5461.0625287802395
5461.138723282521
5461.05730835092
5461.0903995226445
5461.043260014162
5461.107302641186
5461.009598494797
5461.059703159368
5461.029089993209
5461.0740145487525
5460.946294367393
5460.964281757007
5460.963396907317
5461.070363555085
5460.921498472271
5460.916559961916
5460.902060340314
5460.966329194472
5460.881718956286
5460.888017462286
5460.886424917085
5460.955027140169
5460.873276572882
5460.873072385892
5460.854854942966
5460.9414356886555
5460.850366249523
5460.858839734892
5460.852766964038
5460.913677192043
5460.843433147081
5460.864463816286
5460.846551176682
5460.910005812489
5460.82976649312
5460.850527884432
5460.838968577364
5460.899775268293
5460.809964143455
5460.824280217085
5460.82726572608
5460.887091971257
5460.788925048741
5460.810232740735
5460.807337928388
5460.844395983958
5460.758988739437
5460.792482622954
5460.795716629842
5460.831604925853
5460.748066699832
5460.7854297531585
5460.762759604419
5460.831908910232
5460.746236885083
5460.756865878628
5460.748307793664
5460.845818048603
5460.726701933234
5460.742661117447
5460.729345355919
5460.815171242743
5460.723537954794
5460.743067918653
5460.724449273603
5460.804705535502
5460.715161898649
5460.73988608233
5460.716990146055
5460.7889669728775
5460.704949804552
5460.733663132228
5460.702157512973
5460.760255090441
5460.678665372433
5460.719523346275
5460.683288277776
5460.754786903775
5460.663939488013
5460.673986741033
5460.667115323575
5460.752579603214
5460.638028291343
5460.654591298758
5460.651976596653
5460.722885285697
5460.633133848372
5460.658130083592
5460.634699556448
5460.712639554823
5460.626085147126
5460.653082950665
