6600.029293649132
6599.062272758502
6595.7786621294
6589.576755028711
6582.7371521827
6575.524612965833
6568.449872831796
6561.009817141842
6553.151833695095
6545.224506152079
6537.481656091456
6529.920930202389
6522.436488541817
6514.6871652938735
6507.546948256017
6500.152616761934
6492.62005514788
6484.943945568271
6477.31399153699
6469.767975448345
6462.243635175496
6454.608531158904
6447.3374296553875
6440.167526573513
6433.034695515526
6425.9771209802075
6418.8552486832
6411.857778360218
6405.090417061627
6398.090130656182
6391.320484457003
6384.7840948534595
6378.48184554326
6372.329111967603
6366.284446174061
6360.291490737638
6354.515523004804
6348.969889286505
6343.752495689359
6338.8469645340465
6334.026424663726
6329.089195730031
6323.900385110811
6318.777227032629
6313.741736279813
6308.5046435619715
6303.028336045569
6297.120343665624
6291.568941983522
6285.763923640774
6279.936515461075
6273.856571583447
6268.192610549315
6262.600586555913
6257.060054827444
6251.762004785959
6246.669497145887
6241.815825813719
6237.16100830662
6232.224090362804
6227.372113212115
6222.510411671747
6217.890043000057
6213.245778734375
6208.848241349618
6204.685808236373
6200.413031579327
6196.021666444616
6191.778360970054
6187.675814050547
6183.561446770043
6179.58949208551
6175.601893473376
6171.610170454946
6167.594028911534
6163.3483957503695
6158.948106848024
6153.828780952566
6147.706900968047
6141.565981176529
6135.636584662137
6130.096799697809
6124.692868244096
6119.189346925817
6113.576277197315
6108.195845923278
6103.19096157803
6098.170046326252
6093.213583940724
6088.399892630741
6083.69222247318
6079.077277415396
6074.636233894337
6070.504475803644
6066.288746882888
6061.962400061086
6057.893112270077
6054.664218121363
6050.974179951715
6046.840496246847
6042.438252018909
6037.600189992416
6032.576399531373
6027.685952527975
6022.821713704778
6017.5812623891925
6012.414413661543
6007.05812627626
6001.961498770389
5997.1257758345555
5992.552083892918
5988.15372896586
5984.2375974453935
5979.893030186722
5975.3750554552635
5970.485504708693
5964.532555644895
5958.652368516872
5953.156081415714
5947.80397680775
5942.814361478047
5937.9067123000395
5932.468427244401
5926.8021960759115
5921.130111775012
5915.749308665629
5910.302253498872
5904.555751563151
5898.373791549449
5892.496826653787
5886.490106683705
5880.326068823525
5874.233498933595
5867.958167576429
5861.911566552049
5856.0831034828225
5850.686717956814
5845.285041600815
5839.620341591828
5834.220318470606
5829.138421591348
5824.212936284147
5819.903529262559
5814.998172252446
5809.257463542992
5803.717011380086
5798.577654254548
5793.2444878177
5788.001358668704
5782.794995006496
5777.837901991329
5773.147531517686
5768.4162217603025
5763.940546566567
5759.612640287255
5755.548404182005
5751.73630364018
5748.153738805785
5744.197209107484
5740.520998831709
5736.895451686903
5733.697116382998
5730.819772804956
5727.515254330602
5724.219422836269
5720.867087782071
5717.147389878963
5713.895751268947
5710.01004977595
5706.449090160273
5703.080371577933
5699.478713464652
5695.940808478796
5692.231827120159
5689.009834157008
5685.759597609143
5682.44375975398
5679.46467995438
5676.773377261441
5673.608199447849
5670.5799593388465
5667.355177775206
5664.256682223344
5661.207092121039
5658.340455574985
5655.41837942154
5652.743337532194
5650.198318086763
5647.804345446975
5645.63360875385
5643.389826491168
5640.949067714386
5637.704071802611
5634.01041675169
5630.430185462801
5627.302782573664
5624.055339805096
5620.406180435525
5616.839518291422
5613.492095333439
5610.022306814582
5606.623098372697
5603.225391744782
5600.011399349277
5596.971514756046
5594.06634928072
5591.2690578232305
5588.663487712404
5586.2272340780055
5583.922480956579
5581.209074752956
5578.920744220793
5576.458738951083
5573.931858771131
5571.538279922935
5568.558637250459
5566.038204942611
5563.646621842891
5561.014685590271
5557.92130504968
5554.21258682509
5550.286886899462
5546.149850077314
5542.274921189205
5538.578374659822
5535.1415616348995
5531.5846913491605
5528.030855915506
5524.749105291912
5521.347596388479
5518.353298880439
5515.2378144034155
5512.21690331332
5509.309601286119
5506.467090082193
5503.412809103131
5500.661993378218
5498.136757607385
5495.307932575415
5491.49413869954
5487.974522857006
5484.506949517176
5480.982006790069
5477.342469642135
5473.905730832155
5470.714289201372
5467.766999319889
5465.152121055454
5462.502133108735
5459.994224685058
5457.840006345988
5455.025106317383
5451.815331528468
5448.326654273875
5444.752057762722
5441.436045837938
5438.1719406463335
5435.010691190459
5431.693839551072
5428.718525498037
5425.917901984738
5423.109424054845
5419.937416222042
5417.149197117958
5414.340662561274
5410.8745431517955
5407.760790872044
5404.328462856209
5400.907527958324
5397.740475518042
5394.722076139653
5391.941544716956
5389.430682429091
5386.4864621232
5383.798013021479
5380.945403763093
5377.643549166104
5374.135506595389
5370.679861572703
5367.454567206745
5364.301109032824
5361.3891589364985
5358.66222156351
5356.148237640865
5353.810089096723
5352.21009579372
5349.8438616603535
5346.94099055792
5344.185102836796
5341.561804655559
5338.810288890188
5336.312651679046
5333.779041503081
5331.761295895723
5329.502885437243
5326.964996889747
5324.608298619355
5322.151081225401
5320.011892685883
5318.141169016837
5316.177880826668
5314.145659643189
5312.174466010288
5310.953316300136
5309.735555394709
5307.860646529628
5305.439639171562
5302.6792826435085
5299.7739003790575
5296.938756249689
5294.32177561814
5291.945602198914
5289.844330134653
5287.547237235222
5285.536971384612
5283.371591216374
5281.092043649254
5278.763889201931
5276.967201049885
5275.289279145138
5273.261460836086
5271.160002229369
5269.39879697583
5267.605247045951
5265.122412784106
5262.798597239914
5260.551893012669
5258.514170236639
5256.916664563715
5255.064744560097
5252.916365492018
5250.926406594553
5249.137919121768
5247.397093735059
5245.580516743722
5243.891177652737
5242.186149103171
5240.5423724987495
5238.718211699421
5236.782224256377
5235.093789793809
5232.731489569649
5230.204845199857
5227.599166573438
5224.770342078911
5222.114358096537
5219.026103227
5215.808316166886
5212.718124598775
5209.885232950864
5207.270212300862
5204.612215273515
5202.088902587366
5200.127170615984
5198.319412125822
5196.06360239365
5193.684085814412
5191.520483452387
5189.732727732802
5187.944675525214
5186.0786308321385
5184.331898504194
5182.807074953936
5181.422691215128
5180.075385764224
5178.5683421056965
5176.940654057667
5175.362495489512
5174.0384555743585
5172.773271729438
5171.353148609664
5169.36799838707
5167.221956809568
5165.222788045555
5163.426771581378
5161.696463991976
5160.090390910664
5158.545293959228
5157.190907595645
5156.273589535467
5155.104581593877
5153.779627910706
5152.437201076663
5150.776198390034
5149.167066587413
5147.552663290173
5145.421096799504
5143.104249856493
5140.539833993385
5138.3373585101035
5136.205692482125
5134.243338589201
5132.092585942296
5130.102151959354
5128.4936414874755
5126.293674746428
5123.678689680166
5120.434278635138
5117.035639426377
5113.789845350516
5110.696505190046
5107.898530918461
5105.062459999249
5102.261868302571
5099.812438580018
5097.706025173849
5095.8232252024745
5093.842320215148
5092.055619800041
5090.283140492562
5088.521680981295
5087.078150647539
5086.105174229286
5085.101230031879
5083.556220007046
5081.486562777603
5079.520059644814
5077.430828779758
5075.50792395646
5073.9636571430465
5072.524781803232
5070.6011082034665
5068.927460864196
5067.596241079386
5066.3615449661265
5065.046484580798
5063.717288226428
5062.704070304994
5061.6284943587325
5060.684045267836
5059.808772226977
5059.065078565859
5058.161665918792
5056.78697075706
5055.456462707082
5054.374689332306
5052.864014682656
5051.3355354675905
5049.674514876292
5047.894809255203
5046.260489201176
5044.509895277403
5042.633525322713
5040.856623740702
5038.762835259287
5036.895991408287
5034.902192997422
5032.644558802325
5030.513276684379
5028.086641257484
5025.97915996347
5023.850054293274
5021.698552318742
5019.590594476598
5017.799773957966
5016.036864431237
5014.540048235725
5012.815941946537
5011.215671402946
5009.570187059698
5008.260219702769
5006.815542634983
5005.421173007741
5004.09863509732
5002.900355640607
5002.167553265307
5000.905695474092
5000.200513279976
4998.939326075621
4997.45270116534
4995.9634687054995
4994.586025904927
4993.38204048816
4992.2260144193715
4991.164278341164
4990.14586686049
4988.8539359040715
4987.7603803249085
4986.570880502541
4985.495888653994
4985.092867694429
4983.934346374872
4982.415466363998
4981.3292768564415
4980.225421811186
4978.938982021917
4977.413697889633
4976.058334054228
4974.463278076635
4973.128859158508
4972.103184865167
4971.094162634066
4969.591082325453
4968.167980124097
4966.953708985919
4965.742852565613
4964.358257680692
4963.123579706061
4961.663723874611
4959.863232206098
4958.152924191853
4956.434121006299
4954.664954058394
4952.963991155805
4951.317176449783
4949.978049273661
4948.754547631113
4947.55130563204
4946.582666034432
4945.567810547275
4944.639147743509
4943.828374298387
4943.029641069783
4942.275139808793
4941.62200409049
4940.3335475445065
4939.07099528182
4937.983321789227
4937.056481804784
4936.06945782959
4935.263040070348
4934.734853664239
4934.173548765641
4933.257163761743
4931.982566801637
4930.596067868711
4929.190685413696
4927.794796865947
4926.530601310665
4925.598473010555
4925.006176194343
4924.027545566351
4922.865266052934
4921.810785273444
4920.505792768081
4919.1724943588715
4917.734955686099
4916.435026141004
4915.36325332634
4914.3896877167235
4913.240471754675
4911.964684141878
4911.108397568674
4910.392437856148
4909.493718955477
4908.623141624705
4907.711692109042
4906.657577960569
4905.022850474631
4903.535182384407
4902.344637444684
4900.807599748777
4899.102403005883
4897.686347627391
4896.522043268577
4895.088058386577
4893.652852859951
4892.341813529151
4891.284911455876
4890.430614676839
4889.4576500536205
4888.466819363165
4887.50752951344
4886.769657947592
4886.062661691728
4885.165480772295
4884.368822612082
4883.3590077271365
4882.443867250476
4881.232462269542
4880.307200890002
4879.368356028391
4878.379852566395
4877.19606517438
4875.749422041027
4874.3461212221
4873.151317610528
4872.061399137746
4871.08165551029
4870.078709588589
4869.184594674863
4868.713414005845
4868.05471893767
4867.148383497495
4865.794275085365
4864.800065095489
4863.845861323848
4862.7820812210875
4862.278153517243
4861.253773232213
4859.996685144222
4858.5119484251
4856.927859116469
4855.506094056603
4854.107873900385
4852.520146581386
4850.977256722836
4849.272926361497
4847.516330029093
4845.884881800443
4844.428930779214
4843.151711892096
4841.958841584035
4841.03621889131
4840.012114855145
4838.817848387273
4837.736041817442
4836.6168079167155
4835.290565319815
4833.831800018456
4832.475282584373
4831.179745485999
4830.074281042934
4829.105762521477
4827.950177343365
4826.705913784454
4825.750030571672
4825.069132440351
4824.278195256088
4823.745909733638
4823.377429022108
4822.939039370089
4821.999164777251
4820.931442395872
4820.053924255826
4819.188709139338
4818.686138208075
4817.813881184683
4816.421577097795
4815.005729906825
4813.660247027865
4812.429584961572
4811.448855749981
4810.6026225054375
4809.933052798116
4809.115696247056
4808.328629363455
4807.533960404329
4806.657139120075
4805.998855101026
4805.443322962365
4804.846749075728
4804.343455457516
4803.99470467732
4803.677721177312
4803.51701702494
4803.5115852716835
4803.177601606219
4802.457103119233
4801.51128048379
4800.677062118008
4799.83971816471
4798.84607088618
4797.7812544119815
4796.657341616953
4795.57514616554
4794.746582765226
4793.960305201949
4793.193047942995
4792.484003439554
4791.937919413044
4791.396102629401
4790.946825488834
4790.6021683629415
4789.8511179355855
4789.154014717091
4788.02238195091
4787.151351393748
4786.184999132587
4785.230638144679
4784.327988817421
4783.591382480503
4782.638227579425
4781.376269924202
4780.407150875824
4779.549271172923
4778.8662253352295
4778.271528117606
4777.558508371451
4776.935516933064
4776.385614398195
4775.750289855738
4774.882589207765
4773.8019962218
4772.779753499367
4771.947381146784
4771.355636557852
4770.435311641398
4769.580396775765
4768.872704750236
4768.165696887062
4767.360446680651
4766.404337463885
4765.541243227435
4764.708396615999
4763.937602740641
4763.354612135704
4762.792626250998
4762.033459651691
4761.113289918114
4760.39866041733
4759.989870483143
4759.25899908715
4758.6213533379905
4757.95395350099
4757.202342070307
4756.331010465293
4755.455170378239
4754.707064349077
4754.17996113746
4753.764896827162
4753.520570948375
4753.068022494655
4752.175816099949
4751.0685641197015
4750.126812949896
4749.39345378097
4748.8256062591845
4748.392968456871
4747.770151128359
4746.895426889471
4746.116548371787
4745.42677920239
4744.57379682524
4743.9436894794335
4743.219271008745
4742.585083836636
4741.901784186088
4741.021978527419
4739.61214195489
4738.132703255466
4736.874992973084
4735.540641668015
4734.310174402167
4733.103328971734
4731.997821584582
4730.880912338824
4729.817629922189
4729.002430352406
4728.295234619555
4727.721291215157
4727.29034727588
4726.605015048406
4726.010708411398
4725.251182770174
4724.2829424199235
4723.306741955823
4722.294932634912
4721.383963774117
4720.844164651195
4720.149291101957
4719.399940361544
4718.832569026884
4718.128986955599
4717.210435748249
4716.550766626581
4715.841735207699
4715.349141793641
4714.9280206812255
4714.532598118705
4714.417941249694
4714.340932475929
4714.006194219993
4713.575741464971
4712.960241699674
4712.6834297359865
4712.60851764649
4712.257035885602
4711.265809776267
4710.513091706501
4709.827569234824
4709.086614016694
4708.346937406179
4707.889002085212
4707.271118717131
4706.464245269021
4705.566834177863
4704.754753576104
4703.7789311903
4702.748447459514
4701.812580849724
4700.8099446448505
4699.901490734889
4699.16785681001
4698.3139060518315
4697.845938455246
4697.256469926849
4696.604224549939
4695.891387086288
4695.412562250533
4694.735713616418
4694.104442729471
4693.741126293894
4693.540773656416
4693.184260752282
4693.021709954618
4692.611391346005
4692.115446688685
4691.859081944459
4691.437144551014
4691.433885338925
4691.014517178416
4689.791329033497
4688.574616645688
4687.480856935362
4686.552536789944
4685.739079245601
4684.954133778683
4683.988457790953
4683.141306934448
4682.428911305042
4681.809980687579
4681.076579726265
4680.222140505497
4679.300152779718
4678.496340067341
4677.786294120498
4677.4028049134895
4676.924780053782
4676.5033706808235
4675.86599260724
4675.208997244268
4674.379955907161
4673.59685204217
4672.781540288342
4672.142375931634
4671.396584984158
4670.656328281725
4669.886174163298
4669.243003261867
4668.70372183229
4668.194573008504
4667.730982691185
4667.0826639029965
4666.576281073699
4665.9263783494125
4665.405331169766
4665.023181572533
4664.730075019198
4664.268513384112
4663.732450815361
4663.152900405543
4662.602273767536
4661.786536317822
4661.146695533762
4660.430082410369
4659.958168980403
4659.345520893155
4658.832075416416
4658.041057301042
4657.188177060023
4656.511386820439
4655.777999389714
4655.1395696425325
4654.578430328282
4654.136890480089
4653.844806341531
4653.735578692988
4653.573274539857
4653.391693258918
4652.816389392189
4651.935347849179
4651.184909692495
4650.6634383378105
4650.227318176135
4650.013048012062
4649.733172234752
4649.436068282101
4648.934093676077
4648.328701686436
4647.885541095038
4647.501882285017
4647.0941788948885
4646.882472016262
4646.7328768174
4646.721397712704
4646.60519825338
4646.533512691585
4646.266677506641
4646.080318948151
4645.719792635862
4645.279757755204
4644.82258209245
4644.418768922317
4644.026364562681
4643.482519120623
4642.977708809405
4642.646044735571
4642.475365888273
4642.2527897647315
4642.020723181698
4641.946704682025
4641.887400246114
4641.883597938496
4641.497347476646
4640.915313288023
4640.4955975842895
4640.260031389308
4639.987290023329
4639.555739178702
4639.147510908628
4638.87863323536
4638.589733480456
4638.190316952856
4637.874258874005
4637.567845774396
4637.182495804135
4636.737023508462
4636.333441192453
4635.888877694828
4635.447986179443
4635.180544881105
4634.936276907279
4634.748973308709
4634.433866823032
4634.429704203905
4634.36798657127
4634.284752895074
4634.16721485059
4633.852646173856
4633.575106066612
4633.433282964938
4633.186630035422
4633.240292968696
4633.1045897065915
4632.66526961214
4632.101463385312
4631.696730075054
4631.39369284337
4631.0972037397605
4630.578999347939
4630.200302952991
4629.886874619535
4629.675434077091
4629.415517006919
4629.258128424935
4629.299954632613
4629.146777362124
4628.6429368139225
4628.173038912465
4627.883323404128
4627.755702088247
4627.431843015488
4626.802472569993
4626.196851757165
4625.62161645769
4625.060631088459
4624.625664050025
4624.25784876475
4623.856841326446
4623.346951521358
4623.035993200773
4622.374050898359
4621.703439171684
4621.199196370881
4620.558234050985
4619.977548906582
4619.5878130837955
4619.305466965533
4618.933381957392
4618.543091629773
4618.109417944321
4617.605513134214
4617.204993398104
4616.84947326074
4616.653528940823
4616.426332088685
4616.192349660208
4615.909439208055
4615.785698333571
4615.633093997023
4615.419884486731
4615.2766609094215
4615.263198194658
4615.017943492692
4614.564090206472
4613.923078384727
4613.31759920377
4612.516650378568
4611.709311044003
4610.975759432117
4610.334640200779
4609.69603753845
4609.091813343863
4608.55685346065
4607.882692433965
4607.260127381647
4606.735221065783
4606.460756775358
4606.257001960925
4606.004766264779
4605.327649177783
4604.563471761644
4604.121049617608
4603.758375402751
4603.267164545362
4602.907411232859
4602.494860440489
4602.07307612477
4601.809118743399
4601.592542244216
4601.696490305707
4601.336015986123
4600.6510687115715
4599.949085368755
4599.388580473026
4598.935481973111
4598.6261977828535
4598.552451091579
4598.268991277417
4597.897662317016
4597.376297323774
4597.025897521141
4596.351742207682
4595.730936561508
4595.175621690087
4594.639385244186
4594.022342550554
4593.5178599761375
4593.058014931477
4592.4186039521055
4591.89473591115
4591.479909228889
4591.125833345639
4590.83777087467
4590.456878949005
4590.009949456391
4589.614192997327
4589.246367908829
4588.7693768556555
4588.293970323507
4587.806420657768
4587.234038537278
4586.5238761740975
4585.6150076924205
4584.772576527615
4584.052675693749
4583.38361101093
4582.83428770951
4581.887855108067
4580.857200983148
4580.17341174635
4579.431667952159
4578.450210266141
4577.563340195103
4576.816891856166
4576.147960561948
4575.704272051394
4575.318551704822
4574.878869120415
4574.340598287648
4573.817578997132
4573.214515689038
4572.71424384322
4572.411091279291
4572.060511535272
4571.7467737688685
4571.141760279122
4570.56729218308
4569.939128237114
4569.518001216595
4569.254820386615
4568.98164922718
4568.385188460297
4567.807017076583
4567.286051194615
4566.738359107046
4566.280944120418
4565.897473653222
4565.655028883043
4565.420918995664
4565.1769667282115
4564.809919523415
4564.527185967521
4564.094199175159
4563.728135099329
4563.359830465453
4563.064037454245
4562.836329993442
4562.255868999242
4561.624426514611
4561.039705194115
4560.502308188009
4560.125090486303
4559.789044016578
4559.533652640719
4559.360580526053
4559.112142682591
4558.8301929383115
4558.515032454198
4558.123055385649
4557.71898472345
4557.401654260408
4557.243759108461
4556.993152032859
4556.386717150597
4555.862045308148
4555.480685280915
4555.215631705997
4555.063496653758
4554.965270955325
4554.981762698615
4554.840456375303
4554.77905638897
4554.7019539005405
4554.614760216417
4554.49714312055
4554.361280146507
4554.027885107903
4553.76288542159
4553.598752857423
4553.5056073611695
4553.399830180157
4553.241323923237
4552.9192864418665
4552.665511736465
4552.415335383019
4552.1985002246165
4551.916146900325
4551.48520116145
4551.039588333019
4550.490054562567
4549.969537797986
4549.6163972125605
4549.295799060167
4548.936263155934
4548.591613115895
4548.294284233927
4547.989826075643
4547.772568937005
4547.621170669885
4547.6908168269
4547.552664799015
4547.300479521764
4547.0142050394925
4546.771252139338
4546.745668333572
4546.548699803662
4545.98897138419
4545.516166616536
4545.149387351553
4544.757310651317
4544.558908340372
4544.186828455766
4543.684012887186
4542.924363308362
4542.237643138583
4541.66019238485
4541.23003825552
4540.830546853869
4540.418142035486
4540.34955766317
4540.086867908597
4539.688272440856
4539.136101289091
4538.580484800312
4538.238558449561
4538.014953796769
4537.683450041626
4537.34183034472
4537.044771689643
4536.900303431389
4536.783303807748
4536.539638323285
4536.267368247191
4536.122544436173
4536.0748882277685
4536.054931569712
4536.34234207591
4536.196432615318
4535.695622552213
4535.3093548448
4535.072143088915
4535.014431909897
4534.866110030746
4534.549003365928
4534.199277562119
4533.909470723066
4533.713143529206
4533.505019818869
4533.359857489814
4533.313076530715
4533.458810783234
4533.381094343441
4533.173044493713
4532.982333105139
4532.7908565600765
4532.757242809132
4532.71019576468
4532.544615730715
4532.403923760049
4532.250605293751
4532.230710473589
4532.19588133267
4532.078006170146
4531.911483963709
4531.967396467756
4531.994418249957
4531.750993438914
4531.570036670385
4531.174708432803
4530.769493676639
4530.424838895492
4530.140841155262
4529.921392274426
4529.769653847971
4529.644666339446
4529.529875843174
4529.394940662387
4529.249168382391
4529.100518784922
4529.065213750395
4529.119362747241
4529.036873834017
4528.713090829844
4528.353718963771
4528.115398889405
4527.915565094281
4527.778725637185
4527.653902486945
4527.462458208388
4527.339585834268
4527.297097883768
4527.243007083027
4527.163551080525
4527.066155032872
4526.9202163786285
4526.836677426023
4526.704097267847
4526.586677947167
4526.428861993442
4526.412186842149
4526.338356299138
4526.219824807494
4526.149775338695
4526.213422072955
4526.11736702158
4525.864625475317
4525.662143081988
4525.591858634041
4525.566689451618
4525.6384238174005
4525.526380365699
4525.2199291841935
4524.971638305376
4524.855328182004
4524.804802817539
4524.847001992197
4524.767131795747
4524.671661425758
4524.613279213334
4524.597025517382
4524.535948885738
4524.42845808338
4524.319400647601
4524.157592269541
4523.993136471718
4523.935033128833
4523.901237796714
4524.034680444444
4524.035886851547
4523.905508690666
4523.7521037824445
4523.568113624852
4523.40540833246
4523.440970366541
4523.297850447205
4523.169477871988
4523.061789115807
4522.806461008857
4522.579038789699
4522.446642279523
4522.293322147506
4522.103419610208
4521.922575437364
4521.779101572708
4521.677774388113
4521.547575238807
4521.429646990081
4521.347415490539
4521.192784471171
4520.996729553485
4520.8428173089405
4520.764707952835
4520.695520076774
4520.733562939832
4520.788911357747
4520.868095028704
4520.843601156306
4520.601119412365
4520.417432769286
4520.277676316747
4520.204160152173
4520.131055622161
4520.178538801677
4520.219601920164
4520.12692772348
4520.062481924943
4520.013232240236
4519.959634156045
4519.925733983062
4519.834210366949
4519.806922579146
4519.837572491773
4519.801492565532
4519.77941155644
4519.735578861787
4519.615313622294
4519.500897256679
4519.424003753715
4519.429396319018
4519.446822992241
4519.437186383561
4519.369885133229
4519.221321857468
4519.2115631165125
4519.242821776821
4519.118079363325
4518.985541712038
4518.919692073973
4519.044595871278
4519.071340981191
4518.878999858512
4518.676734974227
4518.528037643175
4518.474526122519
4518.447566174839
4518.380398325612
4518.319936926489
4518.3171611039625
4518.297043160094
4518.292120628988
4518.240849101482
4518.153411204314
4518.1506179787575
4518.163688714118
4518.081173135902
4517.993716607841
4517.973496414865
4518.030737986997
4517.986561218011
4517.911941543629
4517.846954649451
4517.809870431017
4517.843975179818
4517.795748951742
4517.744981234622
4517.647593024158
4517.542595201292
4517.484181577427
4517.495547150221
4517.496314701531
4517.502099793408
4517.464773138966
4517.34654548539
4517.211855470763
4517.073997268299
4517.049826626887
4517.225420669173
4517.2205570376755
4516.960998260271
4516.634546907072
4516.341386879612
4516.127261172789
4515.902220602507
4515.778460625743
4515.63259601796
4515.501074706375
4515.4347681055
4515.384645681276
4515.307268045881
4515.207873629971
4515.118477049764
4515.072220732034
4514.922639417158
4514.872687445804
4514.809797659038
4514.7612080371355
4514.718694339394
4514.714582845921
4514.706857160963
4514.6750745408135
4514.55755713502
4514.471961560409
4514.462223716279
4514.502486318126
4514.438651414729
4514.374248440952
4514.287097633649
4514.233803329419
4514.197273706562
4514.231575147367
4514.2663715507115
4514.236372850615
4514.079240499411
4513.972597797876
4513.899947066495
4513.926296071295
4513.910814963018
4513.818055859562
4513.772336472413
4513.715288935817
4513.698605594605
4513.762245071309
4513.719987130119
4513.529770898178
4513.363642355147
4513.2630927682285
4513.188429786276
4513.17051594667
4513.17966977036
4513.0818479047975
4512.931712220672
4512.88312999528
4512.842315683151
4512.8072543854605
4512.873283643119
4512.717132462175
4512.559918431384
4512.4850760508225
4512.349277960836
4512.271791319081
4512.234595645791
4512.200523772021
4512.102314717814
4511.9370218500035
4511.7906082144555
4511.742280544927
4511.753259059111
4511.6804895057785
4511.600599447436
4511.582510594065
4511.55539553662
4511.530228100194
4511.552961700196
4511.592497940154
4511.6085507958305
4511.607969752937
4511.549585958162
4511.518816492777
4511.509448737221
4511.417799092559
4511.382102259732
4511.369648613021
4511.386768728339
4511.362161346491
4511.276113511114
4511.175659288936
4511.103457247427
4510.976301764429
4510.904434020958
4510.884601839092
4510.854560644475
4510.808806986194
4510.843134836339
4510.83126383643
4510.799526634708
4510.746716572891
4510.710524187624
4510.756056844674
4510.780752901424
4510.753521506247
4510.714402815603
4510.660018872631
4510.697678890644
4510.681456915025
4510.598922352594
4510.492857734472
4510.348259982859
4510.297029666715
4510.309969901751
4510.366485456461
4510.400406230646
4510.366739144528
4510.256347913517
4510.069095921849
4509.907075896858
4509.805753501129
4509.718233505608
4509.5648847533175
4509.446636730383
4509.399465940415
4509.321409450801
4509.269316356977
4509.261276998167
4509.287476350445
4509.283943401632
4509.305695844615
4509.301076334847
4509.202641003806
4509.161710364453
4509.196231102228
4509.19395909278
4509.196196101216
4509.157079688218
4509.0995888378375
4509.07898283836
4509.001558267905
4509.037530596889
4509.043439536406
4509.025926585236
4508.842610429204
4508.702161998089
4508.574422118796
4508.5167788359695
4508.457697925304
4508.427180838406
4508.376304396873
4508.372506339002
4508.4693796447755
4508.392544813715
4508.229999838266
4508.133082314241
4507.937931046388
4507.805677688405
4507.7019410834355
4507.6646281381145
4507.671297633878
4507.690307277783
4507.665465736364
4507.606884494733
4507.531188836106
4507.544339642422
4507.579018296246
4507.607847096723
4507.513460045171
4507.436060737983
4507.309076025634
4507.267230024629
4507.210991533694
4507.071488119032
4507.016037145175
4506.98059394148
4506.981543705925
4506.907619243408
4506.8487919318195
4506.783225933727
4506.738323471442
4506.7082722158675
4506.677381922434
4506.669604758669
4506.62443871372
4506.564941642238
4506.458511934633
4506.403012992764
4506.26728309395
4506.157269677159
4506.175772595735
4506.185786543496
4506.194398041458
4506.17929218333
4506.147576795979
4506.160994665071
4506.131163371747
4506.178476205432
4506.116201431929
4505.992019355271
4505.905129655641
4505.885759527351
4505.8737238342765
4505.811740036773
4505.712994430614
4505.666161049592
4505.691439319495
4505.699539115458
4505.64864863453
4505.603502454076
4505.642302633888
4505.652975125083
4505.6324120868485
4505.636348558626
4505.632473796122
4505.5846551816785
4505.552166413822
4505.4939633928325
4505.505461217645
4505.56853886985
4505.513746073831
4505.421587941508
4505.425310272098
4505.451966818458
4505.400886433813
4505.430745060267
4505.414028315048
4505.338294811124
4505.286308950909
4505.212568299354
4505.24080920626
4505.177482117197
4505.108414302261
4505.146064158494
4505.139657167307
4504.98891163646
4504.889408872161
4504.897575650028
4504.940221680172
4504.966269605011
4504.90386988178
4504.827499747913
4504.7170279263455
4504.650088579656
4504.647742288363
4504.636279911639
4504.63703952181
4504.582787275704
4504.491403862735
4504.364788544131
4504.3109233287905
4504.3890297469725
4504.507710375653
4504.41476276252
4504.269445725244
4504.165686213122
4504.168422215098
4504.203039800933
4504.214686653208
4504.187049011389
4504.103739615
4504.032752126375
4504.002665119489
4504.027415679062
4504.019509514567
4503.96665433242
4503.923066900774
4503.96406449005
4504.0165957404315
4503.993249782844
4503.796976094905
4503.683331910814
4503.63527124455
4503.618764301329
4503.601982835824
4503.612827875103
4503.645257220632
4503.587769823838
4503.437540031134
4503.373695130894
4503.419834662353
4503.340827549804
4503.245976237409
4503.28121735496
4503.243709969843
4503.133972881158
4503.014389262524
4503.060412850434
4503.076781014761
4503.06558824325
4502.9406354354915
4502.892431803481
4502.872524654685
4502.827454394726
4502.787086049739
4502.791081844031
4502.842116830234
4502.842815405811
4502.808294248714
4502.752461505359
4502.733508773558
4502.721575999416
4502.706319105954
4502.713917519214
4502.7117834395085
4502.653364196541
4502.624712172396
4502.675283219991
4502.7318080788145
4502.720953491516
4502.586507687629
4502.574666860854
4502.618726058874
4502.5357827767175
4502.503521563574
4502.482464230405
4502.434821580073
4502.411271568569
4502.3454225614405
4502.342969938882
4502.301054339231
4502.319053489681
4502.3562464760535
4502.329979718298
4502.257618654858
4502.224689510167
4502.219868846162
4502.310650930374
4502.314534348671
4502.257886047421
4502.170655616073
4502.06315326297
4501.973912509034
4501.925895449402
4501.975010123439
4501.972522390042
4501.829538421257
4501.752271351382
4501.678155975281
4501.576182234196
4501.537516805181
4501.471918766685
4501.51256741121
4501.514878895701
4501.467471881817
4501.5386192755195
4501.525105605282
4501.408183745748
4501.254475132392
4501.050072436675
4500.919965639775
4500.881105791906
4500.803703886856
4500.7135206302355
4500.663803434365
4500.69462248325
4500.74353179311
4500.742052891007
4500.747925639193
4500.801741783465
4500.704521470539
4500.4968680265665
4500.282581744196
4500.094706334146
4499.933410697442
4499.786231197124
4499.675290953832
4499.551437373339
4499.386962494442
4499.252846951146
4499.21039718577
4499.183645999221
4499.102912221448
4499.013621270155
4498.966640689206
4498.932256368968
4498.945643733934
4498.959416402924
4498.955931129876
4498.996536507374
4499.073865864273
4498.937513511795
4498.727017844407
4498.548073281011
4498.329700996629
4498.086846076417
4497.910649319932
4497.79016041133
4497.689731256553
4497.551355960695
4497.447261152993
4497.332849382986
4497.218930343342
4497.145489335587
4497.138150061336
4497.154603136894
4497.113167193135
4497.068755885616
4497.169677036729
4497.206207093211
4497.120335169063
4497.007250366134
4496.966750198076
4497.015165016851
4497.040446465489
4497.048781769055
4496.989362179991
4497.062745253766
4496.938312670357
4496.780408166029
4496.604768105555
4496.501750778072
4496.4186173358785
4496.334678256911
4496.2809544457405
4496.286858178976
4496.292869930298
4496.302493139977
4496.331229386699
4496.283047584643
4496.2308975684955
4496.139097848576
4496.00242138665
4495.947008702004
4495.938226561739
4495.780153313561
4495.618944702333
4495.52758523457
4495.503340791978
4495.475669753731
4495.558798369465
4495.512372316225
4495.348206036522
4495.176424175193
4495.051244004501
4494.972363855001
4494.877109216768
4494.768240530551
4494.720504532739
4494.688230663206
4494.679794314613
4494.663304758093
4494.659418897488
4494.891682910737
4494.897622486128
4494.751703996418
4494.5392476036495
4494.372211001238
4494.114529932849
4493.8501003196625
4493.640989195009
4493.490048128232
4493.356608336773
4493.222366209889
4493.2031692380315
4493.178840702458
4493.0420365549335
4492.896876923444
4492.8130637371205
4492.801261322857
4492.809225116116
4492.785582101623
4492.881011286225
4492.870892268481
4492.657012755133
4492.441133516723
4492.203659847232
4492.033223060021
4491.914702736179
4491.752647302139
4491.606719547144
4491.505981551753
4491.393838337189
4491.295791549933
4491.244715580845
4491.243026299153
4491.253563163026
4491.22074760635
4491.1357444420855
4491.134924696282
4491.157061715644
4491.029335322332
4490.942139457148
4490.940547901511
4490.8732963791945
4490.78748178797
4490.74587590749
4490.755548965658
4490.786336819438
4490.756830121355
4490.681906707793
4490.573904340996
4490.477943274487
4490.358665006635
4490.289451684487
4490.3001680432935
4490.304912342263
4490.27145245199
4490.29298889807
4490.345941502643
4490.284584115724
4490.1169419030175
4490.015763487368
4490.015095557348
4490.003253942136
4489.926643864763
4489.91287751804
4489.944128388403
4489.930760005812
4489.875068004481
4489.829731732896
4489.83613670772
4489.8708624492765
4489.848887915798
4489.8104405840295
4489.805722960607
4489.84299992736
4489.802494786397
4489.763998272547
4489.813386758175
4489.819547738353
4489.71684402757
4489.64792098853
4489.587730577026
4489.522252267976
4489.4579768699705
4489.424870694731
4489.4690317270515
4489.453904411674
4489.4614110237535
4489.48291381362
4489.431085264856
4489.372991244692
4489.3115852589135
4489.2800789100465
4489.264434716783
4489.284172279861
4489.305371138224
4489.289465321835
4489.293975792294
4489.250897998833
4489.180277529099
4489.098619310227
4489.091824121431
4489.112832509516
4489.109163211737
4489.173987114641
4489.17545702614
4489.1272257535375
4489.057359200999
4488.966840559131
4488.857823858072
4488.806958285921
4488.788614125874
4488.746493705244
4488.713754450868
4488.721542320438
4488.738407775104
4488.663039214842
4488.605822171946
4488.594735926552
4488.585239638736
4488.547704017775
4488.505255535567
4488.511661879394
4488.569393680608
4488.558333157728
4488.50921503385
4488.5315354415625
4488.54872981977
4488.475858004436
4488.443732184663
4488.4512567508455
4488.447246184351
4488.422075095088
4488.440459176691
4488.42372847057
4488.372230280725
4488.377238503988
4488.421232262893
4488.373758302543
4488.321942778738
4488.342627175405
4488.39412936498
4488.363640026876
4488.297646058872
4488.290372293448
4488.324288056082
4488.347704099726
4488.320854030795
4488.31344285613
4488.336783156642
4488.315885739076
4488.2814087658035
4488.290123738948
4488.354750161438
4488.347960978728
4488.294313317197
4488.220833754189
4488.197888432481
4488.157228041424
4488.085138240073
4487.947449904948
4487.627692022599
4487.232110724418
4486.693824571191
4486.1545160669675
4485.669421774112
4485.217883678511
4484.779626313789
4484.397335191673
4484.049791074144
4483.696664137502
4483.336461542373
4483.0142575839
4482.769093593101
4482.54898311077
4482.2770821435715
4482.026485395491
4481.866983126676
4481.696418768805
4481.479292625026
4481.354545001833
4481.304807986921
4481.202954104889
4481.084001952104
4481.0944805611825
4481.13126637098
4481.124085149803
4481.009833298806
4480.989416637278
4480.795462228324
4480.643703352141
4480.48933672438
4480.358568842521
4480.374711676163
4480.295021802468
4480.1165783953575
4479.899660325225
4479.680497961388
4479.458838527282
4479.242752919659
4479.053855283998
4478.996650616892
4478.942086971961
4478.819574950319
4478.687370475595
4478.6541236112025
4478.647050520744
4478.6222801383565
4478.562675759901
4478.205523613062
4477.860887234753
4477.515067787096
4477.173220461313
4476.847697945136
4476.570692684106
4476.307021715816
4476.004973594299
4475.814880964533
4475.629755674638
4475.414602843649
4475.20742079247
4475.070257063071
4474.939488886929
4474.826238129149
4474.723417021465
4474.659956381624
4474.587938069836
4474.512580823285
4474.507660361014
4474.529724727841
4474.319340339324
4474.053714762782
4473.775079779487
4473.590103667704
4473.395511185151
4473.212532401619
4473.095332561628
4473.018880092212
4472.893719168007
4472.768450102122
4472.704351847246
4472.736007263969
4472.653740565624
4472.5534173116785
4472.487409437255
4472.526966971454
4472.476648354383
4472.371575057652
4472.332418006135
4472.323143705372
4472.233548216326
4471.917075071988
4471.5575868188835
4471.185820773705
4470.854773042374
4470.571013679219
4470.311918843167
4470.035370823698
4469.807071555041
4469.57640880844
4469.371031999727
4469.236457985823
4469.088562952097
4468.933084749003
4468.800458529106
4468.720610056524
4468.589223806459
4468.4122834019445
4468.23414537304
4468.143181256684
4468.089946441186
4468.005238311568
4467.934411783547
4467.939090995422
4467.892048684012
4467.776943807644
4467.733764836512
4467.768949405434
4467.760024166503
4467.715677079234
4467.714168689835
4467.786268282604
4467.854144059949
4467.6879791563015
4467.487813044663
4467.34575250405
4467.2506965434
4467.094579280171
4466.891903291818
4466.773202304351
4466.704113447265
4466.6213599333205
4466.505946881056
4466.490672548393
4466.427881399191
4466.2636789081525
4466.084473135949
4465.9900584472025
4465.9081274956925
4465.756611853952
4465.585636576055
4465.450506971789
4465.3345716374415
4465.235960220137
4465.134669076321
4465.145803623905
4465.203073109998
4465.172174560978
4464.904308030946
4464.742905621968
4464.65023925578
4464.531472333117
4464.426452228265
4464.364769360894
4464.31265171448
4464.263805694157
4464.265731347863
4464.3161537436745
4464.287751232018
4464.218000444265
4464.203843455407
4464.255728972277
4464.312589639176
4464.240710074754
4464.1690673036255
4464.15108388953
4464.1088520615
4463.865143892774
4463.681130171746
4463.526621014535
4463.3367121353185
4463.128464808716
4462.988862826184
4462.901719387048
4462.758270869482
4462.628195649633
4462.470663775746
4462.284570211538
4462.120754103443
4461.960405585626
4461.8677789449175
4461.855693306886
4461.699753730453
4461.537488166754
4461.324284737468
4461.1923877526
4460.905042749557
4460.616272199203
4460.383259854344
4460.239266920574
4460.1974945369175
4460.015630147497
4459.81969589992
4459.666972684693
4459.460453587076
4459.228558748269
4459.072512981331
4459.022231624262
4458.981586506927
4458.563894353603
4457.988443403618
4457.494906481424
4456.985158034509
4456.508300567884
4456.085153674591
4455.687985644588
4455.330846525813
4454.988155370882
4454.625468606974
4454.334723944982
4454.077132203045
4453.781820248392
4453.561568680682
4453.399322193486
4453.215793921804
4453.091071066633
4452.931766045139
4452.744686081035
4452.588465626833
4452.440714808185
4452.326249484088
4452.267604634891
4452.249162776097
4452.274117262363
4452.229537732897
4452.1040340219915
4452.045517542865
4451.985161030852
4451.9447198561365
4451.927691285837
4451.862130845683
4451.758277955534
4451.676884645942
4451.589768653915
4451.463958071148
4451.318400819451
4451.172589492516
4451.1207967392875
4451.112127249097
4451.08442331977
4451.081155272155
4450.952559070416
4450.837449411788
4450.721669258768
4450.653531206213
4450.64397359318
4450.597523258576
4450.474650582996
4450.348640521814
4450.3132316120245
4450.283321034159
4450.204050746699
4450.1562820039
4450.12786318348
4450.011758868484
4449.917090794312
4449.864455602508
4449.814683893321
4449.750201312757
4449.626928078759
4449.515525583668
4449.454043346429
4449.418882299024
4449.381370867876
4449.323470867652
4449.346463274522
4449.246438610662
4449.120985855331
4449.003422216147
4448.943338193895
4448.853587523511
4448.73779112395
4448.62998548506
4448.457915572034
4448.259799205874
4448.070653979843
4447.908169292392
4447.821174839853
4447.752336647891
4447.663636180276
4447.606481312074
4447.619945232916
4447.6397919100455
4447.609763340712
4447.6007223279485
4447.680793963246
4447.68194391273
4447.517009996611
4447.401519888803
4447.3712039481015
4447.35136027617
4447.288745464793
4447.201902417336
4447.202506791697
4447.148684709247
4446.984228928779
4446.8312094024495
4446.744226657518
4446.6598044199845
4446.570979884395
4446.489382311134
4446.4863853504585
4446.486838977163
4446.415540323588
4446.349623353011
4446.32549877195
4446.2386906176425
4446.138555105836
4446.085106442747
4446.049133752112
4446.015242575989
4445.986808175892
4445.929968847692
4445.968755353217
4445.976897070322
4445.91406858508
4445.846622351485
4445.886605415673
4445.909985706008
4445.831893985406
4445.767140780921
4445.807520541448
4445.799482573274
4445.705711808909
4445.561126880858
4445.50473871697
4445.472174077621
4445.433537067135
4445.428222303398
4445.414090563329
4445.382157093777
4445.359342082201
4445.295997063795
4445.235083897974
4445.191806558044
4445.152902494409
4445.113814817643
4445.113187569185
4445.117777987243
4445.126249934674
4445.091217890131
4445.066775922672
4445.044573682633
4444.9841313992665
4444.954905199583
4444.994722177035
4445.037940720114
4444.992893510845
4444.834897482225
4444.759548950402
4444.699213173653
4444.65171953975
4444.604864844763
4444.573629239491
4444.548033219342
4444.535388903461
4444.557684244899
4444.556914034099
4444.516688045739
4444.457779409335
4444.468264644182
4444.486863439326
4444.441423893864
4444.382681296546
4444.371084094331
4444.41092964634
4444.42409236891
4444.396635977172
4444.37430866561
4444.386908438176
4444.3968168806705
4444.388986266017
4444.401129239113
4444.368813790135
4444.361629707059
4444.342011011157
4444.2953504567295
4444.250680073348
4444.226118659189
4444.18580859259
4444.091184651114
4444.101067973189
4444.118435261028
4444.1171787171415
4444.111739239865
4444.120960869526
4443.988828303819
4443.859974031417
4443.747965814471
4443.690268418109
4443.647731906265
4443.608277812453
4443.566389262715
4443.559594644702
4443.528899208405
4443.518865373653
4443.541348400995
4443.569153229295
4443.444480903749
4443.339293174915
4443.292508873453
4443.312479340369
4443.329054762133
4443.305644792909
4443.3149078550105
4443.312447877284
4443.288156893512
4443.271158289714
4443.247911196883
4443.276535463209
4443.272087428313
4443.160147225037
4443.036910349004
4443.03322670215
4443.021000038314
4442.9597812575785
4442.9113579536015
4443.000780479851
4443.034577521741
4442.9515274012965
4442.870397079884
4442.867860722062
4442.859204351395
4442.802400498375
4442.724050073966
4442.7268050876755
4442.7288196954405
4442.714761098794
4442.665260863623
4442.6143531400385
4442.574442107535
4442.534522785001
4442.516201604193
4442.497300064548
4442.477837377153
4442.4918198326395
4442.562171250476
4442.514101888474
4442.468937406432
4442.395560655776
4442.382065805455
4442.432974039406
4442.395812662263
4442.214705028315
4442.074064872539
4441.998964086227
4441.94076353663
4441.859705823363
4441.83093347868
4441.8844147231375
4441.919006783722
4441.876900343584
4441.762587635871
4441.7174944735425
4441.706781806068
4441.6947954063435
4441.687589339396
4441.598186550321
4441.545536772403
4441.48847804508
4441.436580182614
4441.395834900133
4441.292024280274
4441.190914506925
4441.150646711462
4441.1828151865375
4441.155959016581
4441.111790639129
4441.075601253844
4441.083019655755
4441.124772115108
4441.0730895364495
4440.977859772608
4440.801313881609
4440.620646788225
4440.449641127332
4440.373088403719
4440.356161091508
4440.308451962217
4440.254419101601
4440.292120717588
4440.336469095978
4440.314988387109
4440.157751109453
4439.981128888692
4439.852507767163
4439.703076847384
4439.613144462929
4439.577982017361
4439.521832086128
4439.447882208491
4439.407526703086
4439.379928563187
4439.3289141085825
4439.286061336014
4439.222082109337
4439.205505572641
4439.149124319268
4439.096178503791
4439.084532566158
4439.140513100649
4439.113639222435
4438.9747954762925
4438.833613522508
4438.736441865106
4438.725513361189
4438.725077197445
4438.701633540952
4438.71692016031
4438.583925864783
4438.411032822919
4438.265982087908
4438.2139886791165
4438.208225471302
4438.178666306377
4438.14114061147
4438.119573020273
4438.158619124583
4438.084600274289
4437.963408803619
4437.808876564032
4437.7115174198825
4437.590805373166
4437.450937991064
4437.444314416091
4437.494974363362
4437.4963350884045
4437.45708792609
4437.4209239346055
4437.355181100984
4437.262087239811
4437.156135653773
4437.121349940041
4437.160067540242
4437.177059482798
4437.11899521886
4437.048943518182
4437.039673148648
4437.032481290983
4437.0307215933435
4436.985001609255
4436.983296564416
4436.93633926111
4436.874485150025
4436.791902624313
4436.735685445888
4436.626661893157
4436.537278315437
4436.53450244415
4436.516437424214
4436.445055895144
4436.3722265335955
4436.3138441060155
4436.340017268187
4436.352813364962
4436.294020805708
4436.253788139567
4436.299102327046
4436.273883410898
4436.217901110149
4436.109036762186
4436.081689395041
4436.047296664939
4435.857656034683
4435.710295330575
4435.663546640383
4435.629438104563
4435.510940815631
4435.421635200092
4435.436735978985
4435.421546264767
4435.362037685419
4435.342391347567
4435.397296973684
4435.359873902709
4435.283932146414
4435.211582831654
4435.212634816053
4435.214846547576
4435.154098911749
4435.133774741117
4435.171467133702
4435.180518224626
4435.147160838443
4435.12141330038
4435.133339818672
4435.125605166864
4435.078246563754
4435.089641626365
4435.145269146347
4435.074194777905
4435.017833190105
4435.022413117122
4435.034643235477
4435.029408055146
4435.030946654193
4434.99773522092
4435.007655733544
4434.918178326468
4434.767564726157
4434.657012913738
4434.58382102952
4434.509594694789
4434.49853892323
4434.468115638411
4434.431309693411
4434.356504763873
4434.332134740666
4434.284692471677
4434.282133506508
4434.242316282225
4434.233740619976
4434.266171712284
4434.22479246565
4434.186282168463
4434.118614100266
4434.115710389601
4434.151729829913
4434.148964687655
4434.0892871683955
4434.01306142282
4434.007651015529
4433.931700691739
4433.842131649784
4433.8445580358475
4433.895001797382
4433.9200245868815
4433.838580459549
4433.811831838534
4433.834687390989
4433.832325655365
4433.762551219092
4433.663585302657
4433.628684179397
4433.548395205926
4433.439908163578
4433.446480466651
4433.500065239338
4433.428021201727
4433.2828315659235
4433.251872688098
4433.267502695114
4433.268885859305
4433.253263335685
4433.192128612874
4433.170722916701
4433.0973666924665
4433.017698205061
4433.016091676118
4433.094260960636
4433.071862636059
4432.9817128967825
4432.888985566728
4432.910274427738
4432.934823646058
4432.871062823837
4432.887962513698
4432.917832234778
4432.891644266031
4432.820091608036
4432.773700309041
4432.749806487337
4432.68085935149
4432.6811053977835
4432.693734293259
4432.65936226921
4432.572403954336
4432.53445955995
4432.547645833582
4432.532659136442
4432.463764739584
4432.437906874463
4432.3595592189295
4432.349692121079
4432.346534569297
4432.320193193955
4432.2882341964
4432.316895819436
4432.226807015924
4432.178964061985
4432.181339255199
4432.194829027755
4432.200604714554
4432.11621482445
4432.049438322602
4432.061996677166
4432.013598121706
4431.962606375061
4431.888629025751
4431.890463249435
4431.78922234369
4431.722756400513
4431.728645220118
4431.7814089580415
4431.784850529784
4431.752494230586
4431.745637618923
4431.780291667121
4431.770359957093
4431.733953240965
4431.743236157254
4431.783678971923
4431.772482782035
4431.756505973701
4431.733032726381
4431.731265826156
4431.677414499692
4431.672833166935
4431.683004376537
4431.753980244632
4431.696999710377
4431.626819583054
4431.599352928765
4431.6148859043715
4431.613241456406
4431.589226014002
4431.553989356193
4431.577859120437
4431.597811428268
4431.550699047279
4431.540562660391
4431.559759479507
4431.546476418283
4431.517238074317
4431.527978213957
4431.591626372194
4431.558684581277
4431.511539723053
4431.473441273998
4431.515433338768
4431.530857818329
4431.4997853232235
4431.485150291255
4431.512723900807
4431.496182406881
4431.455055781991
4431.46261469463
4431.5215994666605
4431.472725129001
4431.401297491439
4431.394021829785
4431.4527753055045
4431.442937087483
4431.387335292451
4431.334518948451
4431.376884075979
4431.374823158162
4431.381995769258
4431.370444237653
4431.376965781727
4431.348847889247
4431.31671830737
4431.322813277723
4431.394895698439
4431.341973088109
4431.276410790729
4431.270643411664
4431.364747976896
4431.365422716314
4431.280021273891
4431.258955438497
4431.288002405697
4431.31979803151
4431.302758965189
4431.274185841212
4431.290251178213
4431.274184531364
4431.227786932582
4431.233023063847
4431.298151152351
4431.267748504148
4431.1921001178625
4431.137979312069
4431.154437859808
4431.184172284319
4431.204029321244
4431.189017756612
4431.140306589763
4431.08649394498
4431.0171722822515
4431.02458818924
4431.043315437315
4431.112848340691
4431.112427452835
4431.072356362936
4430.991088452716
4430.904207871071
4430.766338621725
4430.671784492013
4430.642444572763
4430.578043034349
4430.556411290455
4430.557702077456
4430.563282278439
4430.492619596013
4430.352809550793
4430.273138251589
4430.262075898602
4430.189185126817
4430.114404922793
4430.114903593457
4430.115449065132
4430.0830175017745
4430.041900105834
4430.026933244571
4430.079914902391
4430.038350579438
4429.9623680723425
4429.904976972543
4429.953860819395
4429.93061824755
4429.906712445109
4429.930074011478
4429.93535212922
4429.864314816643
4429.838496269819
4429.856467326162
4429.98772611028
4429.951395561586
4429.833021131717
4429.750192616917
4429.792328189181
4429.8521268147015
4429.807384196949
4429.750091439697
4429.760228806443
4429.667772049285
4429.576975402816
4429.52041201966
4429.552645403902
4429.539941283495
4429.537532232538
4429.57445911996
4429.546017104336
4429.479931474215
4429.445391521986
4429.461739040729
4429.457856743449
4429.428311905556
4429.424841533402
4429.447701664963
4429.428783431422
4429.409384721259
4429.381800980632
4429.442173872737
4429.479806376169
4429.417262298183
4429.343888698942
4429.33176002754
4429.360703749364
4429.3772189170495
4429.3447475590565
4429.327804298479
4429.330526680155
4429.316826763041
4429.3089864775875
4429.333004647621
4429.334656727271
4429.301625699665
4429.279410021338
4429.299361132438
4429.328147674926
4429.306956725186
4429.265566506616
4429.257431191428
4429.314727995485
4429.337178237656
4429.272423645967
4429.258062071106
4429.2915709348945
4429.24357962502
4429.213417264759
4429.182402070385
4429.20431218309
4429.2101731723615
4429.162636030065
4429.134108690191
4429.167823848188
4429.122891316524
4429.0819450176095
4429.076339082904
4429.129711092713
4429.130487409995
4429.072687575573
4429.05127963047
4429.12037171341
4429.122846903299
4429.074036701919
4429.060751126294
4429.079047664451
4429.068364351664
4429.018074322725
4429.062611765478
4429.120023149392
4429.02987500737
4428.9473793009465
4428.964157496191
4428.997641845403
4428.982717095975
4428.918683864081
4428.923699029833
4428.933045971593
4428.868333450136
4428.863298652817
4428.86956226699
4428.89139181321
4428.824514011093
4428.724529408616
4428.6666860993755
4428.674295222063
4428.644445893434
4428.575815225875
4428.54362219736
4428.5240486356815
4428.516163911
4428.526522866637
4428.524770785391
4428.523426952646
4428.516149382638
4428.510216132481
4428.511119596011
4428.4732616004885
4428.441175123188
4428.329371018297
4428.2365981675985
4428.196783172623
4428.184884884834
4428.155900589192
4428.138067257223
4428.149682730343
4428.070981609947
4428.004305444043
4428.022107829264
4428.041541891324
4428.083282650492
4428.03271760856
4427.971393536771
4427.953526338109
4427.952526798124
4427.93113454244
4427.898999086769
4427.912249024985
4427.93706400604
4427.892931281407
4427.845821549707
4427.834005835426
4427.8223339026135
4427.836640920911
4427.842811120347
4427.808051666563
4427.8055272516585
4427.80716308118
4427.827254084187
4427.827933547421
4427.773762380645
4427.73398565059
4427.712169144024
4427.724631418336
4427.711238661915
4427.732667033167
4427.753696243513
4427.73907552003
4427.655247436486
4427.64612705622
4427.633664707806
4427.60551308716
4427.579937788185
4427.577747074447
4427.565621399318
4427.5774935325335
4427.565032386167
4427.5460973949985
4427.524757568495
4427.528117048544
4427.515247671126
4427.532560725704
4427.552372370467
4427.54479263971
4427.495211454092
4427.4570202591485
4427.44754180533
4427.493976766986
4427.466946601039
4427.43147629738
4427.417179977803
4427.450614859844
4427.451867781811
4427.418638263264
4427.407743367938
4427.4132027756605
4427.409437769176
4427.414481067542
4427.415833153752
4427.43116029789
4427.443704661404
4427.409421736171
4427.3686679443545
4427.378278897964
4427.396996971567
4427.390786337597
4427.373028570028
4427.368831282007
4427.369960810248
4427.365200630901
4427.415608023992
4427.403491783478
4427.333781406616
4427.279822047831
4427.2456270025505
4427.2741153098505
4427.285487967078
4427.2358542592965
4427.241659809481
4427.258462957825
4427.213809023282
4427.148681305499
4427.138232562847
4427.195884559931
4427.211943134455
4427.169541419844
4427.135500920423
4427.185483671357
4427.1619806005565
4427.131403665981
4427.1419504955165
4427.187896585649
4427.172622946698
4427.126584161922
4427.131223804562
4427.166790533976
4427.1601266486505
4427.122927070173
4427.142463035161
4427.179216847394
4427.158235036591
4427.12002715056
4427.1219061083875
4427.173716956361
4427.165601440455
4427.132140842126
4427.139448185824
4427.190876990721
4427.175915769442
4427.123518946306
4427.116962607288
4427.158858533512
4427.149992599848
4427.139105440687
4427.135587495871
4427.1569489567355
4427.132425088798
4427.111350278295
4427.10189896925
4427.144988185967
4427.145520311374
4427.120991096821
4427.123058477382
4427.159443434815
4427.1368234142965
4427.09530977721
4427.105394392127
4427.175296858591
4427.166825242632
4427.106821867198
4427.113220250079
4427.152324726529
4427.12536932087
4427.080244416455
4427.112123309528
4427.161473774695
4427.129510240242
4427.076647520721
4427.087591397675
4427.132104242484
4427.116584433596
4427.0837455824985
4427.087932150704
4427.137216394965
4427.136202919659
4427.102745803928
4427.092578809008
4427.115637714424
4427.08728940915
4427.092630825573
4427.1117027460405
4427.110905021086
4427.055912494594
4427.051588923073
4427.083176993498
4427.117186503737
4427.07996530262
4427.042994807421
4427.036970765521
4427.035980976224
4427.026600546437
4427.001452091714
4427.0262307084495
4427.045768574372
4427.0287167756405
4427.020010651077
4427.037773723971
4427.069010729321
4427.048493521707
4427.0200644022925
4427.019080919883
4427.008315854658
4426.979612113614
4426.975711128026
4426.996206167658
4427.013085205929
4426.980474683049
4426.946465622051
4426.951931753583
4426.975206944446
4426.9595428579305
4426.966178624006
4426.9715220683165
4426.926192744689
4426.904464351377
4426.894582232821
4426.928361344234
4426.932070594434
4426.878743596829
4426.837693454715
4426.867374093032
4426.853658088414
4426.828069502865
4426.759340219054
4426.737336977344
4426.783045007083
4426.816773239721
4426.7997220163525
4426.748746153833
4426.728503819484
4426.746814514818
4426.725558138843
4426.71249538203
4426.711395439096
4426.672641479492
4426.639619195501
4426.662206418587
4426.6316344577335
4426.593552420902
4426.595264688013
4426.624391127085
4426.627552692223
4426.601164429069
4426.577558375999
4426.598715587505
4426.634999112058
4426.593557342771
4426.549978786961
4426.565710164434
4426.601757407782
4426.603089614602
4426.575409160197
4426.53737093338
4426.558036677558
4426.569550123851
4426.566573994685
4426.524302238682
4426.491758767635
4426.47778096553
4426.433995473829
4426.447494449146
4426.449470343635
4426.439827984002
4426.43098687888
4426.473685166949
4426.463379013518
4426.439435046282
4426.475349346907
4426.480714692769
4426.463590476026
4426.415083215279
4426.375947679604
4426.429968203871
4426.464859872308
4426.405907820388
4426.348657609041
4426.367550681782
4426.403099129023
4426.411734543484
4426.38608341759
4426.360544890486
4426.3661998101
4426.354688728883
4426.33933180239
4426.339225394411
4426.3573140303415
4426.315763061182
4426.310617828683
4426.336783848568
4426.427984074917
4426.396044373074
4426.27550968349
4426.220819694734
4426.2080214463995
4426.1765244272665
4426.119571808565
4426.13863903433
4426.181593222839
4426.173741063583
4426.157283866926
4426.132000948133
4426.084753559185
4426.041541162248
4426.118824003986
4426.155047325753
4426.135936393726
4426.032855240112
4425.914114164679
4425.83967616444
4425.792528851486
4425.770717336532
4425.800763399605
4425.844664681948
4425.8341465096155
4425.769151599819
4425.738332833283
4425.847521098396
4425.879907508436
4425.79238178813
4425.651586414464
4425.556694731355
4425.506801147445
4425.455424263877
4425.430186173137
4425.430399279596
4425.523595737851
4425.515308563453
4425.46121368545
4425.376006634416
4425.245537345735
4425.112825378385
4425.009432962362
4424.9334073611035
4424.920740547605
4424.89852597543
4424.841512748133
4424.8640003036435
4424.859848685552
4424.726518101508
4424.5957771099265
4424.526717467047
4424.498476078494
4424.397943600554
4424.31811011118
4424.352396927771
4424.390864791294
4424.358196278593
4424.406061932801
4424.422388403441
4424.296910325189
4424.142097493445
4424.0615319693
4424.046487659585
4424.065942628148
4424.094899452027
4424.046752034703
4424.029117714291
4424.070763146329
4424.065109060286
4424.039581846815
4424.064212209462
4424.070893852186
4423.95731758853
4423.887552909208
4423.905116070265
4423.8969991255035
4423.858942545599
4423.842350092134
4423.856731958119
4423.89818307822
4423.860679746075
4423.830306882027
4423.862035356857
4423.866565002775
4423.8167947019965
4423.779525980363
4423.74908819626
4423.747780776235
4423.674358356535
4423.637119796721
4423.633101451122
4423.687951384341
4423.652885411061
4423.584132546613
4423.537891129796
4423.563240523355
4423.560371229063
4423.534363395741
4423.55354418683
4423.514475482648
4423.466984265679
4423.436196342942
4423.4681390085025
4423.509964079541
4423.467335506718
4423.457673374816
4423.447929088865
4423.401269353917
4423.24423649648
4423.1229951365385
4423.096791305967
4423.128654989578
4423.119332859787
4423.114344904883
4423.13033236944
4423.086198306553
4422.960348380605
4422.869594581869
4422.876376464854
4422.9129733409145
4422.921094363342
4422.895918900617
4422.868587906253
4422.855332495244
4422.813801767587
4422.812248797334
4422.833476363179
4422.826196395597
4422.751580540194
4422.710839400609
4422.758649323543
4422.788263463231
4422.76194094399
4422.669841669747
4422.585775660176
4422.5679945784905
4422.527799677918
4422.503383852967
4422.535002131902
4422.595508790775
4422.571527911221
4422.470017609893
4422.489171164784
4422.529875776698
4422.508942630476
4422.513949481677
4422.535233581568
4422.53442477471
4422.418057851086
4422.298465556623
4422.248228624507
4422.238130613135
4422.209918347559
4422.188329682265
4422.1772504749915
4422.2210604602315
4422.289665365795
4422.215035745816
4422.072828691272
4422.017462924519
4421.943751397085
4421.875177987497
4421.842252154805
4421.854091838098
4421.820161111321
4421.77777369731
4421.780200405664
4421.833674066509
4421.750406021069
4421.6727270084
4421.662048983355
4421.690436015879
4421.68296999459
4421.755256649271
4421.727956508771
4421.744544260609
4421.628437702871
4421.501708672145
4421.425671776949
4421.352468792019
4421.223503029456
4421.1431155885975
4421.1564924368595
4421.241844676614
4421.236541719269
4421.147177966925
4421.094584870025
4421.120586211879
4421.158269711137
4421.163328601843
4421.141853478574
4421.074123755068
4420.945286264586
4420.843510710331
4420.798889180531
4420.77379521728
4420.7102375777795
4420.671518497396
4420.600635294522
4420.56743367879
4420.523237659116
4420.548997489217
4420.558052717539
4420.543374735789
4420.497425568802
4420.313960560598
4420.194776729454
4420.127659630816
4420.043945370602
4419.908739213938
4419.821917959624
4419.788034501395
4419.664173604262
4419.570445405226
4419.508557673114
4419.56416101984
4419.62150952956
4419.5912240232365
4419.564540813053
4419.52160140973
4419.34173786466
4419.185174989107
4419.049629354077
4418.974523077753
4418.846787109113
4418.6838691342
4418.533767840044
4418.46401345783
4418.370729742964
4418.2493774499135
4418.180191265045
4418.194422960275
4418.14668146281
4418.038123033613
4417.967387126751
4418.020137041405
4418.042053532642
4417.991060498932
4418.082736678398
4418.08908855757
4417.935952605442
4417.814666307103
4417.782342055663
4417.769131471563
4417.698656953197
4417.600521003503
4417.562807238568
4417.590175130096
4417.606325180065
4417.583145694819
4417.46887768617
4417.356906001832
4417.2021163820045
4417.039352837382
4416.940923698894
4416.915366170139
4416.88921940358
4416.862601475629
4416.869145597863
4416.969435873664
4417.005254436973
4416.918380338864
4416.775484486669
4416.70773253541
4416.655809649868
4416.607178120469
4416.611585595252
4416.627566138275
4416.632233438754
4416.591840245471
4416.529266464731
4416.528500175037
4416.511103944027
4416.45851231161
4416.460282987749
4416.645176656121
4416.671855577792
4416.500864241769
4416.330951727544
4416.227114371658
4416.132302509136
4416.020876588119
4415.963671843764
4415.976635211801
4415.978753702129
4415.938092191158
4415.988059254831
4416.044633902823
4416.068397043549
4415.9224348861235
4415.79642354578
4415.758704592677
4415.733232217138
4415.698570551216
4415.735008565779
4415.887758580615
4415.848987721036
4415.757905370343
4415.66458685092
4415.625341678799
4415.5610531319835
4415.467426653347
4415.423937892614
4415.45543655525
4415.507496993531
4415.5052595149145
4415.479400786575
4415.504428189498
4415.456545570955
4415.383674218176
4415.393396596191
4415.435800469243
4415.425506649568
4415.37683201169
4415.381087382671
4415.370086427308
4415.311621425378
4415.220784190555
4415.177135483539
4415.195016307496
4415.1872118333185
4415.346656464691
4415.322873644153
4415.1530646465935
4414.8918458197795
4414.637413962948
4414.455792427282
4414.348424654199
4414.2725927000665
4414.117339405032
4413.948250318658
4413.844085378814
4413.77019968037
4413.715872638389
4413.695232118013
4413.7112147155985
4413.873688842183
4413.865379353571
4413.751379147501
4413.645526794571
4413.534070775152
4413.4078191312665
4413.355511201924
4413.377472736369
4413.338378422531
4413.280942820451
4413.275696955339
