6729.098738845372
6728.658995171106
6721.209280455748
6713.142012770533
6704.739649283216
6696.286830583869
6688.0013283457265
6679.882053741398
6671.931138345142
6664.170828126701
6656.496558763389
6648.953578467002
6641.581502580509
6634.382460818497
6627.358463742898
6620.511575325482
6613.38716246013
6606.284208687463
6599.351658291239
6592.567390665987
6585.964240134111
6579.506716825999
6572.990298084209
6566.661402848507
6560.458221379971
6554.458260018737
6548.63726457035
6542.142857514207
6535.741414639781
6529.417398433844
6523.301395921829
6517.325740469645
6511.536671183746
6505.826001147401
6500.231014317517
6493.909943075542
6487.636747806072
6481.480808790577
6474.43090222483
6467.327524402116
6460.386119271202
6453.420923436673
6446.482249459969
6439.770085998292
6433.168790420103
6426.473780806195
6419.804425516107
6413.251338144554
6406.8950067130945
6399.653853259513
6392.54292367715
6385.66759224675
6378.906582840851
6372.359385664639
6365.962594603265
6359.507251731669
6353.280793318797
6347.279487155637
6341.544803972373
6335.998584488782
6330.471536255498
6325.070959959509
6319.962818677487
6315.0687115322935
6310.367350275755
6305.075967269976
6299.777606095994
6294.748930328214
6289.934390419982
6285.2950997835915
6280.803941281703
6276.498814617932
6272.325736613471
6268.241634913874
6263.7834864908
6259.475904571808
6255.293407911683
6251.265178923324
6246.970043716743
6242.333429078218
6237.931997923436
6233.66097249992
6229.257508857982
6224.91813877086
6220.649167467641
6216.583623038088
6212.645976750564
6208.873882245969
6205.079559247658
6200.49865045251
6195.679251093486
6190.916498298069
6186.390474925646
6182.127189808702
6177.862357486902
6173.773019579954
6169.988947150638
6166.471262735137
6162.889370326355
6158.881330454251
6155.081309819086
6151.511229058697
6147.665983319917
6143.804464080395
6140.03854773697
6136.347555163118
6132.684921542887
6129.01037475988
6125.607572525349
6122.412414474436
6119.422029369617
6116.6142279800915
6113.867400404902
6111.299868834261
6108.812445647351
6106.27471655456
6104.015314625146
6101.707835456891
6099.1304146106495
6096.603430062208
6094.2922918067925
6092.092415140939
6090.092424866732
6088.15752597537
6086.5072512063125
6084.89563498049
6083.4780342436015
6082.181233047752
6080.983218755844
6079.721227679528
6078.574899920661
6077.506345512549
6076.710622610206
6075.935597259327
6075.105735583612
6074.264226940438
6073.636207328936
6072.977234558589
6072.060124251486
6070.869157634186
6069.843972819672
6068.859403474325
6067.987829458528
6066.922372703949
6066.023108553451
6065.2208311021695
6064.508481148311
6063.798303855515
6063.036029669521
6061.935036317759
6060.983941143183
6059.754109459678
6058.690262432038
6057.529264074493
6056.392611428226
6055.275825338568
6054.015537284138
6052.715998881098
6051.519933889308
6050.235881099051
6049.112614633991
6048.04527352709
6047.12322864992
6046.180633816924
6045.294707336166
6044.559574788528
6043.899827929308
6043.219038412316
6042.615677418559
6042.0431298569365
6041.679214739033
6041.206405071812
6040.840982258977
6040.418080735435
6040.1831315192785
6039.847494130721
6039.624701004995
6039.51617817989
6039.451074290472
6039.021864386437
6038.411316877197
6037.841467457013
6037.328868231895
6036.794676384857
6036.341644869782
6035.568126087669
6034.595014127055
6033.427640270102
6032.323047894947
6031.320630719501
6030.4727749609965
6029.540329510235
6028.642610849696
6027.641766187135
6026.549517761977
6025.482463926422
6024.388126089785
6023.335606706923
6022.453257877697
6021.576540897299
6020.753668800456
6020.035288708227
6019.466026272032
6018.947668056772
6018.3934226908195
6017.700306035867
6017.146309900735
6016.5386488406475
6015.726046804811
6013.908475278166
6012.214321054086
6010.614263032239
6009.025470601579
6007.4399041095485
6005.969781645358
6004.5623023039825
6003.296215691137
6002.087915847341
6001.00089408802
5999.973373662119
5998.734715082647
5997.086031842175
5995.606627406105
5993.568931708484
5991.466557652394
5989.3938842098
5987.485222954347
5985.3290233726775
5983.188610715335
5981.1796402372765
5979.26760152306
5977.272753892473
5975.359364858275
5973.502891916126
5971.790824715345
5970.067312804344
5968.428385870554
5966.785170400635
5965.2027233214785
5963.644848591169
5962.189326453365
5960.705078438279
5959.388163278607
5958.1096548914265
5956.785502957403
5955.502511909227
5954.41037580973
5953.278372308025
5952.172330376708
5951.107198257915
5950.182651036286
5949.175080087068
5948.213650885754
5947.382888039905
5946.683961728466
5946.021985426729
5945.37244711519
5944.7623316110685
5944.177251881978
5943.623421765608
5943.18950543209
5942.773860198406
5942.5018636895265
5942.1264452181595
5941.847461784502
5941.474412311422
5941.178658665271
5940.889242965328
5940.7406536196495
5940.590226552932
5940.56981763039
5940.573764808175
5940.439486338668
5940.005344140911
5939.699984444797
5939.430354747098
5939.092996360964
5938.772266477791
5938.566220165979
5938.321226307517
5938.15331005766
5937.940778153196
5937.779121344541
5937.40187947823
5936.8665498325345
5936.24774320489
5935.805857810895
5935.386828154171
5934.983881850321
5934.666559141999
5934.387805907684
5934.0181902717695
5933.695854550783
5933.390361779953
5933.105381703741
5932.787433203826
5932.5775577584845
5932.322534380719
5932.257760214747
5932.033471429776
5931.900371516393
5931.679602743953
5931.566006578033
5931.42655140933
5931.46989339269
5931.258501089722
5930.663873360273
5929.976622116067
5929.409351224029
5928.91073382071
5928.46713217031
5927.982929547487
5927.463310209871
5926.916732261544
5926.475766951299
5925.944179878655
5925.580372302636
5925.240055489767
5924.790516593569
5923.832667778969
5922.982353102794
5922.139543424073
5921.319067527403
5920.209511841526
5919.207864393973
5918.206434298465
5917.4271079401
5916.59487104449
5915.813958056758
5915.041200002726
5914.456302373996
5913.802625713021
5913.278781547205
5912.611257243548
5911.768215669465
5910.894538502542
5910.02708380419
5909.218378960903
5908.447158593791
5907.5690908098795
5906.826013917234
5906.099920987039
5905.497162517301
5904.853204336649
5904.287000795667
5903.729858393898
5903.220668333982
5902.578866412471
5902.056136312822
5901.610677378998
5901.24776318767
5900.770362464231
5900.373619834434
5900.029839135409
5899.747435468241
5899.432236099629
5899.20644105632
5899.031184330826
5898.97437546574
5898.760793745246
5898.5461916438435
5898.346040914582
5898.225313789584
5898.077895680162
5897.905212542671
5897.762420184799
5897.70465558355
5897.609218508478
5897.028792504619
5896.339892945176
5895.660523845566
5894.986026745884
5894.344987567688
5893.649456378935
5893.082161621698
5892.466092753441
5891.967381481013
5891.342915746942
5890.820500380046
5890.234455719357
5889.765533643149
5889.226446507419
5888.749253316065
5888.2473718896235
5887.851664624085
5887.408334871778
5887.037288409597
5886.555910919344
5886.181279930639
5885.799065454344
5885.479410647795
5885.088374059616
5884.8036470292045
5884.512329835742
5884.206316492036
5883.606326398445
5883.00935217849
5882.408586973463
5881.749881266244
5881.049520827928
5880.415001524039
5879.629457278001
5878.8907348548655
5877.98013339986
5877.142626612811
5876.237761695391
5875.456854043336
5874.689726268392
5874.0691240253245
5873.389384547276
5872.8324971924285
5872.166572607779
5871.544590028367
5870.932316183301
5870.111010209861
5869.304428581257
5868.6320355589405
5867.941511510874
5867.363805365085
5866.799147481878
5866.324854747841
5865.859268190323
5865.475423158849
5865.047208366777
5864.682333772982
5864.339947455163
5863.814745310222
5863.307836849517
5862.847741315676
5862.390544909833
5862.002391113892
5861.578308032167
5861.235696370249
5860.924022543553
5860.623772033036
5860.319468398471
5860.076296676923
5859.830470609207
5859.577589513301
5859.31608144058
5859.116878661911
5858.892627320307
5858.75009524722
5858.544054833622
5858.386079832525
5858.172510782134
5858.0549563473705
5857.881595318339
5857.828769601461
5857.691274781191
5857.592723130797
5857.469372246874
5857.448016036025
5857.351284664499
5857.309668361975
5857.2098075992335
5857.185023674429
5857.210012865967
5857.175665540068
5857.1180697518175
5857.05926576258
5857.052948293521
5857.022093623803
5857.007333470548
5857.014253880946
5856.963989929786
5856.88353872311
5856.808032406655
5856.746061360935
5856.710804315016
5856.679945607774
5856.687385561674
5856.70875603839
5856.698458628034
5856.651199219205
5856.610896496017
5856.587200866483
5856.53131646755
5856.504295778562
5856.498135872205
5856.484434821429
5856.485250918808
5856.4442745277165
5856.4132257179945
5856.400723402055
5856.4348221720875
5856.3829709126685
5856.3294438690045
5856.277613652789
5856.271556611528
5856.215296400369
5855.500786137458
5854.628380618108
5853.839724646801
5853.088847585247
5852.398923848845
5851.6924744171365
5851.0092111981185
5850.310649581076
5849.641136284994
5848.992769431657
5848.368559465853
5847.767087753692
5847.239685911069
5846.33285835921
5845.301009781748
5844.284149607821
5843.31703490814
5842.361688404221
5841.464810885635
5840.612953413762
5839.81201297483
5839.03958844111
5838.337354270456
5837.639997820795
5836.998539952409
5836.359398755451
5835.781655375217
5835.253245531381
5834.754139090405
5834.287206924737
5833.884269105671
5833.51455922805
5833.211361404455
5832.903419265842
5832.637822565379
5832.422256493757
5832.265663135151
5832.044586797983
5831.890658730234
5831.788250118017
5831.675623003198
5831.6119261641925
5831.527613180894
5831.479729518849
5831.412075593101
5831.380088774047
5831.416225615792
5831.388541154893
5831.3682592864
5831.309800667965
5831.31918270016
5831.299261191842
5831.331928618053
5831.304536590004
5831.30445747422
5831.296746923113
5831.252962326816
5831.2161354863765
5831.21901843775
5831.21695613699
5831.192413180082
5831.168923361746
5831.192301206559
5831.216931323785
5831.178916097297
5831.135066441643
5831.13256202983
5831.156787242973
5831.145805552398
5831.096577036257
5831.088265959544
5831.107818747352
5831.115584606092
5831.0944293685225
5831.064861352528
5831.042143390731
5831.0016869688125
5830.948097670385
5830.934637541405
5830.949237861977
5830.946049294513
5830.936728552191
5830.943904466607
5830.931103079972
5830.901166745953
5830.856197201341
5830.852672457249
5830.875731220705
5830.864702667992
5830.811488891626
5830.800152774832
5830.81549172057
5830.8142618575075
5830.802351617507
5830.807616415158
5830.799230531231
5830.773325401697
5830.733501678248
5830.733967290752
5830.749973921758
5830.728006504028
5830.692864007429
5830.697668991722
5830.733660605276
5830.731307029232
5830.679765291212
5830.668586146389
5830.685157093837
5830.684767891504
5830.653251717145
5830.636046818569
5830.645929673064
5830.639587230122
5830.622206299221
5830.632352373183
5830.624784364716
5830.5797244205905
5830.520015909604
5830.501987487308
5830.511072890568
5830.503227115622
5830.188952598452
5829.859516776543
5829.487180750309
5829.090176259331
5828.680488467075
5828.349957458787
5828.048684230947
5827.747403322666
5827.417244813199
5827.166502508145
5826.944640011353
5826.737988504232
5826.466427918438
5826.249970380627
5826.045766715561
5825.842852246952
5825.625903860636
5825.489698638557
5825.380758451908
5825.242573241624
5825.08986852885
5825.017622021112
5824.977595590409
5824.905145087249
5824.833359115755
5824.789348358286
5824.772671372151
5824.755576104127
5824.689431956812
5824.704825533789
5824.732950483107
5824.6960327044035
5824.629382518805
5824.623637220842
5824.651834916948
5824.657945498785
5824.634121859991
5824.605307388194
5824.609520571241
5824.589106863271
5824.557247650033
5824.563507723325
5824.56168416409
5824.540891382477
5824.507129345508
5824.507648077553
5824.547118402839
5824.538595588244
5824.489990745951
5824.469130826654
5824.480865095665
5824.4983538543665
5824.432383241171
5824.42820037943
5824.430594483603
5824.4377462410075
5824.4098503965115
5824.424687884567
5824.389385799474
5824.358226185788
5824.303904100907
5824.317831575844
5824.295542158196
5824.277027989476
5824.2484945762
5824.279880488438
5824.29406236106
5824.252799074462
5824.200559537646
5824.201539315899
5824.233239777671
5824.2178677136635
5824.163866024589
5824.163269316802
5824.196301185711
5824.176580171633
5824.133111773612
5824.146034596439
5824.149801546426
5824.116630806387
5824.073844192074
5824.057194542999
5823.703380124464
5823.2434395397
5822.835391768383
5822.4806877804685
5822.190171171975
5821.731000390543
5821.169318749495
5820.658431907878
5820.207736085823
5819.720062292739
5819.284056128771
5818.853091690143
5818.4705954202145
5818.05323374177
5817.685595123511
5817.379099523784
5817.1031174200525
5816.770797507908
5816.49638057359
5816.248924442826
5816.064300092144
5815.845248262875
5815.678343229821
5815.57847058988
5815.484336896306
5815.330675149065
5815.23037618221
5815.184174935355
5815.208098409065
5815.172513567088
5815.109212689027
5815.100037969468
5815.123196269362
5815.126385503761
5815.056181369407
5815.040345330569
5815.055488302239
5815.0454110024375
5814.987170070366
5814.9838592653305
5815.011134674043
5814.973608974812
5814.920830586837
5814.9233027134005
5814.939777471391
5814.922277924088
5814.905474105265
5814.891462721022
5814.909203696106
5814.895980174578
5814.8401580214
5814.8377100834305
5814.8677577826575
5814.832051698136
5814.782911228351
5814.787510998702
5814.806229539395
5814.7900617278565
5814.76905516274
5814.757424495431
5814.77729649201
5814.764886284833
5814.712423860304
5814.714932443071
5814.72711293931
5814.70579902129
5814.669228828825
5814.6738346301545
5814.716497318685
5814.6863357868215
5814.641113289699
5814.652939518397
5814.6745782415865
5814.661642976936
5814.608022137041
5814.608540814494
5814.629872372843
5814.616105043742
5814.596972122419
5814.602121075248
5814.5983538676055
5814.544693901818
5814.477720971823
5814.465012611083
5814.4846059682795
5814.469718569294
5814.440221332161
5814.4793180529805
5814.476433025385
5814.424982334803
5814.358486514727
5814.347547662544
5814.367637353057
5814.354291894647
5814.29781522953
5814.2965531972
5814.338210634846
5814.310856499701
5814.268646246782
5814.284116236427
5814.2905788805365
5814.261795329064
5814.219196784246
5814.212486344222
5814.2386461822425
5814.2087357268565
5814.165376347439
5814.175675099586
5814.224186819665
5814.210833219406
5814.14736944508
5814.138065387199
5814.160229671997
5814.14830195852
5814.121439949398
5814.1042478520685
5814.1182799194
5814.098942173198
5814.064313416934
5814.091746635541
5814.12173612284
5814.069072743567
5814.001541761382
5813.988761162045
5814.0078283400535
5813.992333312666
5813.802735785537
5813.409625624402
5813.053928517848
5812.667692410824
5812.27459165592
5811.916429746503
5811.59564970433
5811.244506682793
5810.884555940849
5810.583855298248
5810.30365817944
5809.994730447636
5809.677121978021
5809.420776616633
5809.205837939442
5808.944561697566
5808.66391221642
5808.449761035281
5808.281437093035
5808.09224594404
5807.890224542461
5807.7508222581
5807.659445321375
5807.517014923855
5807.371893269366
5807.2933339697465
5807.259845786335
5807.204397674512
5807.132654673242
5807.127950536047
5807.169321805196
5807.16038319897
5807.130932264024
5807.103095967986
5807.107262188739
5807.090951859322
5807.058354279783
5807.035548246375
5807.006499045374
5806.958548219323
5806.9103717240405
5806.939376328763
5806.983690268485
5806.93633708126
5806.841639427697
5806.817367122621
5806.839184074096
5806.841952622722
5806.790725348441
5806.794820398681
5806.804057281533
5806.793709690965
5806.770982752005
5806.800044286623
5806.783780327592
5806.747634800433
5806.713282289381
5806.724179054524
5806.755431585223
5806.713256302955
5806.655284598351
5806.667993825831
5806.695384366179
5806.686435174266
5806.635564292885
5806.658527628075
5806.674733453033
5806.674750624031
5806.614463766314
5806.627155571821
5806.657843634748
5806.658258590034
5806.598842114721
5806.6120918069955
5806.643889347598
5806.660752483844
5806.596686685434
5806.604270288627
5806.631247228635
5806.640738988522
5806.5799624095725
5806.590508049252
5806.620898099686
5806.638108388497
5806.577822554336
5806.574175438826
5806.590158796441
5806.5892564420765
5806.529263853984
5806.541604937875
5806.572422807634
5806.592296461459
5806.526264674532
5806.533013458387
5806.557624742687
5806.566317282786
5806.514895761715
5806.518923008597
5806.541347010261
5806.547511087904
5806.4941621055395
5806.5184243432295
5806.539092042902
5806.527746181826
5806.458074061574
5806.460051922683
5806.481971102026
5806.486301027599
5806.432333069728
5806.44959180515
5806.49012743374
5806.483130058409
5806.417003271712
5806.422546602534
5806.446829309689
5806.454455375685
5806.402385461092
5806.40571279549
5806.427340998412
5806.433141241562
5806.378790055489
5806.397432642408
5806.435045287308
5806.430175874765
5806.365208643347
5806.372618644801
5806.398626917027
5806.40780359519
5806.229439629584
5805.874799299705
5805.568988062688
5805.198294232333
5804.494493537173
5803.860728702532
5803.293329518366
5802.684268353257
5802.050672795616
5801.487648275937
5800.989871750395
5800.473841530891
5799.915222878941
5799.426600021533
5798.999796252295
5798.551196855116
5798.069321932527
5797.637312643303
5797.260199954231
5796.865364558384
5796.441588428546
5796.085587471666
5795.789012709758
5795.469454568717
5795.122923574265
5794.813998457868
5794.563713711219
5794.2885510308615
5793.982245939539
5793.739826230954
5793.541892465743
5793.319140609177
5793.065994798001
5792.877244202943
5792.752257216322
5792.579588983803
5792.376748340997
5792.24011969842
5792.1640315540135
5792.055363409551
5791.917929117852
5791.850092894978
5791.850644515989
5791.813720101943
5791.738308441712
5791.742623024324
5791.76102185648
5791.758520504833
5791.691956465007
5791.706034208532
5791.75480492715
5791.753766012708
5791.658747284538
5791.64506719111
5791.6673753375
5791.681657946016
5791.604331841131
5791.607641939363
5791.646799065792
5791.687573997917
5791.600251696042
5791.593331525451
5791.621160252555
5791.6410532455
5791.567771341367
5791.57606779429
5791.600165379174
5791.617620264284
5791.541557268682
5791.547800370992
5791.587921037254
5791.625768226156
5791.538123442633
5791.532026868832
5791.5599154441
5791.580201212533
5791.507416076611
5791.51565561429
5791.541502258674
5791.559307147352
5791.485084224026
5791.491322547605
5791.533187175109
5791.567643906658
5791.481988712411
5791.476494008914
5791.5061195776425
5791.527459430792
5791.456045328895
5791.4658453992915
5791.4912408164355
5791.509558802016
5791.434474351406
5791.44142421396
5791.482196846496
5791.5162364123025
5791.431747491755
5791.429118526364
5791.460278351613
5791.48427114954
5791.414899793668
5791.412418980039
5791.444787376902
5791.469294070954
5791.401303779204
5791.415047465441
5791.442580138757
5791.461398663604
5791.388129916294
5791.395164326623
5791.425661980902
5791.447823924814
5791.377680201846
5791.392593087734
5791.423384562606
5791.4316245733535
5791.347022940892
5791.344381149277
5791.3760015008875
5791.400833768992
5791.331905572578
5791.348360591692
5791.373197304664
5791.390986699388
5791.3149958593685
5791.320751990958
5791.360859771966
5791.376251558236
5791.298963921986
5791.302736808697
5791.34174462729
5791.376453053626
5791.296666434443
5791.283339806716
5791.306149887352
5791.32079093134
5791.243691852261
5791.2473837436255
5791.286527412167
5791.324432272815
5791.240249271167
5791.237181788648
5791.268390190541
5791.292364514098
5791.222759827646
5791.219001071369
5791.2493282085225
5791.273082955144
5791.203134256593
5791.220816752088
5791.246571225124
5791.264999425903
5791.190086302392
5791.196497088392
5791.237787351028
5791.251779873246
5791.173621194755
5791.176163735638
5791.214334615619
5791.250180490066
5791.17115699313
5791.1564101050035
5791.177800179686
5791.19136348034
5791.112969970634
5791.115883910962
5791.153894909115
5791.193173653396
5791.109450762235
5791.090330736616
5791.10653151789
5791.117108747371
5791.034995112487
5791.0360789358865
5791.071936909745
5791.101750076228
5791.043832406394
5791.0318661517185
5791.054259331456
5791.069031064253
5790.9911403793885
5790.994278740869
5791.0329613863305
5791.045474665729
5790.96670840296
5790.968974769994
5791.007495859875
5791.047702688812
5790.962945269688
5790.940475009552
5790.955288217211
5790.964157428254
5790.882021454619
5790.883077338848
5790.920087131778
5790.95152611241
5790.896421588501
5790.878017161854
5790.89387750126
5790.903539853034
5790.820086872863
5790.819408781548
5790.853696204799
5790.881705743513
5790.795913134373
5790.7932938991335
5790.8274237572805
5790.8551363173565
5790.802747768335
5790.788245447776
5790.810194752082
5790.824517973152
5790.747917520251
5790.752871759535
5790.794572961707
5790.805188803671
5790.725585056831
5790.729178127806
5790.769505157941
5790.812794839884
5790.720533259972
5790.6634511686925
5790.294809390124
5789.930551209971
5789.458722934268
5789.088199642073
5788.738414510103
5788.393665736558
5787.942241826505
5787.618748986312
5787.215706698012
5786.520167908362
5785.7315553386115
5785.05896873514
5784.441286585132
5783.791190457083
5783.10451249251
5782.529911364151
5781.820058620546
5780.991802119444
5780.106360140172
5779.293299379316
5778.5728114183685
5777.796939666343
5776.921395418091
5776.144416400413
5775.462072692919
5774.773668218314
5774.017701213284
5773.335203423507
5772.748431447252
5772.143937535784
5771.5208994045415
5770.999074818548
5770.5565302011555
5770.09627314571
5769.567840297479
5769.150474167488
5768.752821717942
5768.336014660588
5767.851534856812
5767.438264139168
5767.034184093327
5766.6086377743295
5766.165098159303
5765.791520712432
5765.5181507407715
5765.1846344116975
5764.7891260105425
5764.455723609816
5764.238062094469
5763.94143308212
5763.52089381105
5763.218720927951
5763.026437723992
5762.7971631921955
5762.529604618963
5762.308795776999
5762.200328189692
5762.081879615439
5761.94753769139
5761.888818822391
5761.903270693244
5761.860803521715
5761.729334972304
5761.700450256145
5761.7366033365315
5761.719757537144
5761.682117647928
5761.625297130579
5761.635464256121
5761.6380753199655
5761.59506522696
5761.536463754205
5761.549101956381
5761.395086940769
5761.159672650107
5760.994376253705
5760.830396744801
5760.564977755429
5760.250811190717
5759.970439461851
5759.578644994743
5759.1206564809345
5758.618955590843
5758.168770494246
5757.814043535044
5757.410684552164
5756.941277040938
5756.463913433733
5756.041235129791
5755.586919732972
5755.064422046335
5754.5718348040255
5753.853573528003
5752.875365621955
5751.870075201187
5750.9639748927675
5750.2152680343515
5749.406488534209
5748.581405429443
5747.84818454899
5747.274381137976
5746.630348358758
5745.958822621682
5745.378341687409
5744.950815581042
5744.482169683624
5743.969130253196
5743.529969975626
5743.244873586187
5742.933666601409
5742.625743059064
5742.348037747261
5742.1972864074905
5741.999598514571
5741.741276232798
5741.526051740011
5741.456530508553
5741.288726352538
5741.081220681475
5740.903492685521
5740.846664662304
5740.747656432316
5740.618410366617
5740.482327346878
5740.443051652183
5740.344529949437
5740.19586300003
5740.150520481754
5740.1937517562965
5740.217310407829
5740.051017277105
5739.9352312595065
5739.921678035357
5739.844879012651
5739.724846529227
5739.63576628126
5739.626990817237
5739.597585208539
5739.529423406076
5739.542756893047
5739.534881620728
5739.4763264944995
5739.384770752518
5739.371141063491
5739.428395764556
5739.392162664658
5739.270909165283
5739.214573947552
5739.264687962324
5739.268391566887
5739.148082441178
5739.102578626289
5739.153592512433
5739.148577542642
5739.049677428105
5738.907278326728
5738.444522320811
5737.976634175703
5737.425324708646
5736.882872708922
5736.474340287743
5736.043555072755
5735.572999260045
5735.137881891717
5734.815043322723
5734.492859865421
5734.028357957466
5733.67394453371
5733.426192690369
5733.18624373312
5732.8310298349015
5732.528892713682
5732.32892466615
5732.130795342795
5731.854959293391
5731.7035943056
5731.598072195181
5731.507507745716
5731.2949465779275
5731.1700570113835
5731.1128645841845
5731.060580112745
5730.946644829218
5730.94674797878
5730.970362015622
5730.953806102248
5730.906651244302
5730.868472550417
5730.87243801796
5730.808440548523
5730.720371882696
5730.7001599298765
5730.617106562736
5730.398517306689
5730.078151524391
5729.732299958284
5729.5019582381865
5729.221965274399
5728.862601228413
5728.620367009643
5728.2831793440155
5727.861896671582
5727.427709447683
5727.018076946367
5726.678035033879
5726.25783942347
5725.832294840686
5725.437238060306
5725.037550380018
5724.6485888320485
5724.151477336449
5723.785815259257
5723.516540259045
5723.243721819477
5722.852650052481
5722.589435241918
5722.4180422757145
5722.2326127311935
5721.90042531336
5721.695868241305
5721.569382422925
5721.408109934547
5721.136525756743
5720.995725377468
5720.948414097759
5720.912891070543
5720.776874753009
5720.680567383282
5720.6746110335425
5720.676540278135
5720.539806739795
5720.38511550954
5720.295124107372
5720.206105543913
5719.928273391734
5719.777068175822
5719.717519245598
5719.627786251368
5719.466711190122
5719.435324800154
5719.4767233600205
5719.484732686305
5719.367146199063
5719.208362703805
5719.081088986761
5718.965722195917
5718.779096280466
5718.708244809194
5718.701360442108
5718.608351005641
5718.445731671953
5718.414570482048
5718.4785153851935
5718.487355717353
5718.3539364074095
5718.289024227738
5718.303030407928
5718.237664977832
5718.051101543072
5717.960260393114
5717.87264161297
5717.747378047335
5717.5496945219265
5717.490627900094
5717.424267542254
5717.332320353152
5717.128909232118
5717.039760119839
5716.956095816138
5716.829431440104
5716.618951811631
5716.495401313484
5716.4577034381855
5716.365885468671
5716.124987155591
5716.007628940581
5715.990247143795
5715.931870701662
5715.756276118819
5715.664030254798
5715.625936896646
5715.591732855887
5715.376077908406
5715.265097108118
5715.175526757683
5715.1020930168925
5714.911305194639
5714.855180540405
5714.828766699079
5714.778299611665
5714.610210616697
5714.576814686793
5714.5646712672415
5714.568822306008
5714.426257091543
5714.407173278538
5714.411740681505
5714.420390899459
5714.324724895264
5714.319854088474
5714.326556846865
5714.349926351131
5714.256199929657
5714.227107730576
5714.149252082097
5714.075518769628
5713.884797233576
5713.805731893282
5713.636923311376
5713.304228667042
5712.815902469527
5712.413218878668
5712.104272732124
5711.761767288801
5711.342169066667
5711.008233688868
5710.739654334852
5710.418165501349
5709.981943260363
5709.597525056231
5709.317406726997
5708.999826964746
5708.631280576066
5708.3482157945255
5708.135477097648
5707.839918346292
5707.483566032413
5707.193713175296
5706.964918695039
5706.71280367223
5706.282398572156
5705.95402904532
5705.679605146639
5705.363794220944
5704.959254338657
5704.575591020946
5704.285463040572
5703.912233350869
5703.454668697752
5703.061136185148
5702.729692540162
5702.3471065509475
5701.881596373625
5701.501591921257
5701.222054255378
5700.885554466917
5700.474062841207
5700.10691381192
5699.836209144592
5699.52947088211
5699.10215169083
5698.748352466941
5698.502949372206
5698.232796362928
5697.899978857723
5697.6404477236365
5697.487317485712
5697.268736775347
5696.922303487768
5696.629789214792
5696.382911738089
5696.100259820311
5695.758172723397
5695.449399110881
5695.225961474629
5694.944279035511
5694.5990781087985
5694.355403592201
5694.186693217319
5693.939380256529
5693.626598184452
5693.401571587099
5693.281603463417
5693.088958526695
5692.790829525445
5692.578093526254
5692.357635192264
5692.063599727808
5691.706860275581
5691.44051330242
5691.280650093903
5691.0747383960925
5690.802663289328
5690.585991979737
5690.459763970522
5690.27253597464
5690.021982946925
5689.852116374764
5689.777837078948
5689.6484072896055
5689.431096741939
5689.270760711065
5689.185036150956
5688.9617446996945
5688.668953028902
5688.415444011611
5688.229634069339
5688.01306050474
5687.692607320707
5687.442767410432
5687.286440417138
5687.06669089106
5686.73320435722
5686.441498218886
5686.250884153521
5686.01542140354
5685.665656464586
5685.424774824934
5685.26969697846
5685.047500417902
5684.7485984537125
5684.498821063045
5684.367570554184
5684.189721498844
5683.901167611967
5683.71511518446
5683.589903274275
5683.431164429258
5683.121898415208
5682.865000790566
5682.616650144668
5682.291633588991
5681.844607734315
5681.439600044668
5681.025929379611
5680.588457673808
5679.9900825256755
5679.431898368002
5678.89193257508
5678.309155503615
5677.547875616967
5676.864735412632
5676.323748367103
5675.732582230071
5675.087804103955
5674.52189993647
5674.044210952488
5673.516662482966
5672.986195842575
5672.5386557521915
5672.211545016572
5671.803450234635
5671.355655583547
5670.979052572197
5670.690779754575
5670.357498516104
5669.985331037029
5669.656782441868
5669.482493356377
5669.249767572001
5668.926426471634
5668.660502182611
5668.524595587341
5668.316069974829
5667.988459960934
5667.697148534437
5667.485196373711
5667.231200639779
5666.9554355036935
5666.673027406246
5666.45308802115
5666.1788112199265
5665.845779358937
5665.592069419811
5665.404971494175
5665.148432054703
5664.858564447362
5664.615459488378
5664.471878915619
5664.252449228824
5664.0253244925525
5663.845543253507
5663.8090893980225
5663.695291673832
5663.573536904207
5663.456783475954
5663.441714668673
5663.324788327513
5663.1183616424705
5662.977535097962
5662.962406755655
5662.8893942864925
5662.772548736632
5662.666823537389
5662.628265220344
5662.4760691604915
5662.285489233636
5662.131041727328
5662.055336380825
5661.937036038086
5661.719255306403
5661.441404599216
5661.3236385668215
5661.152614758529
5660.907939768544
5660.743296633913
5660.662040226149
5660.48675770851
5660.277127804209
5660.116993149683
5660.0796035467665
5659.886211604507
5659.666569746048
5659.494902204253
5659.371735092882
5659.141166068048
5658.836475534286
5658.560972841952
5658.417149705686
5658.239976643457
5658.017344615365
5657.864096582048
5657.766210245577
5657.542994698713
5657.206201031475
5656.844834687498
5656.579441947251
5656.2270709619825
5655.833018458904
5655.493862441971
5655.271846489654
5654.996397388706
5654.709264720061
5654.474359821006
5654.338983305888
5654.122578484202
5653.82175979694
5653.613463211129
5653.41563426941
5653.167288589025
5652.856025307493
5652.532664840309
5652.280201417175
5651.874282998351
5651.45479436351
5651.068684635551
5650.694301232392
5650.224542244722
5649.6804838066955
5649.199679627096
5648.823384963491
5648.380548562218
5647.864775166148
5647.364775913653
5646.97834000206
5646.557220460927
5646.034478723395
5645.54074524188
5645.14757253348
5644.6854689529455
5644.202738602309
5643.761839287286
5643.4334553075205
5643.057387694962
5642.567709622867
5642.1336375428045
5641.841602928649
5641.506925704494
5641.090134264106
5640.666078415467
5640.328370586949
5639.895497245858
5639.388504822009
5638.940767050037
5638.594117407629
5638.160232464517
5637.620382095748
5637.100731310181
5636.70969696643
5636.2658894110755
5635.746333148589
5635.327087395739
5634.995596888189
5634.635637352789
5634.174955010508
5633.752174422307
5633.42843817073
5633.062461604869
5632.65341612987
5632.329288947228
5632.083874601918
5631.7376051471565
5631.351587736423
5631.03800618024
5630.812534611376
5630.512991124873
5630.105215028241
5629.704940385235
5629.41616586233
5629.109325372305
5628.759707562979
5628.459874188719
5628.222794858392
5627.909256145043
5627.56960590209
5627.267415303422
5627.052116324516
5626.72419182
5626.3206377204815
5625.979962112498
5625.758298759252
5625.48247563096
5625.143899186473
5624.864090857337
5624.723081073609
5624.511670411442
5624.174495277175
5623.911571590332
5623.722627293399
5623.411633199484
5623.093068580905
5622.831954924878
5622.672878206201
5622.3592810792725
5622.037481363413
5621.805750027403
5621.695847184772
5621.574402509401
5621.354242381375
5621.178962325599
5621.109027288032
5620.931051004118
5620.717768073448
5620.551024119436
5620.474339976306
5620.322581304365
5620.027472479971
5619.80316547228
5619.7370204829385
5619.546528269508
5619.254435356
5619.083679042682
5618.9929777974
5618.810533604178
5618.594751121349
5618.40841341551
5618.314298167969
5618.073941034089
5617.76183248719
5617.518806450638
5617.358337223962
5617.160723750273
5616.8949847765625
5616.703259989175
5616.5811952953845
5616.320804737491
5616.033472254607
5615.8206981635085
5615.710763032589
5615.511305531788
5615.232312238798
5614.978765261319
5614.839701769356
5614.640416113847
5614.367696189223
5614.14258544474
5614.0524528467095
5613.851600934791
5613.601112026209
5613.381065254895
5613.283677110528
5613.116558615482
5612.878385515724
5612.651132269126
5612.536124022017
5612.328219954959
5612.048422011636
5611.819396955794
5611.703425118845
5611.550582014112
5611.3468282516205
5611.127655659566
5610.984713035325
5610.7156167865505
5610.4171934809165
5610.2145319958745
5610.030926163418
5609.748673125532
5609.423183821936
5609.071478404571
5608.788861225885
5608.455139847579
5608.08241330767
5607.75071431039
5607.4118238170995
5607.02861623359
5606.576145483715
5606.106406302412
5605.638420766413
5605.030623453711
5604.442780300524
5603.896758242279
5603.435866950187
5602.883658137175
5602.328464190869
5601.836840826929
5601.497418299741
5601.031580148829
5600.56441555266
5600.208009514839
5599.98456466357
5599.711079099341
5599.394914156212
5599.147684896524
5599.0505137437885
5598.851755231059
5598.566640367977
5598.364781339941
5598.244557066315
5598.082739403427
5597.890274004796
5597.715343585221
5597.606078600832
5597.433355471343
5597.237618306812
5597.070695144077
5597.014108772035
5596.839465228059
5596.5928197843195
5596.425570596939
5596.435052878387
5596.278192760901
5596.1280427190395
5596.034279331707
5596.055519962434
5595.972901851818
5595.8535683765795
5595.775237459985
5595.795421373617
5595.691609800624
5595.560492772822
5595.448750253218
5595.474601350446
5595.336004726658
5595.172508581943
5595.015577549577
5594.986857366769
5594.813133582525
5594.612834939918
5594.413634123129
5594.3377612475
5594.095641481908
5593.857286721409
5593.630141218899
5593.469999844311
5593.193766064188
5592.899391539556
5592.6488066679185
5592.512707055476
5592.286470724468
5592.05647098204
5591.837284181173
5591.71295449009
5591.479718355622
5591.189739907842
5590.968914733671
5590.889584451699
5590.657544601509
5590.4135667578785
5590.206650801146
5590.102144039328
5589.887094359242
5589.639565666475
5589.40959010109
5589.304622847682
5589.072428412514
5588.823912973747
5588.626169924842
5588.553754812913
5588.327923053069
5588.063539906362
5587.819350313404
5587.714425156559
5587.491945198198
5587.241219188995
5586.986520373717
5586.822710493567
5586.5524644041625
5586.269286370266
5585.995206423693
5585.870827365907
5585.631756369158
5585.397322925861
5585.179726695094
5585.070344835232
5584.830718894188
5584.52373791864
5584.234724934164
5584.097271205313
5583.853985872705
5583.567431927376
5583.298710905709
5583.170676100034
5582.908326349501
5582.598134394118
5582.3408907665225
5582.195556410415
5581.925731486504
5581.599888853813
5581.3110147134075
5581.152681322662
5580.866268027341
5580.528749792067
5580.250493447414
5580.149263232713
5579.931545815057
5579.700179493147
5579.5019018434605
5579.428730951518
5579.230625128423
5579.030201046776
5578.879039151149
5578.861866868957
5578.744374030043
5578.6270355315855
5578.502054570024
5578.53072364596
5578.4485872433415
5578.347041872291
5578.306107704108
5578.379910354591
5578.292311268703
5578.176807612224
5578.080805995183
5578.131130756858
5577.939093366748
5577.695726211541
5577.499755059407
5577.320362664514
5577.032358241707
5576.749361408285
5576.51408271158
5576.373875328449
5576.11855593577
5575.874246279706
5575.591552588658
5575.422728484484
5575.164659997322
5574.93435723185
5574.7161515928265
5574.6424671407685
5574.442025427755
5574.226159166179
5574.081775278652
5574.069767252554
5573.906686839246
5573.685953821007
5573.518884632915
5573.495186990485
5573.3932896066535
5573.261105686074
5573.183958557994
5573.258796276251
5573.21321302498
5573.104513111423
5572.9895715037555
5573.018320737139
5572.872712509416
5572.678370671285
5572.5108732571025
5572.477674092888
5572.354927829709
5572.219585295275
5572.09930473069
5572.127496392274
5571.954891518544
5571.75644120345
5571.5815389487425
5571.518196726507
5571.2900077499235
5571.032472770918
5570.800015743493
5570.6701944402785
5570.43667822207
5570.170538388166
5569.939143509761
5569.885751900363
5569.7268049119175
5569.495265423849
5569.329405002632
5569.251079320119
5569.073009249992
5568.840954881904
5568.663521547581
5568.597857539867
5568.367708340368
5568.115200572021
5567.892635088379
5567.818074129847
5567.63193902001
5567.410961302161
5567.2580710032225
5567.19730889109
5567.0052280403725
5566.793126608566
5566.606812266312
5566.545712738519
5566.394352661791
5566.238102373688
5566.110612182109
5566.150901105994
5566.099356977386
5565.981538189643
5565.906844992101
5565.976794047549
5565.905553744191
5565.794825358622
5565.729478954335
5565.753455589409
5565.677269160186
5565.544758710435
5565.426285618025
5565.463486448011
5565.321338503588
5565.152035407092
5565.0293601871335
5565.048150441778
5564.946149954909
5564.806650867993
5564.688971337376
5564.7246139072295
5564.635990475496
5564.527636328101
5564.454945032644
5564.47759519903
5564.392718836349
5564.1879729153325
5563.949969373428
5563.813288831818
5563.506594786429
5563.183013221151
5562.916265471089
5562.806202212135
5562.50823458165
5562.052270256294
5561.670525273299
5561.428649751113
5561.089907638619
5560.739380952707
5560.448527013663
5560.299705320139
5560.027533008546
5559.738138375615
5559.454786624516
5559.296429189918
5559.030377812485
5558.726529190083
5558.471376720194
5558.368704615013
5558.142996230614
5557.907536438004
5557.741061748888
5557.717059333225
5557.568474808952
5557.3609263580265
5557.161827073836
5557.1091636377705
5556.944238178663
5556.772572881151
5556.631988349558
5556.644550306852
5556.536555724757
5556.425547268133
5556.363318826379
5556.432044537212
5556.3845235699655
5556.311420501616
5556.272991893671
5556.364510284142
5556.316657317451
5556.243201950493
5556.197966084083
5556.243529896339
5556.186983305382
5556.066787141609
5555.9695877116965
5555.992258632317
5555.898680657793
5555.745938745507
5555.652028507505
5555.689626877746
5555.620693436602
5555.479686592932
5555.361220818275
5555.389211575656
5555.283332903139
5555.140609840915
5555.06468271668
5555.117578356803
5555.068410184826
5554.952160512277
5554.899875249444
5554.95188490937
5554.886611998911
5554.791838538211
5554.735114000206
5554.758776705668
5554.68320496766
5554.571316348931
5554.507692674136
5554.544205476379
5554.486062002171
5554.378131810254
5554.337542901068
5554.405979435837
5554.364590549663
5554.275175042484
5554.240748762173
5554.304536523324
5554.252394549776
5554.174332603205
5554.126715293947
5554.200303261818
5554.149007680459
5554.07052171075
5554.011250235721
5554.068483951977
5554.001500784207
5553.907290781721
5553.839176393745
5553.886373990795
5553.814657815029
5553.702932063746
5553.631816777092
5553.674276837845
5553.57891906155
5553.478841463094
5553.424073944019
5553.46966808737
5553.3795343352585
5553.264327768136
5553.188808465045
5553.25266017615
5553.185533890455
5553.09198617913
5553.028526060368
5553.105894520219
5553.092259101583
5553.013976799413
5552.975800592795
5553.0628145092005
5552.997638211875
5552.904728654213
5552.866821845549
5552.962275698357
5552.924081520061
5552.823159593962
5552.770285619522
5552.848447293467
5552.79895056288
5552.670703441829
5552.615273193682
5552.667873830643
5552.594106207117
5552.511374950551
5552.441823079164
5552.476712957333
5552.435532562031
5552.305816983382
5552.226108621449
5552.292442660272
5552.254954571195
5552.178781444764
5552.162550624003
5552.249272170512
5552.205074080437
5552.146304663951
5552.089160570062
5552.170854299186
5552.110834372784
5552.024138043516
5551.978348871503
5552.069009819337
5552.014107790657
5551.940390260645
5551.899367968605
5551.966326886154
5551.912902110412
5551.84987353034
5551.790839835956
5551.811935837097
5551.719158803746
5551.598415378466
5551.512670231587
5551.563920535718
5551.481339725914
5551.334313610549
5551.210182699067
5551.220363075508
5551.117596073975
5550.997772969055
5550.926360471541
5550.979958726066
5550.877227097296
5550.733806889668
5550.619455812765
5550.620510496528
5550.502722539074
5550.355113943588
5550.2481240949655
5550.2734073871625
5550.168644715772
5550.04743796945
5549.955207864306
5549.996868782532
5549.927881388364
5549.834348581261
5549.7766527522945
5549.825298315568
5549.732675191516
5549.624495430819
5549.5429804246005
5549.582930342362
5549.500062463422
5549.374770365346
5549.305271940138
5549.329472697222
5549.242218354682
5549.12209193987
5549.031802889083
5549.083705443139
5549.024567797207
5548.898928463675
5548.81503199613
5548.837000652162
5548.75365657175
5548.652219761507
5548.567579653557
5548.596105950144
5548.519920804901
5548.399384401774
5548.326870019615
5548.382719674063
5548.335198218486
5548.2610582280995
5548.239970810264
5548.336666629471
5548.301498883404
5548.200755183664
5548.137611775568
5548.241506839664
5548.196707820255
5548.137794448481
5548.072548123749
5548.159953679804
5548.11167162387
5548.062304297119
5548.002217702023
5548.100639504261
5548.057516250199
5548.014017000953
5547.9680003900485
5548.069579185689
5548.020589233407
5547.970958582303
5547.9274044003205
5548.038664367496
5547.988442379371
5547.934150700984
5547.907753889019
5548.030005976914
5547.968162395998
5547.902563253514
5547.86763865331
5547.999239991169
5547.92079163391
5547.86938384692
5547.835650289318
5547.953282896133
5547.894821442386
5547.836837585956
5547.8000347466395
5547.916065777761
5547.8479503363615
5547.7857988746855
5547.740732094809
5547.871052874392
5547.797207131567
5547.743849324837
5547.712130581684
5547.844599290826
5547.786810615471
5547.733689272583
5547.709712854229
5547.836434097058
5547.784141679717
5547.729967386739
5547.702736237607
5547.828875374648
5547.769318857095
5547.716737096777
5547.680624408817
5547.793287199035
5547.721319333546
5547.656590394063
5547.617748220368
5547.742083561365
5547.687579454012
5547.611783141699
5547.57278623786
5547.709292109736
5547.646941857863
5547.584690536369
5547.561332903001
5547.690354017202
5547.625822375988
5547.573099566239
5547.541620731217
5547.670917969924
5547.614916618779
5547.558818009764
5547.529073356833
5547.66343701027
5547.607669785282
5547.55416524262
5547.5256993238445
5547.659482866668
5547.602517727196
5547.55067103751
5547.518460024391
5547.65077949627
5547.594391727655
5547.546255449142
5547.513017117734
5547.645951850872
5547.572371466477
5547.507354140821
5547.467353184162
5547.594181277953
5547.53395404493
5547.480081017726
5547.439133354837
5547.565242672425
5547.503403570007
5547.451745655709
5547.421521480793
5547.554855602946
5547.506843619952
5547.444934314062
5547.408794408992
5547.536457951906
5547.468227078105
5547.407790456717
5547.36568996135
5547.495270323229
5547.437571369157
5547.371648767447
5547.338270595354
5547.4565519578
5547.385513393397
5547.32576711667
5547.287962790489
5547.419874700327
5547.361607107824
5547.309149528234
5547.27395039719
5547.405208507791
5547.340371061548
5547.283731849827
5547.248828628701
5547.384244838597
5547.328047921216
5547.255744947062
5547.233650123724
5547.323884907259
5547.299998925377
5547.23671289193
5547.190527603085
5547.280242393039
5547.2256703386665
5547.165079343413
5547.116830990456
5547.18879702524
5547.136473106648
5547.083411281412
5547.043963242697
5547.121143439622
5547.099269022684
5547.043801988382
5547.001252558284
5547.102669635021
5547.062455415359
5547.01213742728
5546.9730501959975
5547.10798790526
5547.039306534252
5546.968204082674
5546.911253686307
5547.0095394911095
5546.950130140992
5546.910513390674
5546.855890446372
5546.949343430247
5546.906221429802
5546.856025941084
5546.8107980749855
5546.925204078124
5546.882208264388
5546.840568214719
5546.790126268218
5546.900784985473
5546.869389769328
5546.8365753149155
5546.7737490854315
5546.89141407371
5546.849882356258
5546.823597278733
5546.759726243471
5546.843446100012
5546.791678088776
5546.74771809419
5546.689521967962
5546.785718296495
5546.744303933561
5546.693203210966
5546.63607056977
5546.750334508472
5546.723883286398
5546.684514712815
5546.624164873239
5546.716095617394
5546.669280134772
5546.630019909025
5546.5837518667595
5546.693523013453
5546.662861095723
5546.6071045773615
5546.541816001529
5546.62339210115
5546.578635889372
5546.521179696913
5546.459827222557
5546.546038708417
5546.500064229066
5546.462192721902
5546.418854809131
5546.515803968819
5546.460002434253
5546.411083002544
5546.354513056181
5546.463656005231
5546.440017081058
5546.3983281456985
5546.346640388665
5546.457296181368
5546.419453990753
5546.384336203017
5546.339767321195
5546.452442401301
5546.412378530494
5546.3728092691645
5546.320813050191
5546.418609000363
5546.383146487684
5546.324454666006
5546.264127379885
5546.357413242969
5546.30314058314
5546.260969329949
5546.199007086939
5546.294283136176
5546.256614000467
5546.231985072558
5546.178062551917
5546.280347519163
5546.231190448991
5546.177286752625
5546.1015930736785
5546.195946978636
5546.090002748939
5545.997399757929
5545.887975508329
5545.923853453708
5545.849692128439
5545.808407283298
5545.738947529174
5545.847266164246
5545.801262660564
5545.78699330848
5545.714468932538
5545.788779334372
5545.724303062404
5545.6633360378455
5545.563865362505
5545.638200140434
5545.58106025887
5545.473475051337
5545.356659256615
5545.425053658745
5545.353757645561
5545.309458934792
5545.233966206642
5545.335345539364
5545.279509650127
5545.2296030707275
5545.176444142373
5545.303406487329
5545.256546946512
5545.226024924329
5545.1738385148665
5545.264974010705
5545.231495479654
5545.196222629141
5545.1510133114025
5545.246091376949
5545.1642116202975
5545.103049239463
5545.0107561378945
5545.079950628227
5545.008317295826
5544.941364222749
5544.877621341114
5544.977241263982
5544.9474164397625
5544.912162951316
5544.869684987613
5544.955481095861
5544.870798214324
5544.808199090025
5544.741049184158
5544.841931874087
5544.8096725733885
5544.780329577608
5544.722022018444
5544.8397663060305
5544.800534425839
5544.768521605517
5544.717915830528
5544.83793354015
5544.794796435321
5544.739680221874
5544.692240494032
5544.792775278358
5544.772382464853
5544.728123411674
5544.680255465407
5544.788642205876
5544.7748355375425
5544.715013576182
5544.663035083981
5544.749500492109
5544.716643049225
5544.688210549725
5544.631915938644
5544.710428631629
5544.656443330807
5544.620809113556
5544.5675060559915
5544.622914732902
5544.559436629986
5544.511202640252
5544.444482145984
5544.541457578703
5544.481520599133
5544.440116388397
5544.3638129501205
5544.453080107899
5544.409796431395
5544.383334062954
5544.330974149747
5544.441884162277
5544.407349232125
5544.380711738394
5544.329316226512
5544.427606049127
5544.389359429449
5544.342221491953
5544.286195305556
5544.405692573833
5544.365675422781
5544.3273969228
5544.276823053995
5544.382772546616
5544.331472865461
5544.293393713876
5544.230590333099
5544.344364182704
5544.2861537651
5544.212811450086
5544.153028636998
5544.2525825425055
5544.210744390849
5544.151376792397
5544.111901510555
5544.198135816618
5544.1463385760535
5544.037168502033
5543.975992266795
5544.024104041306
5543.969391677608
5543.885549973259
5543.838749376582
5543.941490203427
5543.915294522955
5543.847341100891
5543.819876341628
5543.900028316123
5543.8744617817165
5543.835101218803
5543.805856127815
5543.892212819515
5543.859597668386
5543.793197240747
5543.760682329851
5543.849563488931
5543.811250706313
5543.739388913902
5543.703481091329
5543.789946123149
5543.759885075784
5543.698019965552
5543.6772548875415
5543.777151055043
5543.758775804862
5543.692842709815
5543.674774139506
5543.7665228245305
5543.754467371404
5543.68040650898
5543.657963152921
5543.757477641147
5543.739262327453
5543.667874420221
5543.640849710056
5543.748385562035
5543.707859535003
5543.653689564103
5543.624592917064
5543.72978366442
5543.701017562967
5543.653165757406
5543.619277836738
5543.728029998036
5543.693738174565
5543.647721208784
5543.613391528649
5543.724050803179
5543.6924185682265
5543.644109783206
5543.598974780989
5543.7055702472835
5543.667958186138
5543.600999002473
5543.568923703491
5543.663686560923
5543.636643400672
5543.566281631002
5543.52934067511
5543.620373927542
5543.589282889074
5543.532148130841
5543.5077377738635
5543.604498700966
5543.581714717461
5543.524795663166
5543.502298650599
5543.60464196914
5543.576891437943
5543.506575115592
5543.488994587242
5543.588760651949
5543.559820972627
5543.497365401371
5543.463395150416
5543.55939368971
5543.5358494273005
5543.4757471814155
5543.449862604268
5543.546592420186
5543.514900006646
5543.455586512515
5543.426955143969
5543.527533145286
5543.505322057697
5543.446078878984
5543.421678777664
5543.516629655044
5543.490630720741
5543.43773134771
5543.41186882062
5543.511380834804
5543.489989470599
5543.439453263784
5543.410921473417
5543.499555529846
5543.483035970306
5543.419370888387
5543.389198466654
5543.472781063577
5543.434187512266
5543.364286738562
5543.30199105153
5543.393675361718
5543.367378271242
5543.30875515006
5543.28510744999
5543.404792558897
5543.349503674953
5543.270818587751
5543.234166796714
5543.331694711008
5543.313491270114
5543.249784775949
5543.231342993373
5543.333272848912
5543.311865797308
5543.242118630966
5543.22127112231
5543.322120003434
5543.311408572795
5543.239541243854
5543.217043785453
5543.319989674718
5543.310742797548
5543.236052623588
5543.211355435968
5543.312638858617
5543.2936409577505
5543.229913946416
5543.203431696108
5543.303499237205
5543.275348735753
5543.2188776840385
5543.200446270526
5543.3024698089375
5543.270044786494
5543.209279988195
5543.189885611732
5543.288389397182
5543.264993653193
5543.210150165859
5543.181375761432
5543.285865893453
5543.260623279388
5543.2036867706265
5543.180426855175
5543.281246538521
5543.259393537002
5543.203646979666
5543.180242151222
5543.278978583204
5543.2580655850215
5543.201769498374
5543.179252040184
5543.276204380076
5543.255683910797
5543.199352756174
5543.176878219403
5543.273067978292
5543.25287375863
5543.193291314604
5543.174065530865
5543.272224102021
5543.248601032864
5543.193144678152
5543.169451884439
5543.269922322098
5543.24652604889
5543.190143283
5543.167276962581
5543.269159616871
5543.246107040804
5543.18995630737
5543.167057159009
5543.268765892888
5543.245703401552
5543.189951208445
5543.166901984084
5543.268771240222
5543.245702781414
5543.189928934782
5543.166901363932
5543.268743543799
5543.245700310808
5543.189928859355
5543.166892392521
5543.268743543799
5543.245693800808
5543.189928034015
5543.166892383325
5543.268742717343
5543.245693764382
5543.189873604765
5543.166750637075
5543.268645986165
5543.245574628992
5543.189764965381
5543.166799280362
5543.268614110819
5543.245434755035
5543.1896730058415
5543.166691992514
5543.268538271904
5543.2454484436585
5543.189551911704
5543.16656166281
5543.2682463287465
5543.245263863685
5543.18942957731
5543.166378015483
5543.268244261753
5543.245179753114
5543.189410180554
5543.1665014381115
5543.2682208424685
5543.245349187025
5543.189406158024
5543.1667821124765
5543.26822069736
5543.2456060049635
5543.17888282491
5543.134388175565
5543.215761669803
5543.175690945561
5543.102577984659
5543.040244090639
5543.1062487465315
5543.053053560675
5542.9716440033335
5542.92025500273
5542.9972848541465
5542.942045340893
5542.859394227069
5542.802752782415
5542.8624980031655
5542.803752795165
5542.708824039318
5542.638343793601
5542.70158227014
5542.649070381742
5542.556122809646
5542.517135753585
5542.61925353716
5542.592556058159
5542.5374338843685
5542.514715509207
5542.617810947209
5542.590741758432
5542.535007239692
5542.511352440871
5542.6129765692385
5542.589819476335
5542.534913299266
5542.510266173845
5542.611893362728
5542.58908523376
5542.533078678284
5542.510096371944
5542.611893362728
5542.589162775086
5542.533078678284
5542.510100703361
5542.611855215181
5542.5889871524705
5542.533040530738
5542.509999765192
5542.61185521518
5542.5887418685
5542.532935643232
5542.509922026131
5542.61174061471
5542.588738978335
5542.532924817545
5542.510106244043
5542.611739366662
5542.588902991824
5542.532924665758
5542.510150913013
5542.611739339973
5542.5891345212385
5542.532924655286
5542.510035128279
5542.6117393397
5542.589157827586
5542.532924655253
5542.510343336206
5542.611739339573
5542.589451750091
5542.53292465513
5542.510832134256
5542.611739339573
5542.589698467628
5542.53292465513
5542.510380820027
5542.611739339572
5542.589602001287
5542.532924655128
5542.509696780371
5542.611739339572
5542.58850046859
5542.532581386088
5542.509503659963
5542.61119306226
5542.5882233074
5542.532374531778
5542.509118824648
5542.611183050743
5542.5878848292905
5542.532279829278
5542.509135037219
5542.6109258691595
5542.58800133812
5542.53211118445
5542.509244986891
5542.610924434227
5542.588179010227
5542.532109749784
5542.50933664568
5542.610924328711
5542.58791958456
5542.532109644262
5542.509025349227
5542.6109243068395
5542.58789800177
5542.532069020509
5542.509018768766
5542.610883693233
5542.58781327026
5542.532000784475
5542.508696552933
5542.61073380942
5542.587734631292
5542.531764920073
5542.508328715049
5542.610531133006
5542.587385970039
5542.531378350849
5542.508014839253
5542.610186338231
5542.587020892949
5542.531042133058
5542.5078091845
5542.609885672046
5542.586809918174
5542.530863547138
5542.507111220992
5542.6093310101605
5542.5856336688275
5542.529687796288
5542.506718596116
5542.608268092306
5542.585682552538
5542.529225609937
5542.506457411697
5542.60774928171
5542.585160553454
5542.528932052351
5542.5061369274335
5542.60769237618
5542.584632478118
5542.528877691737
5542.5058520500015
5542.607669303055
5542.584598855525
5542.528853657493
5542.50581981427
5542.607634326663
5542.584571715394
5542.528819287082
5542.505785915662
5542.607608979405
5542.584549946998
5542.528793939756
5542.505674984518
5542.607628313544
5542.58442235263
5542.528570690374
5542.505751351609
5542.6073725649885
5542.584396996288
5542.528556063236
5542.505549173839
5542.607370526686
5542.584318928031
5542.528555815365
5542.505517510549
5542.607365544395
5542.584318928031
5542.528550633555
5542.505515394731
5542.607365290471
5542.584316242538
5542.528550602697
5542.505514825055
5542.607365217671
5542.584316242537
5542.528550526041
5542.505446321219
5542.607365209609
5542.584259291882
5542.52848579046
5542.505384876552
5542.607293327865
5542.584212521679
5542.528318942662
5542.505223977828
5542.606970586726
5542.584170043933
5542.528145067096
5542.505346749543
5542.606946768813
5542.5838971509265
5542.52813208437
5542.505095733444
5542.606952042329
5542.5838971509265
5542.528116537352
5542.505095733444
5542.606930571858
5542.58389456865
5542.5281156423225
5542.505078583982
5542.606930326767
5542.583880001464
5542.528114115208
5542.505078583982
5542.60692861908
5542.583880053544
5542.528113920198
5542.505078047149
5542.606928598615
5542.5838794646315
5542.528113795685
5542.505078047149
5542.606928466451
5542.58387945387
5542.528113780376
5542.505078007214
5542.606928464589
5542.5838794246965
5542.5281137786
5542.505078007214
5542.606928462784
5542.583879424634
5542.528113778338
5542.505078006657
5542.606928462762
5542.583879424139
5542.5281137782695
5542.505078006657
5542.606928462705
5542.58387942413
5542.528113778259
5542.505078006628
5542.606928462702
5542.58387942411
5542.528113778257
5542.505076837784
5542.606928462699
5542.58386398888
5542.527895946293
5542.5050567228545
5542.60668758075
5542.583881729135
5542.527870118823
5542.50479803675
5542.606684465824
5542.583599454233
5542.527858477394
5542.50479803675
5542.606645542337
5542.583599454233
5542.5278307212175
5542.504794728383
5542.60664538942
5542.583596145866
5542.527830451171
5542.504794728383
5542.606644747409
5542.583596133895
5542.527830062965
5542.504794559657
5542.606644709274
5542.583595676245
5542.527830024831
5542.504794256765
5542.606644703279
5542.583595670251
5542.527830018836
5542.504794251208
5542.606644702719
5542.583595664201
5542.527830018275
5542.504729066979
5542.605993821573
5542.58289205256
5542.527006908536
5542.503528626071
5542.606158624303
5542.582759582675
5542.526432450386
5542.50269181953
5542.604577400832
5542.581493237013
5542.525381534163
5542.50269181953
5542.604052889006
5542.581205801609
5542.5246511451205
5542.502278754339
5542.603158107879
5542.580216761744
5542.524273759123
5542.501086193721
5542.603088443567
5542.579950189218
5542.52410449699
5542.501031549713
5542.6029144989425
5542.579832967196
5542.5240573665815
5542.500751838027
5542.602872051025
5542.579828138551
5542.52375905247
5542.500537423369
5542.602436966561
5542.579356047914
5542.523550027823
5542.5003350923325
5542.6023647122665
5542.579135454897
5542.523313088048
5542.500334037415
5542.601935617464
5542.578904334138
5542.523267024853
5542.5001172786515
5542.601823481949
5542.57887264942
5542.523008797506
5542.500070290654
5542.601816297195
5542.578766856961
5542.523001612752
5542.499965439479
5542.601814758082
5542.578766856961
5542.523000073638
5542.4999651277885
5542.601814664377
5542.578765619979
5542.522999979934
5542.499964202497
5542.601814636575
5542.578765619979
5542.522903337558
5542.499928108351
5542.601714601719
5542.578742443472
5542.522894486888
5542.4998460468105
5542.601708594092
5542.5786510381295
5542.522879844704
5542.499840362529
5542.601694311008
5542.578643629661
5542.522868395075
5542.499828095528
5542.60168267593
5542.5786323925495
5542.522853923295
5542.499811995011
5542.60166816638
5542.578617545447
5542.522838110497
5542.499798362613
5542.601652362637
5542.57860185811
5542.522826269577
5542.499797756009
5542.601640547473
5542.578590277605
5542.5228258284915
5542.499788860122
5542.601639107639
5542.578590277605
5542.522824417547
5542.499788842497
5542.601639101323
5542.578590039785
5542.522824416783
5542.499788622302
5542.601639075373
5542.578590039785
5542.522824390297
5542.499788622087
5542.601639074704
5542.578590035734
5542.522824390215
5542.499788618251
5542.601639074321
5542.578590035733
5542.522824389832
5542.499788618294
5542.601639074275
5542.578590035626
5542.522824389827
5542.499788618144
5542.601639074264
5542.578590035626
5542.522824389766
5542.499788618143
5542.60163907421
5542.578590035619
5542.522824389766
5542.499788618135
5542.601639074209
5542.578590035619
5542.522824389765
5542.499788618135
5542.601639074209
5542.578590035619
5542.522824389765
5542.499788618135
5542.601639074209
5542.578590035619
5542.522824389765
5542.499787987177
5542.601639074209
5542.578589109665
5542.52282399693
5542.4997875046565
5542.601638529308
5542.57858892214
5542.522823220587
5542.4997875046565
5542.601637905031
5542.57858892214
5542.522823220587
5542.499787442382
5542.601637905031
5542.57770267214
5542.519665311645
5542.495471354415
5542.5970484913
5542.574066430635
5542.517456781149
5542.493741554129
5542.594868832709
5542.571892030805
5542.516017108486
5542.493310302977
5542.594356931254
5542.571631520117
5542.51567596194
5542.492830514744
5542.594106337853
5542.571656644219
5542.515245666675
5542.492595787383
5542.594099409548
5542.571539790155
5542.515403420294
5542.493561417693
5542.594487200354
5542.572458476665
5542.515781791405
5542.4954498884545
5542.5948874052265
5542.572797192037
5542.5160324588705
5542.4956130431
5542.5949775300605
5542.572166871549
5542.51592783683
5542.494756553623
5542.594682722813
5542.571785038792
5542.515562746334
5542.493037147769
5542.594253421924
5542.571804152734
5542.515270427934
5542.493170895348
5542.594059090394
5542.573225401072
5542.515296839211
5542.4956088878525
5542.594252141438
5542.574668825559
5542.515663742722
5542.496689320325
5542.5945412472365
5542.5756606654395
5542.516075026432
5542.495979184353
5542.594950150284
5542.574611392665
5542.516168235947
5542.493660985503
5542.594835222964
5542.5737881164605
5542.515863770553
5542.492600050258
5542.594431326009
5542.571753004715
5542.515426933126
5542.49303790673
5542.594096873609
5542.5720019127075
5542.515189393283
5542.494348987613
5542.594011552132
5542.574649363405
5542.515375829928
5542.496467378695
5542.594342065925
5542.574813970844
5542.515691849521
5542.496623434159
5542.594352427736
5542.574195084446
5542.515471942327
5542.4957324763745
5542.595002895112
5542.572329807942
5542.5161494963095
5542.495155236342
5542.595208715053
5542.571130546302
5542.515699759724
5542.492837173254
5542.594717654541
5542.569918174201
5542.5137487610455
5542.492516595916
5542.591804467911
5542.5684853594785
5542.51321722671
5542.48960787598
5542.590759199439
5542.567901737537
5542.5125801398135
5542.488721584695
5542.590081370997
5542.567071397868
5542.511476482286
5542.488626480732
5542.589843040167
5542.567596764697
5542.511010508708
5542.489613843889
5542.589248326757
5542.568602094762
5542.510414813245
5542.490087111393
5542.589065262074
5542.568530664341
5542.510048623494
5542.48982266248
5542.588863307938
5542.568076328478
5542.510019515215
5542.489150964234
5542.588844901196
5542.567191516509
5542.510017406521
5542.488397595548
5542.588832090964
5542.566467874344
5542.510017406521
5542.487556858428
5542.588832090964
5542.565966258501
5542.510017406521
5542.486996718934
5542.588832090964
5542.565754146077
5542.510017406521
5542.487125398903
5542.588892767602
5542.56583793926
5542.509932859497
5542.487779918138
5542.588730852552
5542.565975315388
5542.509932396793
5542.488379144169
5542.588725657124
5542.5663466367105
5542.509911230852
5542.48853305263
5542.588727257575
5542.566601317638
5542.509910809002
5542.488198048305
5542.588725493445
5542.5667260692135
5542.509910809002
5542.487549099947
5542.588725493445
5542.566839380236
5542.509910809002
5542.486917665476
5542.588725493445
5542.56594142547
5542.509910809002
5542.486878870985
5542.588725493445
5542.565904646219
5542.509910809002
5542.487272621749
5542.588725493445
5542.566504618973
5542.509910809002
5542.48746855276
5542.588725493445
5542.5673636240235
5542.509910809002
5542.488222022751
5542.588725493445
5542.568108535406
5542.509910809002
5542.488334500583
5542.588725493445
5542.5684697454835
5542.509910809002
5542.487865153334
5542.588725493445
5542.568108665208
5542.509910809002
5542.487138241174
5542.588725493445
5542.567349084517
5542.509910809002
5542.486765217323
5542.588367209836
5542.5652104829
