6775.997687143784
6775.212753115679
6769.907458200569
6762.856670717938
6754.893404071269
6747.056395992097
6739.350412443772
6731.550476626095
6723.536595216071
6715.122592105335
6706.718348931919
6697.865670370124
6689.124115801483
6680.5500586258295
6672.146126161706
6663.915411658536
6655.862376454254
6647.9897141888405
6640.285256184492
6632.731739466835
6625.353760901268
6618.153065420257
6611.109640390496
6604.211091399076
6597.498943520836
6590.977662246381
6584.586352474728
6578.01899234609
6571.318925081917
6564.71423120571
6557.478538582843
6550.415915601926
6543.4929948534855
6536.557217772211
6529.621103480265
6522.741217560833
6515.627011661715
6508.2337476136945
6500.955805488941
6493.874726683107
6486.497455170368
6478.7638891642955
6471.200608148165
6463.84203648418
6456.688829366762
6449.719344751358
6442.938155093464
6436.388705522626
6429.942344908631
6423.675228238995
6417.558033760684
6411.599003461095
6405.818916437964
6400.068938881095
6394.425598556642
6389.001614489259
6383.7086107247815
6378.599998926231
6373.620151472668
6368.794122925981
6364.077833630565
6359.458236095041
6354.996032687898
6350.692486158311
6346.6221292422915
6342.548447918972
6338.186687823806
6333.9276369522895
6329.849136021791
6325.3019250843445
6320.812728634388
6316.299008825939
6311.948730284137
6307.71232872168
6303.18031386523
6298.25481585455
6293.482368876001
6288.843721743371
6284.30333601689
6279.977394902848
6275.854277103313
6271.892168808311
6268.024274269151
6264.324953106401
6260.79106721866
6257.392768880021
6254.11261777203
6250.926046374956
6247.586982078362
6244.3478108245345
6241.077976586135
6237.920889881069
6234.554978566286
6231.28978576155
6228.161748472126
6225.215879267551
6222.3551331841745
6219.625995393033
6217.053973042839
6214.570289719035
6212.168715512894
6209.867928452513
6207.647078228681
6205.257190263762
6202.861846573529
6200.682286579283
6198.527685744499
6196.5292707348535
6193.977881657935
6191.01741771743
6188.089895659695
6184.647325099791
6181.280387400141
6178.105856866176
6174.945238545566
6171.945609121615
6169.071536416718
6166.329871521508
6163.6238136268785
6161.0993086228855
6158.250511927495
6154.512754051722
6150.769932696944
6147.134592611832
6143.586247262775
6140.138876124395
6136.8388646512085
6133.737008021684
6130.753492819586
6127.9179736659235
6125.109253860908
6122.487955462326
6119.985119658435
6117.514166961675
6115.05912731131
6112.537149549968
6109.649582697937
6106.8096811897785
6104.148814353773
6101.655820913018
6099.299223429479
6097.090493003658
6094.777602606845
6092.685349294987
6090.6262601498265
6088.7591559611365
6086.978132469037
6085.408920759757
6083.911882334278
6082.582400822079
6081.254552378945
6080.137411383747
6079.119966971987
6078.219148054663
6077.344285619654
6076.608396290257
6075.991526360151
6075.366918151184
6074.808987953849
6074.287533249272
6073.865038868989
6073.507019142144
6073.141451989967
6072.831429697638
6072.549814538102
6072.291926205805
6072.089441561053
6071.924318939686
6071.766204437655
6071.639358080308
6071.468092290394
6071.446129840305
6071.38071975547
6071.359790480953
6071.263488569785
6071.180302035209
6071.082317726561
6071.054848381054
6070.992201412468
6070.983515408726
6070.9238126569
6070.605736889931
6070.097431719397
6069.795905389719
6069.4604841097425
6069.156384080365
6068.762874265089
6068.440498562558
6068.058915961672
6067.755067985927
6067.318098124519
6066.232524429083
6065.153376147862
6064.175963087093
6063.111337326405
6062.162563236606
6060.974124309651
6059.784076117952
6058.400941800628
6057.110595791072
6055.74268582922
6054.068237975087
6052.372333134176
6050.131728402664
6047.644946667855
6045.219038525004
6042.745515152249
6040.277875502028
6037.834794613584
6035.473432816963
6033.11818963571
6030.9187804699595
6028.729962208622
6026.644317687363
6024.495255545212
6022.4961878029635
6020.501557278236
6018.411119389206
6016.272569126015
6014.357795619026
6012.426788865725
6010.580665259722
6008.492615510158
6006.522415930756
6004.614875086437
6002.810272415737
6000.995268509364
5999.405093483951
5997.838687752987
5996.371942146651
5994.9147052273265
5993.671014273454
5992.426623069623
5990.9638293176695
5989.48097666308
5988.165909327745
5986.9319996848635
5985.80074827322
5984.6803077312325
5983.626496090367
5982.6246059253435
5981.68679498155
5980.7686593105345
5979.967424160828
5979.200515932561
5978.448878446079
5977.716379679759
5977.108494827946
5976.581000134049
5976.060591465104
5975.561764157101
5975.170737312831
5974.823044457069
5974.489731765829
5974.177705790237
5973.96611128446
5973.749886654856
5973.466596284676
5973.204886297601
5973.049870795193
5972.417313839309
5971.605030539091
5970.799872957422
5970.105921627731
5969.24531643114
5967.9389633721075
5966.453773082295
5965.023372390299
5963.656154091967
5962.23808220285
5960.916093921145
5959.632961613364
5958.424534808521
5957.046756606569
5955.681814997803
5954.401286085219
5953.22931004883
5952.028686633312
5950.863947269854
5949.79405199123
5948.803268401719
5947.785030134876
5946.794530892807
5945.886879361491
5945.096815389791
5944.164970603956
5943.359421881732
5942.528401965887
5941.84282723136
5941.011952579273
5940.309236011495
5939.61638709486
5938.7091681617985
5937.474626775741
5936.317407626735
5935.14363497704
5934.130581645702
5933.028278596644
5932.071485031268
5931.064922135373
5930.169785713768
5929.168291946795
5928.268748799573
5927.352832779718
5926.479843104935
5925.5166773672545
5924.624154481579
5923.661141153149
5922.687954172302
5921.726667493695
5920.537552586553
5919.168916450184
5917.8572153908935
5916.550380676951
5915.260623367661
5914.063752736856
5912.870017014049
5911.695090515407
5910.529488551664
5909.440511680404
5908.361669336793
5907.121096693827
5905.5782594458005
5904.115710923313
5902.695770317433
5901.28204751995
5899.895920197936
5898.575081056101
5897.3051273393585
5896.050129187154
5894.825164245272
5893.67235390217
5892.562873690046
5891.472750920711
5890.400890202691
5889.413016651108
5888.478390059488
5887.55231325453
5886.6353547313365
5885.8031821777595
5884.997997903195
5884.100307275302
5883.244657404617
5882.414923997433
5881.667088333472
5880.919847241177
5880.2202317754845
5879.535425162467
5878.941395632183
5878.359820762967
5877.756467525532
5877.219081993208
5876.7206511077575
5876.221147618744
5875.705545299178
5875.261019972976
5874.8674177907205
5874.438605097998
5874.022623516852
5873.6781988935945
5873.362348167833
5873.040686782699
5872.718425505777
5872.456469742268
5872.2312195489085
5872.008311430415
5871.786152120478
5871.6003125016
5871.466714350244
5871.288213369748
5871.136201083532
5871.001729993225
5870.915937589874
5870.790269043507
5870.683829600141
5870.591657419699
5870.55569777563
5870.497249708146
5870.443975821361
5870.424035475239
5870.447251002979
5870.445043257966
5870.408720433908
5870.410589046796
5870.441597149013
5870.427208961277
5870.377574169224
5870.393983288898
5870.399167365083
5870.400170008748
5870.366231793132
5870.3625459648365
5870.364712059742
5870.364168216376
5870.3298617423825
5870.337706858541
5870.354856785981
5870.352361532289
5870.297535310719
5870.293499128866
5870.33509072339
5870.324707021163
5870.2951415159305
5870.275485885349
5870.31025338346
5870.314901478421
5870.262289333039
5870.236988931392
5870.255363966142
5870.251655360495
5870.249067821227
5870.207098065113
5870.1834984460775
5870.161721182891
5870.177665167585
5870.159314948742
5870.171353940652
5870.165587306403
5870.090896908097
5870.094726395666
5870.1326355182155
5870.144216854637
5870.066007725156
5870.040142860362
5870.054117690006
5870.086540937073
5870.047434646866
5870.011442885644
5869.99298834854
5870.008674913154
5869.986942744949
5869.991036691461
5869.973930979643
5869.968842222096
5869.902808300029
5869.93680803373
5869.923137823714
5869.941102759263
5869.875429168275
5869.907048348847
5869.872009346543
5869.870681735299
5869.861146298098
5869.879087920822
5869.8358048155105
5869.8244553550685
5869.831914788683
5869.815566060528
5869.8217398467805
5869.783807539482
5869.7921351811565
5869.787870696634
5869.807464949685
5869.758283318813
5869.735778912852
5869.753501643559
5869.788513869467
5869.7460266490825
5869.687851821908
5869.696926899939
5869.7241774025115
5869.712905980688
5869.673771358393
5869.646907712985
5869.663808837671
5869.686592575157
5869.62692430536
5869.621969087911
5869.650742879831
5869.642550568466
5869.613795277375
5869.610666153347
5869.629023350003
5869.625527184172
5869.613795277375
5869.610666153347
5869.629023350003
5869.625527184172
5869.613795277375
5869.610666153347
5869.629023350003
5869.625527184172
5869.613795277375
5869.610666153347
5869.629023350003
5869.625527184172
5869.613795277375
5869.610666153347
5869.629023350003
5869.625527184172
5869.613795277375
5869.610666153347
5869.629023350003
5869.625527184172
5869.613795277375
5869.610666153347
5869.629023350003
5869.625527184172
5869.613795277375
5869.610666153347
5869.629023350003
5869.625527184172
5869.613795277375
5869.610666153347
5869.629023350003
5869.625527184172
5869.613795277375
5869.610666153347
5869.629023350003
5869.625527184172
5869.613795277375
5869.610666153347
5869.629023350003
5869.625527184172
5869.613795277375
5869.610666153347
5869.629023350003
5869.625527184172
5869.613795277375
5869.610666153347
5869.629023350003
5869.625527184172
5869.613795277375
5869.610666153347
5869.629023350003
5869.625527184172
5869.613795277375
5869.610666153347
5869.629023350003
5869.625527184172
5869.613795277375
5869.610666153347
5869.629023350003
5869.625527184172
5869.613795277375
5869.610666153347
5869.629023350003
5869.625527184172
5869.613795277375
5869.610666153347
5869.629023350003
5869.625527184172
5869.613795277375
5869.610666153347
5869.629023350003
5869.625527184172
5869.613795277375
5869.610666153347
5869.629023350003
5869.625527184172
5869.613795277375
5869.610666153347
5869.629023350003
5869.625527184172
5869.613795277375
5869.610666153347
5869.629023350003
5869.625527184172
5869.613795277375
5869.610666153347
5869.629023350003
5869.625527184172
5869.613795277375
5869.610666153347
5869.629023350003
5869.625527184172
5869.452595640511
5869.125478109849
5868.709193292961
5868.283336726143
5867.835626276305
5867.430394405319
5866.6598563215175
5865.895854573738
5865.113516026534
5864.401162969458
5863.700951759329
5863.008789724824
5862.299805682244
5861.662323077229
5861.0384984795255
5860.424238316821
5859.794669193627
5859.238110806591
5858.696714179408
5858.166378098676
5857.622219091117
5857.152543946887
5856.699487504094
5856.258928565976
5855.80595927904
5855.428856961672
5855.069721079149
5854.724388211982
5854.367900313982
5854.08847520752
5853.828141955451
5853.582653879382
5853.326954412506
5853.14914457948
5852.99111451396
5852.848451434739
5852.6958987161515
5852.621313929004
5852.566286656466
5852.526025487494
5852.474782618085
5852.47969392321
5852.503393186514
5852.497245496337
5852.474555930206
5852.472795299716
5852.490242294429
5852.498612534638
5852.4623940193205
5852.472124199986
5852.484322042941
5852.488254976989
5852.452188622186
5852.471810403974
5852.483711713599
5852.487965422934
5852.452173768877
5852.471448369899
5852.483008375364
5852.4876313263885
5852.452156612926
5852.244062179561
5851.829397369553
5851.171334053092
5850.481059528193
5849.847522113506
5849.226452726156
5848.6180922029125
5847.9811223463075
5847.402609234555
5846.838580505578
5846.289854722845
5845.713589136391
5845.195536460164
5844.692614502762
5844.206680180297
5843.693423400599
5843.237299538465
5842.7964334381
5842.374021412493
5841.924223929466
5841.530214127665
5841.151159743352
5840.790908722768
5840.403237321895
5840.069317923539
5839.75035487606
5839.452856815189
5839.127191228067
5838.8331137381465
5838.554242196629
5838.29444284037
5837.993727915056
5837.711829049677
5837.445941536192
5837.216844622229
5836.929850350691
5836.709113734846
5836.475906704042
5836.26127175244
5835.992122503656
5835.809639867212
5835.616071616234
5835.445388125703
5835.201365052785
5835.0446107414145
5834.886957000397
5834.745252968322
5834.557517664693
5834.438538778674
5834.314918924138
5834.207533895109
5834.058403223045
5833.979236061208
5833.891539755516
5833.819834021583
5833.7110482818025
5833.673497364782
5833.622847070653
5833.58783716735
5833.520815158136
5833.526391428949
5833.513542259559
5833.5158964472275
5833.500932458034
5833.488579852566
5833.496641589584
5833.499661483269
5833.478232082748
5833.484016145589
5833.478472524357
5833.467103300213
5833.434790879188
5833.441324966983
5833.45430776699
5833.460092085427
5833.398657684815
5833.418777248578
5833.445892280132
5833.445875415416
5833.392345009332
5833.4247701376335
5833.428941170448
5833.444691349427
5833.391091835867
5833.423660125756
5833.424752613061
5833.437687330845
5833.397337937998
5833.4101123843575
5833.423759624949
5833.429747243248
5833.385757678338
5833.403461147521
5833.4211270538535
5833.424300512768
5833.371747406208
5833.389084769189
5833.402733612938
5833.405963600824
5833.355578114636
5833.368441111675
5833.359614688944
5833.393472961624
5833.328865955934
5833.351528085033
5833.345488769813
5833.356929033883
5833.316177970403
5833.341250844449
5833.3113462790325
5833.318776251261
5833.286026940192
5833.298743912826
5833.286089583293
5833.2830572116145
5833.234510240851
5833.273528145419
5833.24167921636
5833.2512696323665
5833.21487676562
5833.213640342363
5833.228961208719
5833.2133658625535
5833.178953907488
5833.184574457725
5833.191023496947
5833.191284060218
5833.15428389497
5833.144015796566
5833.167330820272
5833.16870800993
5833.123502701798
5833.13884292367
5833.161944131895
5833.153388956965
5833.109068928878
5833.145980302943
5833.138750992501
5833.142980528719
5833.092482305642
5833.12569952496
5833.131362039082
5833.130415296063
5833.063873404167
5833.0815891625125
5833.082252611678
5833.0777764978075
5833.047051522785
5833.0216861385115
5833.034632247561
5833.022689024352
5833.0007686145145
5833.030461470251
5832.98992739715
5832.968655407232
5832.926989645542
5832.972772151695
5832.972310704561
5832.959753438617
5832.903858713157
5832.898717313384
5832.9380789069955
5832.915545715316
5832.888813842885
5832.897107591835
5832.902570569798
5832.895679224854
5832.876037966458
5832.885768729058
5832.898687554127
5832.890301494494
5832.861319854261
5832.872870132554
5832.894246941382
5832.884085033188
5832.844371679344
5832.865017004722
5832.869261923662
5832.883538061559
5832.831550321145
5832.84112700517
5832.857239225513
5832.882922662979
5832.821143802933
5832.817444465475
5832.838757353649
5832.838062509887
5832.8174283339295
5832.811565159393
5832.8223195219225
5832.818655684379
5832.809545445457
5832.808768909498
5832.817159191059
5832.816216913455
5832.807467169292
5832.803921084505
5832.81169897892
5832.813218041053
5832.804466662112
5832.794788199952
5832.802308859413
5832.809141108248
5832.801056469835
5832.787156842335
5832.797059087378
5832.805892123563
5832.796441255288
5832.779818543023
5832.793521511603
5832.804824847223
5832.790332607572
5832.770507650347
5832.789440330464
5832.803592718011
5832.783287003962
5832.75978377207
5832.7952846571125
5832.781780430855
5832.725574043215
5832.527039008053
5832.365900366449
5832.194597036541
5832.0129282704565
5831.8378173916735
5831.698161634565
5831.5552131170525
5831.395098643603
5831.224847615903
5831.097658710993
5830.992904186919
5830.835712412332
5830.719429117933
5830.609046822308
5830.513179814149
5830.378721161777
5830.286662806827
5830.183799253437
5830.091323842455
5829.9705125257615
5829.907931600837
5829.8213712706465
5829.741142959174
5829.6335251114815
5829.590553954147
5829.524308877304
5829.460028108046
5829.369653561684
5829.351392587721
5829.310700915197
5829.26688961488
5829.198387567833
5829.210414061085
5829.20080397916
5829.181987695571
5829.139860609539
5829.208676471733
5829.166682981633
5829.180866874769
5829.135084930727
5829.199443174836
5829.161263305546
5829.178717990777
5829.135004863721
5829.18005760757
5829.15610635695
5829.177320654436
5829.126432358167
5829.166952461969
5829.150173628854
5829.175706820623
5829.116568664624
5829.151960992358
5829.143352864857
5829.173842984556
5829.106198143013
5829.136666528347
5829.150618519712
5829.139408951655
5829.102631212707
5829.131265857741
5829.143307751636
5829.133890589214
5829.098512513172
5829.125047505502
5829.134938635782
5829.127533532561
5829.093756947161
5829.120068152992
5829.11454534177
5829.122786507108
5829.0908346968645
5829.109073616095
5829.101286426561
5829.115357099118
5829.087627394035
5829.101563893608
5829.095752189108
5829.1123933414665
5829.084056580378
5829.094583645849
5829.091309092828
5829.100095650119
5829.083888806258
5829.049612271913
5828.714362518289
5828.389548501979
5828.097309258216
5827.810395130866
5827.5257341935
5827.257738090486
5827.017218154
5826.800537159293
5826.568238457643
5826.352972720984
5826.175597814671
5826.014365485677
5825.848735291662
5825.685800400264
5825.560720929384
5825.464636247183
5825.3562822967815
5825.256549898621
5825.181854738471
5825.135846143132
5825.090846757068
5825.048974038201
5825.034888379431
5825.035909989625
5825.037443529764
5825.010724191309
5825.011854714003
5825.030749945151
5825.0123393465565
5824.991529409399
5824.975524849989
5824.985988820882
5824.985774672008
5824.961414439185
5824.7717996489655
5824.5184866358295
5824.088126694807
5823.675074573349
5823.290347816847
5822.919990134481
5822.556135487183
5822.213417138896
5821.913045993368
5821.647485455993
5821.374584904134
5821.103544009434
5820.8763306490055
5820.684454153461
5820.5006726337615
5820.339554067493
5820.220133725437
5820.120129717748
5820.012955000138
5819.929359628987
5819.890383082964
5819.8874473853975
5819.893241967732
5819.888421753851
5819.888811597729
5819.85180294199
5819.825623546086
5819.824815930084
5819.8192998940685
5819.834847453914
5819.810284744989
5819.792938953096
5819.784901826985
5819.798574052558
5819.747523077865
5819.725720243284
5819.750233455175
5819.75443448344
5819.726387726077
5819.668510735629
5819.663646384516
5819.705463171725
5819.687967661572
5819.667035071179
5819.630513309752
5819.641304225407
5819.65574566747
5819.64916393588
5819.620036884667
5819.612897843182
5819.6315027598275
5819.600362265416
5819.619582496666
5819.602359382524
5819.6120950966615
5819.492390008943
5819.248726689007
5819.042983847285
5818.841042471307
5818.671217950272
5818.542536588289
5818.456620163394
5818.3670767193635
5818.308837579347
5818.293770515282
5818.306738209188
5818.301503890004
5818.260616133515
5818.268039689955
5818.309366867311
5818.2793304001225
5818.241955354507
5818.232569301676
5818.267437110435
5818.241342966273
5818.2317260199325
5818.2320260626075
5818.228028343568
5818.224989942098
5818.180489190308
5818.192737666883
5818.211232088548
5818.223930195741
5818.154850168052
5818.143310153254
5818.153539409033
5818.170275828199
5818.152004348114
5818.1243233873265
5818.120874156742
5818.149407239145
5818.103388175646
5818.12125901937
5818.109883788011
5818.134036678127
5818.097365168246
5818.120810169716
5818.100645078574
5818.116542914263
5818.087199900148
5818.120447064184
5818.091865106087
5818.099627263279
5818.101198706703
5818.089752275728
5818.091453044266
5818.089694635002
5818.082125387824
5818.080577692484
5818.090977136311
5818.078258360411
5818.060236915655
5818.07001149472
5818.090427500502
5818.069745068317
5818.044270953571
5818.055507165671
5818.090369388894
5818.068509099213
5818.042226867827
5818.054352954944
5817.968263195269
5817.560610769432
5817.186119288277
5816.860517933718
5816.481565815465
5816.1160649809435
5815.751963379416
5815.43536610939
5815.064906014076
5814.708120752018
5814.385093869925
5814.023452089295
5813.692300924955
5813.344805430704
5813.031319411608
5812.68321584162
5812.365552123002
5812.027955715219
5811.724646008324
5811.391297336785
5811.088316437266
5810.761243798696
5810.468763954641
5810.151485282174
5809.864476485504
5809.548556452398
5809.267567640249
5808.967771981474
5808.698117784098
5808.393969279734
5808.125127457682
5807.844323890714
5807.593498346619
5807.30171370743
5807.045654834437
5806.7854455813285
5806.5550121051565
5806.276138031715
5806.0334617385815
5805.795538392488
5805.587147420714
5805.321663771623
5805.092915959641
5804.87905498367
5804.694441872024
5804.442738509633
5804.228393421905
5804.040450922057
5803.881434428945
5803.643786325493
5803.444228751274
5802.982459503239
5802.396313025782
5801.849309268729
5801.287562980884
5800.809223435539
5800.266132161304
5799.768874062311
5799.251882755207
5798.819029759396
5798.3221547439425
5797.87184031741
5797.402517364225
5797.01805423468
5796.57028699202
5796.169794202845
5795.751002274429
5795.417774646036
5795.021942037702
5794.6740772426565
5794.308600467028
5794.029368523859
5793.68820508492
5793.395675476467
5793.086192022582
5792.863603243128
5792.57972410976
5792.345110846184
5792.094166276234
5791.930729026827
5791.706603789224
5791.520495425714
5791.313212876867
5791.178137211468
5790.983222922301
5790.839012577421
5790.661805695824
5790.567582103574
5790.404493011055
5790.292915922615
5790.1512253906985
5790.099188282839
5789.9747678041795
5789.900290740458
5789.794420532613
5789.778588290966
5789.694394728781
5789.660213314516
5789.591270932338
5789.612728537507
5789.576280590389
5789.570643036671
5789.549323769415
5789.574186819912
5789.542162510507
5789.546590431599
5789.537056271791
5789.569977356232
5789.499531407067
5789.472376222131
5789.43080590401
5789.461558684825
5789.4366290268845
5789.470030614852
5789.421661129281
5789.414216452315
5789.340961987423
5789.32295717827
5789.280075751958
5789.325811106948
5789.298196756596
5789.290665000686
5789.040584200131
5788.8000775243645
5788.398686360457
5788.101118258159
5787.79032681839
5787.61947092001
5787.3851991922
5787.230057681472
5787.000662147057
5786.925505342563
5786.771562669214
5786.7156989099
5786.57909738623
5786.598018520812
5786.550567296653
5786.575253945482
5786.570174013568
5786.583318059525
5786.496428967163
5786.471893184808
5786.430486619908
5786.450935998568
5786.414251644646
5786.43519015981
5786.418974154191
5786.445827896641
5786.404952334493
5786.424802734169
5786.405047085001
5786.4343653766355
5786.3954945481
5786.416339456561
5786.368918387477
5786.422670858939
5786.394083060014
5786.385676861907
5786.348603770709
5786.412191191162
5786.382206181019
5786.36194511511
5786.335221362331
5786.411054009568
5786.3494320163645
5786.351357004659
5786.311591912408
5786.380930354367
5786.333250617773
5786.341511583986
5786.288761841595
5786.345616946661
5786.312139631076
5786.333948063499
5786.2783340806045
5786.344142973754
5786.283046794
5786.339832509946
5786.271994691847
5786.326333279936
5786.27559136683
5786.334731542379
5786.271393650819
5786.322200031942
5786.261891268495
5786.327924975545
5786.240806944711
5786.321861925133
5786.254197874653
5786.3140647900145
5786.233665860791
5786.3214715720505
5786.243834611741
5786.295117982956
5786.223342004207
5786.3130758473
5786.2281431159745
5786.263338700415
5786.192736248097
5786.255441851733
5786.228538794551
5786.228973993158
5786.1608570731905
5786.2557292633155
5786.206829870919
5786.228491791069
5786.15199373556
5786.2384511674
5786.195057501894
5786.228243694854
5786.1459025163895
5786.226529653476
5786.189439671319
5786.227957123797
5786.138867884927
5786.212763918412
5786.18295165958
5786.2276261115985
5786.130743941371
5786.196869423302
5786.191275384681
5786.199750507161
5786.130362214358
5786.187502085543
5786.172950272582
5786.191110828354
5786.129921290549
5786.176684760608
5786.151793116014
5786.181133610717
5786.129411990807
5786.166549653983
5786.132050964005
5786.1809896457235
5786.09079023924
5786.163978513984
5786.129176743608
5786.177724621476
5786.090921680419
5786.163837394533
5786.125679833892
5786.1708200502835
5786.087698902326
5786.163674380091
5786.121635447771
5786.162825802994
5786.083971915868
5786.1634860720105
5786.116957008572
5786.1535669606055
5786.079661095681
5786.163268543562
5786.111543981875
5786.14283970253
5786.0746740113755
5786.1630172577
5786.105279548219
5786.1304063434
5786.087265385185
5786.135906960684
5786.104984849952
5786.123055540177
5786.072672745714
5786.126401880555
5786.1048628721355
5786.121403474574
5786.069447591447
5786.123222362897
5786.1048628721355
5786.121403474574
5786.069447591447
5786.123222362897
5786.1048628721355
5786.121403474574
5786.069447591447
5786.123222362897
5786.1048628721355
5786.121403474574
5786.069447591447
5786.123222362897
5786.1048628721355
5786.121403474574
5786.069447591447
5786.123222362897
5786.1048628721355
5786.121403474574
5786.069447591447
5786.123222362897
5786.1048628721355
5786.121403474574
5786.069447591447
5786.123222362897
5786.1048628721355
5786.121403474574
5786.069447591447
5786.123222362897
5786.1048628721355
5786.121403474574
5786.069447591447
5786.123222362897
5786.1048628721355
5786.121403474574
5786.069447591447
5786.123222362897
5786.1048628721355
5786.121403474574
5786.069447591447
5786.123222362897
5786.1048628721355
5786.121403474574
5786.069447591447
5786.123222362897
5786.1048628721355
5786.121403474574
5786.069447591447
5786.123222362897
5786.1048628721355
5786.121403474574
5786.069447591447
5786.123222362897
5786.1048628721355
5786.121403474574
5786.069447591447
5786.123222362897
5786.1048628721355
5786.121403474574
5786.069447591447
5786.123222362897
5786.1048628721355
5786.121403474574
5786.069447591447
5786.123222362897
5786.1048628721355
5786.121403474574
5786.069447591447
5786.123222362897
5786.1048628721355
5786.121403474574
5786.069447591447
5786.123222362897
5786.1048628721355
5786.121403474574
5786.069447591447
5786.123222362897
5786.1048628721355
5786.121403474574
5786.069447591447
5786.123222362897
5786.1048628721355
5786.121403474574
5786.069447591447
5786.123222362897
5786.1048628721355
5786.121403474574
5786.069447591447
5786.123222362897
5786.1048628721355
5786.121403474574
5786.069447591447
5786.123222362897
5786.1048628721355
5786.121403474574
5786.069447591447
5786.123222362897
5786.1048628721355
5786.121403474574
5786.069447591447
5786.123222362897
5786.1048628721355
5786.121403474574
5785.995766349566
5785.566814430628
5785.067271757237
5784.652532115089
5784.1713408200085
5783.816214501896
5783.391476196054
5783.052495516996
5782.6479930331625
5782.370460063553
5782.024193781948
5781.7645374038375
5781.440184574454
5781.243599178913
5780.979050460129
5780.801853219582
5780.56067221937
5780.44794200648
5780.267902044962
5780.175836931072
5780.020380809767
5779.993937213505
5779.900714208991
5779.895964626923
5779.828290493095
5779.89006288179
5779.850110186754
5779.883841338225
5779.77984710308
5779.79645016785
5779.737730187981
5779.758814057085
5779.7081804478785
5779.746907953064
5779.691318179565
5779.708363807
5779.623548100413
5779.659482297879
5779.587705641791
5779.594022665471
5779.512341901975
5779.542483971143
5779.475045108102
5779.486297402897
5779.412998611559
5779.449514688875
5779.397183845767
5779.4146166965875
5779.341343657698
5779.384788261386
5779.3333645712955
5779.353305877807
5779.286388651558
5779.341032089907
5779.297329610239
5779.334076541445
5779.275120192459
5779.328927061457
5779.279569110323
5779.284779132356
5779.209496688027
5779.219467887331
5779.127132977602
5779.086426604316
5778.982134700036
5778.942158736936
5778.775065485752
5778.673959603442
5778.433991547863
5778.307495007558
5778.110043924322
5777.964785740971
5777.733910698209
5777.610890780448
5777.419561591704
5777.277614651678
5777.072919945255
5776.957864014187
5776.789698872438
5776.669762778282
5776.481530971177
5776.383575205317
5776.228112028416
5776.118082791075
5775.946319324063
5775.84052293124
5775.665653935058
5775.540868797664
5775.359020502684
5775.2736112374
5775.133742939926
5775.0477635727
5774.901475549302
5774.822356614975
5774.648016806861
5774.528174312106
5774.346948712424
5774.259257065675
5774.116433474266
5774.030024124879
5773.882455310654
5773.82558170101
5773.634193664854
5773.497580133925
5773.2935745052955
5773.106376761219
5772.859568446799
5772.663697244411
5772.338928448502
5772.100228911714
5771.79601605987
5771.503867248271
5771.130040672683
5770.852329111936
5770.470556967736
5770.147617408655
5769.763626300806
5769.481757291611
5769.140067705724
5768.858955731247
5768.516615109696
5768.274525012398
5767.95341601072
5767.6981298300225
5767.3622184541055
5767.1163463773655
5766.815338426476
5766.575103788092
5766.25951284956
5766.054453417146
5765.765606647042
5765.445715686835
5765.069599342199
5764.805681536406
5764.490457137783
5764.246716388394
5763.943788517002
5763.740881797247
5763.486593709964
5763.303692323149
5763.06456203485
5762.936526310911
5762.753837622525
5762.641961073152
5762.466504191993
5762.402743789215
5762.284153056009
5762.236306196797
5762.109647842603
5762.092025018555
5762.016821181415
5762.001746100759
5761.886875177031
5761.875004432791
5761.803616202732
5761.754514963182
5761.636023774877
5761.621144828554
5761.498605964581
5761.44477569603
5761.319708917612
5761.305050401498
5761.207179037296
5761.166135500574
5761.053929779691
5761.039409407688
5760.950670079296
5760.937063119809
5760.828190196869
5760.836155226991
5760.770687541002
5760.767534370997
5760.643167467456
5760.620565825097
5760.53021443331
5760.455393566083
5760.297554686443
5760.253817851544
5760.072196942523
5759.951046614538
5759.7285415780925
5759.623122621297
5759.39115446604
5759.257713941847
5759.010987623589
5758.914053441293
5758.726762700656
5758.639675193837
5758.454461628368
5758.409997318178
5758.2007237261505
5758.091224889432
5757.866404391233
5757.727582805564
5757.488196881108
5757.331573845256
5757.015775589964
5756.854001873105
5756.557883098555
5756.313576423362
5755.962178001725
5755.738449452294
5755.392842024631
5755.162500406455
5754.770697203931
5754.524571356855
5754.1755190622625
5753.912297824111
5753.493813800076
5753.193490881462
5752.773472614488
5752.441967792157
5752.020818562584
5751.769849737734
5751.401055945811
5751.152260580882
5750.75295810076
5750.509904302532
5750.16030684136
5749.934331673381
5749.621361697835
5749.481871223322
5749.235695664439
5749.1129329287905
5748.892486840149
5748.802713868563
5748.601528840828
5748.5191023544885
5748.164383416893
5747.931183660392
5747.624805297446
5747.37065597522
5747.0362209758705
5746.82754355455
5746.534634883235
5746.338583182338
5746.06400946743
5745.904431383213
5745.619565954729
5745.417451360397
5745.122885237514
5744.922602298272
5744.61565896697
5744.397461185011
5744.065955045801
5743.821974356134
5743.495903296693
5743.221286046628
5742.813180613475
5742.543321284031
5742.187092516258
5741.877484733867
5741.486987978844
5741.229039835774
5740.883620068679
5740.614629669565
5740.2325429234825
5739.99290592596
5739.6526419077
5739.412389330928
5739.061847008334
5738.793905287376
5738.461366211769
5738.210935593237
5737.8915156709445
5737.705547596695
5737.435456091636
5737.269220565363
5737.022255635633
5736.919782085305
5736.751041592739
5736.676806037503
5736.469634210132
5736.408636714744
5736.2349750090625
5736.105030085851
5735.890838786864
5735.802465033248
5735.629230306875
5735.527007310638
5735.325567908597
5735.244272032973
5735.1015771837565
5734.997705569271
5734.799537784217
5734.721735146984
5734.517484615976
5734.397777401223
5734.178124644528
5734.069851750075
5733.8661184272905
5733.732329163812
5733.496355143226
5733.394900504258
5733.210990122148
5733.098266922848
5732.872280924862
5732.772200456445
5732.5879856608
5732.459543383551
5732.228802445014
5732.117173121168
5731.898909191931
5731.747138057564
5731.5054429319725
5731.4040073965225
5731.2250624181415
5731.133276850819
5730.929119218325
5730.8524472701
5730.685054963829
5730.5937273198415
5730.425199027889
5730.37331114273
5730.210668766307
5730.1396864775825
5729.958134576566
5729.910717881145
5729.788030813922
5729.728802476961
5729.555691577293
5729.5011818718995
5729.351754243253
5729.280303233134
5729.121152277773
5729.076404331342
5728.919782736232
5728.835642188282
5728.643217413863
5728.5471842533225
5728.376534126484
5728.246307166934
5728.000506010015
5727.896239583667
5727.687583305348
5727.529193410296
5727.267317874702
5727.13783818299
5726.90483865429
5726.762933919476
5726.515928875809
5726.367444802888
5726.132622641039
5725.9686965761875
5725.726834498907
5725.645075079745
5725.463912226806
5725.366499622468
5725.1503352813925
5725.062494453488
5724.849034961783
5724.715430013026
5724.485926136908
5724.394941599851
5724.1932538266
5724.031453977681
5723.798186213516
5723.708984090732
5723.527163661741
5723.427262080338
5723.241010647913
5723.175932312173
5723.030688923784
5722.96084190253
5722.791564684567
5722.756836696391
5722.623824773945
5722.567496842749
5722.415173380675
5722.376686524143
5722.246177741875
5722.191635060134
5722.029186507449
5721.995525732378
5721.862509709672
5721.804183771118
5721.655294974608
5721.626641473484
5721.517040742456
5721.479007449691
5721.353632522518
5721.326773778867
5721.088194551312
5720.923556132304
5720.603962401573
5720.359719683463
5720.041840198586
5719.83749845088
5719.491822475359
5719.300179581957
5719.042109186411
5718.873225625754
5718.5957344333865
5718.240999897346
5717.820363757494
5717.506217921216
5717.124156311658
5716.8951983286515
5716.585547062327
5716.345080300414
5715.967807044963
5715.719034444261
5715.354217080163
5714.981379309206
5714.541988918192
5714.201712507404
5713.7587176815605
5713.401011213714
5712.97343200728
5712.577905038184
5712.051104860848
5711.635699528353
5711.128323389531
5710.774326750349
5710.366844820305
5710.07108188338
5709.716805535079
5709.51685915649
5709.228013889906
5709.027616937177
5708.731252035746
5708.555349127104
5708.308037483147
5708.154958521909
5707.921378266493
5707.806896132436
5707.586632123225
5707.405381136301
5707.148057676186
5707.021399929312
5706.765801053514
5706.601080657916
5706.361150302458
5706.274793746811
5706.11451223343
5706.057481567242
5705.886345977574
5705.850559044587
5705.731327364296
5705.698948562974
5705.56879292008
5705.593371950016
5705.513573553042
5705.540539047039
5705.366166402989
5705.312086073931
5705.17442779203
5705.02499832098
5704.7848635496985
5704.672083583278
5704.35062813557
5704.074530032033
5703.7107242964685
5703.394062750171
5702.963916414646
5702.625996874489
5702.196972222292
5701.908784277827
5701.545840983474
5701.27481109045
5700.924682546538
5700.705062312663
5700.383731918154
5700.172356708705
5699.868944447895
5699.717819028069
5699.460650162436
5699.30904549277
5699.030635651359
5698.907352626193
5698.688755027209
5698.517208359098
5698.257274972227
5698.119553222551
5697.828554349087
5697.626385418477
5697.315859401047
5697.1193569388715
5696.8060847949455
5696.5704636200035
5696.242674221522
5695.96537912112
5695.606916446338
5695.309187808443
5694.944232179916
5694.688329347542
5694.282682306893
5693.953794036312
5693.560617843219
5693.278313393709
5692.9395290001985
5692.6672760626
5692.2775930058
5692.006559264079
5691.652740986645
5691.400222703501
5691.065706790447
5690.885305393278
5690.597028097953
5690.378847637122
5690.018988432762
5689.81144120451
5689.453917266379
5689.174397409714
5688.769779197096
5688.494847950797
5688.1065388321485
5687.792404706988
5687.402329538973
5687.154787100449
5686.783726109074
5686.515141040153
5686.185517119309
5685.989027986395
5685.666113306892
5685.4565738183655
5685.1083129140525
5684.917046219358
5684.586255808947
5684.344203025516
5684.038802790809
5683.905585557732
5683.655910016352
5683.494607216909
5683.252865581807
5683.154414361626
5682.975579595614
5682.880008974802
5682.68653390738
5682.63922990313
5682.466092511978
5682.378614382824
5682.211468765969
5682.18830694904
5682.060789023111
5682.019475031305
5681.88357654228
5681.883081169591
5681.811296336647
5681.817003298175
5681.702317312336
5681.717730759937
5681.671292430455
5681.6622510880825
5681.562358668912
5681.574430551453
5681.481189163374
5681.465401814429
5681.34500102512
5681.3581816469905
5681.26508838122
5681.2565810590995
5681.14033279885
5681.116463343028
5680.933712823626
5680.835106039168
5680.591768214049
5680.457562028565
5680.224028923662
5679.978390129511
5679.610897264899
5679.304660148903
5678.832445601622
5678.450123318203
5677.923897412763
5677.489329366368
5677.014395837104
5676.67476816894
5676.281526386137
5676.014918730572
5675.666580656036
5675.397762162545
5675.053010492776
5674.758703698585
5674.378409595761
5674.007567171978
5673.454759884753
5673.061737972662
5672.601062486627
5672.211307065259
5671.750335000779
5671.410155240985
5670.930287224758
5670.53717689265
5670.033233787402
5669.681548987007
5669.186136276083
5668.675729648999
5668.084300581728
5667.648465662378
5667.118974705085
5666.685158416309
5666.167230914172
5665.737624844875
5665.228723740221
5664.802518816094
5664.244010024668
5663.817547741152
5663.322458396844
5662.869499861609
5662.320526335765
5661.909224596522
5661.384565505296
5660.94573998307
5660.424899459768
5660.023177070754
5659.517337419648
5659.082854670595
5658.549727187177
5658.159789473619
5657.682535602249
5657.272009946013
5656.780955984604
5656.435176607986
5655.984418747548
5655.628114675379
5655.199971031784
5654.916907037629
5654.526122293244
5654.22660280432
5653.85598349738
5653.583936592782
5653.250354523562
5653.00650400498
5652.645222347311
5652.410223383613
5652.112092650168
5651.882904307234
5651.524689114144
5651.314173388017
5651.020392630126
5650.782607072261
5650.38933167035
5650.138026664441
5649.80274798191
5649.5529107840475
5649.218069138816
5649.003414674016
5648.675623614478
5648.453769640188
5648.118535160737
5647.913068656434
5647.643924945012
5647.448649186179
5647.186964744438
5647.046126816941
5646.806999143079
5646.662015080469
5646.410433121056
5646.314686077043
5646.159048008603
5646.102721106774
5645.974380486166
5645.9882776551285
5645.85332094207
5645.767994800377
5645.569292280926
5645.49067533582
5645.311785161808
5645.202850158138
5645.007632141521
5644.929565944412
5644.743037680547
5644.633895777581
5644.43372890329
5644.340624149421
5644.138700981369
5644.052682175325
5643.872100284816
5643.827696366097
5643.713146620326
5643.666990174513
5643.530509328376
5643.500697404876
5643.3470911172
5643.263126815974
5643.044278420768
5642.930523720599
5642.699826742729
5642.539192653877
5642.255129155022
5642.113022971687
5641.916287050206
5641.766483499393
5641.513582245222
5641.4249842683685
5641.266309530509
5641.17653162624
5640.996712378595
5640.960865291677
5640.809558483536
5640.717492214228
5640.54366713332
5640.517900136533
5640.440688444736
5640.383014917656
5640.227346199831
5640.167321695718
5639.985481728075
5639.83598990281
5639.593185503592
5639.507808176626
5639.331864630293
5639.231624619251
5639.074244887093
5639.005276219143
5638.857480673511
5638.816113215705
5638.577003898108
5638.520803614294
5638.363167769584
5638.231192611107
5638.005133285803
5637.887916762765
5637.699370573263
5637.505668060568
5637.237020101678
5637.109134009334
5636.839846248809
5636.652283626345
5636.359863458264
5636.233309311959
5636.078608869513
5636.008763380836
5635.878179593368
5635.841641221225
5635.693445745537
5635.5843921620335
5635.377355318317
5635.299687561434
5635.135476268328
5635.036503707569
5634.877028776922
5634.8745642470985
5634.791432826935
5634.794951092515
5634.675426898939
5634.687346105871
5634.609818923045
5634.633088461248
5634.537412595641
5634.494850509276
5634.368613192676
5634.286807601714
5634.075797544602
5633.974637307299
5633.757294190527
5633.638503016735
5633.42070234206
5633.345403493106
5633.169562862947
5633.057878565462
5632.873595855439
5632.813517570312
5632.674365115613
5632.563394495405
5632.359877845416
5632.302825885221
5632.165765079616
5632.084849775071
5631.915662618498
5631.866764116009
5631.721294478246
5631.671456132688
5631.527929818414
5631.462833827601
5631.309220862844
5631.26411441197
5631.032575583725
5630.933236247684
5630.700291195568
5630.530783719041
5630.193428088574
5629.916907958338
5629.437931166078
5629.075736497681
5628.654921103797
5628.3824610066795
5627.983800162453
5627.6925393569645
5627.3487329693835
5627.149193571983
5626.870108664358
5626.6055519295805
5626.283236795573
5626.119477382871
5625.810663663687
5625.609480922623
5625.258612286642
5625.030788309329
5624.736282274551
5624.500048928836
5624.193038738954
5624.048468861386
5623.803666993638
5623.592263565653
5623.2780316369635
5623.084732072002
5622.705476442282
5622.421615033541
5622.046443980315
5621.722104467945
5621.348799228397
5621.0448160291135
5620.588278119491
5620.31395985613
5619.983888203399
5619.779676733971
5619.535710180072
5619.444918488638
5619.281378886482
5619.243598299022
5619.127680297679
5619.097837016593
5618.985402452482
5618.937885578564
5618.761090342515
5618.648240020247
5618.439965192054
5618.3262074059285
5618.107214095644
5618.022445222911
5617.876390092993
5617.763856074032
5617.524576717127
5617.402683202739
5617.188167504808
5617.061091025796
5616.847280808611
5616.761151606429
5616.574639689144
5616.502718829222
5616.381492095566
5616.402739256002
5616.309747788937
5616.274382387769
5616.139441083601
5616.110848456405
5616.000362912791
5615.915856767174
5615.745387098951
5615.697569975373
5615.510484172265
5615.420004628443
5615.224591524324
5615.138046610171
5614.972468133534
5614.917362883605
5614.768403474761
5614.715572485621
5614.575443597836
5614.4547900118105
5614.231129212332
5614.118981789415
5613.914526852458
5613.7883682543115
5613.558178622066
5613.472403746973
5613.308845524336
5613.222355370984
5613.046689228591
5613.016004129911
5612.910755907165
5612.8734227950745
5612.768664561698
5612.802483631792
5612.75669252403
5612.751495025561
5612.646895217563
5612.666767691618
5612.582600013402
5612.584359855052
5612.424757482074
5612.343881891339
5612.169817296325
5612.1004564483865
5611.94736027103
5611.916221979032
5611.698869636517
5611.547069245043
5611.267647045257
5611.069981411975
5610.800427243997
5610.619703270376
5610.302387939764
5610.163292160306
5609.88413422806
5609.704868525957
5609.395430417054
5609.216580283361
5608.921549345632
5608.695233505066
5608.295021979408
5608.010076020945
5607.649634408057
5607.32102129792
5606.906163883023
5606.670624657132
5606.369933302401
5606.094572800315
5605.712363144839
5605.483066480691
5605.196499518681
5604.953493468524
5604.654348591749
5604.530015745195
5604.311596775202
5604.218090209922
5604.031260317705
5603.958861935964
5603.797419053891
5603.73395933296
5603.593953500115
5603.5790722846305
5603.501081899412
5603.47866878707
5603.330412588665
5603.243143173711
5603.056405482909
5602.91267415225
5602.633661937139
5602.500168871124
5602.252039363816
5602.052106230272
5601.758081374729
5601.591693865293
5601.344928396463
5601.190255995727
5600.937406963765
5600.8335765115335
5600.635090898081
5600.53107467262
5600.3348908221815
5600.292765315083
5600.139828839976
5600.093753616332
5599.953567494006
5599.945156984093
5599.848790378063
5599.820381899725
5599.69009101563
5599.68082350326
5599.591581407295
5599.580179053033
5599.494527734564
5599.517743930013
5599.443682319433
5599.44662496961
5599.303255415197
5599.283680096973
5599.174279231452
5599.123649935374
5598.966467551268
5598.94333340912
5598.825028147991
5598.778112018791
5598.605783645792
5598.561658808634
5598.418139990643
5598.36336671646
5598.219232700364
5598.204367026054
5598.117589003401
5598.091752963852
5597.997570924353
5598.012590686792
5597.923889672452
5597.879666194683
5597.739276619586
5597.654255448852
5597.4364984965
5597.303770237863
5597.098374281249
5597.024582022055
5596.851507130119
5596.704101234981
5596.3767076870245
5596.201299646401
5595.962395946347
5595.812915689962
5595.595523796593
5595.53186227184
5595.397697943391
5595.353308654182
5595.216678584618
5595.1693618328645
5595.062386046948
5594.9995835714835
5594.84876808631
5594.822353927554
5594.676924791184
5594.60257911384
5594.394028424213
5594.271587151156
5594.088907168619
5593.906900530661
5593.6383115304725
5593.507125433144
5593.26380629367
5593.104701136066
5592.868354952066
5592.72993658006
5592.528696050013
5592.408920333543
5592.180246262205
5592.092180714167
5591.893216442013
5591.763162788306
5591.549626912303
5591.473606845358
5591.327681776175
5591.2795908884
5591.1379509303615
5591.099018208459
5590.980777963121
5590.958893142155
5590.854684714878
5590.863332543356
5590.792017590052
5590.810447141514
5590.6976278952725
5590.730561800724
5590.648583369757
5590.642405980232
5590.504654674409
5590.498940441126
5590.399578588499
5590.384560667617
5590.243691491929
5590.22242083787
5590.12516057386
5590.071991982392
5589.921811548998
5589.894926188517
5589.762277868992
5589.717252014541
5589.569956107323
5589.575840475261
5589.476755032689
5589.416804533207
5589.282874995868
5589.29901219293
5589.239030694399
5589.269134345932
5589.19046202597
5589.23662857442
5589.178194816805
5589.203904257823
5589.138227356693
5589.179792487014
5589.140571685037
5589.170447073755
5589.092344857989
5589.142512950929
5589.060659007449
5589.002865658072
5588.866009366946
5588.8783346055625
5588.817428924535
5588.856326763289
5588.754834212333
5588.762650716788
5588.693639953397
5588.719071174845
5588.595357239884
5588.608557381843
5588.537005179025
5588.483671793959
5588.35315210188
5588.3433135675605
5588.237354501155
5588.169426028597
5588.023812233602
5587.985693388304
5587.862008956853
5587.823287078939
5587.647355340297
5587.610221866899
5587.458824303077
5587.355149063582
5587.16371981166
5587.087417354131
5586.909201130599
5586.818573424055
5586.633675951528
5586.590563849956
5586.465769234824
5586.41695132171
5586.270074729915
5586.251728299745
5586.150126610716
5586.125155979972
5585.997118692607
5586.009054023828
5585.9209361786425
5585.917971801093
5585.816510677148
5585.829443793558
5585.751310260054
5585.7436342294595
5585.621350125637
5585.632114103669
5585.538979330488
5585.509101500357
5585.392804896146
5585.414440550467
5585.34382163253
5585.327985309662
5585.212052545795
5585.230309764039
5585.139828691041
5585.126301752157
5585.023476410014
5585.024298596462
5584.943952603744
5584.932434016775
5584.810346279923
5584.818510567675
5584.71928860159
5584.688378548163
5584.556052099566
5584.540873871796
5584.425260723912
5584.399861115783
5584.275697137414
5584.274336350981
5584.179883645563
5584.1759987192945
5584.065611853745
5584.086842269377
5584.018454642369
5584.033180354853
5583.948835478767
5584.003279952438
5583.9662884332465
5584.003910334723
5583.930561531041
5583.980796817623
5583.930253053708
5583.952534584826
5583.858720242148
5583.8867836417885
5583.815606071108
5583.803572953543
5583.692702885615
5583.706227502449
5583.627668933678
5583.597379186903
5583.458373548413
5583.466351223525
5583.404652667433
5583.436358780744
5583.27198354974
5583.2403673830395
5583.0558663274915
5582.96267685779
5582.76861392829
5582.686816824713
5582.527502221463
5582.455585154647
5582.266023700815
5582.218262923724
5582.065453614461
5581.989006071731
5581.826127954352
5581.80413336662
5581.700774596496
5581.672684432401
5581.527295866008
5581.5303533717415
5581.45562047137
5581.46545800409
5581.390455530726
5581.450550785706
5581.396976123716
5581.422497940317
5581.349825937044
5581.408010671607
5581.370993320858
5581.38049945641
5581.2902560564835
5581.327525476271
5581.252913715475
5581.241740970067
5581.13146121957
5581.148679708383
5581.047500291325
5581.008383506896
5580.894871253349
5580.933074721283
5580.90163718101
5580.905438057911
5580.808580161225
5580.8310424629235
5580.755835158357
5580.73236676994
5580.629919903595
5580.6499238238075
5580.59375565519
5580.59961798533
5580.518714179022
5580.533631675826
5580.431091179666
5580.414716986117
5580.268024661555
5580.2141572700775
5580.078782279469
5580.032890013485
5579.891474966979
5579.878117323396
5579.787962235966
5579.759219249562
5579.642331146286
5579.655432721288
5579.569310974811
5579.568119518154
5579.443082260507
5579.461655667599
5579.389078767573
5579.377023364104
5579.277148832689
5579.295409393247
5579.209257362351
5579.193190232201
5579.072471558899
5579.0734944364385
5578.983411022877
5578.972671909273
5578.859935347428
5578.88965310018
5578.834906405375
5578.858129222408
5578.79381233008
5578.849980917626
5578.807351186426
5578.826801324696
5578.739032215906
5578.775180752996
5578.720106390822
5578.733161147992
5578.650770254243
5578.688343192996
5578.6184497421245
5578.640521245499
5578.555759939567
5578.595606208881
5578.54733244208
5578.5778743935725
5578.511502850506
5578.558202992447
5578.52020190327
5578.534490483143
5578.445716896213
5578.474922878125
5578.39309985204
5578.382667972518
5578.277361756029
5578.304740214885
5578.23573884081
5578.250739782287
5578.125815888708
5578.120911893757
5578.033469022805
5578.033992673533
5577.907718327122
5577.923257336412
5577.837475155579
5577.814231257017
5577.6998671206
5577.692075083842
5577.596904964324
5577.590201971303
5577.495447349351
5577.544232082727
5577.462812719968
5577.478783241335
5577.366249056222
5577.3731218763105
5577.299549348293
5577.267916741974
5577.158095800213
5577.195482920387
5577.159482846574
5577.220818906235
5577.131515557943
5577.141804711866
5577.068984914296
5577.083713599657
5576.996495633713
5577.04587040269
5577.0210533297295
5577.046747928804
5576.955797624423
5576.998816111029
5576.925196706585
5576.924120604478
5576.835827599946
5576.8849923046755
5576.842728320564
5576.88223658713
5576.816991814987
5576.885226660046
5576.840200620212
5576.879434924044
5576.814536596254
5576.8738326586345
5576.836713213271
5576.873826340673
5576.809676942281
5576.869719530114
5576.833346203862
5576.871210976054
5576.80781081038
5576.868603209292
5576.83228946555
5576.870701865491
5576.806797277125
5576.867109440225
5576.830806111804
5576.86877605779
5576.805518394458
5576.866489196362
5576.830448224019
5576.869141274668
5576.8045081235705
5576.865161019542
5576.828708309228
5576.866725744236
5576.8007583942035
5576.861472148899
5576.824200800021
5576.862549817146
5576.795805017579
5576.858822563645
5576.818917351843
5576.854683991878
5576.789366153908
5576.847454248409
5576.809484320365
5576.846101386595
5576.7812381515805
5576.8407646761525
5576.803187047152
5576.840926232939
5576.774656901004
5576.833719284606
5576.796463526667
5576.834483938084
5576.7679672888025
5576.822821166305
5576.780356610604
5576.814228703836
5576.746853369759
5576.807257393614
5576.770597281857
5576.808971855707
5576.74606423217
5576.803232353932
5576.765848621968
5576.80484857056
5576.741113025002
5576.800050473124
5576.763493459697
5576.8028615591065
5576.739610121
5576.79666331716
5576.757783437834
5576.795334989965
5576.7305489150385
5576.787336846112
5576.748271692127
5576.784319356411
5576.716179325224
5576.776264925795
5576.737283533461
5576.768251631919
5576.698426503683
5576.753441006257
5576.707006153043
5576.734668206928
5576.664885474053
5576.715083400334
5576.670873780473
5576.701206696618
5576.630926223007
5576.685772467226
5576.642699179234
5576.67044862513
5576.599342228857
5576.654901966805
5576.607783703469
5576.64408002299
5576.589148300767
5576.640466923432
5576.603120666492
5576.640687039653
5576.572670571241
5576.629626079612
5576.589160065011
5576.624315762131
5576.5622954500395
5576.621683303151
5576.588953236
5576.624057060935
5576.562640104472
5576.620673888206
5576.587233819818
5576.623336486744
5576.563399079619
5576.619364163485
5576.585699503344
5576.621565585423
5576.5633734154035
5576.618012111783
5576.58420592184
5576.620229027783
5576.564201975389
5576.614411476306
5576.580430745251
5576.615008162128
5576.548387590269
5576.606026382785
5576.567317389984
5576.60291042117
5576.5348759045255
5576.593431197738
5576.5533816040725
5576.58780636874
5576.52120541915
5576.57903615918
5576.538814712101
5576.5708090908865
5576.508844014794
5576.564856976791
5576.528451780233
5576.567335367324
5576.498273289213
5576.545462411983
5576.490696501218
5576.519430415625
5576.447232340196
5576.505945441299
5576.469642240498
5576.505515515561
5576.440784791791
5576.500907463806
5576.465276350759
5576.503045518821
5576.4392536843525
5576.4996058684765
5576.46158561126
5576.488525256919
5576.41852760572
5576.479263404228
5576.441737580961
5576.464368779911
5576.390227240817
5576.450868448816
5576.415041567628
5576.45404030124
5576.388944505623
5576.448968416388
5576.401665953357
5576.404459294102
5576.322372520896
5576.376560809456
5576.328163047579
5576.350600607316
5576.26980656529
5576.326185839165
5576.280166361131
5576.318233870696
5576.244469743404
5576.30204718534
5576.26764080906
5576.304271127915
5576.241427989378
5576.302065157208
5576.265008973875
5576.303354800415
5576.240696677274
5576.301089643515
5576.263704342817
5576.302464914911
5576.239456191835
5576.299540519105
5576.261494312345
5576.298647606155
5576.236962523998
5576.297055299327
5576.259930876047
5576.29610135035
5576.234432059947
5576.294465549694
5576.257903010505
5576.294598179008
5576.232263177807
5576.293082777686
5576.255814097902
5576.292258512916
5576.230037729444
5576.290862173913
5576.253632843776
5576.289865038331
5576.227571701129
5576.288506337689
5576.251247928075
5576.288501761329
5576.225731726822
5576.285705021508
5576.249843652412
5576.28839302266
5576.2248701643075
5576.285462278205
5576.249755719897
5576.288386804833
5576.225377922021
5576.285072076809
5576.248645131026
5576.2871041461185
5576.223717928649
5576.28466091711
5576.248147463711
5576.286238973636
5576.22304983801
5576.284027018116
5576.247536135314
5576.286033449187
5576.222625158306
5576.283660253722
5576.247116786614
5576.285632882511
5576.222166419905
5576.283223579243
5576.246650383682
5576.285260454247
5576.221750356172
5576.283454396262
5576.246135638413
5576.283738102662
5576.22157541592
5576.281433389658
5576.2446605311725
5576.283613112287
5576.219496463732
5576.280796577943
5576.244115286959
5576.282129816604
5576.219478827041
5576.279772525813
5576.243117051785
5576.281523618267
5576.217279635682
5576.278152636778
5576.242373943395
5576.280571126918
5576.216889030681
5576.278535207083
5576.241595319031
5576.279571317352
5576.2166166703555
5576.277147333717
5576.2409480995475
5576.27957196279
5576.2153586722925
5576.277005311323
5576.240338098611
5576.278507766395
5576.215347431949
5576.276083893565
5576.24026886314
5576.278506455062
5576.215290214464
5576.276205123313
5576.240266593336
5576.278370665954
5576.215287944659
5576.275947065532
5576.240263894718
5576.278367617359
5576.215149998468
5576.275947218538
5576.240128647144
5576.278358501528
5576.215149994372
5576.275935645199
5576.240128643034
5576.278353973519
5576.215142928664
5576.27593146479
5576.240121586178
5576.278348754951
5576.215138493921
5576.275926645984
5576.240117152181
5576.278342742634
5576.215133242835
5576.275921093095
5576.240111901903
5576.278335818676
5576.215127198856
5576.275914696707
5576.239424861619
5576.278452972708
5576.2151272101255
5576.275340383971
5576.238201290213
5576.277600394606
5576.213754044723
5576.274002743207
5576.238059048224
5576.276450328338
5576.212241648366
5576.2724752853
5576.236787313686
5576.274874648168
5576.210729450868
5576.273147859784
5576.2358704575745
5576.273881202399
5576.210719815954
5576.271353459355
5576.2360195631745
5576.273889699004
5576.210089533499
5576.270700593016
5576.235018775213
5576.273250260299
5576.209738616223
5576.270538702177
5576.234801241517
5576.27287124383
5576.20949202944
5576.270382185845
5576.234425167225
5576.2724499357455
5576.209124480488
5576.26995828765
5576.234057409163
5576.272185015772
5576.209170772524
5576.269764011591
5576.233582058749
5576.2721805601295
5576.208890998878
5576.2697905506675
5576.233028885728
5576.271649758481
5576.208367509327
5576.269220546774
5576.232423262454
5576.2710900343545
5576.207770155952
5576.268590573311
5576.232083253827
5576.270574376025
5576.2071046051515
5576.268149245139
5576.232077238695
5576.270309731419
5576.207098590019
5576.267884600079
5576.232072670621
5576.270309731418
5576.2070940219455
5576.267884600572
5576.232072660739
5576.270309302474
5576.207094012063
5576.267884171133
5576.23207265323
5576.270309302474
5576.207094004554
5576.267884171669
5576.232072653213
5576.270309301724
5576.207094004538
5576.267884170385
5576.232072653201
5576.270309301724
5576.207094003946
5576.267884170385
5576.232072652621
5576.270309301702
5576.207094003946
5576.267884170361
5576.232072652621
5576.270309301702
5576.207094003945
5576.267884170361
5576.23207265262
5576.270309301702
5576.207094003945
5576.267884170361
5576.23207265262
5576.270309301702
5576.207094003945
5576.267884170361
5576.23207265262
5576.270309301702
5576.207094003945
5576.267884170361
5576.23207265262
5576.270309301702
5576.207094003945
5576.267884170361
5576.23207265262
5576.270309301701
5576.207094003945
5576.267884170361
5576.23207265262
5576.270309301701
5576.207094003945
5576.267884170361
5576.23207265262
5576.270309301701
5576.207094003945
5576.267884170361
5576.23207265262
5576.270309301701
5576.207094003945
5576.267884170361
5576.23207265262
5576.270309301701
5576.207094003945
5576.267884170361
5576.23207265262
5576.270309301701
5576.207094003945
5576.267884170361
5576.23207265262
5576.270309301701
5576.207094003945
5576.267884170361
5576.23207265262
5576.270309301701
5576.207094003945
5576.267884170361
5576.23207265262
5576.270309301701
5576.207094003945
5576.267884170361
5576.23207265262
5576.270309301701
5576.207094003945
5576.267884170361
5576.23207265262
5576.270309301701
5576.207094003945
5576.267884170361
5576.23207265262
5576.270309301701
5576.207094003945
5576.267884170361
5576.23207265262
5576.270309301701
5576.207094003945
5576.267884170361
5576.23207265262
5576.270309301701
5576.207094003945
5576.267884170361
5576.23207265262
5576.270309301701
5576.207094003945
5576.267884170361
5576.23207265262
5576.270309301701
5576.207094003945
5576.267884170361
5576.23207265262
5576.270309301701
5576.207094003945
5576.267884170361
5576.23207265262
5576.270309301701
5576.207094003945
5576.267884170361
5576.23207265262
5576.270309301701
5576.207094003945
5576.267884170361
5576.23207265262
5576.270309301702
5576.207094003945
5576.267884170361
5576.23207265262
5576.270309301701
5576.207094003945
5576.267884170361
5576.23207265262
5576.270309301701
5576.207094003945
5576.267884170361
5576.23207265262
5576.270309301701
5576.207094003945
5576.267884170361
5576.23207265262
5576.270309301701
5576.207094003945
5576.267884170361
5576.23207265262
5576.270309301701
5576.207094003945
5576.267884170361
5576.23207265262
5576.270309301701
5576.207094003945
5576.267884170361
5576.23207265262
5576.270309301701
5576.207094003945
5576.267884170361
5576.23207265262
5576.270309301701
5576.207094003945
5576.267884170361
5576.23207265262
5576.270309301701
5576.207094003945
5576.267884170361
5576.23207265262
5576.270309301701
5576.207094003945
5576.267884170361
5576.23207265262
5576.270309301701
5576.207094003945
5576.267884170361
5576.23207265262
5576.270309301701
5576.207094003945
5576.267884170361
5576.23207265262
5576.270309301701
5576.207094003945
5576.267884170361
5576.23207265262
5576.270309301701
5576.207094003945
5576.267884170361
5576.23207265262
5576.270309301701
5576.207094003945
5576.267884170361
5576.23207265262
5576.270309301701
5576.207094003945
5576.267884170361
5576.23207265262
5576.270309301701
5576.207094003945
5576.267884170361
5576.23207265262
5576.270309301701
5576.207094003945
5576.267884170361
5576.23207265262
5576.270309301701
5576.207094003945
5576.267884170361
5576.23207265262
5576.270309301701
5576.207094003945
5576.267884170361
5576.23207265262
5576.270309301701
5576.207094003945
5576.267884170361
5576.23207265262
5576.270309301701
5576.207094003945
5576.267884170361
5576.2320726526195
5576.270309301701
5576.207094003944
5576.26788417036
5576.2320726526195
5576.2703093017
5576.207094003944
5576.26788417036
5576.2320726526195
5576.2703093017
5576.207094003944
5576.26788417036
5576.2320726526195
5576.2703093017
5576.207094003944
5576.26788417036
5576.2320726526195
5576.2703093017
5576.207094003944
5576.26788417036
5576.2320726526195
5576.2703093017
5576.207094003944
5576.26788417036
5576.2320726526195
5576.2703093017
5576.207094003944
5576.26788417036
5576.2320726526195
5576.2703093017
5576.207094003944
5576.26788417036
5576.2320726526195
5576.2703093017
5576.207094003944
5576.26788417036
5576.2320726526195
5576.2703093017
5576.207094003944
5576.26788417036
5576.2320726526195
5576.2703093017
5576.207094003944
5576.26788417036
5576.2320726526195
5576.2703093017
5576.207094003944
5576.26788417036
5576.2320726526195
5576.2703093017
5576.207094003944
5576.26788417036
5576.231918389226
5576.269892728319
5576.205917601293
5576.266743449961
5576.23086145913
5576.268903482784
5576.205518575187
5576.266442600847
5576.2304788584315
5576.268499192902
5576.205296279424
5576.266246139741
5576.230248927012
5576.268214438356
5576.205180341945
5576.26578360501
5576.229905323901
5576.268221160637
5576.20484933469
5576.265823394587
5576.229813249385
5576.268053059327
5576.204821816935
5576.265627208829
5576.22977753804
5576.268016226161
5576.204790355751
5576.265582213272
5576.229758965181
5576.268012963775
5576.204776242461
5576.265599788541
5576.229753925492
5576.268009763082
5576.204776618082
5576.265560570254
5576.229772410461
5576.267985701594
5576.204803126359
5576.265560570254
5576.2298255642145
5576.267985701594
5576.204857934155
5576.265560570254
5576.229895833535
5576.267985701594
5576.204934800033
5576.265560570254
5576.229943033085
5576.267985701594
5576.205025272716
5576.265560570254
5576.230010350311
5576.267985701594
5576.205109589135
5576.265560570254
5576.230084200313
5576.267985701594
5576.205169379994
5576.265560570254
5576.230150913602
5576.267985701594
5576.205173454462
5576.265560570254
5576.230203937244
5576.267985701594
5576.205148744798
5576.265560570254
5576.230238543682
5576.267985701594
5576.205106414185
5576.265560570254
5576.230252403402
5576.267985701594
5576.205053438753
5576.265560570254
5576.230245922777
5576.267985701594
5576.204999165643
5576.265560570254
5576.230222318111
5576.267985701594
5576.204954781949
5576.265560570254
5576.230187426951
5576.267985701594
5576.204932764472
5576.265560570254
5576.230136428256
5576.267985701594
5576.20494643434
5576.265560570254
5576.23003387306
5576.267985701594
5576.204949987737
5576.265560570254
5576.229936026029
5576.267985701594
5576.204875438109
5576.265560570254
5576.229852811663
5576.267985701594
5576.204813588314
5576.265560570254
5576.229792609947
5576.267985701594
5576.204778748739
5576.265560570254
5576.22976140199
5576.267985701594
5576.204775153046
5576.265560570254
5576.229749744414
5576.267985701594
5576.204778619963
5576.265560570254
5576.229777881812
