200.04126164213594
199.7155818356843
197.06033026259738
195.39468619620968
194.42031924783691
192.93699856153927
191.64832524453095
190.55163681361407
189.95730427427264
189.17883157325073
188.7829822239441
187.880819026439
187.68702039426682
186.60603867907494
186.38085050110516
185.7820237090136
185.74585885072432
185.70616359035952
184.82819188941278
183.69927591603584
183.39966321071213
183.91172359628098
181.98776902654498
182.5385911464461
180.8348797894611
181.15236670508392
179.33861818647102
178.58683481614634
177.84913356645663
178.03144539032326
177.2561107159434
177.04648570400187
176.57957552507762
176.15458969492897
176.13015624498846
175.7157531510496
175.7209958735798
175.1085294568544
174.17218132952908
173.16460071983045
172.6921239314953
172.68465560065144
171.96277393222542
172.44092284778458
171.81082047136144
172.12726018588293
170.0570743218816
170.10976797512933
169.0941309331562
170.1705494694113
167.7175146916029
167.77488224467112
166.68002050112256
167.56148999819257
167.04712767784454
166.65310381825904
166.22389641698763
165.7326793987596
165.52612861793904
164.91227857654255
164.81149081369543
164.3623670284147
164.48710781182004
163.6089387628983
162.8381568345743
162.06994930638498
161.83122098827792
159.5025152384913
159.49186609786182
159.03090253350592
159.3661434411583
158.49102751999428
157.18203020681133
157.49764324865475
156.90193933898001
155.63090001666467
155.9741219908105
154.3985877420637
155.2571098262425
152.82896196643324
153.88020935874383
152.86161670076638
153.59848376910548
151.33592900746424
152.03476263163017
151.63317020294465
152.24933322719605
150.09071278537812
149.967578377613
149.13921383678002
148.70191758606893
146.96799303212794
147.03587984861284
146.61837747820516
146.01790092286157
144.03065365414133
144.68509246507924
144.53320320093007
144.10194740861127
141.93009695016093
142.51104094744798
142.43079105383984
142.07452726705097
139.7025851745878
139.6932591200001
138.44606899432736
139.2558420682825
137.7318424446846
137.18481449518507
136.2007829469017
135.64906897549108
134.63709270351242
133.18761182783908
132.6159942860858
131.72728080222709
131.93259562555136
130.93166559403784
130.33229739773736
129.45819936717098
129.07407356683495
129.53573458126095
127.36291952928768
127.72949828867135
126.1067936194452
127.2408705092577
124.82888241715604
125.42310650794403
124.01148388692758
124.89006851450426
123.08054368819772
123.18530171432329
122.49504368020055
121.38081297712209
120.15008010345576
121.17414732833547
119.47469858466404
120.28648867000358
117.53090240946315
118.00318155271475
117.01741931178658
117.41987738213534
116.05404146171502
115.72450270189687
115.5577844669539
115.54790006770394
114.82537461795695
114.31149220799027
114.0708017703887
112.1521761765933
111.80495852121005
110.90298044881325
110.67197922026817
109.96758669794735
108.89264266378737
107.33699536976755
108.31273025823013
106.8897641630154
106.29677316443258
105.24080659175375
105.75287884432699
104.34917607350393
104.82217000170407
103.5170461231719
102.60041853647105
101.42455742222634
101.56936587542138
100.74624788430353
100.1001307357334
100.04334653636933
99.29106706211095
98.15124964413602
97.92813078622343
97.3417818737183
96.14762873639317
96.04140177315907
95.26695838966609
94.82116756518501
94.77309821363485
92.94090200585161
92.70426607848367
90.8647109533569
91.6692308292442
90.31342871204757
90.83978421332256
89.61687818006692
89.37565581608366
88.53232207564508
87.8297217606363
87.82848826243315
86.84827493635623
87.6689676855234
85.55944741499917
87.01414758410354
85.54045367713678
85.03157333382819
84.34927411663259
84.785051888143
84.16566552904281
82.91440763180131
83.04453570877928
82.89953461803124
80.90991331219752
80.97150722951706
80.29403697202605
80.4571047238586
79.89766349784333
80.39937499345807
78.59772408527112
79.22626607874064
78.3589712107505
78.09378971116396
77.43892996869258
77.3144339093134
77.25450433603476
76.90986784700482
76.40745863551246
76.10634839080626
75.6292732262966
75.3154050873385
75.33362651517653
74.31997818972773
75.1015063726954
73.94154865047253
74.91077964295243
73.82792693306062
73.74231242603595
73.50744774906543
73.38234058569485
73.0058326580214
72.78601552368019
72.55260984098426
72.38386640008757
71.98653081077524
71.63372283824944
71.29633057073869
71.26896031933872
71.33307927667634
71.03614962643553
71.04293167220382
70.78359868610586
70.54002095511336
70.30456692427411
70.27869039131112
69.90245117732688
69.73955739189843
69.64803135863568
69.60492014571103
69.56718072463198
69.19124467444998
69.19517416090146
68.89690984583683
68.95007329499258
68.73456870022487
68.51340060559923
68.80738600342471
68.59240816005035
68.71559079301034
68.53252456108339
68.58449339047625
68.33952811653106
68.44807252301794
68.34607203602748
67.68463478055489
68.03554544569064
67.50406591425413
67.76709878199077
67.63938420079612
67.7263872001134
67.62735675598871
67.67790988805707
67.48574255777004
67.38183304183542
67.10152417176054
67.42882948305846
67.27396756958848
67.15525215094875
67.02933223059817
67.02470175569627
66.86383028643937
66.7956607659195
66.86787135527497
66.60921890579968
66.81296893387419
66.60415474462364
66.51552826416273
66.41787569387083
66.42670322466897
66.39617083827984
66.2248097725726
66.56743650319157
66.18350219568282
66.21465710677515
66.32657704217154
66.37906773560908
66.398976040787
66.06521343847595
66.22587954356958
65.86869142419341
66.0329134506524
65.97341538551079
66.0120708251687
66.0268879312383
66.0979462678142
65.942078031682
66.17260553447097
66.06196486771373
66.07420965940057
66.20415792493553
65.7302532509296
65.93825854855248
65.57118512611515
65.87199166175272
65.78380723317193
65.77201953425177
65.77190414389503
65.7012684924531
65.78427690187475
65.98502267694367
65.63262612116225
65.92470183236279
65.39108916834653
66.16081623993028
65.69804788266238
65.799113082705
65.58152834199684
65.7400976713854
65.70970728372923
65.71847683825602
65.50839957147075
65.49665187354873
65.4387207015659
65.93495166257667
65.71510813583261
65.84794816416805
65.72845631600595
65.86290906259819
65.76513966196237
65.68359609503716
65.89017050443019
65.61002079198416
65.65580017221623
65.7433617059022
65.78610734381071
65.78121769437317
65.88985272807442
65.52048620030946
65.64627992446083
65.44915302644159
65.59156354865664
65.57137040976738
65.56518977935777
65.56908612414446
65.7963566284836
65.50357271177519
65.84476695329825
65.45243713620889
65.5135281214192
65.25461668093789
65.29434753611353
65.52668019173937
65.54292992525835
65.56470170762402
65.67203863926609
65.5350818673559
65.7945901045189
65.24111183193685
65.38796158973892
65.12826754795235
65.13980324732435
65.34667918814368
65.29712551456807
65.39519961877575
65.3542674940974
65.41910434935079
65.3501217968537
65.18143417852339
65.24636609407322
65.14131886861328
65.2947081945148
65.32795980713536
65.45013605793885
65.27419792779254
65.40674004901275
65.41742498729367
65.31715979664834
65.37196900364236
65.05280469007097
65.24817147167668
65.04549451823124
65.42116593057062
65.30430637141737
65.31952259034077
65.41938337449452
65.1628613948307
65.16664979557653
65.20359541623705
64.98379151843838
65.11329765189727
64.91057302114002
65.35445137721499
64.92855241969404
65.10925043854466
65.40538055306115
65.11023818589328
65.02614069832323
65.01127540375356
64.88664662539783
64.9574058185952
64.96867996604948
65.08601118570719
64.9857027334727
65.11319927339144
65.10031308553292
65.02849272607317
64.84785509536442
65.05630947014947
64.92352302088788
65.03706447231758
64.74709766576488
65.06406963536553
65.14413718653998
65.05986043296772
65.14126457913686
64.92561717297556
64.73790816499547
64.93114111361282
64.83894427434373
65.06967713256586
64.66973570855204
64.93650554253841
64.78939275032894
64.8801636747784
64.95848104749344
64.83648569434985
64.90266897967854
64.77865273419205
64.74744551937546
64.82219166309434
64.69003507310929
64.93829872001791
64.73294351065168
64.78584724519368
64.70673060908977
64.7141849121979
64.69389814385939
64.83735006003828
64.80143613139212
64.73998651102079
64.65626581208296
64.86082054717089
64.59560265516727
64.7620315364327
64.60601438919336
64.68588537153683
64.61666162364064
64.72104244247018
64.86244089034109
64.690082880032
64.75024908155329
64.84301591112579
64.59485540668062
64.875529416301
64.61515037515112
64.74805366714256
64.6104601153368
64.8754615790113
64.80051876287577
64.69616279539585
64.7623610353617
64.76302748389922
64.51554373700108
64.67973130168953
64.47527488958335
64.63921700983285
64.35736304135004
64.6606333385724
64.48195912168217
64.66530074652009
64.5615702365583
64.57805332147181
64.48607342251954
64.62536140217179
64.35539928515017
64.48556394371747
64.36961014089884
64.49230172268949
64.35161113569134
64.69176198736359
64.39258754044339
64.55980756500831
64.41682147867344
64.51825921244081
64.49616626015805
64.48848557554219
64.51460166449192
64.47488170031252
64.40686641649141
64.75785181069165
64.46826626426343
64.58850345504854
64.37001770964217
64.52521107898151
64.4095069133199
64.28006647921994
64.61615555393902
64.43083461915097
64.45027071517607
64.43672810925598
64.17609186362922
64.4021639860225
64.22719284989174
64.50230548000344
64.2697599495503
64.37581307908778
64.34850948737972
64.28692569578146
64.36932229574178
64.29078580003454
64.02788566298452
64.25310201488682
64.39495983982528
64.39580412934077
64.16745187335894
64.22897073054735
64.05711551356997
64.36172260908006
64.14537653588351
64.35279338051048
64.19758210935076
64.04180524075582
64.35798940103668
64.23410116340189
64.20816815514978
64.2049371093234
64.23877288910113
64.39546448110566
64.2904432054273
64.54867334008947
64.1806870588037
64.20684623006119
64.1949655525165
64.25818931436775
64.32181137472654
64.20156532873312
64.46617784766548
64.32812495650359
64.0623445452685
64.28011602437508
64.12132216758084
64.24866087695156
64.02462483931997
64.47518717503539
64.1532014020033
64.31393563612602
64.34871447126348
64.19019427197074
64.0951942566209
64.30969499826473
64.15204061648707
64.3054855495441
64.17584846215763
64.23625801755054
64.02539136648674
64.34759394771673
64.21297250456995
64.18865190335609
64.10938529779101
64.33110463963662
64.13803685828537
64.29970607260852
64.0750303271365
64.10834126859129
64.11696707773784
64.33731555006837
64.09092094831536
64.28832515759751
63.94019799468195
64.33759648823674
64.10376785240685
64.18897642793996
64.25031483438097
64.21783480955982
64.1416520962512
64.31390328751284
64.00343416220306
64.16413396068374
64.00952155293054
64.41706018523053
64.05705607633324
64.12962270283141
64.29345796341886
64.3137799296881
64.16309150449352
64.07790633913146
64.02054160596542
64.16189955021446
63.999378682275925
64.41496266572344
64.01414303724789
63.99705867362566
63.97020083403389
64.16975750953796
64.12855065703698
64.10035474489113
64.02339433627354
64.05002528109746
63.92154069168425
64.23373324315433
64.0590974712888
63.868909753974656
63.99006815295035
64.06981723652356
64.0688718832369
64.26779478449701
64.0758166960783
64.11453263476326
63.86883640748132
64.14224531753025
64.1401227656896
64.01812465910726
64.21970697411754
64.09299145953023
63.99094566607677
64.08938916961169
64.05846782763325
64.06642618640157
63.81177823595506
64.3348332815138
64.00058032909912
64.05937590925525
64.07122945566066
64.04010205594699
64.08916217084655
64.11078883528471
64.00640149016438
64.04057689222687
63.86586676418926
64.16725762772177
63.85912224379552
63.992269036847716
63.97604015804982
63.921573035089445
63.93843623862212
64.01828947121298
63.86915731841881
63.9567164245439
63.7940314696047
63.96239816146305
63.818866763736466
63.90565216222237
63.98994259919846
64.04937562140009
63.720125658629534
64.08128899499874
63.7941833037022
63.8515578927196
63.90872142880905
63.951606496023814
63.96239711030405
63.91678797013769
63.76361984136512
63.95572241669341
63.61486907212786
64.22125270008908
63.782599447798546
63.894298645057205
63.814252632633625
63.928101537609614
63.90393333123442
63.933168919170754
63.75479580321496
63.87591904996113
63.68505167770071
64.04614730065211
63.72631677279246
63.82312497948683
63.71165190201872
63.884917363518724
63.75704410300784
63.91447460064882
63.81544506965041
63.90361469270621
63.67879927853103
64.00298009384215
63.72448772716631
63.60928529832784
63.735590948881025
63.84503726409849
63.7030013775814
63.94976191736246
63.673118711700795
63.85104414649284
63.58909524010059
63.85787359117732
63.88613554613238
63.62897653014339
63.79672512273699
63.896608947553325
63.7185266956423
63.93262553479392
63.62729776628219
63.891077461290585
63.5958842760325
63.838186131548795
63.808282666110436
63.75640427873479
63.903686193603825
63.921488113765335
63.75400006685498
63.8896564337558
63.64279258298998
63.81841417247503
63.60779646836377
63.96759443476103
63.594398907204784
63.7398059975607
63.72470303749534
63.67613820435849
63.660874213685474
63.67806527798925
63.59448833822802
63.81728136226227
63.51561712393123
63.82070347268553
63.474938699939734
63.70919585038943
63.69304524319044
63.62070992339129
63.63357978705414
63.644491018384734
63.47326915473831
63.703164412094324
63.63455109967069
63.71169389321627
63.5675886578147
63.78691888734709
63.689032722968264
63.610546089418285
63.530789011050985
63.83319793901559
63.507324172812034
63.628072149789965
63.68094115895087
63.64539356740992
63.65114757879124
63.67675112393021
63.6927741420431
63.56133379133138
63.54672954350308
63.802530048800605
63.45809721556726
63.6614379194866
63.45992914274415
63.60004612947864
63.6371948943832
63.56674227709934
63.66996921207985
63.45118975469074
63.50537322531784
63.778646316301646
63.37084363835858
63.58228065888645
63.35884922078221
63.62208281662989
63.504637333825336
63.54751970002171
63.62360000422159
63.444682137499264
63.4790247483596
63.62749684621007
63.55303998005066
63.49631407134196
63.49078826247839
63.62405027623256
63.51568434794332
63.66164044534492
63.52427067149152
63.56053165001841
63.49128257077412
63.61847044641253
63.579677899494925
63.46845152930363
63.593219589375
63.634799955344256
63.661605969271925
63.59982597060535
63.437802807658635
63.54911886269915
63.4949464018509
63.730934326451475
63.39325300245629
63.544990262300935
63.47387734301649
63.65882727064748
63.56731022601824
63.41369071783344
63.5473205731052
63.579020184473485
63.35936410602756
63.72833747125362
63.26098669307673
63.53291774716656
63.41039580926711
63.50026441370265
63.56672459874591
63.42553637767244
63.50037250553727
63.48451520048015
63.46788980878882
63.638246612056875
63.36156886480971
63.562387532274755
63.51805159590445
63.47026054694762
63.455448304285085
63.594882111288705
63.477281365267636
63.50191180927737
63.476911394592875
63.52567032463573
63.558251729720446
63.56103191678955
63.52738743202354
63.44972274332331
63.40244722780118
63.60515222967749
63.435146021208546
63.57598863235271
63.47924476197948
63.4864450242531
63.37811909524295
63.547277181958194
63.61920204654408
63.404759965728395
63.467050261292734
63.541533153621955
63.288472136739664
63.41447921434824
63.243793100536095
63.437073799916575
63.26937477197635
63.46213192323255
63.54861540308558
63.284640907932456
63.40938179748194
63.39322558713009
63.278306875904
63.463143728523704
63.2226703059401
63.42676846690369
63.281480309769094
63.50875361718323
63.436465122942494
63.438170855426264
63.358775342100316
63.48128119051491
63.348614297626476
63.396279116240414
63.39619284964116
63.53531868075777
63.44828156676822
63.46456826568895
63.4270264024898
63.47939769642899
63.33944263443443
63.4886603509764
63.32390817091256
63.4084944564831
63.34976796474245
63.528222829038135
63.35471002150948
63.44504034086142
63.363955631461586
63.39771639542998
63.250325058872235
63.49475952098205
63.26157235266539
63.36011061157961
63.319492920001274
63.4747752535694
63.42965092810974
63.324301651992144
63.38261093306179
63.26161428760727
63.3016308771841
63.53887421579672
63.1220810205427
63.382188557755285
63.2466358312955
63.400947595651296
63.37546511064745
63.4006394510873
63.38854797718902
63.2510640428204
63.292608504118554
63.45566892694625
63.29120461024529
63.358929060674946
63.39017313422776
63.34599698024004
63.26118273372181
63.56032485124059
63.326353705456654
63.38024722404162
63.289050992233726
63.38738829379691
63.263110261809786
63.468422869917816
63.35435865972795
63.34848319333223
63.30213293046868
63.42581991913946
63.378161762586856
63.246918713027
63.17577524377153
63.37215553483862
63.2658621216293
63.38944185438145
63.408909836816065
63.222798926847446
63.355953500176426
63.32659538450623
63.324823732298846
63.2563647238308
63.12081862257218
63.38256918572125
63.18315207072816
63.45512060332637
63.361518414584516
63.24137242044389
63.272051970743235
63.289800527508454
63.35481914732587
63.26055950554533
63.2945942456777
63.275745908166876
63.172925923493594
63.46036269177276
63.27288027130404
63.319114788145775
63.191086893124634
63.41943824534316
63.262752983496426
63.22500404523279
63.391219647268194
63.467401863377326
63.38822925843126
63.364848255904285
63.289205317349115
63.24669019342857
63.24075766503467
63.46660321084865
63.06517930680488
63.34114501100436
63.306856758534586
63.52874779259661
63.32212742291895
63.29084552245598
63.414956363957
63.23613772948506
63.210750989707364
63.397491903766955
63.038701007002246
63.24940249133955
63.22603629329337
63.34442873912082
63.233193173123404
63.242520009435374
63.396098126428086
63.207728887778785
63.24084366933938
63.32772535569404
63.08083536204244
63.17176030310429
63.20764379834676
63.422143616842064
63.11812471125638
63.44399967653795
63.31958522061645
63.26747472699764
63.18790576565936
63.22732489694772
63.26571900718105
63.34631792343162
63.33241742165891
63.32564503183989
63.22636860558688
63.35473291267026
63.3391825542105
63.30187830282023
63.10276404446979
63.34673909915266
63.160061625088154
63.35033874367453
63.27326304879053
63.239481309092724
63.25671519651012
63.35802400556148
63.19065301426134
63.229766161112146
62.96847082611028
63.28382217160725
63.138356052238564
63.379079917239906
63.23900333102661
63.190593406815765
63.23505402205903
63.33124752531264
63.29700396833951
63.1412196345734
63.05900364222543
63.31004175068987
63.169366545451496
63.367511477589375
63.21563918477311
63.267078379324104
63.23758504970134
63.31143746691471
63.25638843038482
63.10572810395648
63.30542019874691
63.36825155318101
63.26951039192262
63.3573092173071
63.28447399731669
63.195057437226126
63.22347749026443
63.490451672436805
63.151679583161766
63.20138134991283
63.13525907934
63.44665615669703
63.290821337560956
63.28659622361816
63.31137228675605
63.20509425053348
63.306796994890085
63.43678241877282
63.05743890535181
63.248502375889586
63.1339531858963
63.505832133288315
63.184348734967635
63.21950004277263
63.33664694073267
63.22682140019846
63.296577461311564
63.26805178396367
63.03350108890289
63.251054957090986
63.219650160422574
63.49616217346807
63.040233964878716
63.36774591287844
63.350846568320655
63.19120585534239
63.284078339047284
63.17465824423971
63.224273044671286
63.303812311945265
63.30197092830281
63.38211993281978
63.15319554335362
63.31011501383948
63.251991004109094
63.2849733828531
63.17367660833932
63.223875214823586
63.105652939391824
63.3862801674722
63.36342617132793
63.36434071750055
63.27933039330738
63.274078808546015
63.38977301815716
63.21463659708157
63.00320926125527
63.29530240733895
63.0888130550213
63.44158406698516
63.22725205633878
63.30443407084978
63.32724704426134
63.20455166684753
63.41591986900906
63.14196054747566
63.05037779170714
63.37939803236938
63.03530629594222
63.42154088476259
63.09071730291143
63.247994833172505
63.292948676387454
63.17189069246273
63.29782458662337
63.05930939153622
63.229884323452005
63.361253940014954
63.21554699960454
63.420192490947834
63.056262275017126
63.22917785603322
63.220220882539515
63.35109806294944
63.2780157382316
63.09863872006367
63.135076308028246
63.32019540981115
63.26023485108316
63.37508555639793
63.08338783406837
63.23191069274203
63.31891034769122
63.39824974076123
63.07326944057699
63.14667149670676
63.15125307854957
63.32393413777986
63.23491986811854
63.31057941537683
63.21225329965664
63.175742009828326
63.31242086615812
63.27107306951823
63.00907842676314
63.146356095711795
63.06678142961092
63.319866548195236
63.080839250383384
63.3997697095587
63.25982841591314
63.17139323360665
63.231296452322525
63.05791819678658
63.14816047388469
63.19563768702931
63.210347104413685
63.37422816353579
62.99633428753685
63.42249469946905
63.12700505511682
63.31728141960551
63.219370553776514
63.12491288374972
63.11832023976422
63.20977013903953
63.27152659907311
63.2967276026906
63.0802199597099
63.31398102110131
63.233313705043095
63.215954099777214
63.08863208184445
63.20834172656615
63.034032344784215
63.33788961551372
63.230969502940034
63.285034469663415
63.158246763158324
63.15379145993185
63.36144120203723
63.23531376976968
63.095612899690664
63.21004447620348
63.01828943180427
63.2846718108146
63.044310803909056
63.24868525204312
63.127516959491714
63.06564236889205
63.21626190728733
63.08653246286091
63.23074062454308
63.250938705363
63.05644109590916
63.334691920597805
63.047907424824544
63.2090806819243
63.02076553310344
63.27467407610325
63.241970051098335
63.104224259879224
63.15713601487524
63.15780075155338
63.252593546054214
63.34143222038243
63.07045110749627
63.1716884237418
63.14136113900917
63.33890172843486
63.11132214157532
63.11931574547028
63.12397563322684
63.23543963105181
63.22245343069476
63.252407335451956
63.1537414283143
63.15600577443512
63.21850984252863
63.265328136041056
62.995179254901394
63.10157214216554
63.014928352464686
63.19528452577051
63.130490856288795
63.32064495418861
63.21458950291071
63.13716372025553
63.1324479599748
63.167140551859916
63.038084124484165
63.106558963248304
63.00626123471549
63.27737071817411
63.00896656802445
63.47870510635907
63.064504528506
63.14835993057228
63.18179511436293
63.11833973541242
63.113636078764486
63.08311293036072
63.27730343230519
63.27276882527137
63.104790062910865
63.40445839009849
63.11570581890737
63.14845632241415
63.111403988296026
63.22331256617826
63.08715710393552
63.174375902888734
63.21467239529834
63.23101469542726
63.09833428790373
63.24999615150311
63.2498137176621
63.22228852902159
62.96310626053421
63.180019217694685
63.04204825062412
63.19841271310108
63.09969145270847
63.20375314595696
63.13748298122384
63.03891212518333
63.1479905839943
63.13522670547941
63.05713366679457
63.22645224341288
62.98023334638961
63.15673069074727
63.0281818034292
63.21207463333102
63.010273500854126
63.113243082274366
63.26159759232688
63.040414681484606
63.23032782115743
63.170467236305974
63.115945801087655
63.21958733167089
63.02680924076011
63.20235784131431
63.041491058217865
63.300966332149095
63.186418251410196
63.18790668555957
63.156978420827606
63.193212746880576
63.1476786184023
63.19663586333201
63.06928814735481
63.18364842950305
63.18536856254245
63.25925415868799
63.05708403779112
63.024947899656794
62.978499692504705
63.19637201785517
63.127285090153244
63.30318592330761
63.18178540157445
63.02957420513146
63.13603815402065
63.20602905892233
62.98472170215083
63.12557111152233
62.9426563397154
63.197207205962776
63.03556377749027
63.38202559396945
63.04230946926839
63.04714816953801
63.18113199904771
63.12312863417195
63.143902370071494
62.99259803539542
63.135320444360474
63.240437220709346
63.042449409979056
63.37973847145995
63.00825679725271
63.08966212707128
63.09646922678396
63.26837749274387
63.147149137787984
62.99484942992542
63.14404300704882
63.23798126800154
63.081059183493245
63.30786117968366
63.13675374628449
63.15997367644076
63.00766473662216
63.17404082273939
62.95979222502083
63.08936998668744
63.168744102159216
63.26895823112644
63.091576878296394
63.047122887570524
63.13071670897769
63.13899220724736
62.99102494839503
63.23072091500581
62.86193977346485
63.19181247822599
63.057060668519576
63.22805191978214
63.02684048145442
63.01890452182619
63.199246586277546
63.075160927768046
63.093147931165305
63.107017101519475
62.96804494196992
63.221805956464124
63.088036080530586
63.209728658921186
62.93781446086559
63.19811315365597
63.14796244442599
63.23740743629771
63.17246157930562
62.99685940491086
63.07222454190448
63.2097654179773
63.11791661327836
63.1530075071101
63.093090406646105
63.15159095452098
63.09645960138611
63.125802952650524
63.01201862329586
63.11677203708538
63.012010945560206
63.22801335757794
63.03297732092621
63.05330487762262
63.138983509218406
63.13741021266757
63.024348911060095
63.03887101520625
62.91561904329125
63.228542552855615
63.012368446059334
63.31265877663414
63.012650494898736
63.02399443802796
63.12446082385652
63.143025472368016
62.99235792901936
63.02422880956051
63.00599480449291
63.21121013329766
62.97226578167249
63.30445887660679
62.907558150689994
63.06061723673325
63.08057852486982
63.28099534984661
63.136938576564376
62.97130012494287
63.09766863262703
63.16728644250467
63.11939712386029
63.27837186414013
62.97675924038108
63.01997700871185
63.05252153433406
63.1987895867222
62.9630345689164
63.016088624187255
62.97929024666724
63.175566180548024
63.039550683066146
63.08821232369562
63.093759794931614
63.02008541386478
63.00092834515817
63.184333310839094
62.806508597797546
63.080106087124086
63.047944926804725
63.24137028475154
62.96770823867452
63.02199899101204
63.096404086960014
63.082148748614564
62.875266031660246
63.140597156250394
62.85395563527317
63.177243030491454
62.980897003539546
63.13092579641535
62.86218462714018
63.106287012477324
63.055092486043485
63.12572096824254
63.10404734631683
62.93163656111872
62.923714718115086
63.07913698387589
63.08924618206589
63.18686312331387
62.93405925128919
63.117095381325115
62.99189596406125
63.12551722713789
63.03048328972294
63.012530488977916
62.92408309842638
63.13843236689547
63.088488794561776
63.00607337845326
63.03586560644874
63.02032910584165
63.050997064269
63.079473453891445
62.83401894460063
63.10987696128081
62.890550355523786
63.168117935726
62.98316124551374
62.9589230866887
63.049420463358935
63.1128555951859
62.92781526965372
63.09379164334023
62.78336632086334
63.17344437522214
62.92028944314162
63.19076094284983
62.91636020002634
62.93075999941824
63.0619599504069
63.186732865034834
63.129124829733726
62.95195118290811
63.0610980155778
63.04101990611025
63.084960140336065
63.26972731237971
62.84792933364879
62.9474750562733
63.00648168392219
63.212199095977184
63.07011083827269
62.959497178579845
62.92276795623536
63.02536851738304
63.09441628186176
63.02961033380568
62.98178925477889
62.926602297190264
62.95303936294096
63.19490403631471
62.81166495112223
62.973633905057824
62.93180891414484
63.1406460390085
63.02769151497608
62.960829587368956
63.03307687987191
62.982349837197795
62.84815200681207
63.162271817914714
62.74156579300338
63.00089049203772
62.91165783071109
63.08701259924339
62.9149290409247
62.98594726787884
63.02697408598835
63.05174481713113
63.07120830842398
62.90622382994362
62.85803450372915
63.034431314423934
63.049128293353405
63.19197651956606
62.8603476845863
63.107762558112675
62.93363535909833
63.08070178536976
63.03790533665379
62.906995828983916
62.86860490280183
63.0601765302882
63.09338106932024
63.08280210247354
62.98621599968212
63.04188111211909
62.97596414731273
63.10233575488032
62.82213090893642
63.061373748171604
62.86147629197091
63.06884412768401
62.98049008849074
62.956069268480775
62.94664152522829
63.013263948280965
62.92506431324562
63.12193207889385
62.73394962003461
63.09321924079137
62.858288277616616
63.102015874539276
62.930178099114165
62.92467529912739
62.95236355538561
63.16369280210804
63.08590907915862
62.914405510327924
62.861553401210884
63.08831872954337
62.9849543459085
63.26743480784013
62.86080281034666
62.91898302806515
62.90819379317427
63.27573551049116
63.13332783465829
62.99506467009335
62.91959480550315
63.02269661677002
63.09723433270665
63.11726190556154
62.94140412097097
62.903988256318094
62.99398346870467
63.20672469156944
62.876814365123316
62.97770393890013
62.927568162859686
63.07360652375722
63.023289891566655
62.96007728533202
62.96917133415611
62.88084457673183
62.9537558643546
63.25270425796146
62.7527958033176
62.949537992459874
62.83903119890244
63.068883249678805
62.90401949355814
62.991126381663236
62.92681192275704
62.94713318814496
63.03300583378386
62.95742195241462
62.84283730538505
62.89349127709248
62.952901025256985
63.21710756990396
62.85430010888254
63.123073740242205
62.86210654572703
63.073812098299584
63.04220167126428
62.968849721543585
62.91430046518179
62.980331606227374
63.03719233268162
63.118363037082055
62.94938184809905
63.03137340144737
62.87764501581164
63.02325581353981
62.86235682423667
63.03447323281853
62.81180531591526
63.142855911848855
63.02174793667689
62.98195281035425
62.94113356439195
62.88524137056291
62.96348552176138
63.036022306740485
62.798970945476285
63.06779662336934
62.7831165228744
63.10056670386856
62.905321535742324
62.97819259148793
62.86773754067156
63.056380174532805
63.042777407646746
62.92701324219953
62.8518041360724
62.95345964720025
62.803106463176576
63.19960473828992
62.817957796566176
62.930020371144636
62.81317942842275
63.19664432476079
63.13069369880507
62.987126534344874
63.02111531162122
62.900459360120635
62.941160597309285
63.13257220524835
62.88553940704223
62.87932489087832
62.90696853819648
63.22452693832804
62.917939530464935
62.94334182935773
62.883011671038425
63.056760768031104
63.0346525144821
62.98398716988271
62.9016036219213
62.84160952987401
63.030690920406755
63.24650545832935
62.77955595972034
62.957416972329256
62.74448885658696
63.10946165986045
62.906858836821954
62.93995815380906
62.85401143182211
62.84977560821639
63.03699018648046
63.02565275807531
62.787527233728774
62.91697749287833
62.7477156331881
63.05671355206467
62.82753617667792
63.03019327802913
62.805840234986505
62.934959137639154
63.09510229565487
62.954086881402816
62.83473342886272
62.78545202413764
62.8280760500837
63.00443864760259
62.95397478740907
63.04666466649003
62.73432791378793
62.97156528926299
62.906139546146
63.01051221954559
62.762919951104834
63.02393746923221
63.00437347743165
62.94134210871575
62.93700606436927
62.934309998813816
62.89571103943642
63.04093353275437
62.791290061996555
63.05446928597592
62.664933913515725
63.06998962578717
62.93741990082462
62.95521972761484
62.86846396019926
62.86403546822174
62.98202471941582
62.985523368544115
62.75977029561516
63.017731517214074
62.64537151741851
63.00547898207378
62.79664913556846
62.88183827394782
62.79172398852939
63.01430644781048
63.00439905229134
62.92927081471237
62.88099493450555
62.82287068712002
62.7804802794807
63.04213040998566
62.876461345890284
62.84767467816241
62.6918063585293
63.114177509186625
62.87140554423768
62.93696588496499
62.87565969511306
62.92167057166056
62.93165405246503
62.89846266220809
62.83594809607659
62.87422608315679
62.85080470595538
63.139613320908275
62.81547453543625
62.92906145870213
62.66473714131478
63.034632855757025
62.926448616044254
62.88388084241716
62.81775107458807
62.77695952291365
62.98789837786554
63.12060032886148
62.762917177509756
62.899565306630464
62.64464540146784
63.009263159040536
62.852958284316
62.92269476726241
62.82756066577982
62.84644339935567
62.97381929893975
62.89451000036463
62.78642593492005
62.78319509865345
62.73261214182699
63.07753701486771
62.894732823588384
63.02491362480471
62.69769565341874
62.8987160749639
62.90047582064212
63.0086593097833
62.85390406365377
62.88614961001903
62.8819696158442
62.961737366711574
62.927977551795905
62.97416770508614
62.860520517075436
62.971507938193724
62.784551451431106
63.0081528032719
62.666893627338915
62.98035339044783
62.901196884580976
62.97471182261121
62.853198502618085
62.81443997976382
62.93813732888915
63.046807984541445
62.78905584677926
63.04086252986854
62.57876476665872
62.99611209755888
62.87792808223343
62.93788725030353
62.797091072051145
62.93784289184134
62.97018098056476
62.916630754573404
62.828412024103386
62.88468363150778
62.64548009089615
63.07807054573952
62.909659413068276
62.94043973968008
62.707691904681255
63.04389665089566
62.85812088322675
63.00982709438102
62.97059972140502
62.816487416382834
62.8817453728993
62.89654147560037
62.88524441613631
62.92704769195961
62.792765588319334
63.09301012982887
62.78726630017269
62.944724932671825
62.849984375077156
62.87657561068826
62.90495204129331
62.86207730449935
62.81916161127186
62.78573790849643
62.95380741328495
63.096562177014476
62.81040611857297
62.992836732807795
62.60870400522328
63.0037578531849
62.84942259937485
62.85221950024263
62.81342794831377
62.88363937123561
62.98723642276107
62.95050785096984
62.72409368966911
62.84310259452577
62.63825006441027
63.02086727120767
62.931052524328514
62.90255818133477
62.7149570565817
62.8697361509461
62.87014766725937
62.92250832383118
62.86952994325206
62.818701011879625
62.83403925106576
62.863102904948946
62.97121318749775
63.02342963473054
62.81128857611819
62.95951557733935
62.79085152578423
62.96772740818813
62.766145597210276
62.85510603255633
62.8581249861651
62.88249739111201
62.97632709454286
62.866327872145916
62.87581496640784
62.98732930066612
62.85703677326085
63.01647367779593
62.56048133472019
62.91171072296549
62.84828951469899
62.904053528984626
62.78448187192374
62.92552640391471
62.97686309952901
62.976391472688285
62.74936719569869
62.947827055674054
62.68179218566259
62.93881258057807
62.84854396661544
62.841311792171275
62.67238949500303
62.9929726410821
62.92522208642082
62.94275260776948
62.91920665323317
62.842994559877745
62.757271354638604
62.832476428156696
62.88689097228206
62.91700460225555
62.74500653016181
63.08335324174325
62.78761494923698
62.96811385673811
62.86784936323804
62.806483300518146
62.75037916301647
62.807604022660215
62.878099671900316
62.843171390001714
62.87328351408386
62.99440138391895
62.78182046596858
62.92728407701272
62.6249181975777
62.9345143477243
62.78191168180459
62.823569023519745
62.78054110285406
62.76575225165304
62.880838899667516
62.88143161827047
62.71495427802632
62.88589047103814
62.62170793634918
62.909455377616986
62.77641876942054
62.80797213959974
62.691283923795886
62.831046455832684
62.97768382228003
62.857546293201146
62.84987490290125
62.827362557284445
62.67129223969147
62.895404377395835
62.88343686513278
62.935113677372556
62.70692571760244
62.83071070546502
62.784645068825604
62.95580890709351
62.80061977518266
62.80996209471977
62.77529925779842
62.861948770806066
62.96252562196442
62.89401316882497
62.80034607434049
62.83885915815133
62.78901566525374
62.98692985175435
62.60407115308919
62.81945104964099
62.73746152620182
62.85434216153567
62.844213952093504
62.82362016956305
62.8264819574676
62.85513093289726
62.760965010991924
62.9920202791818
62.60545351786169
62.84239914431471
62.697643271172524
62.744536659075244
62.75693997069269
62.92229823835755
62.914657935783794
62.86633923401624
62.85788265419597
62.847215355494335
62.613693609496444
62.83844176600144
62.79509910612322
62.88254082871978
62.72258137324292
63.02529122430918
62.7536987701369
62.9209856086605
62.87661734535638
62.80799763675284
62.750224754341374
62.83312413429133
62.868589123731404
62.82211550790275
62.84157965008468
62.94995304163798
62.768741702200195
62.99436267311057
62.692022865556666
62.918982257272276
62.698341741964306
62.83820651108549
62.80664743609776
62.74083976601002
62.833568495372546
62.818338201484124
62.8490945514424
62.90113450713273
62.58924589710349
62.90025856372602
62.69468032312974
62.83100984560312
62.740250489552736
62.85503968129918
62.893009481337984
62.769579005053195
62.81099150627603
62.875290762824406
62.633052206954396
62.85665631177982
62.79498469436225
62.88247753775682
62.724534873921804
62.81907421754972
62.77842204999766
62.87731583967554
62.8798092154921
62.81672204076349
62.70706077399035
62.825535543702976
62.84455572309275
62.87587438697668
62.766200790005286
62.79868971484114
62.79521588259883
63.01595034881651
62.71660644651694
62.836821176149684
62.70302069436836
62.85797301051733
62.9875746684419
62.77691233764522
62.73851263664226
62.82033261271084
62.86699369500942
63.01944335901627
62.612784472686485
62.830114865582935
62.63956426942731
62.800387321528866
62.834601102681425
62.938094794629734
62.8279973094115
62.80691296348279
62.853743723108494
62.883638557011196
62.66031623026771
62.850447313074525
62.68975535447083
62.824302783506184
62.756843801507706
62.984374044849524
62.7462317997488
62.847036577261974
62.932628452976914
62.838464373363074
62.72488365485272
62.822242115886546
62.80982091283502
62.844035758131476
62.78921425625533
62.92006150404952
62.71764823128207
62.92213186381152
62.75648069121075
62.84034893401848
62.71256698625377
62.90698033279108
62.88735077454071
62.725437057483326
62.83361778209261
62.82424747973994
62.83264269141492
62.956729593229156
62.604243514192646
62.84436715485402
62.63976701024408
62.82039674759988
62.86385038799439
62.8271054764678
62.78181156969579
62.68672514173608
62.77027075822098
62.91516939645669
62.61160868834754
62.83545860346505
62.71849126869418
62.82616755657738
62.77126869276623
62.843083901154785
62.808377445256475
62.78719139166323
62.847550837647816
62.86572611313681
62.63326856702988
62.75771220356772
62.83311192518557
62.88219948631639
62.78688598166388
62.78560654839515
62.7773469773378
62.89482904186796
62.73711910060945
62.91302752913734
62.71935006985203
62.857021548506026
62.940813610207655
62.76382086791319
62.78135526355281
62.784943253365384
62.82114806753493
63.023216606780075
62.572567068191844
62.754257006004146
62.57524200058868
62.81618957735439
62.94310335829938
62.861827454083866
62.77699980950828
62.6889134164019
62.77833818012576
63.0039235479425
62.62813747044696
62.821052229849705
62.596435748355596
62.80262810590565
62.82566180704298
62.9191505955091
62.774317709142366
62.805613110968615
62.84024657793332
62.893781986771444
62.64879329656306
62.807689227234235
62.70698775218599
62.817699616490515
62.85975966277933
62.99354604363823
62.73282427205099
62.87340282006738
62.80943921301617
62.84802492716849
62.735317058486366
62.77454539107969
62.77263534882211
62.820190999342124
62.81500652171246
62.86916281195172
62.72847145595323
62.94761194781589
62.68375264258531
62.86732852374542
62.570231406130056
62.76990221000804
62.84427735223722
62.76733717408728
62.79114756824604
62.63627788662939
62.747701001858786
62.87833395036219
62.63915277778254
62.82253729841607
62.52914615213699
62.750125154890604
62.70937267548573
62.84953933206718
62.69144334964384
62.6189762011338
62.820981904853085
62.88120245872466
62.67410299515761
62.77209496571021
62.653881843240455
62.85533251383025
62.78380034086233
62.838459144650315
62.73455101758347
62.794460119186496
62.81004615147198
62.920558229260024
62.75806862410801
62.776224556428836
62.849673347266375
62.8314017654409
62.83591599950491
62.774436582492925
62.81542798403503
62.919933098721344
62.63746054096112
62.75987508490888
62.599715325404084
62.73064898945589
62.915108559671985
62.8268525371566
62.72541762732281
62.6286346478743
62.82927507099089
62.950207027154356
62.754879166091435
62.709870845479216
62.44181383627646
62.79961139392351
62.76794782788019
62.92635097912042
62.668403535697834
62.60761803215191
62.86148550331525
62.93259839178148
62.60958437798235
62.708019903849646
62.52132360694022
62.82396011278501
62.816611333378354
63.01918090884419
62.66451703333892
62.738491774756845
62.85974721547427
62.91175509927845
62.78866562433916
62.65803320090575
62.66881853154887
62.83205158495299
62.785324896604884
63.01036825599174
62.7260709100219
62.79447728858522
62.71961546544574
62.950157683669396
62.761703943055565
62.66952085465372
62.7369189437505
62.83707224125434
62.709746324450215
62.75271188347763
62.79506176890124
62.826772445619476
62.68931279721434
62.81464553826457
62.540642002073675
62.72690467046405
62.70570393026254
62.86053124428337
62.68785438158639
62.560993911401965
62.81709574135863
62.78706921799442
62.61420090262485
62.78152849191589
62.518905535999046
62.757237593271405
62.73159233047186
62.8344133544982
62.66299215323728
62.67766519672941
62.87084890721247
62.84386639624692
62.7587480220245
62.65605807484797
62.6941924893403
62.82982870555596
62.73880343502066
62.88688018165379
62.675167340872065
62.78335880229422
62.75446564824297
62.857460323554484
62.746404869994244
62.694489664382
62.68367363681555
62.80458501973963
62.70980869842432
62.80970803113591
62.73366820244079
62.83368707399815
62.76010565631164
62.68178746584618
62.49570094497686
62.73638664848363
62.71304775866547
62.899285076118474
62.69539832950035
62.65789098241077
62.7914725643447
62.78035642548325
62.60908076470046
62.708978045549514
62.469020767499856
62.78144273067805
62.638070155096756
62.91259685994592
62.685829482932334
62.641206696647345
62.87418061410032
62.81377238064709
62.74072534364362
62.65387494759783
62.679631960492735
62.81702389885037
62.69225777866898
63.02663770453824
62.593622641332814
62.696024351603704
62.76644937830175
62.88387429567231
62.83574348107345
62.678374973235925
62.638141084054205
62.77252560220166
62.739206255746254
62.88113257246842
62.688877203709204
62.74049028197726
62.68335770489992
62.801516866401116
62.674657424478966
62.673038954378455
62.712007042972004
62.840239906572535
62.70820422866744
62.65122434132485
62.70523829472118
62.70779318704712
62.58532354827404
62.891843569487335
62.49158804903712
62.741980944302476
62.617745242630036
62.83774885163648
62.68952172121297
62.61637054762573
62.81968230832163
62.80095438695355
62.655690455312936
62.7212640150678
62.57158229884743
62.8100514026839
62.63860854581631
62.881171819373996
62.649756596333106
62.72506654508889
62.754587773740305
62.82920429918756
62.76596730870176
62.659426543683594
62.70866244684788
62.80637016403657
62.72567552645459
62.8768837561373
62.69589652453889
62.79847039753814
62.69906726588147
62.71343615862088
62.68385600395866
62.71589071478559
62.70520260252751
62.793161930022535
62.72636483199406
62.68952901536359
62.76697798584346
62.7658525188179
62.663418300487216
62.73097923363301
62.57953509152668
62.71937657387169
62.604898070297615
62.87129328879427
62.694997528163455
62.60493361833426
62.814078642416156
62.78310076280804
62.70048926146893
62.71186843837639
62.54927289687794
62.80299822505103
62.62737479196615
63.03285200037116
62.57609413908356
62.678729594538304
62.741830944836614
62.83229912607077
62.8377165792164
62.64678644659206
62.70100859732017
62.780767014110914
62.74192355398165
62.94032007950265
62.63558717153804
62.70457541135899
62.711384344338555
62.83381942276344
62.706714228444326
62.70667285083942
62.69693852888156
62.78092889350358
62.687567785128
62.761859330021394
62.72805664889448
62.69148579412698
62.64267388389158
62.920036746187776
62.61207531003785
62.70069391699141
62.61187842517932
62.8565801735456
62.65678631178122
62.65339008301177
62.70498854348654
62.78152234650815
62.56498020371329
62.78497222386414
62.560386099034595
62.80892276964543
62.596233159303175
62.95916054552901
62.66341904168422
62.79867910106418
62.729162042088156
62.82329624183662
62.74036290841951
62.61786846952913
62.651746684841086
62.74620682551452
62.73907637208264
62.8771987709414
62.654994467888606
62.75985625897303
62.62305643282025
62.73917460427616
62.67368798782465
62.67056404242576
62.66452763481851
62.775441019115256
62.74513660046857
62.73188918792268
62.751913020619575
62.73065070561962
62.66432508164657
62.749469212708334
62.573653954898894
62.71088577726866
62.598723246239295
62.818916823277796
62.704288069084555
62.7196521635349
62.67671990041126
62.743459105701874
62.65395904889331
62.74534625926788
62.609042507965015
62.75784997595102
62.64357492380208
62.95931983791071
62.59311594930853
62.74468712961565
62.69558139483237
62.808116463230924
62.81674534531818
62.667870793252305
62.636273948710624
62.70056629153377
62.69874375539045
62.94474879386991
62.598371730724814
62.67689266674732
62.65562748713238
62.85313162450566
62.740761058310895
62.719346670766456
62.67927001115525
62.74981713961473
62.69554141873701
62.777001106605525
62.7446791899835
62.67308198702904
62.7042470979134
62.90729388734756
62.598257287050274
62.67517757471248
62.60308216479774
62.7837946562692
62.68254964402732
62.69325417877452
62.66891908603397
62.70804532525927
62.57221325960163
62.88315827554069
62.61715576304196
62.74842312220042
62.532231413982764
62.83712343477187
62.62951172991776
62.842866853874355
62.7134015646811
62.79114075544885
62.69776139245744
62.668609759434666
62.64346147658195
62.6847163690395
62.678113751435276
62.920074324372266
62.70454564643951
62.82370805615446
62.642886790424875
62.761620006853974
62.69960295190866
62.663292405639616
62.651903085824394
62.714110333205895
62.68789940351747
62.800571260892674
62.77192363740699
62.77317139329763
62.68938908166358
62.73966468555965
62.56200281142451
62.670433859464765
62.66959273551947
62.820218544152894
62.656866759483854
62.703698771994446
62.65368684302797
62.68962763440148
62.6298680127827
62.73177991164413
62.68964269907265
62.722963338901835
62.60263404962613
62.859425102199225
62.6143846118426
62.78895461662532
62.64854638683047
62.75898638101348
62.73890737686194
62.698025534921214
62.656544301375874
62.67323004536141
62.635775751800786
62.99947146763637
62.611268500637586
62.81150734160699
62.597434472578975
62.83417705667288
62.746831236726905
62.753925881252734
62.68485393393672
62.66759965011546
62.69052472585818
62.835709108764334
62.695489879727425
62.74697535041508
62.76239129771337
62.862658363318204
62.59987296193744
62.68778850546491
62.66229752682181
62.82381431797698
62.665955962922276
62.725070248711184
62.64246145114905
62.660467181576045
62.66313580349341
62.89361770346623
62.614722318442986
62.68834001923052
62.5691174605789
62.809745066758765
62.590637465443166
62.78970570899053
62.64235975281836
62.741814823096064
62.665755911096824
62.729672544690196
62.68727277186888
62.64781160500279
62.61609117031949
62.93853881936734
62.660663071271095
62.96475325242025
62.61669953569107
62.80916243078159
62.672285058439726
62.677341812135104
62.75387414369313
62.619729521131354
62.64360080804975
62.75719393769153
62.70840893363703
62.83722127317428
62.682943670142265
62.75532535291737
62.590030142411145
62.68838641014125
62.65329254087389
62.76328463228516
62.72911183667833
62.6485894781959
62.6320804227819
62.65714258310761
62.77822832277042
62.751667946891516
62.66580874299896
62.6526077139562
62.53205591819256
62.81386045560096
62.66070229644023
62.81735035792703
62.61805330554608
62.70744618528702
62.73858638445176
62.706276943160994
62.68190488786819
62.6789554303358
62.63350080757608
62.925633150543185
62.627566666125546
62.77554980199603
62.5481642235171
62.80191351031937
62.80401402093202
62.71344243553659
62.675064373184114
62.6115392020725
62.683577870298514
62.78254588378518
62.6327872051924
62.80879533989805
62.687321185933676
62.87392769176527
62.6491178843079
62.703292275627035
62.72349104832875
62.71597049402989
62.65581987579577
62.6605880074742
62.55136113397681
62.64571571087935
62.76123653635254
62.919304641171834
62.627958178964924
62.65379751989403
62.48151063631011
62.781490846947094
62.62666960399769
62.73863352079567
62.547842136916856
62.645283579074444
62.697221890440204
62.76908829897843
62.659991713093305
62.659914309853335
62.61495620735584
62.81847476382385
62.62681648122747
62.88563183096952
62.588111575606355
62.79441274241586
62.77994081359308
62.688916039645044
62.7066762215438
62.599618151266526
62.6096341384305
62.72944417253646
62.61114192380917
62.95396591624755
62.605756629492824
62.70806782404888
62.59249033572106
62.70116098398625
62.69351934114944
62.70621578404937
62.682340995875826
62.65563198011363
62.51384738510723
62.756700124198446
62.66988214493216
62.74725146751805
62.647875160814834
62.7205346439628
62.54056864324317
62.767006236842484
62.67929745238797
62.78857943345816
62.54179689757401
62.58301417617614
62.72514148595047
62.66349433482202
62.59120523092534
62.64228789626206
62.60788485610211
62.80245283329267
62.55835127112773
62.77540720008216
62.48316944290512
62.73341416896872
62.70429015648088
62.688136915169906
62.77826408251901
62.54598901976368
62.6676237147089
62.756361844035496
62.50658639564068
62.81394803976794
62.47936263699844
62.76627076436593
62.557660863128035
62.6468915992856
62.82007684809049
62.67029634846141
62.73107200983433
62.73381393590995
62.538972934243596
62.673280637704515
62.581146625951696
62.80040063482088
62.64980843950096
62.57205578889705
62.657492201974485
62.72912704105491
62.67477110263364
62.73488719903727
62.54386856697444
62.54459339593251
62.66570667062561
62.6725487877181
62.66427939920556
62.60716830319357
62.67594358591684
62.77536406964307
62.59253987266405
62.77519662991214
62.52117050363759
62.63965030276544
62.723384282523256
62.664446663090644
62.691945039226674
62.53541770693649
62.60861208247789
62.73067330024578
62.57539329039757
62.89801152434301
62.50478732692309
62.69453468669994
62.61551761901646
62.65744415910924
62.7859416945153
62.595830145275876
62.682416057653924
62.63920711216966
62.51395192645631
62.80991849890046
62.54520798103508
62.70887099609869
62.69605203832728
62.653601770316804
62.564604904311686
62.65382460965925
62.79970285838543
62.71910041241346
62.621524885316624
62.66118223090638
62.702219492085014
62.623388024809756
62.628372688218256
62.683027489562285
62.567710071960136
62.72385367340314
62.707384934217075
62.72118717538509
62.54876768145266
62.68051812693456
62.71815848026179
62.685512086377955
62.59022045678797
62.61299563187509
62.6105783367986
62.700884679026714
62.58323496362625
62.80789850134688
62.51595421682114
62.75014407157335
62.64859664989286
62.60136412824421
62.81256383286111
62.63193697844673
62.720946151149384
62.651769180816984
62.563692406438776
62.65396010596409
62.61701822872733
62.87689839752452
62.54517205933563
62.579349624003314
62.648867463726425
62.683460142366556
62.71479778584886
62.684349356373474
62.584548322225004
62.563565809962654
62.64408975119213
62.74595109327822
62.53901981557022
62.63313595467666
62.607559585719535
62.658325621197235
62.64868231032722
62.71160632768437
62.5544211250663
62.57001317504191
62.63290352132301
62.658863259516444
62.53076444077785
62.63002665819479
62.5742530279163
62.741442249478546
62.572260118258285
62.8004653122784
62.49135566451226
62.67122214113428
62.71681652497652
62.59061564480621
62.75530854327834
62.5576383945596
62.66194013315315
62.66731512452135
62.543480851337954
62.814107574794065
62.57235054445418
62.72084332152805
62.642853465360766
62.65448242411545
62.67039888736708
62.61976541074107
62.836022062281344
62.73256341495163
62.573678282733816
62.73000245689785
62.65116487623839
62.68042420116745
62.59364993066258
62.754249882060016
62.552581036220595
62.5973248600568
62.7063827277864
62.67035242611741
62.64856635069074
62.662536859166764
62.671692997115436
62.64236507442812
62.524374702234525
62.708899197682996
62.61499228249067
62.68523243901971
62.61776827666691
62.76644262221389
62.48226278463648
62.659334832204244
62.67627336475197
62.60598568780102
62.67696868425395
62.6524686590338
62.60878188459356
62.64763493232326
62.56529742032996
62.75776116280502
62.57067067791641
62.853797452340245
62.548341171057636
62.63284014155851
62.62508120046069
62.645848828733705
62.691847997080465
62.68632048589338
62.52816800839678
62.61328752740011
62.630638266229376
62.78004386988519
62.638953578964106
62.6742578540568
62.508160501721086
62.56290730252339
62.672703183273974
62.67711534667383
62.60804400181995
62.521225015804895
62.60103356164457
62.69735422380187
62.49179715229742
62.649558540850514
62.50369686874673
62.628486725856085
62.619886911733225
62.6627191166354
62.52930176547994
62.67194039698687
62.67198587943695
62.57553944963905
62.57442824029825
62.54769294571098
62.65161636788113
62.67038249117867
62.58685105617741
62.84105548458872
62.59268351668907
62.615643083430705
62.61508609173796
62.66878955158081
62.594101049314865
62.598433999301584
62.70242821992976
62.7051324000374
62.55061330643159
62.8113726724049
62.596050487355974
62.68596327695896
62.75649575725841
62.72756666516378
62.52657489079426
62.55965695378108
62.73265557430381
62.70611450407721
62.71046614930597
62.67218624725019
62.624442115778976
62.59701165080394
62.536108109816325
62.769137628092054
62.565034037444484
62.60135308538716
62.592099541818506
62.66627794206977
62.555680482070606
62.73546941529095
62.6255029716797
62.593996110809336
62.57120724814762
62.663194943470415
62.650932023481694
62.624442515133545
62.630190766927406
62.710561113374936
62.59702374462386
62.735711297034676
62.556046687595696
62.66850061380825
62.560914929728945
62.66116452127437
62.66725347335236
62.68069112370548
62.59352363134159
62.66784480183165
62.537978161780515
62.78215769090198
62.72167139092888
62.712822301534345
62.54885368279225
62.558968184525874
62.64150288749728
62.70388684791593
62.69243519982267
62.48827072987
62.51618368039857
62.631528778919474
62.6294808775052
62.71640446609723
62.54418346936877
62.5810965475633
62.59203035239825
62.63151352066504
62.55759915584297
62.60770311916759
62.56250401155104
62.56923630675351
62.53279015522725
62.600656353643764
62.59904668958729
62.64041450750904
62.61949654071061
62.73716893793723
62.588085889792595
62.64107637737148
62.57518556789865
62.7388931266216
62.56864773648184
62.59921450522494
62.66271343894633
62.688961495381655
62.63339155803094
62.690440362175096
62.475312862941216
62.650745396962755
62.72118741381604
62.75735329052777
62.49828060476926
62.52030146060644
62.66548360143482
62.78544920347249
62.70219897746137
62.68986494039139
62.49348346140884
62.64735210675771
62.628073471576315
62.834027682917224
62.524537262575876
62.412097025074615
62.55833597447281
62.67082786385287
62.577884260473894
62.814286217643314
62.535241176496974
62.62887942830566
62.58969080121176
62.70894913491838
62.61055689053063
62.579601359045114
62.653180874577245
62.74691450837679
62.55264045020488
62.805996240285985
62.56425028081835
62.69717297900771
62.62184739512602
62.62841769449799
62.62528139430358
62.61758975508282
62.74945076071701
62.64895910661126
62.4866487949848
62.75468930730813
62.6812049184649
62.640265422885975
62.46037868007465
62.607333644697974
62.55175415673533
62.759288691468306
62.7145748311236
62.58624955791586
62.51820098245886
62.67273121609099
62.656396337479265
62.81734197555984
62.55175578101813
62.49566369320704
62.52259238053274
62.640188328165806
62.638492236824476
62.6943210247302
62.51377554192005
62.55038933011308
62.52398548230202
62.75227953776317
62.55687739422649
62.62336477094603
62.648969362039274
62.63603397788737
62.572421059739895
62.72373526242624
62.567847249090576
62.68594065736312
62.577446318247425
62.65324284056923
62.618183951699045
62.611738514187216
62.734278870138546
62.70255851573462
62.51427323917538
62.70963573489417
62.605213110596075
62.7990620670242
62.43295462064644
62.61154541602589
62.58085877302901
62.82579687199415
62.68943381805631
62.66332902981159
62.47719614705771
62.642049396603085
62.64073175511095
62.88840736707185
62.53998156615205
62.42844717159464
62.49141678440727
62.65661642700038
62.685708329936105
62.76317189080381
62.52027973799117
62.5638216701492
62.59146118727865
62.77892661791389
62.554016759965116
62.537245624206825
62.54765597218701
62.692156867471724
62.56157101651365
62.7973231206355
62.444721778148114
62.654732826856936
62.62192622833628
62.700867708764996
62.58846994462015
62.556332245327944
62.665857696256474
62.716590191560414
62.54365560905172
62.8646759842161
62.55173266264835
62.65392572152566
62.44817789957018
62.6495571173379
62.577336173533034
62.62751789607573
62.709035947276504
62.62293378111311
62.55117235022669
62.660659580123884
62.63798414637241
62.76510391353327
62.56951780685035
62.53015233778951
62.463213230118875
62.534548020050764
62.720345376761756
62.65255071966283
62.46083903620784
62.45219410536026
62.5618943337817
62.70041216409318
62.49719372978712
62.543798823494356
62.430547659145525
62.580283213756935
62.55242375884445
62.669224783224145
62.39336051356928
62.5396865195865
62.52025644386075
62.71032845847225
62.49734126420675
62.52857873286471
62.621797024535006
62.68277041757145
62.60230639984731
62.77110874442784
62.43324972006766
62.747720064206874
62.441985500489345
62.68382712798877
62.63906961816416
62.67634717620651
62.67537828469113
62.64595528430086
62.596021734820035
62.576578183276254
62.52216881191097
62.83750760853597
62.52745164457328
62.53585843237381
62.47526555656199
62.58959702174854
62.68668295479028
62.66507647458575
62.57475097140182
62.38017955489575
62.54160618726406
62.74479950891073
62.4343377655803
62.52870775645023
62.370871155763865
62.63832203553637
62.5839615336694
62.68900172337806
62.443262846558476
62.39801058833267
62.649755514932636
62.74167639362617
62.48524672933123
62.46268831132175
62.4408149890736
62.7461478750567
62.59984165757717
62.789880127818435
62.395300801285245
62.56428750127195
62.50363841753414
62.65595612149998
62.59039677872996
62.48202467219818
62.550247954673914
62.60677030478126
62.53258766469596
62.73253835113775
62.53597837335827
62.64709170876632
62.521839446947425
62.583057897631086
62.51407911311244
62.463874524653534
62.559810229086565
62.67288017942131
62.546246410597604
62.53226701936705
62.52423497106325
62.68156572871678
62.46118901836006
62.60884451683877
62.41367250177495
62.50144422275742
62.533742068605854
62.581152806224296
62.45935381812369
62.39854733513676
62.571267283634484
62.62225354255797
62.43943164800476
62.502476067353165
62.43970990414315
62.63567632377781
62.57578490162815
62.67894565857044
62.39977904630826
62.60070532894895
62.537088707297585
62.608374370445034
62.600546428430285
62.516637404641614
62.54121666783834
62.616886697306896
62.55680635545321
62.716284362803655
62.43964063487916
62.7574849161502
62.45498640897794
62.55023022043117
62.59598519315855
62.481950364309064
62.602513284362836
62.683038234317735
62.52154188147835
62.49318672967618
62.48843497554295
62.74173437996403
62.49781317850072
62.57599664520944
62.45922982518388
62.55670098729874
62.56241869481649
62.696013200795974
62.556034718438234
62.38874375808997
62.57895073248893
62.716248154393526
62.468348643255545
62.52776295329904
62.43676993308974
62.65519498923572
62.61803577221745
62.682755332849545
62.408372714028836
62.52205971507556
62.627914236761754
62.69940694949592
62.59058362419024
62.434263821768866
62.537648917061105
62.5857856826869
62.494691588799384
62.753601724077626
62.442659020005365
62.53443227793797
62.46451177979929
62.6570469696547
62.51556029742404
62.38673133025129
62.51156261129748
62.595972605955964
62.54067087305689
62.56789220470538
62.42718858608707
62.58526343963525
62.4934730689926
62.63244664014432
62.40682590749289
62.424304593585944
62.52405742403257
62.63616374955479
62.56004902053915
62.42892434129925
62.50419185846962
62.62802839987399
62.40901369618438
62.64276305856975
62.42215489009903
62.62015640126851
62.57338367405552
62.569284552113345
62.44149939304351
62.53123712799837
62.609716379206915
62.64016930145641
62.45938601160947
62.472787574171576
62.483528999125994
62.619704646423294
62.56342517447058
62.652933534675675
62.43996247976342
62.664171106282694
62.49636876127388
62.63075451250421
62.477177167392504
62.37802283428574
62.521217202895514
62.59248155735373
62.59471933173055
62.52128143890683
62.35619064987378
62.69885756548588
62.592151057401175
62.61181834282998
62.3895664189529
62.51364896845547
62.54256744032706
62.72020841089163
62.66341438787782
62.391152459498755
62.47562201832546
62.6583412673976
62.52605199301177
62.65630642180421
62.4261066354225
62.646578522706925
62.566506255668784
62.64169705014524
62.51117594070519
62.49138105310681
62.58403610566013
62.72018302683174
62.53170250332458
62.40391667817721
62.43863307243644
62.64914911622279
62.57789020859708
62.74260997742016
62.486115134909014
62.44993389721325
62.485339351557705
62.689849912983846
62.514408902987775
62.42659744848476
62.5535735392418
62.552304138709395
62.59598420393787
62.55863531690399
62.400371560925734
62.51091420326719
62.52226342236416
62.63150169703244
62.382429867573606
62.35881289563363
62.49733859736315
62.678973693324544
62.633206605147386
62.42748000301732
62.4386506779581
62.54847180896685
62.49290622113555
62.73848814544286
62.36303442609394
62.54179898957667
62.511130637816656
62.5693681316461
62.52988873699882
62.61580604687539
62.59029269500611
62.58461330468436
62.44839002754291
62.55941407003669
62.445144790565266
62.576362358661086
62.59277897303678
62.649791832152786
62.52558810063035
62.56884073369679
62.50159048601977
62.67508756183705
62.5484608197601
62.447432579640726
62.51033569691532
62.55919156607398
62.6294696719004
62.51343618628209
62.404967711641476
62.5909644268449
62.57328021926504
62.587806234022445
62.38670369341853
62.433655561252166
62.48254009166472
62.7699200804306
62.666651330151936
62.4310757550992
62.44198734040316
62.622692135228306
62.528464848104555
62.752617830678915
62.358467886816186
62.53204661350382
62.462666802249345
62.581049321354655
62.586480690747365
62.48522072860104
62.55147426870731
62.66173147100726
62.4436409821572
62.523681352176524
62.447960333707194
62.61729838313309
62.541886511814226
62.70748988589006
62.57811908504264
62.478606158426544
62.46557497925455
62.717735389539214
62.53221387956094
62.54196257093292
62.46583743518768
62.57022677703004
62.660084826942544
62.62854150498547
62.505941601635556
62.446311095715075
62.53016611632822
62.658945384530135
62.39483977543542
62.39038682785347
62.50650863182511
62.71137200653663
62.57372021070553
62.50206483413089
62.43217284779242
62.48740373440891
62.52885999483747
62.755727215077734
62.32220258185817
62.37085739955798
62.440375649139554
62.56793619701046
62.55791295059252
62.539626450923535
62.485778037425035
62.50316128596783
62.4261554870604
62.581325327393486
62.41917575077023
62.55631844069139
62.5339162550682
62.571650360875225
62.487277716307
62.56929375417791
62.44415934022519
62.65377951639573
62.54262074604826
62.569190780928146
62.44063791013909
62.5610992741599
62.60045967506604
62.540182570338025
62.52032593330433
62.637652095036884
62.5241948018289
62.63229615916908
62.3599660419975
62.4659651747726
62.4624118104655
62.69468959479245
62.61714693421827
62.49147053377273
62.474744522606144
62.59056351471833
62.570942280269875
62.72638768077149
62.38015946823121
62.44836291610003
62.385133966433884
62.671422783105605
62.59893394773163
62.45718351047849
62.55328681157914
62.594526676871226
62.421006442520735
62.618918770580734
62.466722617697314
62.546817273754684
62.455318605310495
62.58929895263839
62.507290897065815
62.54351680843608
62.42187513597299
62.67211588509056
62.50305884917262
62.63173943977536
62.50612482597352
62.54165657139922
62.57510001730585
62.70586079401206
62.57571217785035
62.417634148672185
62.45566181488246
62.70574461658567
62.40115423881634
62.67725763311017
62.452696031298125
62.63666390998247
62.60211946971643
62.55954521387392
62.53260388903525
62.40265742930923
62.6344151231629
62.70184966825202
62.39373220931377
62.50042553386287
62.467512415565345
62.63483298955805
62.59990777843528
62.540032174681244
62.42384308676878
62.47914451839346
62.52027589802467
62.69869492815516
62.45675298859752
62.53457010454136
62.44740657968526
62.51463106328918
