201.6942505915958
201.48175523779582
199.32573777409837
197.14047224751528
194.3807924870072
192.7256308503149
190.9310540791017
191.02614607116698
189.7101393852923
188.40733162275455
187.84390239740657
187.2681220562114
186.7793831444997
186.3153147369832
185.36829288395646
184.9527131652414
184.35562364497997
183.05648605686022
182.5943531907779
181.40579164048677
181.5362438292407
180.04685374944484
179.6403786421334
179.363317157049
179.4780538490628
178.86192719407578
178.02182481318005
178.59758227243515
177.66553291854333
178.25773761276864
175.99989366611953
177.86458928338152
175.9890806714014
176.87112763352337
174.8075434935078
175.32929304136405
174.40898579042596
173.94729205798467
172.58928866861336
172.81847232713497
172.31069956844323
172.40853651627538
170.7868736984197
170.6528274345262
171.24439705996878
170.65199021231427
169.1373755616542
168.03853478182188
168.4632003218124
167.75826334018004
167.49775874115173
166.418307337273
166.23814593173384
165.67260453568545
165.47359811247446
164.61082273171746
163.1303695904793
162.92340587285517
162.13265369852095
161.8058140628368
160.79193382215618
159.87311469235618
159.97235950648792
159.16348067608345
158.89190616813542
157.9244895684742
157.23254189426726
157.16265489212066
156.881797347178
155.8486188092283
155.33447602556447
154.6726250895395
153.3620309457425
153.77218213769683
153.4785410443841
153.49837170306458
151.35406847216123
151.58627613191322
152.0887396477445
151.09894141569967
150.79496848598916
149.92184574643392
150.70928825692314
149.31579095922936
147.99023243906348
147.21722287721158
146.5005499108199
145.99618637214064
147.03939131361054
144.42407620371642
144.21558256213547
144.24596802542314
143.47845182012074
143.24965076241023
142.6117188778275
141.7300599317605
141.44117427966813
140.56368874932562
140.2387467471228
139.47718252418196
139.70854246428445
137.58946581065712
138.72700670339887
137.24287279192745
137.67885756783
136.41922096164163
136.75839598165177
135.99982600105093
136.04842571742049
134.62677792469995
134.62715570205515
133.6627058630651
134.0638533939039
132.30383264198477
132.8310752853286
131.56791153300279
131.7285239648519
129.78432672156106
129.6553057076838
129.5267602495864
129.1014471769717
127.61253832853888
127.46147685503392
126.5913015248583
127.61367095550148
125.0708984613801
125.15422850363522
123.838381338711
124.70118854015479
122.72304132925149
123.28120462567523
122.38465233095556
122.6621730476554
122.74363619129753
120.7548083201262
120.68582567697283
120.19744290487702
119.50511525108986
118.4767231071597
118.71028799148141
118.47752672550641
117.15302412682941
116.61470781076721
115.81177169389143
116.81555581279882
115.26848085129478
115.3407096078171
113.4841834510566
114.08232733018576
112.52010261260034
112.02218161623857
110.60372029621584
110.24989830754465
110.55867077444144
110.10739258458513
109.34698662378838
107.94114888648217
108.03194374287192
106.80150149767492
105.28396556907738
105.31291522862212
104.91530545485689
104.00583101296526
102.86920390784657
103.8825632845899
103.61774320576846
102.56431265659758
102.15156467280879
101.0671606099721
101.09012754605064
99.19247706899067
99.42189731020987
97.5495182928914
98.96233615511338
97.21685427416897
97.33848271359244
96.50369750117939
96.23985861257579
94.76153140654912
95.17429346041224
94.02777485388094
93.96477263569389
92.93389969846527
91.81197591874482
91.69659700006771
90.24769577472958
90.0609924324239
88.58768138640269
89.79436097313645
88.21763355669837
88.46415952053559
87.57542123352646
87.77294687043887
86.3924094809748
85.3659835410283
85.16480028476978
85.16478563417223
84.68582889578995
84.30403947222398
83.90916042186268
83.63609445050469
83.33761828871012
82.0956511053639
82.6558826962987
81.99785958266526
82.21956439644815
81.44078366364643
82.728490182259
80.05406741519214
81.23198282193906
79.49514320823478
81.31691389568974
78.34248531020309
79.22687594702397
78.14688974496603
78.4944161814422
77.42391429870122
77.4020948106825
77.43898477869183
76.37084864273727
75.85801693206288
76.10393849952084
75.78552930347487
75.12464326690542
75.46169479097142
74.13302013004571
75.14681058123486
74.02659357318805
73.84951355387751
73.77240159603205
73.3707477732319
73.44668759891002
72.79527921991094
72.57307472884477
72.33641575695367
71.64383680892342
71.86944215806835
71.18299215840737
71.17243816977246
70.98793642565485
71.01851643615372
70.53212058074189
71.58642215324208
70.34848699036519
70.51398792278171
70.44117702710216
70.61766218375415
70.72010397400001
69.61761253010216
69.95359994412124
70.11272505531628
69.91828157625619
68.99933352620397
69.44183956307799
69.03698425841262
69.22496202278316
68.46736648595619
68.74711658265886
68.42952211386219
68.5766643037505
68.32934823424797
67.97367910901482
68.07681546681869
68.45619322639973
68.07326821142726
68.34421191206367
67.71505977058786
68.25160600493739
67.47619679997771
67.92704007286136
67.64046111639274
67.33050283718963
67.73649910276569
68.00432784805392
67.91436100320921
67.60792274647939
67.68576927387161
67.58911182710854
67.61484833020741
67.69855817364069
67.49428925079481
67.72279450997816
67.53933414613596
67.07878900329408
67.35397767627896
67.41036792630261
67.25976266675042
67.12979879794842
67.6079244278508
67.23372831346326
67.48444135365966
67.27766644866105
67.48744918748584
66.9499036801337
67.00756461369565
67.1333712349669
67.09511406509435
67.09036490701438
66.9352510463007
66.84014273441062
66.92576234124296
67.02260050346342
67.32142754968815
67.20593110326068
67.02806890296361
66.76395254444807
67.1975941316544
66.79353653889798
66.94233366593778
66.90205853370706
67.35379116911994
67.24254559901284
67.52342363114661
67.15875000593144
67.3475784627624
67.04902824610872
67.46253932645017
67.3425620398292
66.83734322205035
66.94584964754115
67.22601513149887
66.94785588679434
66.92878477705042
67.1337949152781
67.06952520018883
67.0310988387009
66.39534350361706
66.80782967684993
66.66394766898625
66.9422891174189
66.6467777934595
66.38448442345039
66.49246761475753
67.09928946324483
66.64232732196328
66.98467654331519
66.8888080199496
66.91689076695964
66.8807022499193
67.01571603621571
66.97028514529991
66.8421471698704
66.96197081372938
66.99941482235009
66.82125886697878
66.98335669817571
66.91849831412621
66.52711188193831
67.02922497577867
66.32498190499219
66.74166468558681
66.79368190308061
66.86228137176704
66.73587323712674
66.62296566957161
66.69685260762739
66.3163033570066
66.67906840795432
66.34462725932639
66.427876648429
66.73198989041005
66.53649479477043
66.63061258157947
66.48404538829104
67.07403072862984
66.81477144611577
66.87726937314497
66.79818654369473
66.76482650826486
66.41753154549974
66.6140657890102
66.39088185470071
66.49794990291856
66.58088728322709
66.59197556084203
66.49583099442854
66.32075348110183
66.76874851187088
66.54693720122285
66.8166257046398
66.6061414545808
66.4099450057545
66.88859623346157
66.89409714611197
66.55936510656473
66.6694851512391
66.77068107166558
67.05653845729081
66.54412030045357
66.73622073086833
66.42868802181755
66.84518931285037
66.51949390017745
66.6642132663634
66.81084605980257
66.67731833959652
66.58640795012418
66.64951108161388
66.55940156464371
66.48267772233999
66.80817694289263
66.47324943519072
66.51546937906387
66.81382154569667
66.61216934460889
66.75225436413685
66.76436464649271
66.70943575244364
66.5594527826583
66.58748778402267
66.65351666081945
66.59837637065067
66.46492026866264
66.97379244286702
66.67611164196954
66.51253969889231
66.57373141827095
66.82189261486329
66.84155174965511
66.56844009256115
66.34424655431059
66.35234307551119
66.44795367935184
66.48875570073746
66.27812355872193
66.31003052530808
67.04132186630729
66.41746103111505
66.56845504188756
66.67208069481377
66.75362757455302
66.69582239562779
66.40178123392789
66.88647662025375
66.31504987431494
66.94217382198589
66.76171705261899
66.87611339587097
66.40102132753435
66.99724544145006
66.67294675056586
66.82701541185601
66.7412992519107
66.5703293750352
66.59009845723813
66.6314149624344
66.61365002707588
66.7310540529708
66.7934682298027
66.75684202384713
66.71205613077065
66.60581767346173
66.54108526316398
66.64861984187084
66.78453349861847
66.51159444322161
66.67401827413042
66.50646590990907
66.79822698310694
66.47023746941505
66.10943985611958
66.78596118381517
66.6507760779528
66.89262224341797
66.62323399623153
66.94517747353781
66.57024350002989
66.22313484114018
66.53275165112953
66.33547623647247
66.7587399742353
66.48312484484352
66.27901038725298
66.49164937425083
66.43829509160855
66.31989365021332
66.38178163318709
66.71366401779784
66.68119933463514
66.01272813242738
66.69452380295587
66.27267797252874
66.72826299595079
66.49029172729271
66.66098482834268
66.81486412882558
66.5203823881797
66.43024477668538
66.61583150216005
66.36712694203702
66.56193864526914
66.62708178001515
66.64944339703972
66.34473556665233
66.49543341801598
65.97978052401932
66.29447548756883
66.26200394363075
66.66991796798861
66.68480559069631
66.55712050701499
66.32967510693072
66.76370277837341
66.38965799021885
66.36300692576462
66.55811075553105
66.64896778366271
66.58935727952284
66.51625540707343
66.61313171051233
66.372372806133
66.324382486556
66.41493216794473
66.44494857944858
66.45962276011633
66.57329211037863
66.48784466755784
66.70153621842306
66.2617326524911
66.43462894274347
66.22070935949847
66.47948757105146
66.36749036900356
66.34465190886705
66.54486742659074
66.47882448894363
66.31208117105547
66.47641070175445
66.43085894446355
66.57118058056385
66.47958986475729
66.44509734924657
66.65061042511422
66.26251817819059
66.77729285276264
66.53917168525633
66.47979330568137
66.47382536533675
66.6263310961263
66.46555932173547
66.57554263688672
65.94885056008417
66.699963741603
66.29748504755749
66.31211276402874
66.25320356221083
66.35385320316277
66.24175934592434
66.36099083475767
66.20342356544283
66.3130082725115
66.53449868319869
66.09566788700046
66.44041813989911
66.29551004549633
66.13762343944526
66.35923071302363
66.33436817288268
66.17467616890158
66.65851608997048
66.66476369484185
66.54268761787122
66.29654760742312
66.23548673524384
66.25891551905057
66.40537021527655
66.51731061231473
66.45928501877232
66.50784601082714
66.45493141827131
66.63702743747214
66.54644837999636
66.38220610872217
66.0536964663361
66.22628859581114
66.33077133216709
66.4459221440271
66.18808647009146
66.2599780109673
66.49453428389559
66.64156966249652
65.99978267865218
66.30941712974864
66.12839163861484
66.33994532799166
66.54346734745424
66.24119405777817
66.11822707435904
66.44520978789026
66.34656485665393
66.30131506483691
66.27714127977669
66.376340880163
66.1144916759741
66.26078306755836
66.73608943511275
66.5188116701514
66.51622967482434
66.22125922461062
66.22074353220312
66.41391776639172
66.43770408407015
66.10613411877452
66.20558712071997
66.12749285843368
66.66882916737985
66.23088848469017
66.44038390065711
66.28252005168288
66.62207992207205
66.35877229509991
66.37555925651975
65.91645138329356
66.31157295170017
66.6034845044712
66.57823135373062
66.2456177313104
66.43013137758732
66.43817245695668
66.35438259624125
66.32074919496013
66.34815458884654
66.18616809646437
66.27393381575322
66.23091072508419
66.53107965255127
66.19210024046055
66.12629802918067
66.48307872914117
65.84042566956502
66.22739899407992
66.33897465316385
66.20142686365486
66.16908845825436
66.1384257229058
66.23465115282008
66.23949473663434
66.60732019718866
66.14701331323184
66.08965424325599
66.29519392265281
66.26939865419251
66.27982270056151
66.14466293030733
66.0817951284876
66.3939923042577
66.25215694782334
66.36656179182832
66.13193292915736
66.14733217943693
66.23830881395462
65.91385025050084
65.83042483573806
66.1528541094525
65.89121668999664
66.21385708150811
65.55580011760044
66.37415666655639
66.03030685948316
66.21968970762919
65.93597353803489
65.88049848268223
65.60417854897652
66.1657880533247
66.21539569528638
66.072197123656
65.8488203859863
65.85680120058912
66.11967432651848
66.20702594307384
66.09316823177367
66.16915771347577
66.0617690317966
65.83803560014809
65.8784718103394
66.07251188587595
66.08638928816816
66.01016050483442
66.27974804316946
65.93119323650856
65.92070787901547
66.12798022217073
66.30021059668405
66.3173704094192
66.20397259172735
66.03186498552522
65.90080449884957
66.22749670652296
66.25535965394663
66.24091500651568
66.1817954243421
65.9954370118644
66.53529456524011
66.07772867597429
66.17078563154305
65.900485769056
66.21374751398385
66.0646190041497
66.18100919412433
65.97694448344681
66.2849699513969
66.07475786168251
66.21540674233809
66.08552248466974
65.72679989957057
66.01922490130688
66.0987867621739
65.95932538871939
66.270481656632
65.90657401825432
66.44134337672772
66.25742610306044
65.87828297195482
65.81139555367602
66.18886602433716
65.91377537397719
66.26092305314444
65.97015230670674
66.14647320772367
65.86994930209106
66.04229816296552
65.89963923848913
65.89960831124323
65.83798026146106
66.04478235272391
65.92003216240028
66.28770118427317
66.03203885614317
65.91370861215445
65.93914835351315
65.94826056956705
65.98868157669052
66.07180368276703
65.90252921855607
65.84572315448838
65.76952581618688
65.81429496485403
66.13188235903108
65.80498042743905
66.03860545971281
65.97341486397909
66.04653073263479
65.8194251420588
66.26329010838474
65.73373497210467
66.16357269160663
66.06856684445718
66.18685484443857
66.04551846246352
66.01905387509925
65.96497990307265
66.05199797177384
66.27734456402365
66.07142521801612
66.27217583454956
65.95499921200314
66.16313786985403
65.70623598527094
66.01953092585039
65.91301034810229
66.44485996901169
66.0531678591021
65.90628345482114
66.12010153100186
65.87253079826996
65.92080703534616
65.8744252250048
66.14151246932717
65.88976545745645
65.7669123303601
66.04736930855923
66.14572476991638
65.84134760361515
65.569774388707
65.94655728761786
66.14132447708418
65.8281888880481
65.66193480727789
65.90475834632757
65.91379916079674
65.88547373272809
66.00420223191504
65.66840223122531
66.1333294238966
65.9167550418893
65.60256778480742
65.96448048514115
66.00527717042668
66.3263716510955
66.0647775677385
65.52263714254266
65.79071520945467
66.09283603433789
65.50494030451046
65.98129148627324
66.01843632556039
65.87809727474803
65.83751998998423
65.91230296425273
65.88772634540682
65.67318195869895
65.8178475054122
66.04058233104375
65.78212308948183
65.73441092055711
66.09888317256913
65.8987337055993
65.85255010928825
66.37674892199531
65.79445195425102
65.6832941391455
65.84017294016441
65.94459043622366
65.8926917402103
65.8521914877613
65.9056038722706
65.99968120568047
65.96630893965468
65.62808028494938
65.72700273455062
65.9643556485751
65.67850460259456
65.98798808261947
66.05868108338358
65.85559741312812
65.79821505785374
65.92379101815445
66.05826777425501
66.17032409065718
65.87705736077692
65.65096082081772
65.97077913817239
65.9602424089503
65.68363259540254
65.98226729650014
65.75958564522269
66.03155968895267
65.7607432765769
65.80474004072973
65.73333151437126
65.98916411380705
65.20031573849201
65.8870137746901
65.7817307871413
66.00314915893738
65.64658105502622
65.84447825050394
65.77880045792561
65.96992357505268
65.84995243863953
65.75317167614374
66.1243860663731
66.18424488518619
65.7731274374237
65.91811913713057
65.7770501674098
65.984881668823
65.584023080435
65.95542416515208
66.01287305810138
65.78135502183919
65.91759738378853
66.1272262128959
66.06363327896585
65.8005842880827
65.84116783497515
65.97611272989202
65.78638366422938
65.74498012232209
65.63726635978463
65.53080766073815
65.6870880880808
65.5741302402896
65.86092852844816
66.02188229842096
65.55839479302585
65.78238637343327
65.94788096585789
65.97819456789348
65.84920740192698
65.7086903568597
65.98547877666948
65.53519254093473
65.55496295714437
65.70667712831651
65.73033768340667
66.04531334697964
65.72095995379459
66.0481227402145
65.70404081249593
65.96390696623057
65.87604767591885
65.88293223392822
66.08122808525316
65.75357772862945
65.76007232244267
65.76963403786937
66.06195683191298
65.74486741151317
65.80845331261813
65.64574260273886
65.82809098102138
65.67513090197994
65.83465690823984
65.54060043206799
66.16690306561385
65.79376402601389
65.76582273872293
65.95140037048041
65.69080690209321
65.75169918747564
66.05444495486262
66.01500369536096
65.97428850750599
65.98889747218553
65.96193314653338
65.87361979952529
65.93563898403653
66.20805721618191
65.68257632105215
65.82957879107977
65.7339439590574
65.89292078228817
65.72847854366299
65.88123245447754
65.77041756144374
65.88215085403935
66.09038410485994
65.93384637460355
65.96051009184221
66.02836123559874
65.72605371495763
65.67391275743141
65.83463541828796
65.89694766930992
65.6135917843431
66.0408884862008
66.0385606643175
65.78151960076141
65.90798912797706
65.79896506619379
65.77060437671763
65.9789558182762
65.72659705195963
66.22031887723296
65.96714713703702
65.81129395693495
65.80440838506904
65.64508192440212
65.62515317047406
66.05490643114955
65.81674345055298
65.5993102046215
65.69136668306282
65.81593275580201
65.74017625724768
65.7373404326294
65.79362717816012
65.607443315187
65.698796837802
65.51623484447772
65.82027346121974
65.66602068621873
65.9209994106951
65.80916802052073
65.86995354275034
65.88545601178188
65.77125688470302
65.47153293228119
65.8841911113573
65.86048412408299
65.49831415472723
65.40692980973047
65.72596672564698
65.61911235124877
65.48128918585977
65.64528638752553
65.73740167803395
65.78404835921097
65.82633896775462
65.81305405363513
65.66753539454945
65.89220262769656
65.6663597776748
65.86318346278165
65.73669629042595
65.90175333767976
65.712704986928
65.92745421319182
65.6671223972255
65.81886484527094
65.92374195588063
65.72701601252405
66.07471543155482
65.88275319696046
65.91139836828552
65.85884479949485
65.58751864728205
65.39519824982575
65.86157749126491
65.61998565684564
65.75956796702818
66.18459499125424
65.66864908709604
65.87885418183635
65.96897304938172
65.5690261455713
65.60221401618992
65.37470429206195
65.74540991347871
65.68748678389974
65.89180555294364
65.9120312803525
65.71359235681807
65.98061431918053
65.60915985723553
65.60936690753745
65.71250274299497
65.858906492471
65.60695899811007
65.57413055063935
65.71434966621528
65.51973868720886
66.02191582475776
65.77833385856543
65.548910108304
65.58099705802277
65.90704296697562
65.8325752028044
65.6708119852779
65.9023964710787
65.84077408047875
65.84234552387237
65.55370195443858
65.43500092889019
65.85399628381705
65.53129010153796
65.75005123949127
65.73483812999433
65.57457647918599
65.99247398937642
65.9332712213222
65.74302769346109
65.78211046488025
65.97915255337284
65.91480598502824
65.78320973646207
66.02341879574908
65.8373375406916
65.85350326450138
65.69248884063927
65.80032595942467
65.56930372382223
65.9021206513249
65.86998280592876
65.63715264975718
65.7387219175312
65.82878633726465
66.00790875025248
65.64193119091841
65.82366097456476
65.69005717927031
65.80701688429383
65.8113517859053
65.6973225593345
65.89180751726367
65.66457276134841
66.09915555685907
65.64968945493509
65.47709904366708
65.90059433910118
65.53248901288947
65.58828436658254
65.78287264182765
65.90503813986169
65.65318833572772
65.8056571915082
65.77501806289578
65.85416510033718
66.00320027526497
65.86325364864172
65.87375656289224
65.3709862810492
65.62151209227909
65.49781583755406
65.70153825022444
65.64279119868482
65.73769629402545
65.56033355984687
65.693359063439
65.66298412345402
65.53846119630191
65.29984993631919
65.87881483020121
65.83105523038567
65.62756888731724
65.41786947963115
65.62045519348943
65.8940317814746
65.73757475099104
65.59888862334707
65.88014986049221
65.5397678809861
66.17092420471586
65.61014894476656
66.08540075129045
65.3185969391391
65.92560778750826
65.5958886185
65.98826620756141
65.86186759167722
65.60511828030032
65.70807813239335
66.0707093498876
65.69440115284833
65.62892308760154
65.81250399227369
65.2470003113581
65.53761847178441
65.48972191139995
65.5501008624208
65.9426684465534
65.56589373279633
66.0635280645718
65.81360890323265
65.91038161772686
65.71489907302963
65.74938333902504
65.68510343420792
65.75192816149386
65.46702248102031
65.77476910348167
65.70560554672969
65.7886805938925
65.5377310140503
65.47217289948347
65.4924086382771
65.58289907356341
65.73999568439258
65.78869585785786
65.56644681013893
65.65715919689227
65.753257929072
65.64387624998551
65.53004112700512
65.92574143420468
65.64192109813993
65.69335258784095
65.69071627375483
65.36841816740422
65.63027484371783
65.94197635915754
65.42068352072368
65.57370742858343
65.55446649171029
65.86542846546307
65.76806367125396
65.55205534355943
65.86825076923478
65.61640572693656
65.72968783333437
65.58404312267578
65.485418648522
65.60031942675796
65.56983482911374
65.65397584413277
65.63446284400344
65.47537726932737
65.40048899078242
65.77081064137832
65.45990008860032
65.56755348749566
65.71302798136222
65.61927701370271
65.3807566211062
65.59653904968411
65.63997970223093
65.72938700292934
65.48394310524098
65.69904991281466
65.73438525859288
65.37187182422161
65.69201552613227
65.87928998791865
65.98104044290307
65.55093175246192
65.96112602193278
65.50216092213431
65.91851462191657
65.97375408899832
65.52439792699589
65.64889074042236
65.56084178656258
66.02942488719358
65.46622931666282
65.61561776036228
65.65708681032008
65.79048850383492
65.68467070697882
65.52184144956908
65.76844681685124
65.49240280057253
65.65437243305455
65.45593242042283
65.36482515358792
65.73347754732283
65.58037225400847
65.76722141109823
65.53629294522953
65.73889907041894
65.87497924995148
65.7738649683145
65.6619934606112
65.81741419313633
65.9195595822795
65.65697021118942
65.74669636134368
65.7110734293699
65.54761335923385
65.78753122539604
65.67616042059356
65.59682668877002
65.74649247492349
65.61895624100198
65.88815634636958
65.47542938130526
65.77148064910499
65.36595809279693
65.58146948155319
65.33886452562209
65.74621517077196
65.4960242882524
65.76908174985212
65.66889768483547
65.48654994093765
65.57648934520628
65.58459712857506
65.58105014035739
66.04073908932716
65.34637974829407
65.860996867104
65.23883960199808
65.56042565455296
65.39561745953887
65.43019789006827
65.28145179915273
65.5402780365444
65.44929671052921
65.53450453331149
65.48914594123063
65.49678706459207
65.64918194334246
65.42923715815006
65.59526347254086
65.45324214357804
65.47007272971162
65.410256923209
65.62232986883478
65.57664706723841
65.29937947535255
65.62925344183127
65.37588648185394
66.04264217665663
65.86038961588393
65.4686087068375
65.69746445574022
65.55426127324753
65.63109711433927
65.52558937889751
65.71224789257319
65.3516428336531
65.53640074062763
65.55808687169231
65.51383780703152
66.01462781443425
65.47542091596887
65.58383408412094
65.86081751152051
65.60749268424327
65.40280765884746
65.37092783832536
65.5964561220758
65.5109060533906
65.75610574396394
65.63001899943467
65.61545647796821
65.86986593700375
65.40852120723729
65.67747644109828
65.34397150039484
65.98056163416604
65.38052339445547
65.53916333502224
65.45742272121049
65.74226739555485
65.63204828056041
65.70707428646983
65.960596043173
65.86029094889217
65.37905168367097
66.07350820893687
65.9000707004416
65.4870226498223
65.61486587507342
65.92559769290612
65.91776056962415
65.83071120879956
65.63968558454575
65.42765823605978
65.70442619588815
65.8839213486422
65.37164100444481
65.40526308123094
65.54780900930933
65.7178630723845
65.56701334179175
65.63459305116028
65.73549593141433
65.510943904573
65.5366618166455
65.4620243664639
65.5410084661865
65.25397745977376
65.50021135221907
65.93187819161284
65.6658946205158
65.37884345295325
65.61280393563854
65.44742266527817
65.49413482630305
65.41791473775884
65.57845915617443
65.47493332187254
65.49067840268269
65.56997150374613
65.27106737859783
65.55340001572573
65.58530123597016
65.6042211428052
65.37193165093433
65.45167905502672
65.52991081990409
65.38513469062109
65.19964202778743
65.59194795365642
64.99257343503476
65.53786104102531
65.68577409888285
65.81642583453635
65.5651291302602
65.8040830384936
65.65462691261142
65.59411533440317
65.73760291096602
65.66716942972451
65.35357902064824
65.57335164383744
65.62228913608816
65.72248550805196
65.3392092508705
65.61771706136409
65.79279738895494
65.72826088273952
65.56399710963296
65.65832475029816
65.45211253149508
65.20095772750008
65.68755019387046
65.48857892517738
65.56127771855786
65.41716203787678
65.71930429580038
65.35301177807405
65.66022209382862
65.41231945830012
65.32099611961856
65.67411942634983
65.72979742124136
65.04245367943186
65.56572707945284
65.58517186074923
65.64616132431267
65.76312202166542
65.57642011284344
65.493480510414
65.47246645662064
65.53803103230513
65.47773855407179
65.61828459905196
65.57458937047986
65.49545018371528
65.34788898566127
65.60702274285086
65.4615212126441
65.32783409486272
65.32623172345865
65.26431202373895
65.1481562578305
65.46756513961789
65.60823306847041
65.36945180676587
65.61488348438691
65.63830538925616
65.74775826533448
65.50596375190119
65.46467428801428
65.47266121835435
65.29382985279686
65.6659037970365
65.45851529315827
65.57674485520542
65.30260928928648
65.69360821914947
65.59826441408283
65.8443188482412
65.30749838310737
65.71285177882412
65.49679857512349
65.80366956747473
65.92265469378727
65.67346659549366
65.56731163278457
65.77257482639102
65.73068016263758
65.58364284676023
65.6836939866849
65.46989471948221
65.50372677524341
65.42602797824175
65.68936228351346
65.81827945377921
65.30592046130036
65.88395769817656
65.20995853031887
65.62667338893992
65.15403842416767
65.63161387091166
65.33153999553248
65.67177080030682
65.6094164430869
65.75311120549043
65.37651082588958
65.40083260063777
65.97439296863516
65.40975350465636
65.5644096741057
65.66334926171554
65.84834465690975
65.69529000965187
65.36561982937194
65.70501763683298
65.5420542376744
65.54680355795772
66.07154036670032
65.4283687938579
65.87490473904008
65.5625811542783
65.58177447052559
65.53110137107439
65.50304891728734
65.54935122390381
65.3081796455686
65.53763935285416
65.6166905200765
65.59566880267155
65.55916548569054
65.5755069696564
65.68491537486231
65.62568778218956
65.46036927925813
65.46782661643518
65.27554407606726
65.43596782465428
65.54622369677085
65.65455687179849
65.8957350262902
65.45014298691237
65.5378765877324
65.32569566820311
65.66737604903295
65.71078574144951
65.34416689612598
65.61653846976958
65.53200620217211
65.78160585747743
65.39782191222048
65.42917581742569
65.44628432293379
65.52599140354155
65.41517207175426
65.46187641810938
65.40943829776006
65.47373851092911
65.4559114689485
65.50994795617395
65.45239546205613
65.61690077467142
65.6877563306068
65.48156895591259
65.86667487754421
65.54013297559014
65.77137064351844
65.50280438385956
65.45324270904754
65.71252117078794
65.55447094466646
65.5240229736395
65.63513991826758
65.69492137206143
65.39114094495221
65.79336489857023
65.42389743862184
65.83609285960004
65.28898321621361
65.39706661339359
65.89445931190934
65.37236074077995
65.60472103216522
65.45418127042495
65.65047022731652
65.36122843844139
65.72094627897631
65.63892349266092
65.57331871206357
65.57419915329444
65.70149809462023
65.40180895404337
65.58965068556401
65.43313536824165
65.71436653154977
65.61727400635382
65.42825454145363
65.60965191204674
65.51787775712341
65.59745036552383
65.69724020452291
65.40998533642104
65.72174051036686
65.62009309967259
65.74383299895892
65.73891201554616
65.44713984136817
65.5152037984501
65.26527092999275
65.67081075973586
65.57759119289531
65.46108265396103
65.75500183158992
65.77571040716252
65.54052571276402
65.66873682636246
65.50928170639968
65.72629855724938
65.31512896058658
65.55138382706185
65.59737597905973
65.61255829567071
65.67183261659397
65.49916451117016
65.61616641205376
65.29016810427964
65.80444689602017
65.84432468021224
65.72510226720154
65.68833639453682
65.48262659316379
65.77273571972515
65.77479672523177
65.55220639109564
65.80667336723046
65.81211747489176
66.0105473932778
65.2930744326506
65.67434534904504
65.6841693999424
65.67124899723882
65.59291935409757
65.2798447645572
65.56097927377971
65.36070269944007
65.36066589615227
65.78707863820927
65.45406093675746
65.52529568786649
65.65529915670174
65.62425306512215
65.37330607287096
65.43072810425912
65.3749014298113
65.58478535371576
65.86560495661186
65.72316572834946
65.67038114162096
65.565634444656
65.62063016266879
65.56203890635356
65.65096797900976
65.32296834440139
65.73538283314119
65.54726161766979
65.69864586874367
65.7804979989548
65.5377483367576
65.44063940568695
65.51328440638947
65.52777356369484
65.41764944215589
65.50411269485204
65.45070216425998
65.300250648767
65.35097025164978
65.49121232075537
65.40868531185858
65.58957998320906
65.3878013664112
65.37743104132765
65.698324340698
65.61547157966562
65.47112235845611
65.46599471864899
65.67705223377399
65.48215126138376
65.43876555883578
65.49977649445388
65.42493455453362
65.44443467767698
65.58771035848692
65.52507037110655
65.68336696577492
65.50834558589891
65.40664854567032
65.68004978748397
65.49892145403496
65.54773117971816
65.70858144267103
65.6812305093337
65.46910280026424
65.55486323036307
65.88637479865051
65.56069652536557
65.76390940890117
65.30188401669075
65.5684219904154
65.60249848858604
65.33239325305185
65.52564206608066
65.67094211148756
65.63078459579815
65.33231776957979
65.54425900616039
65.45064286114426
65.59725088112718
65.68248840207218
65.75417551093419
65.70399948897905
65.46099334115375
65.55035944206736
65.56754467822482
65.63899543741763
65.44274696725536
65.67697240624344
65.23758882023054
65.47081698185897
65.53061009809231
65.4843155795834
65.32524610182475
65.4507893990362
65.53821686808487
65.805014722548
65.5168552437708
65.2873258679659
65.26777242020158
65.65074589100567
65.10475598311938
65.46435418143268
65.09779776655338
65.68621690914186
65.51822707253558
65.43410545288666
65.26393962180167
65.63813163137921
65.02969831381047
65.83977947810122
65.48420872522522
65.54978462727709
65.37762459052009
65.42155758839782
65.53830190615237
65.61785385154448
65.48577641540679
65.38098205976871
65.53358717189919
65.73614941034892
65.45622333095922
66.01505845032975
65.53261741780769
65.41064293076083
65.65738709563506
65.75752608541659
65.66148395981725
65.72379612418945
65.5064010931259
65.99933712293944
65.82409054895943
65.47243492966216
65.61943046328858
65.65518785084322
65.51913741423321
65.60950224634485
65.49009954504453
65.87598636518685
65.6131517885597
65.48372773811326
65.489537238846
65.57312828515845
65.54250542652744
65.56621926583325
65.47402114317312
65.32056580909568
65.56684209740847
65.57061442938655
65.36787551938242
65.37617197879038
65.35952024199813
65.49100689083772
65.77716675813
65.62622977660843
65.49287882120554
65.33489814212878
65.47405221430144
65.2947833248354
65.19448684665274
65.46431479087572
65.89575273564591
65.34690129953174
65.68421897398332
65.24133199207951
65.9582155184801
65.63728207132921
65.65299643406837
65.37106012868645
65.67536313505441
65.33837622629414
65.54824043448762
65.58014968914037
65.45297148780664
65.88158671331583
65.54413977814899
65.71012119817563
65.9147395534034
65.7335696575494
65.8009283150054
65.42924680932802
65.62142678770715
65.57761866877175
65.68014643792038
65.4462127476522
65.8077381055017
65.64412838305851
65.59771935672896
65.32585459152085
65.52931577548296
65.83218232582222
65.33204689736111
65.49220829026488
65.52100950113577
65.34454645892019
65.75575821272305
65.31404703253843
65.47251882380111
65.15788175352458
65.45826443734163
65.3943301139859
65.5569867124195
65.54846805550932
65.66642900148334
65.19886496161266
65.51545890940052
65.3482334273997
65.55728965121708
65.67738537610714
65.3302770467632
65.13853970398002
65.44151813460252
65.31689482589
65.29628969541156
65.57275475286906
65.79389702866526
65.55247358768112
65.54363721048742
65.43961839279049
65.31579506682056
65.78659886505739
65.50879462643017
65.39866178731587
65.57425702258762
65.54751622742316
65.38012879373778
65.49262074824749
65.53509498386626
65.23991332013362
65.58341205689713
65.83502832641655
65.42040243367406
65.57451215728848
65.52683972106713
65.64683021464914
65.50025400042436
65.48765120803893
65.31610936277788
65.35563041201443
65.70805525305103
65.30975855353257
65.35978080637288
65.58692126059805
65.67583240884491
65.37354961164516
65.55686174928448
65.57463368982518
65.65697933760978
65.64922883867729
65.33482579082715
65.62841602038564
65.13412057526736
65.66879959143192
65.34923332959323
65.35573412436916
65.54636841560796
65.43011499734376
65.28443901822853
65.78843350912629
65.48371991444644
65.64340894135371
65.50618417433968
65.52214180997316
65.3571429368314
65.36598666179574
65.63517516850496
65.51596771754858
65.58084274835672
65.38710736564167
65.4726695419612
65.58345017317303
65.48907775059907
65.33833058055865
65.29169979971608
65.43490277116852
65.25107495837236
65.52288737263504
65.24824669771219
65.14884588402889
65.33307965567504
65.26511255818932
65.66872300481938
65.28000052333296
65.8003915039959
65.20905914893885
65.67442099435384
65.34367322753765
65.67009012869073
65.5221322020978
65.35393786764267
65.23587065414127
65.22289999237181
65.50933210208802
65.24483334389161
65.2115100867916
65.18856372121945
65.05958584511251
65.29349748745136
65.29572437701397
65.53224193458243
65.47683070222791
65.42641814165285
65.49372606788003
65.00335534182186
65.56861060917235
65.5350255892966
65.29646245550208
65.69705233129825
65.85223596129242
65.66251113507542
65.54216969288007
65.40621694238887
65.48638908615345
65.63095622502703
65.31067870794882
65.22764310574065
65.44623791809721
65.30630998539344
65.45534142403474
65.31164167281489
65.58736232369735
65.74400705120462
65.40927287818374
65.26904671362044
65.65108715986304
65.38061076555182
65.51673596298286
65.32970372325364
65.46105267714303
65.449269445431
65.34832381937116
65.45862702564612
65.50040381639931
65.32961744304374
65.66026926706915
65.56884185703046
65.69740880592573
65.6218354345809
65.45001332763536
65.52596769472538
65.32562078828234
65.38306280101797
65.08240515851115
65.82441560335832
65.56284024143591
65.70320862317276
65.35631693614592
65.5445064827951
65.33374841336898
65.10702628869726
65.33516937994733
65.36453795565909
65.54021783426927
65.22726146824195
65.64967639608979
65.4702217455949
65.33766685270963
65.77131213694415
65.53886010504334
65.18937402277915
65.3453879762391
65.40015194684239
65.39622643563106
65.01987084459782
65.37987146228565
65.54850374405375
65.32142567236798
65.73446477369303
65.23027447074219
65.41151577481129
65.3601374952186
65.60377745333876
65.68809449874195
65.71011499900816
65.46860298660525
65.5171703357043
65.49467906101158
65.47518358773846
65.71582949958473
65.57383210743089
65.30567845048746
65.5116026885455
65.69389553049194
65.2632291990789
65.1392534251766
65.19264351247756
65.1850961045071
65.36809225707728
65.53373246069695
65.75191628327381
65.03915377701033
65.52632732047323
65.5413959186974
65.61705371692778
65.36126917559992
65.37936356208999
65.4487981032552
65.4078248362638
65.72160024452742
65.13955447016701
65.40702330501807
65.34884055045006
65.86345749558458
65.29546376105061
65.24612574061
65.43229180071305
65.44871136610422
65.16469842702192
65.47642772927948
65.46282765582986
65.5938882852276
65.41596617880947
65.59457186560914
65.43547993857143
65.43790183008504
65.31744431901177
65.80912273773973
65.45009682488077
65.56755184900564
65.4346777593396
65.47862020521005
65.27501496702833
65.52965364755238
65.41918791222588
65.82810534043627
65.57328954251751
65.43479655631164
65.50327575246088
65.42775593997476
65.43855256518734
65.64917544272508
64.96326417148349
65.7818864836781
65.4374970651749
65.70729515571112
65.46261570762998
65.6968904344523
65.65086229227157
65.5337339842522
65.27974296888175
65.49759504598428
65.58137501378913
65.64458496788663
65.54751698826648
65.64056670806438
65.48960794646743
65.5617722174644
65.51987822030779
65.50056372310537
65.42988435888718
65.55551712339147
65.54312316917283
65.3520039136525
65.5396415452962
65.4845115800101
65.23613813817725
65.31590005966328
65.25480243995875
65.17606278430368
65.387204752943
65.09206889951565
65.46907846515512
65.35767949959089
65.2449171550818
65.41657551537713
65.36559166305301
65.22664247744724
65.34709364453309
65.55917951275205
65.39629612676498
65.50784268944169
65.32034377039167
65.492872822886
65.67908752809208
65.25856075211713
65.21655180810725
65.53680517150931
65.3476227795283
65.48748211818109
65.30530013603912
65.36443248933332
65.41412810295
65.49216338424912
65.51683530745304
65.46518678648347
65.54710303307276
65.48351625451728
65.35153379284502
65.68788031665791
65.62376051283246
65.40027391046371
65.42209839644033
65.44466527748449
65.5924374802944
65.31426659520427
65.09546837558831
65.50678826072237
65.5604439256571
65.0683968514541
65.28722846836794
65.30036826096735
65.34415442824559
65.29163704516519
65.59038123344739
65.31371940424944
65.53269988387329
65.46450868667124
65.5039361564137
65.40607482408173
65.2312645358462
65.35936298721353
65.57796255334148
64.88038608649114
65.41175155687253
65.20090365870753
65.51838526277665
65.36590004117762
65.42112961222556
65.21702700384314
65.20712762884229
65.1320834548461
65.30452646247359
65.43439962992285
65.5531006531145
65.3683406023881
65.71077068309052
65.37852135173883
65.72296959952563
65.4158509931869
65.69332608944461
65.40023273105906
65.63474080330796
65.41123258098204
65.30742390825098
65.2819085910254
65.17978418605806
65.2354628790986
65.51453797335512
65.40279007860057
65.47234988153146
65.66942713229898
65.54448155389075
65.66535238969863
65.57647847368312
65.69678281839067
65.43185848184477
65.264764211673
65.09247935788667
65.42590847713248
65.47389903563001
65.49831504796381
65.47674737211304
65.36664833686943
65.32090457889001
65.12002470293615
65.30818280006045
65.20596492166919
65.15043405478063
65.31784494508095
65.38663869927642
65.36315981967856
65.4625965851604
65.58948978855106
65.60560582936384
65.51664098383897
65.48629312148037
65.43632174990566
65.5105899972496
65.54509083260982
65.22370171361023
65.39998335061047
65.2342402304846
65.37870696242109
65.52299785529917
65.57451205788674
65.55737360474025
65.48866731261505
65.4219656483096
65.64347145903334
65.39842259113772
65.40824605790334
65.28516997996489
65.5465906540391
65.18482776980737
65.36248874864143
65.31842139619052
65.5046779209116
64.92623166590887
65.52157865265976
65.12243833369116
65.49401327138774
65.25870503502979
65.29272873647699
65.59478386767505
65.29793488162758
65.52439960430634
65.39501957625038
65.35988146209247
65.18977056836636
65.22393989249058
65.30686798338226
65.3323513223619
65.39417079370162
65.37525477536234
65.37725026487875
65.21904339003456
65.35526524611369
65.245011496016
65.59123786539229
65.40202406435118
65.59353005826628
65.32810984701388
65.05895729454586
65.2312098119168
65.3154018445836
65.08863529591036
65.15068899135889
65.4073223117356
65.40154089910035
65.07453074682407
65.25685022575686
65.17685211318741
65.44393149849935
65.373087266046
65.62049080912129
65.16118639525266
65.22159872256678
65.3775215215059
65.45412171929942
65.38571881703598
65.41431664276946
65.50782389579577
65.55140358947793
65.36899437960076
65.59767817914985
65.34352947034395
65.47810803954786
65.34050375811648
65.52460721921406
65.83391657260046
65.56392599918583
65.19519712902907
65.35039197326599
65.50462990382148
65.32302594372533
65.42561171416109
65.02646648407067
65.62465258123987
65.10278804626395
65.40445296736642
65.34563621338498
65.34247826859797
65.43642396556122
65.34719692163713
65.21893525314172
65.43482292369073
65.31171734457101
65.38105177031741
65.21888818160788
65.10719572384461
65.19988427037876
65.4805783447023
65.16038148017736
65.49599983752506
65.52023913206543
65.75620452551394
65.40308220991803
65.51546572394363
65.42850693154311
65.5156453034053
65.64603875093316
65.31669133249414
65.2192350321875
65.79043423314292
65.28765361580389
65.164530432462
65.16550832622282
65.3723127611868
65.45380445030291
65.30470296315656
65.31458857771118
65.61553996102117
65.42669919985204
65.18879308749409
65.44832699998126
65.32330879012692
65.29024511155569
65.11671914230755
65.46202782740568
65.29976238809483
65.23420150931013
65.5247618411738
65.22179739922797
65.31854965608181
65.20742144026507
65.24808029092311
65.2137889039417
64.90956058035869
65.21002125831903
65.2102439526257
65.30595848363825
65.16680886488572
65.29000498246117
65.34721883216066
65.19042408460528
65.66472327899508
65.14200134872763
65.19865130777941
65.28814742095214
65.7326859174658
65.52426153788107
65.2233420879431
65.65118646986352
65.52399563290862
65.61819079501488
65.50262938786743
65.1685252503625
65.42268411694667
64.99009856298515
65.59393112432062
64.96252962927136
65.28772194547936
65.24790065568567
65.32124409042783
65.44361440416263
65.5156204191685
65.16095101700651
65.5309544306865
65.40934943898749
65.63965515239136
65.59819426491215
65.24261657343618
65.20689765854637
65.33250032285878
65.43179423525713
65.56616648513305
65.05318791475796
65.58367545337883
65.24327581306423
65.46248289121198
64.99446935594267
65.40580053185678
65.16559505070076
65.261932079782
65.37559331794452
65.4703591309927
65.2114604524871
65.67254482661828
65.4542958712917
65.29066992542134
65.25608668404514
65.12477468419985
65.40905682820598
65.40804124052525
65.23659939729353
65.45239257333235
65.22599185549386
65.45846228839179
65.16088943167424
65.30707146973565
65.30374910693814
65.61228799310165
65.51202397292202
65.35099429299615
65.35564570195015
65.23370820104194
65.59496551410768
65.32578427806692
65.25226685186334
65.0905922418808
65.46177705309331
65.14581425791388
65.39632380020198
65.06951179915725
65.40754227670664
65.32791830640403
65.46507318216706
65.14944354226483
65.30987370490008
65.45604733222666
65.05553975523907
65.18801415121152
65.15500417249409
64.96484133153885
65.21005664600493
65.06939797567814
65.27899065662342
65.35517547335036
65.28323739694665
65.36534212030482
65.237218052164
65.46015741316103
65.13279275063638
65.35879534027822
65.40251661169773
65.28643911206483
65.41091840993573
65.43971253538524
65.29211540938154
65.19773860670549
65.15460586379005
65.4568227315229
65.36185100822821
65.55510729403055
65.25938757656918
65.37549063093263
65.18272082390175
65.26307351688504
65.06933774546758
65.38040030312439
65.00033515330402
65.44144592244116
65.2556713069153
65.3052738921036
65.27970540533673
65.36728235554564
64.91076524233881
65.26184347967069
65.44434003768855
65.04349447699529
65.08108389623729
65.38890927489552
65.21928115440959
65.15798794704057
65.41198277911313
65.31286289676088
65.06557072719484
65.01911984131056
65.36861321093866
65.45074206048555
65.42810790599897
65.12729121308217
65.20187298105346
65.32232709236848
65.19212343098519
65.24273606295071
65.41298086027633
65.34888264037227
65.34200643681412
65.1169006374436
65.56021403274731
65.32223332852539
65.32522695992733
65.46464612859786
65.04707676534282
65.12807305485835
65.31841415240102
65.09693728133811
65.44975184926513
64.83121237834678
65.17055307665738
65.13594413352395
65.46376410517144
65.33627964040981
65.4166149579831
65.16512638619383
65.225317881135
65.12946253509591
65.22885542664241
65.61079231894423
65.34030404889215
65.42153749611452
65.30829434950513
65.5281721999205
65.30766519603876
65.27090717905521
65.19540308915597
65.26275200930955
65.09826992982153
65.24875083412246
65.42662813900233
65.18372257507154
65.60112873223149
65.1863635487423
65.22305278691867
65.29750039846013
65.52377268731486
65.1043204932067
65.22497148777256
65.1853180745178
65.37666660060246
65.02262408646848
65.14549572686498
65.14841102307138
65.51977905156699
65.13180931530752
65.28287507071153
65.20259804099524
65.32802508094343
65.24833561611273
65.33028691742072
65.22330544346083
65.44597865405945
65.23542752874518
65.54484973077102
65.14223947969927
65.324433088766
65.45273380005965
65.34637003074766
65.3221831607108
65.26402392790587
65.23076394276629
65.33290138369105
65.25517074341855
65.13519390798427
65.43966146273365
65.55180941716999
65.20087757130011
65.50270774464272
65.19380520151196
65.33243287501489
65.39322436845107
65.28405579291456
65.4310463300876
65.36504145244497
65.34934001500937
65.27128161523993
65.27535909895252
65.1840428090812
65.07225823322074
65.03108679022762
65.26050247231196
65.23200834844238
65.45304179500333
65.28478771359893
65.27730434862463
65.19962321072911
65.21651632226515
65.51052787459327
65.40612345836148
65.21401038946483
65.25039071447601
65.44201796966807
65.51295318398772
65.60142201360891
65.06234662572824
65.26140961777601
65.12604955542699
65.32242578879584
65.31532159774258
65.36911992399244
65.2799691949384
65.35031381507036
65.24893464842603
65.41424760441463
65.22108257844363
65.5067640144663
65.34398155310892
65.67312191080485
65.40938666077847
65.292841963409
65.4322749395663
65.3293557064711
65.54089614923396
65.1199067517863
65.45236324904984
65.14435573332321
65.25122938819008
65.2495634715871
65.0882549781658
64.96760719822615
65.32613127564638
65.58723742601646
65.25232089423669
65.24618071928644
65.46068904175553
65.26149137630834
65.23352404735792
65.27692534597736
65.36561585101742
65.11076837807185
65.19196318145245
65.63428368247207
65.32482134331032
65.0651805239085
65.25277024165348
65.65682204566475
65.3724672397628
65.3093649385701
65.24377446350448
65.36910573843365
64.84563480926982
65.52323328138489
65.16629543437561
65.37948270281166
65.17921921447856
65.33876025812857
65.29396740253954
65.33035926417102
65.10600070893382
65.33595681482544
65.30604490548603
65.09323674083049
65.1938005904841
65.25985768988392
65.08086673624304
65.2286208227914
65.51601725019032
64.82357233064141
64.89412803358708
65.04030112992015
65.02669325147386
65.21399616955598
65.26288264139997
65.56032407160457
65.03125017523746
65.51270236633754
65.12035885802091
65.12488656692452
65.2211005142903
65.37848845059372
65.49255144157335
65.07859738737912
65.11692077503872
65.17487637499259
65.16923898929957
65.28280302463462
65.27630205183894
65.39093041892009
64.93711954666574
64.99006901273084
65.10671458651848
64.94684374704296
65.11134452233891
64.95621293598049
65.42536649379
65.33442487916702
65.31918247466959
65.29743458678934
65.14985747833258
65.2551797969871
65.52916150858923
65.43047021685499
65.54520086730189
65.36303677056762
65.59478823030814
65.38940873677413
65.39253495398596
65.10288975066648
65.15103062389159
65.17216709218646
65.08310986025752
65.33208900831147
65.52107432344121
65.13945006293919
65.4329941197451
65.07417217459904
65.1523895999802
65.36036405133125
65.39601511296637
65.09563258879174
65.39587682912634
65.0670574062024
65.24093590840502
65.22334771197471
64.94698550761369
65.2640923204937
65.44209497343647
65.34702272304375
65.15446006370355
65.35517734664815
65.13624290407901
65.19295162895139
65.11799046685103
65.01722095470488
65.26161055755037
65.14716127880925
65.06096425541658
64.92723371073676
65.31823076325641
64.97786731428594
65.43991584736683
65.28930345569115
65.3747964008115
65.47539290683466
65.25883099449602
65.11538871350639
65.35988294850945
65.30537922422401
65.34565319414224
65.27330057822294
65.14250780996234
65.10028871950291
65.32753659232931
65.20276575037725
65.20660048935993
65.33161676608051
65.32573226258229
65.10651293147042
65.11381327719388
65.46964877657965
65.09625631560242
65.51032175491086
65.30204328950038
65.38969419225336
65.18366083246153
65.38461399970114
64.89924342764887
65.44733908880752
65.28564003361971
65.21775108202058
65.19582015445432
65.22678289350158
65.1279148728677
65.14688550405437
65.17564043817528
64.96658204683705
65.40381949502681
65.17167726984403
65.09641239341533
65.00570549146238
65.13739286743117
65.13735468259631
65.3315747849758
65.28110082690483
65.36854158391253
65.26580557928213
65.23295391923658
65.41424774403482
65.21470761827084
65.40797560875448
64.76707448669286
65.04937231218636
65.07644232108424
65.07519446909386
65.08183574522728
65.47514483088004
65.31932470470086
65.25056736088536
65.16699305697978
65.14769129933707
65.121497327119
65.08517595476067
65.4337871952337
65.41880106354043
65.38976205854246
65.16540475238675
64.83609257242004
65.28436925726697
65.4932243469142
65.1798250255237
65.17374128334679
65.37183614364864
65.00387768025145
65.23903425181996
65.61602797680236
65.15445387747894
65.30297332050182
64.98072249315514
64.91856147822371
65.20666165315454
65.14619880485085
65.12859708970397
65.2150182681189
65.48100770775544
65.46256616477505
65.10769140829528
65.28349612757077
65.15306597756525
65.57249706996859
65.26508944940974
65.30326244864055
65.45117738929711
65.51429825057915
65.50933517901849
65.29424596315262
65.32619364833806
64.94769768803538
65.2549136643107
65.21458624713442
65.41420426329955
65.23574757870024
65.48996504416546
65.42837878321609
65.34757186163853
65.24306997376324
65.32706478966327
64.75499726635172
65.51097809490223
65.58230203637733
65.23476168813755
65.3744100195213
65.19573183357386
65.56177264325622
65.18701424055753
65.4452604660835
65.30679962281896
65.09883396296927
65.01102986074252
64.9516180014012
65.40525944148219
65.51124691162765
65.25755495938998
65.38420897418227
64.9706457634482
65.28001219994687
65.29617430621153
65.56578524940306
65.37400730227431
65.47261025230333
65.51177141577581
65.31418933842272
65.17915862342525
65.16652158554804
65.222776031998
65.28419307712338
65.40860731216844
65.0731432407957
65.31511656513891
65.05431848476151
65.38589618298899
64.96270387945758
65.47795533468098
65.5179611594717
65.41826289877226
65.15411303079024
65.30775439599051
65.06680477567897
65.24131873870519
65.09947153623926
65.3081525968569
65.4410783148337
65.36765317560165
65.30850206353963
65.32511108034967
65.25548834974656
65.44394813097259
65.37332406517653
65.34262338892204
65.05868194804816
65.01925993296236
65.25427854768603
65.12871066984114
65.2108853551468
64.79862972703386
65.11734241721005
65.18702893734714
65.10312287169637
65.26053287055502
65.39967850470666
65.1698066461758
65.28255247606577
65.35713073716772
65.22178792332062
65.18407586971907
65.07937533162614
65.3130199707702
65.35136541447012
65.06285628255476
65.1545712619081
65.2511475686994
65.44940529115625
65.10143586142459
65.31588838117081
65.24132648917131
65.10823757050493
64.96481420216702
65.33271940697973
65.16996392517848
65.12087468597878
65.2704083853478
65.34528614408366
65.32423327882736
65.28980048564969
65.13668944281896
65.17637455846008
64.95731792634248
65.21567201665914
65.09264116066173
65.14418922623959
64.9384350834558
65.1694024874398
65.53250018794871
65.15749733468208
65.2053625878158
65.11647594939518
65.23401236556236
65.02685335072562
65.19439931131548
65.06349790046005
65.24978191165837
65.09095151885026
65.26297935451649
65.13013427741619
65.2770655699017
65.24852358454613
65.12475146338606
65.22664125286421
64.66881553153442
65.06437953212955
65.25493973684203
65.23349663690516
64.96788015147385
65.02339077874485
65.26633650811021
65.1144873161121
65.38312247605943
65.38849010167596
65.33484627393565
65.24942166262439
65.47554131454885
65.34032124018738
65.16983708861449
65.12088709866897
64.96584388021101
65.28312703611171
65.11360607476719
65.13316639807768
65.29938890849232
65.01029332075868
65.17695084869706
65.37982433570029
65.49575982113143
65.3575124883652
65.20297218413845
65.15949210030344
64.91395892914049
65.1322396180458
65.37042034502119
65.4036913683167
65.14259879271532
65.0941821644663
65.1301996924131
65.16211201870244
65.16520669975962
65.33642456699818
65.11216063976194
65.1000400435287
65.05628804401606
65.48900526453063
65.52478231383111
65.07817587437582
65.25413048913398
65.20310946543214
65.09699846093234
65.07650060608061
65.15325836136684
65.26304155221952
64.97823782657726
65.12311370353046
64.89843368987499
64.96813862066494
65.40664780871866
65.15278274066998
65.2594745743905
65.22640755405118
65.08311841418026
64.69725106899766
65.23717022912858
65.01661180326134
65.32242170268438
65.12784182583646
65.17059422606785
65.14507390752914
65.02180415119545
65.01739160211352
65.37070259376262
65.60263789154256
65.28487895559182
65.15655589256248
65.11566872985918
65.65217665454546
65.25224269659991
65.4010601042717
65.27846977214513
65.30326058434947
65.05703503493628
65.51705332014838
65.29604969146119
65.45066054866786
65.32955412294746
65.08660034851209
65.35015378802092
65.03356589245888
65.32014991033999
65.2771091001386
65.0884898653078
65.13916506441848
64.96317608391172
65.01929920823629
65.11123633595619
65.11685710217925
65.1020137081515
65.2342426952048
65.36963477478048
65.22530452583831
64.91184498429314
65.1977772050848
65.22045361601387
65.42007228035231
65.01502986454334
65.30561261556548
65.07869170754613
65.27403244489126
64.98563074172175
65.548788385449
65.06000995940511
64.726191033177
65.10629521175474
65.50512700809591
65.02075769280529
65.11301973547788
65.12051820013053
65.25558861088389
65.17160969518126
65.02007700810283
65.16540911161125
65.47540638596014
65.2560794490854
64.92066917461065
65.59373510546935
65.13571400558676
65.31698229472492
65.25256327233555
65.2660503905045
65.06746099124983
65.20453692419204
64.83841780752459
65.28715501976986
65.18778916872112
65.27283422216632
65.25164866213505
65.24551328693238
65.34284756131194
65.42967830217204
65.18706732357548
65.34614053164431
65.0479640035914
65.45353069681066
65.15870383527155
65.07844341726275
65.17190311225642
65.0283432629124
65.14729106182551
65.37930043186842
65.28443090480516
64.9546828631786
65.11352458973028
65.07280107886203
65.26517160202522
65.27561722770719
64.93455665934499
65.29161314362545
65.20927773414456
65.32241953816242
65.0245281238416
65.20714261637379
65.25741059443968
65.0420830830819
65.16169212941814
65.09570573576367
65.00906280552378
65.5326010281681
65.40874905947086
65.15920076143932
64.9414473747449
65.30578501753244
65.31856071109644
65.03427659760143
65.32761126738117
65.18130305234412
65.33746608355906
65.17920088502991
65.04677677285228
65.18386354035694
65.22595456015267
65.1748863577722
65.16917288421192
64.92940375358121
65.10149783960273
64.97904581478022
65.16901723155136
65.04075684400956
65.17648188837222
65.15920866947259
65.3385288626644
65.28461523334215
65.08431346236996
65.23349497360516
65.10565412715663
65.02758333415859
65.2060147155056
64.88465681836618
65.06766453142158
65.15854899729436
65.27870550067036
64.9515772170175
65.21070630016803
65.10938889214017
65.41651300673564
65.21769599330662
65.25817584864453
65.26707277098654
65.33082588889404
64.86922740806679
65.23206692315495
65.17619582421818
64.89341342028926
65.30019294761206
65.2790475942982
65.34479265667915
65.28547185569164
65.25957116838524
65.13459422400793
65.32837213041317
65.26117266393125
65.0185208289421
65.11947262802494
65.23879743566359
65.29957793938085
65.1009961268156
65.09312057006622
65.07847309783803
65.34324003226237
65.17420542226807
65.381831397645
65.06760223958737
65.10248294070365
65.14994289963482
65.14339217034734
65.29952848953569
65.26191139870578
64.97932826699783
64.90595609499731
64.89920391580245
65.21275960271349
65.1176646988179
65.27568184700695
65.17579351792985
65.23047031596981
64.79335541269471
64.93098097101418
64.94814998333503
64.93688426891875
65.23826370764579
65.24081373914584
64.98439640874741
65.1927207285919
65.27409133059315
64.97198638043555
65.12810645998238
65.02170116543726
65.23579450989774
65.15684488105931
65.14612601690992
64.91355063626008
65.21341044880536
65.17636608819915
65.23368374731105
65.18377916744697
65.232715639604
65.37795688595959
65.32615454347089
64.86572250073277
65.27042884460106
65.29604870722608
65.20349435741647
65.21515102453797
65.21106221033611
65.01010927742448
65.03661349599719
65.0146813463555
65.05806939446666
64.87831650441356
65.05151317597912
65.2227845657234
64.84413571153739
65.08498536305082
65.3108025713295
64.92527260561793
65.20475268572953
64.96162057754614
65.40198624611158
65.29596315975797
64.9229748570839
65.31874707861952
65.20279969506919
65.08475140048324
64.99290061706216
65.36657611241364
65.14875922379342
65.28281602700146
65.14785792577938
65.42266161857083
64.9887368709294
65.26001435708237
65.13896811428754
65.50525792685481
64.98818157359364
65.27022957346782
64.8815912057207
65.04384636661361
64.9840081583877
65.15745326907313
65.06531484140666
65.0720029632852
65.0002255928894
65.13743385999057
65.27560449622077
65.14141862495481
64.95314028067612
65.29164801608654
64.87041008683512
65.2352469695269
65.35255096671081
65.12593397107298
65.08406359410903
65.12799316590288
65.17005764522057
65.2894723573085
65.24263125390604
65.09980031099576
65.21796770732297
64.85001519577851
65.19536744032449
65.01911061904839
65.1694588592036
65.05731939408915
64.94861047948628
65.45487695128655
65.17082854069182
65.23400424683994
64.97277616346297
64.9324095176007
64.94174294151551
64.96341871906937
65.31996974898284
65.41569402526187
65.41577272071424
65.16681823033795
65.11906129908304
64.9572568320753
65.08898189101177
65.41651050969709
65.1650255404605
65.20117682017803
64.99531616255628
65.18929276387418
64.94982581659654
65.09433472462584
64.9049991120501
65.04889316130999
65.07349912321773
64.97064968607677
65.1811501100103
65.07692376344156
65.32110968495765
65.0712440819615
65.36317214471187
65.03878992228107
65.25257914310625
65.13465608606012
65.12462679032775
64.96750660462331
65.06677719017135
65.21395538935408
65.18588735502223
65.07140232199643
65.29099168647386
65.60470726735939
65.51801719312421
64.91738481851561
65.0536095798197
65.09303351838432
65.04986659366654
65.23750393213709
65.22848059984034
65.5652185149563
65.18630166264182
65.2238693065029
65.20531217611837
64.98131875042893
65.02118759164374
65.39626680155952
65.10085345759856
64.96628200151812
65.22778536433796
65.24364746065793
65.07225780551191
65.23666639151682
64.85332290865223
65.2377200444177
64.92537043721008
64.9295080058591
65.27134804999713
65.13096346937391
65.12557780360171
65.11275706661404
65.28784818456212
65.00156668718131
65.20599597350915
64.78386450281245
65.35211685689177
65.14162262576653
64.90937427313798
65.04811816544677
65.28138069458315
64.94236303702105
65.1481301951612
65.38777784170864
64.93914634335188
65.09787582737603
65.24904970956068
65.14954587419109
64.98522061891343
65.03440032504172
65.17299249485069
64.99677564715894
65.0409039365038
64.9433004276324
65.10429470354327
65.24783538695138
65.35622491989801
64.8713467611555
65.02485598184111
65.32354910961106
65.09086909045921
65.14076988287914
65.00119141629746
65.23874483067183
65.00694741815198
64.97099134139077
65.15959841799838
64.77813614993487
65.1581542178266
65.15933765026348
65.11761292185248
65.34390541624101
65.28208328057158
65.0803079491711
65.21969075688769
64.90706826198848
65.00089468442138
65.13026919671051
64.95598967246488
64.72693611978863
65.1277544313782
64.91242191273967
65.01683231473146
65.2273003667585
65.19898336573404
64.75612138440937
65.23637068675752
65.14725419061263
65.1287652058986
65.26507968853905
65.54987193083406
65.34085367465659
64.93542654034816
65.14857484831569
65.30049628626018
65.25558214128303
65.01480449175587
64.97954601741675
64.86945241092049
65.06960975954088
65.4865275088557
65.16590354248596
64.92655375884245
65.2681285435569
65.20977325422531
64.96718755573399
65.27701877276596
65.30882904334568
65.60823125029985
65.19965142236113
65.33675794274708
65.0784528031045
65.4235683188571
65.15587857886078
65.10714756120571
64.92612042088032
65.25626561398796
64.82944555203464
65.08793908722217
64.64881417103855
64.86535300736641
65.12766477933667
64.91603184557894
65.14163682779467
65.10913152932572
64.7250464100062
65.23276797409528
64.73580898118642
65.32970769152449
65.2391944234913
65.37192338641272
65.0322374427979
65.0195075540684
65.16460134481127
65.213522207824
65.1739541552253
65.19306268134173
64.97717288760748
65.22676916728476
65.3799654689128
65.1923550409569
65.23320723171342
65.36476728248377
65.31232956046648
65.4606992159301
65.25016750080421
65.23267892938546
64.84085287636792
65.10629312502986
65.0881107532617
65.25125884222149
65.12124893983751
65.14816108777144
65.01312951000507
64.92893100994799
65.035227268108
64.97079349364391
64.75348048648748
65.08594682850841
65.05790034436743
65.06711864736177
65.06804241190629
65.2049706399586
64.89505468524023
65.14058078659463
65.1529900416912
64.79228608119394
64.90586806050365
64.72191071664548
64.9703473581137
65.02552966017707
65.08696595725611
65.17268657176702
64.82211966945104
65.16853315333245
65.05919495185637
65.39623806454728
65.00312840156772
64.93522230302129
65.06809662744293
64.85853654588595
64.87873179073068
65.14804466237922
65.29793142144193
65.12295268570564
65.14055439158082
65.21758599873837
65.41412209787792
65.24134262246069
64.93440058258417
65.16819894102828
64.95429894121298
65.14804502649505
64.84179083156849
65.34672190252188
65.03625990360196
65.0719300663121
65.14230701752132
65.20424412683887
65.17102049256863
64.87000340191071
65.28722999438533
65.26795459628696
65.16500231859685
64.94817215575551
65.33061621172683
64.76239100606104
65.12632615345221
64.88763695212398
65.17091929824494
65.03512832367768
65.31911957311469
65.11841160544915
65.4963569838809
65.01512689157215
64.7581670938807
65.12673546828123
65.16756495307271
64.81042130325116
65.00795010520469
64.6705692270014
65.13340976575606
64.9824488065793
64.9620905804964
64.79211395460499
65.19242101046055
65.06123562045765
65.08694498973225
65.16663744663387
64.94732461385449
65.09082255955025
65.06091781865231
65.0755927724602
64.97563490852454
65.10717298153918
64.91215146080455
64.85006783308755
65.28506874171657
64.94369643998776
65.02946402941065
65.13972572867937
64.98270223074285
65.26487655228887
64.97452599449963
65.006629277301
65.37725780067707
65.00096796890989
65.07898332901753
65.03540177814925
65.11663627690248
65.10244990510914
65.29760053092053
65.20982200539567
65.04846451720108
65.0523152046809
65.24364613993434
65.0875827309784
65.02687294050618
65.1862396783273
64.87964768822941
64.97895025654007
65.26988230035661
64.98064011812528
65.1503384065658
65.10940087463698
65.09780077607455
65.52704964076177
65.40539685384425
65.1606143987601
65.09029167074694
65.18470837880994
65.28288398123571
