200.77971969878564
200.5409142787096
198.71220907522124
196.85228618012633
195.5903131349751
194.9355603596486
194.61267821481323
193.65443427549587
192.44700798489225
191.29975221546388
190.0724093673683
189.7449814280109
188.29780417650002
186.938528922302
185.60623507202976
185.66878115988433
184.63055526305985
183.1658123516686
183.07364549328898
182.4456636610426
180.75513596584966
181.34100936498086
181.51030262845956
179.915972558639
178.46421430230905
178.46389974937958
178.23031342311003
177.2326570591707
176.81629615396884
175.60538089643225
175.30036438973022
175.12553479764972
173.66548740349702
174.09307741852328
173.01477978739268
172.38794713449468
173.0841833906068
172.38319302368333
171.79477116851695
172.03146367383403
170.94787053586822
169.8903372722803
170.01193149370218
169.53468267890108
169.493848798779
169.33178145098603
168.62654042400047
168.54647832173737
168.34861834267804
168.03208763880275
166.89873019607913
166.90462347037024
166.35991318240102
165.04653631780164
165.34613990899115
164.85355933621742
164.61290900877995
164.65422949451116
163.42883709987225
163.30317951388326
162.80487204758228
161.6405501560702
161.6470142342857
161.64090940694217
161.30746661804648
160.34909774042683
159.17358184057522
158.1517472067837
157.93690529254386
157.4630580698565
157.25867414610514
157.18285319822434
157.06147352017652
155.83240942471366
155.27585230665542
155.16914965035227
154.60460334150625
154.12546596970927
153.39215404603667
151.5777809365639
152.6849136724349
152.7152780855406
152.03898542086927
150.99949864001752
149.68940103337528
148.93174899980667
148.58299410640745
149.33569405623484
148.36649162247474
147.60714230855194
148.29686368721278
146.89893507354927
146.02965659590376
146.3882068925369
145.6633287693085
145.6261307857842
145.308491854431
144.42715637617
143.57930546074866
142.9908544873071
142.71372574247295
142.98369760051253
142.09687007247672
141.3325068054302
141.3608461384799
141.11797872270586
139.8492993863068
139.5003362191844
138.93561180144138
138.1475156123233
138.03522031376318
137.26282047651324
136.60424924802174
135.88056807026595
135.88621591184426
135.30539485397088
133.9622334510969
133.70794881518907
132.89852172643185
133.72650275020894
132.67386662256024
130.93498712444045
131.48412932473096
131.30678104114716
130.7965053961991
131.19449409849932
129.30251318004943
128.11108284840802
128.01846708601747
127.81209294944092
127.35699814209842
126.57364800198653
126.55981976978313
125.56613340213703
125.22596578977979
123.89412942033447
122.27991424671697
122.3071026613486
122.9644577545939
121.21886390063662
121.05484421953396
120.77498250898135
119.3654104583825
118.08795590824948
118.11075039636766
116.871182436984
118.72019233255293
117.51818128900662
116.11638792201029
115.52257907239603
114.31507411716157
114.21648107834028
114.15989330070467
114.51082784504324
112.75764559353604
111.52143078293253
111.27989255486003
110.10836128769485
109.17713123255804
110.30948079810678
108.61748802592365
108.54063790652478
108.74902665613416
108.1514895414749
107.97180535571277
107.15041443997553
106.10083714153993
105.36426228948636
106.68246008239787
105.56076441211471
105.08381927903969
104.00015954945947
104.17103795088022
104.01916225380343
103.10821105733646
102.5378711213642
101.69133329180167
101.53447298064917
100.98221109526952
98.66871105306389
99.39734862065546
98.02710353503943
97.78283087964242
97.04309274617933
96.82001908324902
95.42027669066763
95.79212956860368
94.35594630640337
94.77299755296418
94.59639841733072
92.37769373907489
93.14389439120869
92.61582329294143
91.72697419703137
91.43238715847012
91.57923170768417
91.35603880239842
89.92998171640987
89.98779514528633
89.63496981459957
88.69538467054711
87.97088328030875
88.5285061005939
87.87147135697367
88.85433318962346
86.57578284845064
86.5883557659938
85.99330779709439
86.5596658671543
84.85894202956432
85.65842438758719
84.74929944081023
84.9825294856585
84.533217561197
83.89345829023915
83.18550098011796
83.79083770967407
82.82077995828648
81.2754384595057
82.28531073337061
80.99132314323936
81.22103372696111
81.72825685398692
80.77213362203395
80.55102035703295
79.9459710212031
80.14858444535277
80.35384220256617
79.63248288309792
78.40826285929577
78.53344346058864
78.31824493347752
78.01702010205003
77.66624351659878
78.43916917063116
77.15968681667829
77.58813424316001
77.2491188140329
77.06816072878915
77.03938908533728
76.05033082205412
76.22339534561154
75.73332368432825
75.81865641466655
75.96752536019234
75.24606919234301
75.90778213731025
75.29942355064192
76.0082845912285
74.42781004372897
74.57877567651472
74.27995287908588
74.72427897029384
73.75550043907896
74.64551838699941
73.93877077511624
73.849436906884
73.74258017498035
73.0598828960896
73.06789826387833
73.23754071987308
73.68898343624807
73.08912901476816
73.17617677396214
73.18408431691316
72.46045896078549
72.23965111834227
71.97770751295347
71.67598313947654
72.19192142939687
71.60540597557119
71.5522819512256
70.9788385872851
71.82155872495763
71.82471643336851
70.94076719120592
70.9680682012185
70.89520360120625
71.04777313424832
71.19757384512718
70.80596479915226
70.15882439844515
71.07689516616067
70.03598359630396
70.5365537415674
70.23898887913015
70.12128546479266
69.97135124005584
70.20138285861077
70.35620853403216
70.2882381512453
70.21710396228556
70.32070007301375
69.37725089831555
69.90930069926132
69.55934542617459
69.85196805949032
69.59083670248387
69.97444078257142
69.49208940779393
69.19345268117905
69.29056414565586
69.33380734430027
69.20468345571248
69.20812514304164
68.75028200898466
69.24248729730122
68.93188234967714
69.13175001509076
69.3588041499248
68.7859962146973
68.69990199504217
68.69917500876473
68.54276565997975
68.94010033541271
68.84275148037092
68.62566728265784
68.51899604169604
68.95554457466714
68.44228627718863
68.54523973036898
68.1305683954861
68.1552309586306
68.63901265684217
69.0889383455525
67.86657623469208
68.65511621227866
68.5481754683628
68.00302894853444
68.08687623049282
68.53630690268447
67.92019989689729
68.16742481177991
68.51661866800777
67.74894366221267
68.29041981193973
68.28629963545232
67.78575985559944
68.0065048984891
68.0705270923703
67.6360544745593
67.99705355913856
67.8069161513413
67.51485301830544
68.05958161366081
68.24272319588928
67.33866623966215
67.54431827810701
68.35206099106063
67.63272936967728
67.69206185762157
67.49741991788973
67.71700744984932
67.71009823766191
67.94768122308763
67.60408332168306
67.49025061920403
67.60400233178005
67.04221112391383
67.62911401691267
67.98826163792077
67.28858228628155
67.73719758870077
67.81267126766191
67.54911526589785
67.34408255641569
67.54241255352406
67.41089090339182
67.79527941908682
67.46243880300078
67.01026506645951
67.54536407333094
67.82976326431191
67.26118776119382
67.24331390863536
67.35829501043199
67.09113559944767
67.42815030556763
67.25318421766742
67.3725746359716
67.58904297781696
67.2807324595826
66.75904887404441
67.1760691817315
67.47121071233893
66.94773741822773
67.52674357423666
67.1962119657385
66.79900089333452
67.2280078352663
67.25852526952877
67.16411022778937
67.18739937468105
67.36658602941866
66.62794875210673
67.41576076625755
67.25722734075234
66.75173153612504
67.13720278185934
67.04361770000251
66.61433484734782
67.05725908735009
66.80862520820614
66.67195470427588
67.08632651967598
67.00228924949803
66.47199975767731
66.92550750019126
67.19666526248922
66.8306851211554
67.05800891359782
66.95014191152067
66.21589819291297
67.18960035147668
67.07349154174517
66.66136671285565
66.84261399619716
67.05377023529586
66.38658766571596
66.90562724428612
67.09628571809657
66.66406347010603
67.39943990792104
66.89484931529837
66.62340996701035
66.63381565737035
66.9117529519078
66.43784772318931
67.05677495237175
66.9805222760797
66.29586192662238
66.68250345805929
66.96541368554412
66.62448114773764
67.06326450107235
67.0144809971834
66.29238386418874
66.50455882598243
66.95833417990865
66.38410850231605
66.79587930601383
66.87980118065707
66.38075502157572
66.6698289458974
67.06323688915643
66.38257904077449
66.91342817854253
66.87093156145704
66.58419214470325
66.61880582254403
67.11026552851949
66.5590757745081
67.17940804046792
67.07967039312265
66.49447534710184
66.43070178959417
66.95874486719563
66.42784090358067
66.59365503144595
66.94678166398928
66.12770911132563
66.81026522004979
66.90173308611915
66.21352130627416
66.90749730250604
67.43977480881017
66.15225895388075
66.87880320489312
66.76925107267833
66.52003254495483
66.34649466237859
66.80088372654663
66.24592740835728
66.44370188883971
67.01708875866144
66.4249442725358
66.9738112240717
67.16496442209652
66.35156380093727
66.6512502871436
66.69650583583135
66.57140577260486
66.87803550585433
66.70337809291891
66.561766614832
66.11772630659297
67.01112738146688
66.42196946145386
66.93166082451324
66.85673801688885
66.4226584637389
66.529772147573
66.92272839430238
65.94924754790334
66.97292816800301
66.69425424043047
66.36868565419385
66.26294165536193
66.39074141111612
66.17524221997562
66.69685344959763
66.81269079501995
66.19028690081026
66.29089738885044
66.70621183488902
66.08664492125085
66.53786892832125
66.86759799710389
66.61502778794421
66.69015733568146
66.84370658059507
66.40752701603095
66.2905513914619
66.73777831841593
66.35158652664309
66.42259474265475
66.8319060237437
66.20533868568482
66.31646279790637
66.97281087413435
66.61841085277666
66.49629855454293
66.9507262775944
66.13347195138036
66.57310196912378
66.60806057429028
66.35388585841778
66.43485239542186
66.53596431505767
66.30891147531226
66.2420851246461
66.5203095988767
65.95067743033347
66.5944463052197
66.57537731412498
66.3391392245493
66.53343516086555
66.73409191982323
65.86884728147122
66.64121226962637
66.85112095088758
66.11414234354497
66.40525099465435
66.58589991524299
66.26607173808691
66.43483801174656
66.78064380463721
65.99264283774141
66.43518656728028
66.75143014017003
66.05442924079219
66.37901547622221
66.73735852313834
66.09801915479368
66.35401253972927
66.42977909939387
66.19870233582505
66.43102785577354
66.58049549925758
66.21496733911778
66.41318011708148
66.75461935043712
65.88296072689162
66.34479697446159
66.70836366743706
65.73844637508333
66.56938566241551
66.59317899185662
65.93182966834873
66.4378053826406
66.35010537286989
66.09472986007448
66.34278266478337
66.63112244217277
66.24365633013929
66.21857314354253
67.07336780937871
65.6647426235878
66.63560634454772
66.45660490140331
66.04245294984088
66.3110696714055
66.58235068402247
66.13596430902975
66.4066563630102
66.57391633925607
65.76645257457449
66.29132101723103
66.33308638306201
66.0570671786077
66.37970169756318
66.66904563123958
65.85326400984093
66.4386716390905
66.68926945935021
66.02476486426877
66.22365930504318
66.422372536758
65.93083855683574
66.35811280892415
66.51075641168062
65.83664307066864
66.26398820257762
66.710407701171
65.88948241217183
66.47377121929834
66.61385496969547
66.04245930044266
66.51677789755085
66.54248271093226
65.86601141106289
66.41790493915937
66.47162484394705
66.01997385659713
66.46401218311355
66.65196572505818
66.14359420062333
66.36524907746617
66.82914256143899
65.76810701357442
66.38387514575345
66.79412756205473
65.64243504253474
66.43133852486882
66.46433903572586
66.05722144062788
66.28312147536755
66.1502381210738
65.87915457745392
66.3884859152069
66.37972274176951
65.97019587997457
66.1910635199622
66.56039308146725
65.99695590594179
66.34609205219428
66.64162394774883
65.93102923728789
66.3076848805712
66.44042982867067
65.72851894607143
66.51813411893065
66.51120820983958
65.93442292808095
66.2394581089748
66.43122524816003
65.98613337862483
66.30835425350246
66.6949974380837
65.79918846226657
66.45776636627579
66.33791764162528
65.84999754521205
66.13306376344278
66.36157982517435
65.78664917850867
66.2152500827178
66.42496441038284
65.80132896514685
66.29286588191944
66.48034331914523
65.94894060744127
66.52390496044424
66.68160101310183
65.96273583716182
66.26201349436701
66.57777518876718
65.8214304227441
66.22649680217971
66.30665800080143
66.03854427594229
66.2967226440062
66.51854340504595
66.15380871001682
66.28907040759357
66.63751504219705
65.79607929698646
66.28771207418379
66.12652088952693
65.93795647276096
66.40633694856965
66.41095536909786
65.85963392769416
66.2130767635792
66.42276079081645
65.67872185318055
66.48870227340869
66.4475607418149
66.13303820815403
66.19632938370357
66.538602166118
65.76616937292711
66.41954163700024
66.58034051787344
65.75175649675322
66.3115181314114
66.36407640702231
65.76360021112247
66.30346007922745
66.36108460753596
65.94069556924143
66.30785286223013
66.63516395407339
65.98719962395812
66.3208071131549
66.49268967573572
65.96220701268976
66.454747468837
66.34924534998024
66.0278403872082
66.35031477357066
66.52481367297176
65.76484475651004
66.21127265039776
66.30929291212085
65.86868369233477
66.47979895326237
66.47586841090688
66.0995537305735
66.08921591784272
66.42288412489722
65.72129455128199
66.42999084653756
66.42598068670422
65.86263688004905
66.07427421495402
66.21852489074683
65.78325928837012
66.24930879151152
66.33521897551995
65.7894324674112
66.29165268620999
66.44500034384643
65.82239420139307
66.27607823334861
66.5249796249476
65.84578451992907
66.32217489871329
66.31194697950824
65.90019726295877
66.15321882739039
66.27492273889976
65.78382795267132
66.52869687607723
66.33419557990116
65.83362918087442
65.96659472158345
66.41989347097437
65.83431087559272
66.25213291773217
66.12799201397914
65.77596974020578
66.26964273868083
66.29786558107435
66.09582526920948
66.16988791709129
66.26399964589675
65.879062547171
66.3520784901821
66.36911394381549
66.00376576483947
66.09708877960159
66.40240219996615
65.78638064494422
66.15334004922545
66.55013650918765
65.84432576810718
66.30985240045987
66.12673327152724
65.69889508766136
66.34728099608695
66.18041868335592
65.86336520142916
66.11219087880681
66.49053380756139
65.9082237159207
66.12850440242306
66.3629772406291
65.93659691994188
66.30063252015769
66.42565504336388
65.82514322193838
66.27468610927981
66.29720551554492
65.65904127120426
66.3468098250003
66.30505606863024
65.87872222564033
66.2027765692711
66.30031454543261
65.85112277600159
66.06949767960316
66.45447006996895
65.87114930541438
66.46879445765423
66.3797010935541
65.86855910757338
66.25304786514961
66.12484878941954
65.77522360463831
66.17889575715382
66.15729762449318
65.95803073650688
65.94330580787167
66.26890168973834
65.78880237575744
66.34093932383254
66.58912572297992
65.67096180589267
66.25261775358508
66.377658922032
65.83356266407355
66.08418983845868
66.15700493859524
65.64970260839897
66.38009321711885
66.3802631256485
65.77608000239233
66.04324548870028
66.37003641909077
65.69521625534932
66.12563963256957
66.2590433121186
65.74587614932942
66.25147307671014
66.40211161996623
65.9429133367765
66.19632255221848
66.22118055557335
65.89419905060751
66.49839601960278
66.25526122103335
65.84653699725077
66.00930910693452
66.26855717731664
65.59692072303706
65.86471154814248
66.51182510746567
65.71280395254738
66.15202970588682
66.21164888939019
65.72323798559634
66.28774927321527
66.00661193368917
65.85784830988183
65.91703558124009
66.35580459569019
65.83094851201759
66.00243827297109
66.44447602970331
65.907961573635
66.14269951442722
66.42490174025144
65.8903383030252
66.07654407579226
66.24200584103485
65.53510800723963
66.16216927369064
66.119362521674
65.77609258696819
66.13147010842933
66.31611298729707
65.86204351990901
66.05418313231628
66.4068184399037
65.80216182892539
66.14315228187597
66.250275937882
65.81378209736934
65.8603317102118
66.17065466440141
65.6366509269032
66.01527487546733
66.15638184976865
65.74805914121409
66.0820619515568
66.21661355037543
65.70964718284073
66.26165837758526
66.22887333203397
65.6180776626331
66.18078621042565
66.63987721632631
65.74280831639273
65.98752587442442
66.18671614072605
65.5487753988092
66.38394434172999
66.22943252406596
65.84252801131312
65.92077764041507
66.26268861951424
65.62729068389308
66.17236862925682
66.1219539796161
65.75202318249846
66.11108075185753
66.25263288055835
65.83274784981366
66.07553740477438
66.14124503201121
65.66316384770381
66.33261958022375
66.15875895713818
65.8756095317519
66.03194672460926
66.1781958072783
65.70859705551887
66.10363284488007
66.42797735238123
65.58722240411932
66.15854580675285
66.36193020311698
65.60589270690755
66.20671822270619
66.08587882737002
65.83599868798463
65.91555514317041
66.25455552930732
65.86083023701025
66.12085356812531
66.45022588273436
65.8489703496122
66.14946224738685
66.4374866405377
65.84124856450204
66.02397770763275
66.20722067366228
65.44203576311739
66.16595183807526
66.11821490937896
65.65724400118312
66.21862398406381
66.2752732738453
65.99732215571062
66.06556463668761
66.43802767555748
65.67636538756175
66.04103703472042
66.42685266605388
65.7615905510104
65.97465377062844
66.12829906049413
65.64418181964083
65.97897955446777
66.26194742137746
65.74555039395719
65.8810602072142
66.1888110936192
65.62711379259136
66.25209775495846
66.34046926105435
65.58696717075593
66.18789500358373
66.32284224568556
65.69414332815259
65.9511965611169
66.07008724733944
65.43500139190404
66.21355823257973
66.37024553241778
65.63093272813443
65.74285773323655
66.47757570861967
65.6959409248094
66.15698193646283
66.12841222011042
65.83634879397317
66.13414857731851
66.13545513968815
65.6441122179791
66.16772590842095
66.28941038770968
65.60825530602261
66.11304208718994
66.26428774574688
65.79116068924156
65.9082770386888
66.20212356940006
65.75183068392562
66.04876912978393
66.29470794536391
65.52316065350688
66.17628316142682
66.28905004186416
65.63337033534776
66.21075958720257
66.1532105565805
65.77525070646888
65.87139509515434
66.12456483886042
65.7419827341996
66.09678947244728
66.31523210500951
65.73293513447167
66.12681572214495
66.07065284604987
65.72566751053704
66.00663774732502
66.29022678794647
65.4079676489295
66.08215013959344
66.03038215099156
65.64382589570425
66.06435331824383
66.32720776310252
65.9054187752277
66.09049789470761
66.33591617823895
65.63700121430385
66.31577337360588
66.31339892787449
65.71385576672934
65.95245532185741
66.22347499385432
65.60144449433142
65.98713841955367
66.1224424098701
65.90147019905532
65.92061947553404
66.05775119372754
65.58847037284437
66.3198733528222
66.30824972025567
65.6566507015623
66.12682711068125
66.33117614585595
65.66548605856303
65.92153464307418
66.05246849867031
65.52101683317437
66.12425338161646
66.1165875709922
65.69002089032308
65.99300777077516
66.38905568231449
65.67745324081541
66.20439968620848
66.13762249469558
65.76803027852922
65.92776891746486
66.22621331519247
65.62090182145745
66.15019258783668
66.16825746822973
65.68780253128868
66.18339900324251
66.02364066599374
65.82100853637571
65.9622511162157
66.31200293695828
65.71147436282352
66.11879603651913
66.43624881330997
65.63763566153666
65.98857619038601
66.28744529543899
65.56069849028493
66.08452081281536
66.22682842352795
65.78516128892913
65.75606986466474
66.24479286277229
65.81967494121781
66.24971337319141
66.3429106911702
65.5845933604194
66.19000540949415
66.29197713301528
65.70132156979261
66.03570480300165
66.2175323627211
65.46946550984367
66.08117040060414
66.15011723071167
65.95825001933811
66.1690172196494
66.20700601739368
65.85830428033886
66.17593175165591
66.4117207622484
65.57417907294573
66.2443844494509
66.21675991879364
65.6944306850588
65.96726288265613
66.10999759926045
65.52715929387767
66.00699630393481
66.16602604374827
65.76870500750192
65.82602414220827
66.14524433871226
65.60801597497539
66.13288724394576
66.32133949823357
65.61956703432148
66.15007036405203
66.14660203407854
65.7465221394123
66.12116801245676
66.10626712461631
65.45830629947741
66.11472784923323
66.28308644205332
65.59627405386682
65.95432687089179
66.49974016713276
65.62229662106843
66.182368656215
66.16023604165332
65.84781768056979
65.9726542518372
66.10383222379272
65.47005936010073
66.20868654836904
66.23544443673578
65.74517011198743
66.15015621160028
66.22998515449773
65.68849721815016
65.8761424969365
66.25760545319496
65.71936762253553
66.07846661056685
66.43273853154125
65.61160658752308
66.00426944787738
66.27453276987407
65.546363826672
66.30606803777152
66.19252478609266
65.79838827631815
65.81725296659799
66.21888912046917
65.77304114345635
66.21112657734344
66.33959352769338
65.74656621322823
66.21272500470349
66.201443910783
65.56862694613804
66.08104223341122
66.1599799121336
65.34260998795061
66.12751823415591
66.07145542874365
65.78641402901678
66.06383260153572
66.10717349996162
65.87742508990478
66.11962561692079
66.46966387225861
65.57986970411821
66.29289822009622
66.28427412571575
65.54545346662881
65.96558606117968
66.28774600158746
65.5448094229744
65.97363915274583
66.17445877977919
65.89601127181425
65.79315491699889
66.1047595429735
65.67361755615684
66.22231703955285
66.43209413373172
65.50840227737014
66.15892029199962
66.1853198715393
65.60702934696472
65.98172834324458
66.02784284587868
65.4464214350764
66.11417277225823
66.40407764770909
65.70528701220353
65.92989796732606
66.24867179325237
65.54016043152596
66.04078137905697
66.13982975424337
65.65948864239735
65.88235374447291
66.008666827608
65.44468677420453
65.99113514876706
66.4466447590954
65.67443222419924
66.25763824878928
66.06726078133504
65.83730407561477
65.88930423655039
66.21458680401524
65.64252672982084
66.12628507815218
66.41695446459556
65.55855303034704
66.0748829553751
66.23482187966509
65.738809912058
66.11793932562632
66.01037819555565
65.80582190517073
65.80918260925809
66.11092507319283
65.6953227875221
66.20788200363147
66.32845289874454
65.6734540254683
66.07959186644618
66.24714290994204
65.63287779274343
65.93359805603662
66.14361984087903
65.4200597607049
66.0894539973391
66.2850961934582
65.86921462503531
66.02624471843136
66.1769044569741
65.7788014200352
66.06936548237991
66.41788538148926
65.72108682126128
66.05317957452475
66.08114985133217
65.61683768839627
65.82304529126293
66.41617765549759
65.54811004077477
65.99686250112077
66.13151560970631
65.73871540722523
65.94225606933296
66.10031920525815
65.68360042612858
66.0882152569684
66.37256865372427
65.6407426759981
66.10576907811173
66.25116424282186
65.64765204289084
65.84051087990291
66.13428237578226
65.64454688430429
66.09233856197726
66.25710970412449
65.636355827927
65.81703021354285
66.19003823005045
65.67171704984986
65.99422401856569
66.12215699367712
65.82863675280304
65.97156607189252
66.11926383345782
65.45166449676213
66.10804077300438
66.39449538946127
65.67422259617686
66.1910134287829
66.03359783401494
65.62821679121997
65.89689916353319
66.16579775110193
65.72915017156242
66.1450504696655
66.20816555749599
65.61073837587007
66.06397725190978
66.29932862832501
65.53757637699081
66.1493635040752
66.04820957287161
65.84109239922245
65.78993203424861
66.19101201203574
65.67349751184915
66.1439492635262
66.35160627994054
65.66437080947041
66.18142760692507
66.17431543273071
65.55103613533856
65.95896444825102
66.17258933819181
65.38845213533536
65.87403134865926
66.09383930318552
65.88813364708254
65.96689786290166
66.12906559777608
65.92069799888998
66.13089145834965
66.50289097370361
65.6018150625799
66.21079922204471
66.1862809824968
65.64422048288549
65.82185611366056
66.35225485208942
65.4460263506314
65.87449388993203
66.10559319267162
65.80390563208566
65.83303950383633
66.19568249275873
65.71429909336499
66.27988581539181
66.32522491497917
65.54714420641152
65.98823805207206
66.272560600797
65.60171443980468
65.87261818428333
66.02303961390032
65.55451991305969
66.00897915093871
66.15461182714797
65.7026001107348
65.95158004811731
66.2370646379815
65.64562262977036
66.14886918835036
66.1772142193097
65.82025869097207
65.80282461376294
66.05849454142877
65.45951520101603
66.0106180123451
66.52694831109025
65.57536808273939
66.16793066873257
66.07778470244908
65.6590604905202
65.81699243600683
66.1946988436838
65.69586127965718
66.1103608060476
66.23612118639825
65.54067549101873
65.82314942352
66.25948111952157
65.55818054218565
66.2220691881288
66.10503470150472
65.88504617215723
65.69075322969192
66.26258131999681
65.70064380212862
66.17491382100212
66.34582778641456
65.72044234492012
66.22602916911501
66.14318305259307
65.63392126991398
65.96947513680291
66.2554924400855
65.37855976923159
65.97128347332435
66.20786138718809
65.81893615379887
65.993880597393
66.24326096817191
65.89246406788762
66.1370097573892
66.42761677503755
65.7797036856963
66.09755849683982
66.14450516411318
65.68063771436482
65.8028210407749
66.33124466100641
65.48982332055631
65.98347971538884
66.10786439333621
65.88369754241131
65.77920001817105
66.2174233353517
65.73310207602346
66.2496477559178
66.28496894595831
65.63034346915991
65.9754077126036
66.30376077514529
65.65470422588864
65.8983370237714
65.98014423907473
65.66775890336427
65.95657803860314
66.24791796429398
65.74749570499918
65.9330102403749
66.2678065965195
65.6353075431255
65.97126701466975
66.2039689470157
65.80727436186153
65.80768179980333
66.07595211511045
65.42609733940199
66.07557403186621
66.50011462400933
65.70689134419928
66.1292121146952
66.10632503959047
65.72103958757339
65.77251729500323
66.13885697947786
65.71036738875344
66.16031362308277
66.33681434530384
65.6799633423123
65.95331562455783
66.28029036295104
65.46011916146087
66.14177899472027
66.1796056440128
65.84152729195219
65.5816726011391
66.17035380094354
65.746290962445
66.23408211290077
66.37258413905512
65.61490879093833
66.18360301242433
66.22040018868088
65.59599601653542
65.94996742412852
66.17365002715879
65.4629338969335
65.91631993027904
66.10064073391796
66.02053030420822
65.9709961646208
66.2090280588119
65.84258400528454
66.08727856610776
66.48421092421074
65.7105713167619
66.12096519516889
66.13585919934052
65.58181834904578
65.9405783962991
66.20810053489005
65.49340668582862
65.92746424601611
66.17835310380501
65.75489219058133
65.78332041320185
66.19462914473807
65.7056740279747
66.2981102123079
66.42888813566438
65.62850274185621
65.92106632377353
66.26256448979667
65.68199013387166
65.9807165001107
66.02896150756074
65.63172976148213
65.88635324321423
66.2668983034813
65.69864754904509
65.91561037704925
66.24672980297434
65.55455665366983
66.00088322768285
66.20283436485894
65.80369958063378
65.88965321781068
66.04803303794974
65.44950896239166
66.06813785275202
66.461923421611
65.69058626301603
66.08922115135218
66.10035708102278
65.70665389085526
65.81167914258593
66.15493071767962
65.73568712793043
66.18370067821691
66.21450015544251
65.61088878682057
65.89097326371397
66.4039037170583
65.487260523891
66.22686583388229
66.13899951056955
65.89170379024354
65.61718759871322
66.23465439999487
65.78401674618569
66.20499497740241
66.29231701825162
65.64961440293892
66.26583423953102
66.16024534583161
65.63159208133912
66.02768006472432
66.11931337386426
65.49842283670831
65.97341631233917
65.99249940332497
65.86531857889194
65.97152755478919
66.2016913829076
65.76703851009009
66.03108725961033
66.4123832608266
65.86890525684595
66.2307702547742
66.07988145422573
65.51622627760065
65.9223460573858
66.27482815608367
65.5212727250582
65.94860374733935
66.23517406113851
65.78879801906467
65.78818784670861
66.20770176867926
65.77772250545378
66.28610513469623
66.23823685654443
65.49108296412622
65.93501887133444
66.33258341565556
65.6133357689737
66.03117036859778
65.96314765421327
65.65757463477135
66.06223291202483
66.16561197384736
65.65596081059793
65.99249146961968
66.1680620396681
65.49847588990629
66.08007171191748
66.13685548302671
65.69469714041321
65.75712824890144
66.05422886032176
65.38943315337137
66.05113582757106
66.467845334039
65.73727037905103
66.09972100200399
66.13188680119285
65.79859160030958
65.84879018732755
66.18767613818598
65.58052782649767
66.14054090950755
66.22486459467146
65.51859534274979
65.91251514504877
66.27665885419468
65.37144102352715
66.11308495987636
66.03893372988924
66.01796147279364
65.62815621191595
66.26454220800318
65.67040654132191
66.22967850277287
66.17273297798938
65.63254599978187
66.02168410566878
66.20124666814164
65.45523446826259
65.87895692482465
66.12768230140274
65.50842244809495
65.88671776745882
66.12117061883433
65.78420864687986
65.94400609541131
66.1442652432888
65.7285848082851
65.99404266540516
66.32017760067195
65.68952311665248
65.95703076857306
66.01916810762977
65.48134764045092
65.82904114683532
66.30101613339833
65.4900221652319
65.89926226711589
66.21999338972324
65.7302038950131
65.84844968326155
66.1215201571456
65.53729363541737
66.2533283401232
66.19040391302426
65.47638962388004
65.7855469074041
66.07314971770094
65.55597684617464
66.00800393964944
66.0188332132574
65.59863798850353
65.96270893122961
66.1497360540814
65.58658546379839
66.05176194567089
66.18747718863685
65.47957856787593
66.01696455115888
66.04856644347424
65.71064130892013
65.7092436449578
66.1773155109574
65.29027379563368
66.06092197126301
66.48900079456234
65.63347505962551
66.17661556472648
66.15269719040054
65.61177551134985
65.73474011929586
66.15046729006107
65.71042063158707
66.26551920909087
66.14205766153438
65.44477931657731
65.75515942532196
66.34452933166324
65.29212939032512
66.11736342857454
66.03393470159484
65.904410156242
65.64709603277407
66.09713067503286
65.86005469473889
66.07220072945134
66.13315656230641
65.50009893529288
66.20959111159756
66.09485208919502
65.46165866563052
66.00636799949184
66.20881659183586
65.52192673231619
65.797120071015
66.08057316243799
65.82380713967537
65.89867710734669
66.24407710590484
65.67923888540643
66.17600666978124
66.41076464541764
65.74090836133952
66.0312425383273
66.01534183513269
65.5303054884925
65.85482477600506
66.35894440947973
65.4227618613922
65.89815764296871
66.21575975591772
65.82941789839673
65.76359454549221
66.25521357752177
65.61431895617882
66.36116955082036
66.2287603232057
65.41901066537046
65.79231261323649
66.26295185454751
65.5509493935791
66.00923899458498
65.95307694154751
65.61532109019666
65.85685268297799
66.13332467909403
65.58915781305357
66.01969347831822
66.26197627263286
65.36871796498305
66.21797948377633
66.05865294902584
65.68198352234454
65.72947767075637
66.07140610744634
65.35197654542806
65.9377537488726
66.38651646962563
65.6090011642224
66.15409739260573
66.23874177677918
65.54609052333622
65.94677097867435
66.16863751803473
65.58635095733042
66.1813890620299
66.10271923587646
65.46188347682133
65.7645346206773
66.27243923276224
65.35564620555604
66.10236910892347
66.06985966167646
65.8505814496757
65.75324053017592
66.25739023606253
65.73109922150594
66.15481679944214
66.1192949710372
65.62908150831483
66.02174830766702
66.106988715999
65.58265349444262
65.91574171746082
66.10144542174795
65.48662899100273
65.87381174228102
66.2748476092969
65.89902133489927
65.93185411275324
66.23359183725961
65.54708603281607
66.13633705875847
66.41498049354672
65.71433670584437
65.98723476718841
66.07191211872635
65.58572364571918
65.80158397325005
66.47519052050913
65.43107210821486
65.92884714545926
66.15927137394
65.7014097228493
65.7588058646927
66.23860113772075
65.64349375184936
66.15207312494503
66.2045238882321
65.45022945246389
65.76078072612096
66.16509052940074
65.56656791039221
66.07300432313896
65.90965406957952
65.62918696594032
65.92308167420259
66.26086962233634
65.53745286712685
65.92374932258848
66.23007565900728
65.31457397379198
65.97693559982159
66.12399476741088
65.76287556670184
65.76995791024629
66.07989922735985
65.39646699536537
66.03463554937697
66.33936208091511
65.58827448991251
66.12629438117405
66.19881998463711
65.66371307918132
65.83520814264625
66.1395022299835
65.65079232383856
66.1686622592935
66.06112153527708
65.4772174119499
65.8762553515077
66.27780731038042
65.36235844862608
66.166377117935
66.053860601196
65.91031111094357
65.65751286875258
66.13265495947459
65.77184783942116
66.02961850114815
66.1259269929501
65.52528526639756
66.08129569220768
66.12145847633549
65.5922909716027
66.05146682210004
66.21289189603819
65.43798190083072
65.92917751736671
66.14751631237566
65.99299597838721
65.84342117383117
66.11681741441961
65.4732646504766
66.13181572104422
66.44764219516871
65.73422175778576
65.9991448283122
66.0505141178032
65.61034884482187
65.8513445913884
66.33333521661403
65.40263861651003
65.81562181058004
66.1046346894242
65.65755806718046
65.77373162273797
66.25441022907081
65.59048758658608
66.37983425284607
66.26303453742119
65.42149494941454
65.65895181755089
66.23367148861477
65.58630619082258
66.089625898796
65.97661415820625
65.66347374837859
65.88178900621061
66.14698934464121
65.58781696173908
65.98455903603545
66.14957337928425
65.28666427194982
66.09728984326608
66.10754281762814
65.76785739973735
65.86055542905163
66.0463065001407
65.38341045198547
65.97592626893612
66.29530219593867
65.66662500587476
66.14532309075751
66.23218774038186
65.57728368112487
65.80204881467381
66.23377718452359
65.6088321124471
66.07510938685695
66.02897887492477
65.50441430049294
65.93211677375648
66.28026502190815
65.3331405920145
66.2451539697025
66.10906937941202
65.81559154891791
65.6322238754876
66.13015989477648
65.75827309256937
66.07314949572933
66.09600027372177
65.57800206447534
66.04281811743947
66.05830219238506
65.48044889810275
66.05644755712616
66.13671420095491
65.44536982069802
65.84904808024723
66.14740049492237
65.90165274951026
65.89154826389105
66.17416824609775
65.5179108101031
66.14928332592682
66.29628278685486
65.8136888433018
65.94926026217179
65.98286625810447
65.49384601991912
65.89273394429503
66.32699284633902
65.46593679895042
65.79289858420526
66.26037338949416
65.61377732618138
65.83172142601599
66.17541006074276
65.72420419947295
66.27928112212354
66.13280881259192
65.32879607720652
65.69583618822237
66.25992948740424
65.62090221380708
66.17858817820388
65.88527927840336
65.78885560499347
65.92020648910159
66.06960515974676
65.55779761224049
66.02463053567227
66.15229244034921
65.3629101713073
66.0875132450077
66.23893142598097
65.7051681745953
65.89090623793709
66.22876290196315
65.49088569562893
65.97451307820818
66.40982537725814
65.68984872748138
65.9635015698439
66.13838977800054
65.71899929323152
65.8079561427247
66.09000856458806
65.44202537320677
66.0728460104705
66.01027488983569
65.49772684818178
65.95717831396556
66.4503072768481
65.3819476682746
66.0673670116612
66.27972724964312
65.9406651077698
65.6031119441178
66.17781354575989
65.72097211591407
66.05201472210497
65.9714255830123
65.6268339663939
65.86348264658628
66.26012844883857
65.49109574646391
66.10978089092576
66.15801115346027
65.48702249296186
65.85042091712141
66.19115390908765
65.94766123787478
65.87172850196211
66.08975039870532
65.42563719808132
66.00381140728004
66.42356295098983
65.77105527011406
65.97419688515545
65.83744535177033
65.49164494858059
65.90108613268326
66.3265865315605
65.47105856895877
65.88249115644558
66.28781294906173
65.68122824799495
65.7467586660986
66.16484225033749
65.51571818151494
66.09870920844195
65.96773955080597
65.39260257495538
65.78224010593449
66.25919075663651
65.50415694520655
66.03544817260617
65.97222226562047
65.72119531199968
65.77064649404261
66.08752700213667
65.55975952445358
65.97363124850213
66.06267588785367
65.2899597179512
66.0179866474788
66.209173762368
65.69305987104228
65.94900743819312
66.00622356327972
65.3753813242055
65.85114216762618
66.40100830785325
65.65683398909695
65.95906026062944
66.12701671260278
65.6000261808213
65.86007188147715
66.08114185105227
65.58362894240267
66.02677761606351
66.00220268861071
65.5157433385323
65.87874969126725
66.39962327659134
65.34646711840267
66.2895356546016
66.34113040166741
65.77513794455153
65.5781792375256
66.23640924463491
65.63575012807873
65.98530248641265
65.87085691128293
65.62937396975633
65.89075092645511
66.18502703279545
65.39012277483289
66.15001801125744
66.21201583224206
65.45668922876574
65.77469710479154
66.11753205909464
65.89834603043367
65.83159383343359
66.08217150208748
65.41074153296177
65.97430839114834
66.20796681932043
65.76161268471769
65.84698469320575
65.96580562559893
65.48468861686999
65.81604517775939
66.304524388303
65.38753419020692
65.90306183357194
66.32001466083769
65.68288437953282
65.83771924583453
66.16912338934782
65.64926357693798
66.13920508263337
65.96131383460083
65.43298094722667
65.74492962932584
66.2319008832752
65.5344193145935
66.11890917450633
66.01257844255915
65.72913861292464
65.71329492905221
66.02621923647848
65.5691693782774
65.98502538728425
66.13190740332277
65.25309975496884
66.15085897855045
66.1537993166415
65.6622355836092
65.87882269148787
66.04276984329296
65.41705714409164
65.8334336515294
66.28966614430203
65.76632126604736
65.95807511210508
66.04962595033986
65.65595469581967
65.82851829302888
66.13471642491507
65.53616477237908
65.96933795873764
66.03816025912606
65.51670789261573
65.82506311595299
66.29168115339482
65.44478485204704
66.07716440306099
66.22390772323344
65.88148492432059
65.61107355268115
66.21560239106702
65.58439347667583
66.03039908369175
66.07196138728321
65.50705096415534
65.78306773322632
66.16790293157861
65.41641257282423
66.2280688299932
66.12248121375784
65.47138348177228
65.83462336256979
66.07794945876363
65.9221756692612
65.90060536694546
66.10522909342028
65.4018318037942
66.01392719804393
66.20109953344532
65.70677245647605
65.9688828916112
65.94022077231678
65.50985571621855
65.87492537306959
66.27204509846099
65.4785380000195
65.90515133285908
66.24009471412066
65.54998879147455
65.91678145920942
66.17337907878333
65.53161931028055
66.01131989667931
65.96142245489673
65.44988449434058
65.70557964162707
66.16330438563801
65.47793659329672
66.04032908679535
66.04228540945164
65.81463447747547
65.76116064674713
66.08102688738829
65.5896463505149
65.98967754781626
66.08638327695289
65.26309118686162
65.97959159988334
66.05159634762641
65.74601213752888
65.92262659618184
66.07562942154432
65.36324344227056
65.79290574520181
66.32948703463714
65.66220125054578
65.95862117532575
66.0567572251345
65.5210575615643
65.92797456387075
66.17797773285005
65.64072758068697
66.09828008938388
65.93528913529188
65.39172429816703
65.92961482509658
66.29034338577287
65.4375623531873
66.07304237320511
66.15151353790229
65.91311872288802
65.63991111897231
66.1862216744513
65.68025046865489
66.03420774315029
65.94773378748789
65.53858194303868
65.80003543648036
66.1800937526763
65.31485513661453
66.19108943614425
66.1315832587361
65.4594093756594
65.84109012054563
66.09278623945592
65.92498844529501
65.8547629018262
65.94980019277021
65.3624640107209
66.05038205880305
66.29093759406096
65.60001339346847
66.02405266221646
65.92055467733616
65.37730126764907
65.92569975431077
66.26783127101169
65.44414361896945
65.8115819272878
66.12209906515686
65.63776038781565
65.88067192001725
66.21700569424728
65.57695904332981
66.22153887748998
65.94620923353628
65.40954605475613
65.72692778748186
66.16389285042428
65.43238536107839
66.01899487223632
66.0475675736543
65.77285644577931
65.71831426246561
66.0096697784171
65.5771931235908
66.04745924136584
66.079326342182
65.29882104178343
66.09583277250832
66.17136352067172
65.66391702436923
66.03037505991244
66.01860095063113
65.48528407774636
65.76997700512328
66.30981475359876
65.75769012169967
65.88657638286332
66.10395842708601
65.56136902009668
66.0176603774726
66.11515813040224
65.54428047134027
66.08080662865375
66.11400043771366
65.48182159168222
65.81635116576409
66.35469029649636
65.4470901858955
66.04704914454973
66.24513915799113
65.822949296358
65.54457832779326
66.14299639563613
65.67380752315539
66.02520405956827
65.95030979051432
65.54498767138655
65.8137271121323
66.20383631575672
65.46813413596472
66.15764296944421
66.1492078491794
65.51004215103414
65.83427953269798
66.1309442785832
65.91947024283415
65.89126858096058
65.97241373913573
65.33166173963036
66.06810215919171
66.29087957941691
65.71920549888586
65.97719994058777
66.02505489620752
65.28347235892002
65.9136091551224
66.37581900610598
65.48324183607973
65.94010146009998
66.3649892627581
65.5310515781931
65.81516450011276
66.01829519374927
65.74450754603609
66.06879214504494
65.96185003562842
65.49331654899144
65.82492969834247
66.28818072096169
65.40674064710299
66.0133972104861
65.95239061181184
65.68133185243639
65.6698303417437
65.89994061390597
65.53924227991874
65.99948767794997
66.14215549487805
65.31599925843857
65.96107014070554
66.28395952302589
65.71114939396398
65.95622571706562
66.03093774577559
65.41461526247046
65.72173378527862
66.26553503827293
65.7405440270165
65.9053537657001
66.13064450797582
65.4355448906011
66.04827746503159
66.13376107716786
65.59185158168519
66.02673814519707
66.07937705248173
65.40856498012582
65.86290135703426
66.28466019117549
65.47163603817265
66.06031094914633
66.23725265488241
65.79893610807567
65.76646802514722
66.1739831631894
65.7035193896942
66.00966150576114
65.8828678124601
65.62427935901047
65.75955791614179
66.26470846639405
65.30683654644798
66.19928449435592
66.26549286218578
65.50747077634588
65.88708970755701
66.00240412395274
65.89582184442669
65.93718099537189
66.05560565175612
65.32365749759025
66.03538445464474
66.36512044013725
65.7070291436162
65.9064237601956
65.97191654627184
65.27395881577156
65.88422889197346
66.30328134006739
65.44838378892958
66.01005886114882
66.27628348377156
65.51818914441893
65.90807687987909
66.16976718546734
65.60887454165908
66.0881488175828
65.94564273074187
65.53949797317594
65.70015108927932
66.1663144261524
65.53630326025741
66.078509335441
66.0281322103717
65.74822585552742
65.75986052575563
66.07096550166133
65.40875773312986
66.15286017747894
66.1844866139794
65.38958728234105
66.02568086515613
66.18227306597255
65.66736967141462
65.97322595372823
66.13274062087012
65.50960117923375
65.78670271798038
66.18871120501917
65.75032543274665
65.9952076080587
66.15591072735418
65.50525903156051
66.03117946127917
66.05466041603384
65.52678945000591
65.95491905394192
66.15499981640747
65.39893371134788
65.82777424234004
66.40032701720784
65.46372438882828
66.03562824995109
66.20831555752041
65.76788760529428
65.71143222882993
66.18502547918649
65.70308894964813
65.97105756499366
65.88418972775249
65.61124961238819
65.70127215503015
66.24360854825106
65.28761101882696
66.07416580172935
66.29598659892997
65.5422674987954
65.86152139484875
65.97748572009284
65.83588763413633
66.05134723088858
66.05475429488094
65.3965673714963
65.93328408831783
66.17214270708995
65.80028575449697
65.96141885104416
66.02064793425617
65.28426402024519
65.87439428918199
66.24740687069325
65.52945283375007
65.90323329510828
66.25237938060758
65.50108956860235
66.01209140547691
66.15625472490133
65.69337937168243
65.98500693642838
65.9974837414781
65.57485673913422
65.68314131156087
66.21296905025609
65.56349552380132
66.16047909725376
66.06342998398647
65.71876914311547
65.71696087561125
65.97401871819734
65.59072647505965
66.04441888498667
66.08775772963527
65.45042041734237
65.98639909546215
66.18914135445803
65.59735880909062
65.86101482244038
66.15653443760601
65.47880266232606
65.68776423570367
66.20786214419763
65.74156512105942
66.0080880799918
66.14981346537162
65.4339078776091
66.046404648321
66.1330408490383
65.51825098770937
65.99002243616683
66.1472868533804
65.29792769414436
65.84276409050017
66.3370662220057
65.42337260509846
65.90525024968417
66.24530758864903
65.80458910542069
65.72819929963238
66.18414556374687
65.72612813674635
66.07924405943064
65.85463117610786
65.57291395110039
65.63803396539906
66.26622145293808
65.40575946867457
66.04708800113919
66.28291337457307
65.60190369007145
65.69448123733055
65.91798071597539
65.79712166479251
66.0921605616469
66.04983200891773
65.34444212531594
66.05940145849658
66.21608662034379
65.69504011560032
65.99300739691377
65.88522724819538
65.3274468004898
65.76043345128362
66.3595421963761
65.52872065393767
65.99255166529477
66.2376304137071
65.46663153091944
66.01748996267189
66.18611028489634
65.6229645084759
66.0518245833087
65.94520467662481
65.55951626226135
65.68909693810323
66.13054802219139
65.51166722279821
66.01594029256628
66.09634263133653
65.80513738886013
65.72634960008011
66.02463765200199
65.40274696075168
66.12130099222665
66.06134995728394
65.42408284315931
65.97532951497595
66.19369614992644
65.65210926296534
65.932894447235
66.09497530910437
65.48122190121963
65.71658163343771
66.20916127957516
65.74825800633788
65.99393290476172
66.08199137576153
65.40061510653707
66.06588674100398
66.15836979070527
65.644465187817
65.96478754779889
66.07027845208401
65.39445786727526
65.83396348758953
66.35604571591435
65.42256783434964
66.07525247017759
66.23524282743145
65.71686340562198
65.75201908573055
66.21101387411099
65.72746469948818
66.03905412093833
65.82351753493232
65.59719035951495
65.68124179528843
66.24127614382579
65.34501265350802
66.08376452132319
66.34946381803115
65.50575428362667
65.65741316660645
65.85741093013448
65.84778612623323
65.95656700312031
65.99086306198477
65.37245451641877
66.08541586319758
66.21181751889266
65.66741545221947
65.98055021045666
65.88788493116701
65.24329888210653
65.86586402838668
66.2208317488253
65.52795229180774
65.91234752967871
66.1999887794255
65.39578836944209
65.9511927070989
66.11974011261877
65.72839791073909
66.05952876080914
65.85646610956492
65.53834888546884
65.7331242063227
66.2799772319376
65.50156279338586
65.9371755798425
66.10036745740533
65.73918459302602
65.79312496307074
66.02832579220215
65.51941403775658
66.05698880132836
65.98809746723624
65.39715610554462
65.94768229145306
66.24642098700906
65.56389135549625
65.88987968472298
66.06815729912167
65.44411132334122
65.6960348401184
66.02895234574201
65.7451068633639
65.98573793640226
66.10737315184299
65.40030703829731
66.04536510763891
66.17997535502283
65.49634287579374
65.87929435031238
66.01805119784187
65.3534937077046
65.83819184296301
66.28638552591589
65.36603732547796
65.88141168223683
66.21148744541293
65.73536039078591
65.65474529814925
66.2858091035165
65.75987035761122
66.05350145895872
65.81897340894895
65.59764802534639
65.69965131936418
66.19926443955845
65.31165811951318
65.91594739454439
66.24668887851468
65.58699250980969
65.7776468723163
65.93803489168127
65.82243140393544
66.04161093832472
65.88882323903877
65.32440149422055
65.95786956750997
66.21048400072911
65.72966597114919
65.82253095674355
65.87283118619658
65.32072994256936
65.78466913013484
66.1697416314147
65.58026369673406
65.82139741059916
66.19158603549793
65.35690975172164
66.00199503755172
66.11660234611719
65.68968768697577
65.80125277639992
65.9161259567464
65.62836699358886
65.73019557647461
66.2037172865055
65.41424367268829
65.92649453955761
66.0668219897014
65.68242616178101
65.77486831480086
66.01705485935143
65.33907405304056
65.96466438307861
65.96791248532816
65.47855484579628
65.81354324181113
66.21759604285973
65.51951853340016
65.91550775885506
66.0687216364125
65.41533651222467
65.72978869543599
66.16847043446525
65.74154429858797
65.92247850845835
66.07719709584782
65.4409871761932
66.01307400928923
66.10944048547854
65.55968801236227
65.82002958035834
66.08652883963576
65.31751204936866
65.83091462836043
66.26223130189898
65.3398606706855
65.96405580496629
66.20036257041542
65.6132346385746
65.78058575798391
66.1539888189166
65.77485279010273
65.9827221365162
65.77640446434893
65.67687647224669
65.64202551509702
66.30099376651393
65.23909288443858
65.98610082586188
66.27951720630259
65.46051930576554
65.71149826329469
65.96018050104874
65.82094385321649
65.86536416948283
65.91031039364796
65.42863899277773
65.95519830400158
66.24367600375848
65.7173037039517
65.88307604474488
65.97940601813613
65.24069528643835
65.74579408122769
66.1448747044358
65.6333353991944
65.83481479811535
66.2392174173805
65.28437556195912
66.09895987699255
66.10194544334381
65.60690643991525
65.93459732394275
66.02828729796546
65.47269776140975
65.70125260406734
66.15517848928174
65.45112051346109
66.04313376022385
66.00303816406043
65.77056599151794
65.78158544506638
66.02786202294746
65.4018221696167
66.10283736851987
65.89481106014155
65.44440630889757
65.78322668144948
66.26278293211209
65.56931294539464
65.9638491991918
66.14237760558308
65.53078196068616
65.77583390714075
66.08244604008429
65.71339680811282
66.10080960566589
66.01957069624183
65.41069578560227
66.13718563211874
66.07620160562537
65.56670004361892
65.79921950480775
66.00840028236487
65.27953343146427
65.77579961474689
66.27446328207674
65.40088002070544
66.02791802301171
66.05091109582433
65.57719597834985
65.74816307164417
66.1557320107396
65.68938483065914
65.9865552818393
65.85830791400969
65.55369774048846
65.5915400398818
66.2012818322024
65.32160995544565
65.97678797735584
66.27626084736814
65.55776258438611
65.69379034761623
65.90682755962068
65.68688137082587
66.01639968144612
65.91336906664435
65.4165685254494
65.89246427615501
66.16549264686044
65.74824709636216
65.88812792252138
65.94854114166472
65.22980458771337
65.77973645423135
66.19623816443482
65.61610548955322
65.81453979253624
66.22681738879093
65.30543385725248
66.09915229668431
66.05971399997227
65.71082701207183
65.77138106502335
65.9440444781161
65.49955678707545
65.6559851053126
66.30170810228287
65.42530168480582
66.00423469244491
66.0336856987672
65.70169780779898
65.7971303964436
65.9494921767859
65.40800051831596
65.97698337486031
65.95913865970678
65.50686086608792
65.77494344019449
66.21076708379479
65.46055862079918
65.81984680658245
66.14605844274264
65.55765604089129
65.6531755543588
65.95832876234772
65.70543454866495
65.93806344303347
65.95596821718647
65.30988000247697
65.97511303376825
66.09411726876861
65.62004591743957
65.74058038924049
66.00845903129682
65.413352975468
65.73375255517607
66.34675380092801
65.37433011252874
65.87924903184708
66.09815891268268
65.51109096645207
65.81025858072563
66.13712680363021
65.76703676369404
66.04719271911581
65.74950159220658
65.5026754403577
65.59470960099635
66.22038513132891
65.15743184290281
65.9324103579087
66.25933255466356
65.50937702451694
65.6204356461653
65.7734589202588
65.72720861253009
66.16352246980898
65.93148795687618
65.39735841372459
65.96838193569334
66.17347226976804
65.6009018372774
65.89971835300088
65.96061575171733
65.22807135220857
65.67227821124489
66.12302873547053
65.66143973166355
65.78141132826514
66.15100507842938
65.30807866789702
66.0476197839295
66.10167028176129
65.52988066967892
65.8739092256027
65.87499064775747
65.4789515198232
65.60047997356959
66.23215688678131
65.36514093822028
65.99129343544116
66.04353721182902
65.61073399469663
65.6588461439165
66.01608264895378
65.26398427888802
66.08074979377116
65.9637028297496
65.41806176080182
65.79447104744284
66.10068998238161
65.42532258275412
65.9249635971612
66.06630162811288
65.53344440623916
65.65903085557765
65.96769985387131
65.60315249506797
65.99545292602599
65.99622498482198
65.35675516019984
66.03196360808134
66.05336716088203
65.62238297191618
65.689018629809
65.89415850504575
65.46641025869151
65.77094703140877
66.19590651024792
65.34497703289114
65.99679335613021
66.09191260587379
65.50398453123645
65.69680296019355
66.25397847765268
65.68380705048743
65.82723310134998
65.66100871184574
65.5212667581195
65.62798976560583
66.0926520311882
65.2215378549945
65.91145609252146
66.31380656849147
65.49599262685672
65.6231677959581
65.83786998105028
65.65660834101017
65.84207182948904
65.86110061902141
65.41061603087695
65.88521087727406
66.14141214973296
65.65671843722825
65.89931697922438
65.96093053562953
65.20254361583594
65.63520341772112
66.03275312561776
65.53626160439627
65.68621424288918
66.13541567504949
65.26818574407021
66.08975646609686
65.97084563979733
65.67414490185993
65.83233748065909
65.92998988496126
65.4694595816585
65.66641358880415
66.39407515523911
65.36773743321984
65.93758685062741
65.9917161941014
65.58310797236307
65.81920954911848
65.984944569082
65.4231965705994
66.03988535818114
65.96233796936336
65.47433082313532
65.81150631657047
66.17145205270153
65.4677757374059
65.95867687898283
66.19454565099242
65.54289654772377
65.68630242047884
65.95862000251203
65.70821303675613
65.99103146630634
65.76404221193047
65.46847201351773
66.08084346203714
66.12456081356083
65.47654183580971
65.82999525897884
65.99079367948227
65.30711251608352
65.80095064306519
66.18351999680836
65.42443366366031
65.9281592798799
66.06496390361038
65.44168746283893
65.71815544802084
66.22640431660338
65.68819746318717
66.01445959616609
65.75198174130992
65.48299033067777
65.62477767287366
66.1625747636704
65.22027504186255
65.85009466136601
66.311627362653
65.55402489384595
65.79326559485352
65.87156221269521
65.66471539884863
66.06437169409494
65.902922779018
65.34562330893752
65.96022321488667
66.32168669444226
65.57072953990067
65.82188396858577
65.87806047802749
65.25735111263513
65.69208279196506
66.05640532440837
65.64462433607366
65.85853323136466
66.23968126182056
65.14063754607552
66.13261498096068
66.08958674862467
65.4955022816748
65.88591685670416
65.87238223073025
65.42431644871598
65.68526435582368
66.33544286086318
65.3343427059621
65.88795436189673
66.03168571345216
65.50845770460666
65.79149828679658
65.9785194598548
65.30949526491128
66.02153580257226
66.03619173365738
65.39989784616496
65.69549500845841
66.09684796231033
65.44382284037825
65.97341669596184
66.14303350179628
65.56561683253813
65.73667182535038
66.01816234115566
65.53608788085609
66.0784459912087
65.83400923489289
65.42810384640983
66.06194371855632
66.06767933565062
65.48827201432167
65.75518554380984
65.86016569833942
65.36628419545595
65.73137755867327
66.15811621959874
65.46665261004091
66.04143951713706
66.0378313216731
65.43888825449855
65.76586650458539
66.16625560137027
65.77435936377863
65.96326847114364
65.73794447385855
65.58523282054767
65.5447313005627
66.23075538964189
65.06046116084966
65.91268827574694
66.26995805669733
65.50553315668476
65.72058419292401
65.79395600110652
65.69093102253728
66.03411306605322
65.81314643733528
65.40233414274456
65.86446396146046
66.15678393003866
65.45790752756118
65.88290632310874
66.07887520005661
65.30636613469207
65.49170367774633
65.96041702969652
65.59221395487329
65.74072709859327
66.09425937825375
65.32403885120567
66.0714288639181
66.11766170612482
65.65308370280127
65.69910700259368
65.94727384918569
65.36696228683995
65.73812368338953
66.38714760624029
65.31913393184597
65.99411846195048
65.88188364699654
65.51547674455796
65.67764236058655
66.02386775956262
65.39708397243746
66.04604330193587
65.84048279644169
65.41679253003889
65.61003114382032
66.2160709944814
65.30810442860695
65.904493401254
66.1388363009384
65.530774667659
65.54513937963287
66.05491746558535
65.60438121977519
65.85501450775013
65.79786863013808
65.36679494386385
65.88366367175662
66.0552246274749
65.5173079718733
65.7062106986724
65.87282567754673
65.20532706235255
65.65129016873841
66.18060749493885
65.37517518413557
65.73619888830306
66.0626137211297
65.28529985006693
65.8278547800012
66.3423823758282
65.78884810452732
65.79426108572994
65.76602271171646
65.41523564170735
65.53521135878296
66.22056366433983
65.15367385544633
65.88396304114826
66.16642151796303
65.4579064000227
65.6445827602581
65.94486511689932
65.54362327515828
65.97771423690475
65.74436385372152
65.36914884010669
65.84853460142014
66.14484746032318
65.46492949228796
65.90319604345243
66.05408250159444
65.30409944316129
65.57540658812097
66.15649795110356
65.51639924087164
65.74147995746458
66.12422632973572
65.1985856385939
66.04427425295128
66.0114312160469
65.58691592192947
65.66658916145693
65.94862078599542
65.365846631128
65.62291089907896
66.34216546651473
65.4263822707269
65.76760025206748
66.01064606739097
65.45655376891513
65.62341162155542
66.03058600312124
65.33234231662165
65.88504950161648
65.81942285999952
65.4275156521614
65.55438643561435
66.12056949467934
65.24445592023602
65.90313236896272
66.05596266531465
65.58280785050673
65.4117279635296
66.00037254224283
65.51583605571483
65.839252296769
65.67355207574268
65.33506124511625
65.8465990040026
66.05319581683422
65.52382114789212
65.75949756983061
65.86096437883093
65.19888316724801
65.61245428539775
66.09993337365079
65.46471438723644
65.76398379071118
66.00982696495622
65.388754283036
65.83626588457307
66.12624986579168
65.77612394029505
65.89358136719925
65.76463747470592
65.40849069284319
65.53498777042351
66.25244644991172
65.07942597337501
65.87373543932785
66.12631232075054
65.44803391832893
65.63704139656504
65.84720950206032
65.57665785729247
66.00845121272837
65.78489536529447
65.47863885925649
65.90615301261448
66.23567108480422
65.50688340063566
65.8536079159106
65.99039646213993
65.23582324555284
65.51365893126594
65.9936491612018
65.60371341680657
65.7725439231057
65.98737898573157
65.33142411867026
66.05094763473348
66.082367592921
65.48760748694062
65.80742570051521
65.98010994417825
65.37574140752184
65.66174247689435
66.32165338031639
65.40339282229999
65.82058016721966
65.96281745178445
65.53103411322793
65.6463781102359
65.98186504743013
65.2957960599007
65.9367013273483
65.91696169149516
65.47559616504634
65.75834021379399
66.08909520552594
65.2302856800992
65.94751097301291
66.14538891979274
65.57602543523886
65.5237898836644
66.04845959045743
65.59854876467904
65.96439903271782
65.75734888534426
65.46013858702204
65.86891259821431
66.1402892384959
65.54451946965771
65.73890303263006
65.83836493730023
65.205838155053
65.59824633847737
66.1558029610891
65.51764926273754
65.83338506551902
66.03386105472633
65.35568298054801
65.73761781077572
66.22922676812749
65.69520772923588
65.85505170683558
65.66266567033303
65.33993763772746
65.4732634381757
66.1629981743946
65.15656381699569
65.77688995013703
66.20284238957429
65.45463066918414
65.72498475653002
65.91838200038869
65.59071112146309
65.96053429375988
65.7247321186123
65.3739009007965
65.84823472102613
66.14422026797176
65.44998225789261
65.83208077128624
65.8812522609336
65.2427663525403
65.52961361938769
66.01930767066217
65.51076802925297
65.75705476225632
65.97830995331674
65.23138435039209
65.91327163133288
65.99574552661039
65.57919613402466
65.75605801040456
65.91388351885773
65.39183421558882
65.61794689512564
66.37169467878648
65.4407683021747
65.82178630627364
65.96490318168064
65.46494392449871
65.66893787858119
65.9974020422258
65.38351482053157
65.89817974624027
65.85279798647005
65.47258092194322
65.63509765652515
66.08414182851827
65.26834471316118
65.91114422405026
66.16070239239421
65.5970567847372
65.43205211464283
66.02348862775162
65.56820522839017
65.87000629717019
65.64804688460815
65.51278222623839
65.83502134544561
66.18377800279092
65.4072760356652
65.77704610801005
65.82632078297172
65.23715516349586
65.57954848918023
66.02043951668361
65.45232909522547
65.77725067301864
66.02963433545408
65.35722488033066
65.69199252962412
66.16284967639453
65.8341228724419
65.80815494965857
65.73466840637063
65.37257876969903
65.45236915417655
66.25030758961057
65.13905059745888
65.77411562963803
66.14806365366944
65.42547462365756
65.74720510245959
65.9274167847015
65.55883261697376
65.90795382678156
65.71322875351515
65.4293114019562
65.78856158273908
66.18029290638313
65.44176134619691
65.87091870929672
65.86871707879529
65.18102043245646
65.55688485722222
65.92061392423115
65.49661403819692
65.72907880774673
66.01353341453321
65.28231025994758
65.94114223581262
66.04582631498783
65.52751785456987
65.63916646690865
65.75076609351862
65.34887106674148
65.6288293106257
66.28596715095067
65.40140445425376
65.77725289499695
65.94534225882882
65.48268441361411
65.6528527066317
66.0763186281246
65.30981704337545
65.96164625902387
65.86562573697839
65.38262539618556
65.60464667074896
66.05572612964204
65.2871896523148
65.87250048721997
66.09313537777726
65.64783433694618
65.66020825148051
66.10000365818644
65.46345046151289
65.97405766033789
65.60664539802045
65.45237001411354
65.87326214747976
66.04470504395577
65.40405493471799
65.76586387312237
65.76371452850374
65.26199389645663
65.60945613048757
66.09548507460119
65.53310123227689
65.86202965095768
66.02765419057206
65.41223575058473
65.69355796154133
66.18589054825402
65.73147141476448
65.78469071485513
65.75691544969284
65.37997943318352
65.52149037109358
66.25743982173121
65.17124664628422
65.8096252488205
66.11438809855072
65.30497161783897
65.74202896567367
65.92123155623167
65.49373883787321
65.95194251680952
65.69523677366124
65.47866119344613
65.73911602575727
66.12455936954743
65.42835557430502
65.93398696330961
65.9271874046563
65.25353945552543
65.6200633001693
65.92651031453376
65.44364462733094
65.72239751361347
65.96689998145172
65.29239626003807
65.87334711081049
66.13220696314876
65.63078457786362
65.67672708896984
65.75250295545014
65.30479333413668
65.58154541827675
66.22873739511999
65.38274691814202
65.75513234753974
65.97278087114553
65.37364860127988
65.60270385526366
65.96060737299346
65.46920876664619
65.92150289421508
65.84133606633256
65.49129896799822
65.58539256494025
65.98480015267666
65.26665572873293
65.90081030675735
66.11655336786798
65.58165350387176
65.59366363045257
65.98470849257654
65.49761440653994
65.79691370704766
65.57660486561231
65.42180620684205
65.78507581192949
66.01675133291914
65.3249662170473
65.78054439033913
65.90172581649094
65.2550914809116
65.55929554262978
65.98228789274077
65.47473603397987
65.74076613057139
65.9302568055889
65.24740740711147
65.73809368965621
66.15784332865229
65.65438502976497
65.74141859332977
65.83284721359313
65.29566837539339
65.5334092200708
66.14874223504262
65.07259272772124
65.7730437699372
66.08414913059306
65.37462742105527
65.74130025440984
65.86838042533734
65.4690813961206
65.94637767787916
65.69025964427806
65.42068202843568
65.78155414897991
66.0179492604989
65.46051883152559
65.81061512419889
65.90577291547368
65.33202454230788
65.60191285782047
65.87779555730404
65.38890702655938
65.80033393875286
65.87214262214712
65.30423303339136
65.97833147550774
66.09751884376118
65.58378999611973
65.530056036311
65.81491152492195
65.16728900092905
65.52272521920749
66.1782092499463
65.45362201074799
65.70919082892058
65.89743237062169
65.33054466424257
65.5895208745684
65.97298256611718
65.28126226644409
65.83432846146846
65.89520422546106
65.33985781339999
65.50960406658461
65.93964086818255
65.24953522099673
65.71736395932469
66.00473226125466
65.65173739547427
65.46786330148825
65.87061879646012
65.33798188998212
65.8195967460853
65.55543255119383
65.31747638723394
65.79382318074134
65.97540483934223
65.34571942870554
