19.470911282509267
19.303347876717076
19.344775741437044
19.216677491773503
19.228379865760775
19.11299578771398
19.059522813559752
18.98454881595895
18.88468061480213
18.818195129580616
18.70009160582551
18.621097020895707
18.502128986867913
18.373702057249677
18.250284569916268
18.108243528737972
18.0039656018231
17.783836455779067
17.703079175903124
17.532762727229162
17.434640786857617
17.25994461457891
17.15734852363874
17.03893794583103
16.87520369006553
16.7426482238589
16.619823837060018
16.479823378467167
16.321617534355592
16.177595545257027
16.091421545359324
15.946187180084731
15.865259244946785
15.717055475468356
15.599070552928456
15.516325590096285
15.3780056150243
15.266125375841323
15.139625254073541
15.114979000140028
15.01668932470692
14.905615169864172
14.865029646871793
14.766131744806481
14.727372720197991
14.624274752938918
14.571411376017613
14.49711606738044
14.452182640687742
14.369582820717069
14.319936965071806
14.25320403730946
14.176605275940902
14.133358537482193
14.112871341298748
14.0570418226895
14.02324153051312
13.98060199125649
13.963171863507409
13.92261057179306
13.909728240869882
13.888471812288225
13.86728638797039
13.85614193398171
13.830658186016207
13.817233415746804
13.83220597804882
13.787500646017602
13.82385329118719
13.771096655137676
13.79951547985219
13.750671596760574
13.792440210762477
13.764031299764198
13.766970816849328
13.738696211074194
13.758609812896069
13.750005671678375
13.778826746786992
13.74333237614161
13.787649702399232
13.738596122720717
13.78878948785347
13.722897320811269
13.782596932834094
13.747625200312095
13.774847826080153
13.751984214450843
13.770842599164494
13.753973120305286
13.792985054307312
13.754741164998391
13.78723586449898
13.744343203544453
13.778911573427402
13.747284035692925
13.802901193927374
13.786434351182608
13.780623188125722
13.749360846807962
13.80365112428577
13.770086875446722
13.817869116385832
13.766024481810453
13.803852924294867
13.761348130691706
13.831908949919105
13.779387349067646
13.821720872743729
13.769124549607174
13.824679682511597
13.802730803772281
13.820835516578555
13.801086061451235
13.816613940395138
13.804622720274782
13.819905519268344
13.795885296035912
13.853192368781398
13.815291419979863
13.833708001076742
13.799656380525132
13.817961454399311
13.826057404765516
13.831230874489755
13.815717180260995
13.820424427955531
13.77842910425921
13.845796616750366
13.825709633354489
13.83692357818036
13.8160096334199
13.833026931199676
13.806379566730872
13.844763492174339
13.806166243976305
13.817218796426378
13.829313869908754
13.878713905257205
13.78510682127334
13.862301954833033
13.8076535170268
13.865912538318897
13.814408291257005
13.83561238929204
13.79367293623818
13.87678578856595
13.82127543740061
13.932090362877002
13.801277559746707
13.903834783901743
13.817173519387495
13.909282976289226
13.77695697790498
13.888245067271193
13.786072983949174
13.89883303860931
13.793087845133607
13.92349354638918
13.784765710063537
13.88669487230468
13.770395693715926
13.85444788528359
13.803077418607199
13.878126067990742
13.793808311076729
13.874204591350306
13.7953740542905
13.877386034517924
13.801165246248015
13.867099582385073
13.773825721826269
13.864741451734055
13.782155935664564
13.887534726211545
13.777243433934737
13.913821702560135
13.786092595512919
13.899865250231416
13.810681613918273
13.86862111537673
13.818718758588627
13.879852045301478
13.811516583046064
13.865295309455982
13.798115758996495
13.89931830174644
13.812270922110226
13.89683895807933
13.78147537389594
13.888103847540348
13.802776427047318
13.84473764530338
13.767816054469229
13.858164707678824
13.793887486896256
13.870424785688108
13.797631708226623
13.892968126583115
13.775595967455299
13.865169245793354
13.77035899394188
13.833978244390316
13.751423479556012
13.826253962380825
13.774875139920184
13.861627798908255
13.763882757951084
13.89119601337001
13.786966725427082
13.844292646858543
13.79852082032932
13.842952274014655
13.767853168903402
13.856149604985212
13.827988186466058
13.841202633391516
13.788781067116716
13.837847538094481
13.770418349765698
13.84748408189133
13.79578546309569
13.843428195995502
13.769197474751035
13.855071915107361
13.791001192385192
13.880829037351724
13.773553836094976
13.87945862250372
13.79526592749054
13.840531746530518
13.806134697820594
13.825025581742972
13.789230760280494
13.835903120905009
13.79220744058505
13.847751956584167
13.78535140267416
13.87902055362102
13.788168639135405
13.855786554538636
13.782748464277704
13.851410680113338
13.762126193892215
13.905845634523203
13.827259556896575
13.891648917988464
13.810404200646058
13.852518094900931
13.815529636010337
13.834903371101598
13.802476340556392
13.835470987546975
13.76707245129441
13.874480784025092
13.78006613406109
13.889483694528058
13.728939670725268
13.852422244868922
13.77757433573881
13.859887798130133
13.801928081721115
13.855804509794718
13.796296101522044
13.878470887887996
13.815589721310499
13.861938101182348
13.810175102819557
13.849324970607864
13.794723850094995
13.85551729479375
13.766592566969084
13.843875086237718
13.756108435807185
13.9089916121187
13.740905129638563
13.880846040421465
13.79377849700808
13.85302335918281
13.797693442590372
13.834386015067654
13.79814677839718
13.809484604312049
13.780333658117176
13.90024185271315
13.759484704634565
13.85428876510305
13.793862389459324
13.84998409979136
13.7728587031282
13.873132319704634
13.77944396778041
13.872042609239372
13.778857481114683
13.91345178135981
13.783584290057858
13.833301534172772
13.826041211941313
13.804400077845264
13.804543043601852
13.840781285488102
13.759139331926333
13.866703008060535
13.769348461147127
13.909079783805272
13.747153529933092
13.844574716783315
13.795446958753697
13.845461793991879
13.788644112460206
13.84024072561849
13.781881821037071
13.861772952124566
13.785478220226407
13.830596990917673
13.782985172008482
13.842429116927555
13.772459063368663
13.888245926151505
13.778323418689407
13.85685760451454
13.75904579989674
13.88101589011949
13.73894243407016
13.892184056947707
13.774686493446051
13.854355391769088
13.817041317032427
13.833520017787553
13.802051966487214
13.818508693477265
13.789447361509158
13.864098948231593
13.763201741538763
13.899597627796918
13.730210509883156
13.840515395215919
13.749897833734353
13.84189466268863
13.769968062596341
13.876459474926524
13.806625681099218
13.874609469641495
13.790384330358066
13.868187306822593
13.773621495313538
13.785856917915433
13.773720884941174
13.827237959412617
13.789550335827043
13.8443668229228
13.759579109574522
13.855362820240579
13.72964030883622
13.877470418624036
13.74864457291765
13.848985848467207
13.757734229898261
13.823504472989578
13.787840955139588
13.839444276233317
13.786116394455362
13.82535921673616
13.77074292413004
13.83539511502138
13.725447730195212
13.86115768135664
13.726335175208325
13.840112770251313
13.75724662470644
13.859843178114138
13.774870874296715
13.884752380858759
13.749999904471244
13.875130263715592
13.77410733175802
13.80564011746603
13.755091656946002
13.812651615977343
13.753728266761916
13.83666295865255
13.757587895765857
13.842181348251792
13.742053717569537
13.832835544324116
13.719735352642079
13.844163744874084
13.742260124668578
13.840636467246373
13.751854221120432
13.823183315732685
13.781006283455225
13.844682608523042
13.756299750271639
13.792642803286132
13.721832293991381
13.813516097753366
13.718061449805486
13.83793277566314
13.725440155534974
13.812250810118863
13.735895031429886
13.850214952008947
13.712543665729397
13.849798642086657
13.744930311599264
13.82668658178945
13.728991888137216
13.807956950819179
13.747414726477315
13.812056013412912
13.750509503682602
13.855686338390939
13.713752484576784
13.845680939042492
13.715888751362387
13.838965984876062
13.708908206761011
13.83588292902779
13.726997106299656
13.872108545122613
13.74689934426755
13.84746718986792
13.774004886150166
13.810831149362585
13.722664225608717
13.798380263211781
13.735812249836533
13.826220806878345
13.74850788331428
13.889763797587594
13.72700655046267
13.809080086008612
13.71314572022204
13.776259538667087
13.712560199902493
13.841110877162613
13.741523207324077
13.859468139667158
13.766191058427998
13.845281283074021
13.759697372059165
13.793937256470375
13.741627441559658
13.798700589708949
13.719424036367078
13.831273773975997
13.701648665024873
13.822765844783342
13.719571963891228
13.826304115411258
13.715178291155551
13.818643923398154
13.746862836223823
13.820664720115879
13.74862836786897
13.83134627208336
13.72735312815307
13.78891576904813
13.741498341357197
13.81095797268701
13.733766963496008
13.77785419571336
13.721803718451728
13.78467831071659
13.711932105641706
13.824284030655088
13.706528275965788
13.825714033481459
13.736737703385677
13.834835473318629
13.748709411203658
13.80476738670601
13.760996836264345
13.778072562028154
13.728265111824756
13.79870193359117
13.722213054249487
13.791563922802132
13.730475453330438
13.79139751705868
13.722114147473933
13.785737591649537
13.735241460920141
13.807371834245178
13.718291286101088
13.782514397152271
13.75364549236755
13.832096524791055
13.741575494774981
13.774680782860216
13.735232324146763
13.783795913364987
13.733068734481652
13.78639975249375
13.700208542797837
13.79055461476726
13.738663026557491
13.797967849480477
13.727531677673984
13.781269366390323
13.749977790514642
13.79286834612713
13.751947010638391
13.773308690507262
13.72977231933562
13.77843555061222
13.736824715427494
13.79265165340131
13.725580877051538
13.745490288891576
13.720603715640419
13.73977289858114
13.737534780546392
13.773644802815435
13.695034570187415
13.805096759452706
13.729130177181798
13.785443537471457
13.751296426886881
13.783191986604201
13.728724450251235
13.746948802910115
13.69736582173805
13.77015030946984
13.700838575318201
13.7967734956804
13.722140207713045
13.777247727428819
13.741931660430186
13.766838693957213
13.74014477225874
13.781870510527812
13.718063235851451
13.79830494455444
13.711956717230303
13.80107924019381
13.751979741529155
13.782851989196345
13.735474909260454
13.764924086626165
13.720260978325966
13.754529696699198
13.694143673131844
13.788144132293677
13.692214231569295
13.815174185136287
13.727265454663486
13.794213100395067
13.750487023641954
13.747730634088326
13.74185514828027
13.78617264117755
13.713487559965952
13.783527575585737
13.72384991213107
13.780876016971627
13.697624532805452
13.742932690087152
13.708939710147805
13.758718353314666
13.730422782978945
13.780493806405996
13.690946168621043
13.802981480610788
13.70618442300182
13.822452515234273
13.726255414172044
13.766999539796362
13.770706042138631
13.745799362271374
13.721598048199407
13.784129135009088
13.677923056973391
13.815235344370747
13.684298778391868
13.78175361771124
13.712223494468077
13.758239297004774
13.74171786998925
13.74909007318191
13.734646601486896
13.777336755306038
13.705868165580451
13.819243912546897
13.722876672091108
13.754642187770118
13.73060162413196
13.766610987462752
13.707341601330675
13.752549288098177
13.672517493013356
13.785643441102957
13.668891171672893
13.811887868924412
13.703778302146008
13.788833418993603
13.746525464275338
13.761836657857652
13.76395944277436
13.758881049431444
13.71735122353149
13.795098372757671
13.69420239917768
13.815056535007713
13.702370830287526
13.768657981243495
13.695093158920669
13.716754979236471
13.703638898190086
13.739391858830148
13.714582054542594
13.797457222524734
13.684496312550468
13.779944871581632
13.718951282681783
13.773707693935206
13.711850111238679
13.736888295247251
13.727039779805335
13.752842793431144
13.669283074242678
13.81144234865747
13.662157881722058
13.773199976115212
13.70159772889483
13.75644274768047
13.733208584476028
13.730735756118053
13.762499927877888
13.781288336967808
13.71534191950958
13.785811137165608
13.709926267579522
13.769599489621385
13.710336456088493
13.77545077014039
13.701562827054136
13.743736572020735
13.709224466788253
13.788291435786082
13.672388403010299
13.84416603975038
13.706599488839627
13.804038298113815
13.720543086830972
13.754133116863018
13.733830352620103
13.755709555294422
13.723668793651457
13.738949473836174
13.689870520783181
13.795577441832418
13.67847829828432
13.775975498916912
13.676028937499028
13.741920171060078
13.700947896721946
13.75628256095859
13.724441863032723
13.773669244550701
13.705833934314448
13.817550242261685
13.720172973734305
13.783746627311016
13.750355671751068
13.731642257962056
13.709248532469866
13.756954557593685
13.686614147855241
13.782999060586645
13.674630978924478
13.808167863327805
13.68981767419894
13.758417896742033
13.707817981722068
13.750662156719208
13.737373402501046
13.727176831947938
13.721098230388243
13.767777052238245
13.698984758758655
13.756788112656144
13.724486477538983
13.748637202652734
13.718600629382262
13.724624456222315
13.695548210981435
13.733200732155952
13.680986250619158
13.812402211649715
13.680766354036939
13.79131947103536
13.732887316040683
13.785216925836057
13.743262607502004
13.735271950472104
13.735246743566487
13.728942263278466
13.688131900220913
13.793309411588675
13.670293441294609
13.756007480796109
13.680252530106003
13.712344258930546
13.67638879613657
13.723999660386442
13.710311237428863
13.777603243757985
13.689414847023373
13.773882288727231
13.697636920410906
13.775760556205464
13.724432684010385
13.730709163045237
13.74004871582702
13.74512272117579
13.684608040585008
13.762410987169693
13.666819413711615
13.781626039157878
13.671757359656695
13.77885996264915
13.704462956283244
13.73212658167193
13.7476912923262
13.72567188631454
13.7153017460856
13.76076762505283
13.708860539880037
13.77707375850098
13.704309019324892
13.764826684752235
13.695688127742557
13.742265963439495
13.695729440382529
13.712661433593599
13.667006091038933
13.776249101897017
13.676699768704179
13.79218770511879
13.719801299462386
13.754729829768285
13.731075212643375
13.741750474454303
13.746935402394532
13.720522810451264
13.683433016842844
13.765276815291529
13.676630002288706
13.776507205432836
13.65818485691178
13.769723090421811
13.672497530347169
13.739098872941167
13.717213232624259
13.709997923630848
13.680713768577384
13.749269170797355
13.714471946141764
13.767465616406646
13.734827502591099
13.72797228004125
13.695704505549614
13.749757422306583
13.679273841973941
13.781928908446996
13.650547451303973
13.774065052975278
13.669039890156323
13.769532675890574
13.68155334259699
13.77330348440565
13.714686697042179
13.733107460445568
13.716370118482965
13.734254218331028
13.68866532380374
13.753480595741287
13.707596783883554
13.75745769628601
13.692281645003412
13.74899252075792
13.654723561489211
13.743707307673354
13.684697667761949
13.76547302931667
13.676855630742594
13.7682196326725
13.717796554650226
13.74170654152052
13.711579149285628
13.757674038548382
13.729831173254455
13.736853521230751
13.685574289013397
13.743384351586059
13.666785353005942
13.749995190829276
13.665729390832999
13.748823292112744
13.64439622620792
13.779001046247213
13.702911919119472
13.737337810962648
13.695312022650048
13.722619590119523
13.6939333832106
13.762660139670405
13.702913057779552
13.725886788170056
13.717516612879528
13.74538798510239
13.658364431084548
13.752769404308546
13.668589787584898
13.744362096486578
13.647024865542964
13.802058746750705
13.674236516765486
13.754718158979614
13.715457893144253
13.733129543030524
13.707429406426957
13.736043831340032
13.690966932069907
13.737170963600258
13.686631143638914
13.747196963804523
13.680004239868671
13.739246104543213
13.675312063356
13.752948396141035
13.66567773129779
13.75506499331068
13.667627828027198
13.760071190789105
13.688561595565206
13.737749578989803
13.724916076890198
13.773709982554749
13.69471867651916
13.701476480239087
13.688194472145787
13.684646507053852
13.6448890907657
13.735950512666811
13.652589402270582
13.73943782286833
13.682690611813383
13.775724887581244
13.694847690478149
13.719093477940444
13.67901755598311
13.712643238835783
13.687627307631317
13.759448385231723
13.718386228762697
13.738488782635303
13.687242023126768
13.74433459898313
13.670758802831774
13.74823018502197
13.644534127843261
13.733303203896062
13.673232235006024
13.760036630645134
13.665953623267182
13.746722272533148
13.697579843171889
13.713626857699552
13.737100075269463
13.730972019640644
13.650007292488006
13.729852061449305
13.677033376416135
13.750944723784828
13.6559295150393
13.733880906028848
13.6556528961472
13.755713381793399
13.700935617911837
13.719037621484588
13.653614203523055
13.758905154459587
13.673578124077505
13.714739231190297
13.697783606341522
13.732924109995276
13.722041643238091
13.756638508197131
13.675235816307934
13.725609031330649
13.632686381553144
13.726264524094262
13.645053291191234
13.737614448332671
13.672197207690054
13.739078449192263
13.676096033849593
13.733652782239126
13.714575239647132
13.666195463837981
13.672066425580523
13.75658349133947
13.683246441927785
13.745348165101278
13.707429397879874
13.70253538905397
13.666032537144403
13.723519217163792
13.652264944336961
13.735850634210495
13.641104027119546
13.776814869697457
13.665080925086631
13.721125418662025
13.682181072969716
13.699481311856484
13.700823021159401
13.7164500371559
13.68804954393134
13.734459655609276
13.666800152164413
13.749609323548414
13.628120494001601
13.725631226148323
13.649438601199225
13.73736556666637
13.67200727825496
13.754028313487924
13.678454533453003
13.737945844680292
13.678158223931307
13.729122350735707
13.688862039236339
13.7564106071595
13.707198744224263
13.729942022186368
13.701778075541872
13.713240532887303
13.640646233532655
13.714031444862515
13.61866791176415
13.729436090413662
13.668732695439036
13.73920501656103
13.671695979826104
13.743777494889185
13.696232063759794
13.673445101471481
13.65707904603795
13.723066871873794
13.682422849108795
13.745187839229965
13.672615324010776
13.74396418941723
13.65971701708772
13.73189848491103
13.650760272069176
13.726399980846491
13.658332669750951
13.77060901936612
13.641470471985626
13.766666983537615
13.685606246423786
13.690128609115408
13.712230744530082
13.711384224594338
13.682939522938229
13.722463408153395
13.662998393027515
13.750899366095432
13.603413248095332
13.739189780761048
13.617664575397441
13.722816056117347
13.669566100530322
13.753916757915807
13.680278315140827
13.710239853186277
13.664027320857533
13.70064792729097
13.667961658084321
13.73899008805468
13.705394450837908
13.754621523743253
13.684633542443965
13.749634332583964
13.631589509451915
13.709939279064479
13.598837586713534
13.778961935728677
13.661165990742829
13.773355717526234
13.670917373299284
13.73316081653405
13.696936789554105
13.622494501834503
13.674470505003091
13.719682701034527
13.659383460676638
13.760596165312895
13.67729723431206
13.748699905082624
13.60507671960858
13.715078899355131
13.648892882515968
13.729972957147181
13.637979088052646
13.771499997607787
13.651087380887038
13.748298676889721
13.66141112439861
13.701819370216143
13.683635679822183
13.696405796049927
13.721847597023022
13.721147216883232
13.63232331511665
13.72996930928997
13.606785297835215
13.738746909177971
13.599421778891754
13.724891291747184
13.645019140732957
13.744839203128741
13.665116301980824
13.712766803506112
13.665982850259006
13.692565449712335
13.66365869033885
13.732138081101528
13.682838199908275
13.725058954391494
13.684686780812779
13.735129832538547
13.630469286726186
13.715099739600024
13.592446037772376
13.71744803359116
13.640276157112842
13.76115337822084
13.645226861721351
13.715247730904231
13.68400138701345
13.653984561058829
13.658094077305345
13.688119156940934
13.65489855980453
13.748756442849972
13.666731489558032
13.75240186653373
13.613708319915414
13.72288273874036
13.605352831766847
13.71646143513807
13.663460901533574
13.751351990386969
13.637995236551035
13.758479679569085
13.666770191547604
13.696221260150185
13.670887603987943
13.709310831527473
13.707292060937304
13.718121170599693
13.659442299403512
13.717817454151334
13.593478500690264
13.72846080940481
13.583386427914034
13.707734799599706
13.640152481167144
13.748482119156996
13.66830053229651
13.68969498867358
13.647280361859355
13.644984131574477
13.638793558054093
13.729991698808226
13.680831877154848
13.733178896618336
13.696014580577609
13.748888478769212
13.621337132262308
13.697670052705712
13.608574341096325
13.739957595260515
13.634442656127638
13.756802795533861
13.655847514146554
13.719977724585132
13.655932781404806
13.655416947461514
13.680842109871778
13.687034864442957
13.641658524179592
13.723163526988959
13.648985309762175
13.725509794902806
13.592691568269212
13.691428777019864
13.618325382097806
13.727512846694522
13.652479362819793
13.71503321387188
13.652384743750357
13.724338994405722
13.634076006900887
13.717705084205047
13.645785476811707
13.698603733687909
13.720065193867589
13.738007798672092
13.64402072355249
13.678748287010345
13.614136104460874
13.710053919253076
13.587882646626236
13.728887282304568
13.611251567791705
13.717907506712342
13.664672862993264
13.71681421174128
13.679824553225933
13.657574581709177
13.650050307447815
13.704998724060758
13.656403588109317
13.72416311135683
13.6555853634245
13.723025062723458
13.641330414271893
13.705269559973729
13.613699721732853
13.680204663269414
13.612411106115058
13.753707621291296
13.662740976032945
13.726761473297392
13.639189560634726
13.682634302120698
13.674032038379814
13.66191649896768
13.660320007454544
13.710544680906139
13.635299979954725
13.733459764822374
13.597960159345353
13.724251585637823
13.572658497989236
13.712049523145176
13.657601437307484
13.699745997949154
13.643892309693848
13.73641686572612
13.64664261886222
13.667263465758051
13.641002562273286
13.708638454318267
13.670470124415056
13.739884342183242
13.679306350607666
13.700382723368355
13.615148673892476
13.681590766043502
13.591609299544853
13.725498893793054
13.629534411877069
13.743040194567211
13.63931328776983
13.693589058669085
13.695518017665613
13.618777246932286
13.63833355951564
13.698771907076125
13.683807673520135
13.76013279722037
13.66503439852188
13.751157452935741
13.60631637451129
13.710037256831013
13.624639951665166
13.691540949848662
13.611218178531391
13.752232222475373
13.651582467395832
13.698432447609061
13.638568862196765
13.66873751118005
13.666308359029694
13.673961003140203
13.65071851582894
13.671478088661388
13.643634638314952
13.704126016827168
13.586110401283058
13.710268490359779
13.572877388803613
13.729257642150225
13.626203211496724
13.726570688535375
13.65795407394424
13.671506758973257
13.635069849531213
13.699751583106242
13.647672397497185
13.699360537941658
13.68387712323408
13.698066571214158
13.648038484589943
13.70958824058292
13.627974937693764
13.688717398935074
13.573749685257122
13.709234899599785
13.623211830188726
13.71886853954726
13.63184778269738
13.717924129645178
13.692803152760394
13.625546089402976
13.660156633136225
13.66863723168391
13.650177290163592
13.69785003959489
13.635495007878399
13.713729210665145
13.622736484148456
13.731276002593976
13.587992337476539
13.687940593832217
13.609679213725427
13.738321066185033
13.654350794879221
13.716435541501049
13.642924565969846
13.669375050400966
13.652516772717052
13.671267301475236
13.666905764318285
13.684507204959816
13.625658683231283
13.708227289709589
13.582531755142204
13.727847401348733
13.569465456268935
13.689635141416636
13.613653161248626
13.745565607542666
13.654521111170606
13.684145395358147
13.66520771429505
13.652514111450246
13.64557762172317
13.704540549263447
13.662174307885154
13.681922469556289
13.669784009039745
13.716018883751412
13.616111151246495
13.669353777635648
13.571961524880955
13.697903078791096
13.61533036469657
13.721695872721144
13.617195480619488
13.67073468876926
13.67418868252223
13.631733087271602
13.67270007874109
13.664453333464806
13.652692704931509
13.708309787641824
13.629365591503742
13.718241402253543
13.603371822428139
13.718120599943875
13.61342166234084
13.696529903955627
13.625512876606708
13.702663756108974
13.621340101324941
13.706360979872056
13.64386927526085
13.665887529129746
13.650697773556132
13.670634305684846
13.650679873331162
13.680148675347612
13.642947626261966
13.669256575985468
13.574827374845636
13.708203213261694
13.576234861911356
13.705849460574354
13.604034011654624
13.722163861309863
13.658666252723915
13.64916039709752
13.653186239258488
13.660089487141311
13.637015203179637
13.694507961504476
13.646933369582847
13.701420049847576
13.642510414696389
13.725655848066175
13.634615257800629
13.705274037968634
13.581654748154042
13.691650172806717
13.605214968053748
13.7160212551534
13.619242951510271
13.702810244744782
13.64949206631346
13.634761910949827
13.681775824760916
13.652406865171786
13.607217684428546
13.688725245361196
13.636931760142453
13.715368953355112
13.603627999194611
13.710521032465108
13.589371097535071
13.684710446042487
13.617911953677307
13.685486766787328
13.613931913612948
13.715987631009511
13.65958942541605
13.674158102680966
13.644349200207952
13.665318380824592
13.686430662982849
13.686218354543847
13.612413144634251
13.686893270736666
13.593298921627653
13.687826704230224
13.567310993107196
13.68580507797697
13.588525696021827
13.721089843965496
13.644770247753423
13.663454680443538
13.665514529407782
13.630668397972798
13.622801481955786
13.707790690975434
13.657735750412037
13.690319995427414
13.657240696539258
13.689489745996452
13.59644554681593
13.687287480685342
13.60266805646331
13.699774320331896
13.591165266768355
13.740890479839164
13.618842740079819
13.669754480619881
13.658010535331762
13.670763603220445
13.692610226365657
13.631497527957565
13.637363560919107
13.684355596440183
13.61430931476274
13.694414243563036
13.575906259612504
13.71254342642757
13.60102295716229
13.70854877207293
13.63604856413009
13.682685007333363
13.616161552512114
13.697764079429803
13.635003056357784
13.675872757657134
13.644597356770426
13.668973985647371
13.672995493126967
13.689380474014598
13.630213771160681
13.641877853651064
13.591323274364846
13.694812674380499
13.568563009141865
13.696995225833009
13.593300307665022
13.677897444583465
13.644675142186493
13.681333128929948
13.680329163974182
13.620066561467778
13.612573220196559
13.687415891043843
13.640885821154612
13.684390090467492
13.632072125975077
13.688047144490834
13.621208046610754
13.702222996115012
13.596394216302027
13.690073065697856
13.59203521350957
13.725521275088441
13.604680150700434
13.682342849502685
13.632928997219569
13.646932743684832
13.676132362969588
13.642572655359672
13.631020555195859
13.64912069010123
13.619523872630142
13.698103039044868
13.578702160629415
13.691919377348665
13.5729933042791
13.68210245632769
13.616138448383238
13.674791123564432
13.636762992356706
13.697012950291525
13.623899252289117
13.668144015490594
13.626906074308206
13.650873765174815
13.668575955679943
13.67882272333283
13.613261120940821
13.676049726266326
13.606387482091199
13.668622925821573
13.565589547628065
13.702636147750258
13.590667744533587
13.696209733532546
13.609543859899109
13.690228289097526
13.677385138185532
13.602781253832473
13.631927579265435
13.674957782515367
13.637365608759074
13.699402823907308
13.634239717563243
13.683609957472587
13.601343223105994
13.683024988750795
13.612642661109746
13.696857300239445
13.590701290841698
13.73684679969105
13.615509399902026
13.666256068921601
13.622410377038564
13.651045597532192
13.657886022672137
13.647361881010784
13.643269093766461
13.63883620777845
13.600412380682034
13.694359956658998
13.573037552367737
13.70372601269898
13.553666695919054
13.68428531774128
13.609589328730271
13.697393548225962
13.61178442105568
13.657834439007656
13.615897765012837
13.673981259054361
13.634994125383828
13.687506184666754
13.6486924408076
13.649336607943344
13.631609962098462
13.66411471048746
13.58899788969831
13.665718888188726
13.570212357693467
13.691363486631165
13.590400905881623
13.684210130204743
13.600057492325071
13.672203036798708
13.659207197167497
13.612348549943036
13.635882257873728
13.648176165060647
13.634192018589044
13.689703750719211
13.60978470850338
13.699634221095685
13.58795168976005
13.69995895940086
13.585484522304196
13.669713556207759
13.618360531607644
13.698865338069032
13.586575045679686
13.69636316066691
13.620984295985126
13.655337148475871
13.670694073391186
13.667530844775245
13.637309182029554
13.635812580604792
13.611578187426751
13.679123185561226
13.578417495501222
13.678990924606627
13.552671795929001
13.67438357483463
13.60781315437679
13.698005669934844
13.63447370804198
13.65302187660788
13.623695827274094
13.6534901435705
13.622760757052482
13.664303706233921
13.647200417805701
13.646291771018143
13.64470311584599
13.692654914687434
13.588513643639855
13.655344833109424
13.572673746391068
13.682191291920992
13.602330478399402
13.683224677023027
13.60208219462299
13.677932366141905
13.639348706179506
13.62082721339383
13.666747335657348
13.626628037028436
13.618268390603012
13.693948960748434
13.60727353337973
13.664277876704244
13.56023804751953
13.664751285984208
13.591950528178836
13.67655037662574
13.604024438918442
13.690959457760728
13.594149985608906
13.670165973673122
13.608023240382783
13.618655346835828
13.641284634427326
13.626047957168069
13.675810869163286
13.632000906466015
13.593308383904226
13.642300593407228
13.586157507069688
13.696477459673824
13.566449175954583
13.640631851805656
13.590755455818094
13.671646353341785
13.62541193518178
13.638090384556696
13.625513409469129
13.621093180548398
13.626817978058678
13.64918662552416
13.633245127490074
13.61196952920503
13.646333875942842
13.679386756946766
13.5973607670548
13.659212503583252
13.586525768576351
13.669058015412006
13.583656712829455
13.667659101324798
13.591588421521891
13.629569860798268
13.623413907410718
13.619769143320552
13.66071662151997
13.603801142765176
13.611206612710497
13.656759120616943
13.61861480711152
13.674779470367405
13.581642396575537
13.655129081848706
13.584628412877631
13.650137100654899
13.615516626796907
13.663219875923172
13.577742165705503
13.683443358877309
13.617245130035778
13.622355331296697
13.640891795572974
13.641100017237287
13.660531212673376
13.648454015020592
13.608866949166675
13.664255681556286
13.5864773940106
13.659989077796332
13.568592542500422
13.669965669705762
13.581899421369105
13.651814912391163
13.628600468270559
13.638952990579954
13.62455302148009
13.595538803607367
13.610214891895923
13.64888791425976
13.63843143934404
13.647414674756345
13.63601725882445
13.656968723963432
13.600327076339012
13.65432585066956
13.597270017929345
13.663808143656054
13.582916693725387
13.692934219510754
13.598993646006557
13.627906510284737
13.619756891698472
13.613832031412075
13.648918282152106
13.614764093517143
13.6175604703126
13.643206318612966
13.620523242171636
13.677126190200712
13.567601623922636
13.648260777469833
13.575693160871085
13.679886199546644
13.610091046132062
13.659292753448232
13.606000910055235
13.648333612461384
13.601840944475368
13.637125829197384
13.619031268024992
13.636222536001052
13.647342848245618
13.632971673931332
13.592803509615178
13.62588822178239
13.594744253157764
13.659521226343504
13.571845908221595
13.659373196615345
13.58936437719275
13.639844018948667
13.616432515284066
13.662217992982008
13.659162194856137
13.59577284227741
13.609132558329158
13.646126973157973
13.625104879678279
13.632310912756937
13.630002323353244
13.65281297364858
13.624317578171523
13.674541057097505
13.579409968178629
13.633522413900671
13.583732612700764
13.707576475378174
13.613462683518243
13.64507422670977
13.616847767337232
13.632023686179396
13.645214128159795
13.608571016362877
13.638706072134326
13.620482767298585
13.61279001735906
13.671753036102038
13.583121007452313
13.656884122667455
13.550000817520775
13.62301964587281
13.615167476477641
13.673993651173918
13.606585878077453
13.66718219728698
13.608451697984197
13.63808816946088
13.602818510775137
13.64977364791253
13.636958180581084
13.620824578975599
13.644144401388475
13.64381616077052
13.587275241183288
13.63239002051873
13.575056995398922
13.66562768228843
13.582896618374386
13.661207496624117
13.607975836320168
13.628581284905298
13.664466199522636
13.59623945644015
13.602543481488631
13.633440606083063
13.637278070589335
13.681627616984494
13.637791333737816
13.655745166200512
13.603692213984994
13.654932858413177
13.604561074226137
13.658995091649503
13.59324586094795
13.688561643719108
13.59152554431147
13.641069751507485
13.604118884360494
13.626749292588508
13.630300509243641
13.627972396851783
13.616405100634498
13.615362878385344
13.613009216727807
13.651619197215561
13.587577114873836
13.678378618518712
13.561986703105047
13.648041907821291
13.60815063336237
13.66673483573793
13.632010151499646
13.609691053433078
13.58895094687267
13.660326929889518
13.622469721972065
13.645121407989638
13.639696608000405
13.61939647719203
13.624190820043598
13.654500522223241
13.613056176835565
13.661534261070372
13.582811935274005
13.670406668835735
13.613304999415261
13.644662134134887
13.595584214076135
13.64230581655617
13.64040833250432
13.60078752946506
13.630707997381005
13.612890545758091
13.609795384333344
13.667049314432312
13.633702698360176
13.655431552235918
13.622978428514768
13.666247204798172
13.580219622156314
13.632951246324788
13.616395369174661
13.67680342459991
13.595529382852613
13.679016340054863
13.619534192213708
13.62897740734481
13.636865403036499
13.620648533444383
13.65559570480851
13.61768247849815
13.605265480692646
13.658132277222036
13.619216324208411
13.664277193004885
13.565453411972115
13.637135921294732
13.590054609850451
13.670886920175617
13.636671807048193
13.635774250668137
13.599699594708477
13.63143803377247
13.608017944684894
13.67828727609785
13.645322381859264
13.612307723861807
13.66790945395943
13.646799580040241
13.613984357216811
13.64756657321592
13.597515855294706
13.68408557670661
13.5991978241442
13.676317099698101
13.60188935954518
13.599110965735232
13.656001185755015
13.63123096092098
13.65638898613233
13.618294196564923
13.607602142280928
13.6775487365311
13.643206331147887
13.656704193689292
13.58869612452563
13.650418387693374
13.625756567417053
13.660976215200368
13.612466296323097
13.659044997233325
13.590517810211354
13.671343033726497
13.617549545778072
13.638047515661073
13.630076038850328
13.632276236522578
13.647163914607637
13.636365606706264
13.61325539294831
13.634180537606593
13.591245316611351
13.65994455698751
13.57837296951157
13.646030715163652
13.595569098889335
13.650183667943114
13.642774336538452
13.60747378209963
13.62657110998508
13.632632402479986
13.602768393558422
13.67308441052461
13.628109609731306
13.648708038480175
13.628667714221766
13.651862652815153
13.633205577315577
13.644404542894412
13.587772853989906
13.643575768254504
13.590920354352665
13.667896915703626
13.595687658785087
13.624311624787637
13.613633827893201
13.612916669353988
13.649649726018502
13.62078068567082
13.591907559319655
13.653062254663183
13.62896868019946
13.677645506435605
13.600778785772745
13.646129656552546
13.585602853084714
13.639752775437737
13.624767992120063
13.647487236220574
13.579861828372382
13.670628053436598
13.6037228625948
13.628489502984475
13.616280597498552
13.632133810330888
13.645672321415493
13.65635974218844
13.607586093720455
13.649453374116453
13.589485984638868
13.622090614402595
13.56930415804527
13.644313452367294
13.585805608935484
13.63693301159325
13.618177632641952
13.637776728902939
13.618330071546369
13.59496491469813
13.588170586265434
13.671004441866275
13.623672639344647
13.646867297791058
13.643740211969092
13.633748669980278
13.616390515059717
13.635854341589065
13.60248378180914
13.644598685824446
13.578408112569118
13.675123839794878
13.593029766582076
13.619818342666553
13.612854881962344
13.617767745417211
13.642963918295937
13.61748675105855
13.612074128931997
13.64395529461023
13.612902584846676
13.66750541303524
13.582800996918555
13.637184344335113
13.580654710379687
13.644562828415433
13.606821891726264
13.653499101890748
13.59030326889496
13.640429391700662
13.600129331888304
13.632147915798306
13.616775521139953
13.641907752520906
13.63790456856816
13.618730528553225
13.61958436434631
13.635075923091465
13.597323155438904
13.64642989767357
13.584812168005499
13.630842397731579
13.593754973589858
13.633643326897701
13.587485647818971
13.63039871864909
13.631453649883284
13.613381898651962
13.582924805009833
13.660551197048086
13.631121593106423
13.659677810093912
13.638800871305564
13.634862508992383
13.615384794223468
13.651444997379807
13.592588339802282
13.624899250123075
13.597017841690807
13.68346872243292
13.593690334610114
13.648901323847104
13.61054840335878
13.600393219977294
13.637956510156316
13.633672116523247
13.61685545830968
13.626136833564216
13.603354284599547
13.661032849335388
13.5962403751347
13.625874288434023
13.557276451323991
13.618491147261526
13.62426946458144
13.665491510608659
13.602058910951664
13.633389552401397
13.587022042909018
13.628518751424064
13.61039976016448
13.640789798233683
13.637671623945119
13.61300211746758
13.630881429270868
13.634435358701305
13.590760534312892
13.615574213794751
13.55609233542481
13.64092164909626
13.593164022518954
13.629309204387361
13.59517664414724
13.641361634266856
13.62365629331026
13.571983171910967
13.598776196337017
13.627106469969876
13.619936347631223
13.65404425153779
13.6270374495062
13.621158716255607
13.593265069461799
13.632956069930092
13.600593975910973
13.63775256666075
13.580969334106156
13.663282451784536
13.578403001844078
13.642012233468197
13.593544489863865
13.60628077739784
13.628237286380019
13.604937565940755
13.63728118984063
13.624106632397519
13.592288605349667
13.627904961922502
13.588015954966865
13.63966850763328
13.570841475216154
13.604383563354167
13.595242288856957
13.64975273038195
13.613894312114578
13.610013780026181
13.579669299939878
13.61142468502184
13.597063278761576
13.65112978405024
13.623121890678341
13.596265223404183
13.615617390537034
13.631244590717335
13.617610659955966
13.624851144372336
13.569343113610907
13.627110720162314
13.574432380343884
13.64605770372473
13.57161618168755
13.616762920900332
13.629532676518847
13.601243263289208
13.609613686522673
13.599544135063704
13.598885606055207
13.671050086004332
13.614648476799271
13.627117628563813
13.585504976378553
13.623630826526517
13.586957273255464
13.614596067952718
13.616126901139731
13.62217115955028
13.561267973649787
13.652907872405493
13.58118049773641
13.616251156723806
13.60671235830146
13.609591791161074
13.62272633020502
13.632442964823742
13.605964798317547
13.640070547508914
13.592160825604333
13.617930727153587
13.551711703632456
13.615147651223582
13.590378794148945
13.635104946738087
13.606195445161477
13.621201657519414
13.588375622915647
13.599391138809157
13.584108115349316
13.640951093610873
13.613783912114672
13.637331132721405
13.621754431752041
13.646109570149628
13.58794404513697
13.602632370489347
13.578630961875167
13.62594186651189
13.57735404132591
13.64264700916924
13.58278467992409
13.615324807138604
13.589363909436731
13.597315224564731
13.62217481396742
13.602944845704931
13.589181751636936
13.650226319657513
13.599737394171452
13.640410344306035
13.57734098404529
13.620456677280242
13.587928169815013
13.626080123775656
13.60356437240895
13.641847595695468
13.558654984330357
13.629827230300787
13.572901386468322
13.623715684456862
13.598686140782908
13.592361084187358
13.647235863632336
13.631891683600129
13.598990609256079
13.620501677527932
13.57795135897529
13.63390881278215
13.560644780541168
13.596930630491368
13.583924184135816
13.616673957666535
13.605753496609944
13.617563840843914
13.591848328071855
13.591253615365954
13.587064709658236
13.629541421907492
13.603417465601037
13.62038145788855
13.611268823727825
13.61946801775805
13.599890958678005
13.620162308141747
13.57783574793844
13.592233939952223
13.56679318957803
13.648617311556492
13.573751626874579
13.619365584474783
13.59438575918893
13.605864300660642
13.613779457616701
13.595279261833639
13.591756852036756
13.639561512303892
13.5947545072268
13.633555376247058
13.59312561634947
13.602606223418295
13.566854502798265
13.598711830334436
13.607292870495437
13.61044786441493
13.559653210021235
13.626637716534917
13.563776628937354
13.605266992624086
13.574151086045273
13.608465577282532
13.60139280978538
13.635845408229654
13.619200814707316
13.625070075335715
13.567252400791965
13.599152948330959
13.565529860389423
13.615773515746326
13.578697026137007
13.617284922816113
13.592983030156455
13.600367995098729
13.619171757821208
13.577093680455578
13.561732198520023
13.640821265919902
13.596484479465975
13.647926423445412
13.618162074783442
13.627751656394565
13.585356665030055
13.59913668533678
13.589258896078428
13.592411132133918
13.566512543836732
13.623699415361767
13.578862326781959
13.60469047121598
13.58142334206879
13.586802016971465
13.604042647284315
13.610396626539695
13.59815703749368
13.614968462796117
13.585562275637828
13.639921809578093
13.583770515312537
13.610899979783298
13.56256145739163
13.607897112170438
13.59747267986071
13.623266577207058
13.574388542170716
13.587928174502839
13.557397154959578
13.614213098689754
13.581868946565686
13.622221874013155
13.61648283876462
13.626747745048577
13.582338135522562
13.620453751432885
13.59362844962635
13.618004602837278
13.55358355092883
13.608681581602276
13.595750494047369
13.613613165810056
13.57704410036572
13.613561852189886
13.607142003411358
13.577755679981864
13.577817951503263
13.608063345605705
13.597174607030372
13.648178182930058
13.609518962923175
13.613740498321082
13.602579751251119
13.623404761609551
13.56885641396063
13.592488424172993
13.565588191135747
13.63871576866646
13.56960163237413
13.6266876606992
13.588160477187564
13.60101397950524
13.605865574865469
13.6038328724902
13.619619535774023
13.609406779989802
13.582230411584389
13.63579821888322
13.581825378887201
13.607174895247104
13.548435364358289
13.59318636831857
13.592602353912412
13.62752821950127
13.593503194013214
13.60849851587921
13.563567296390536
13.592440520785013
13.581034184423347
13.630394790201846
13.599503386116174
13.611156748157834
13.606407061252813
13.62442740933472
13.580331117984056
13.597158960934054
13.571643119435874
13.616770947701676
13.579101440582884
13.634684654582154
13.572789672880534
13.596488669667771
13.621281803711314
13.59021609750402
13.593758069622153
13.609215519964144
13.59430780195515
13.658047259557204
13.61109890757974
13.627273778181028
13.585545160363411
13.60726055342032
13.58644197716179
13.605049205703118
13.586635380856588
13.601375166175862
13.550944330909253
13.60457879708738
13.583869399557845
13.605892477946561
13.590370937885682
13.593841686847965
13.613461779705624
13.617777206451958
13.588835839513306
13.611743429590712
13.575945710547439
13.61464469156201
13.554048593694969
13.605701632021962
13.590239892945979
13.615676456944023
13.601804012005529
13.588814621278406
13.578901694433322
13.602083103953529
13.582504952428256
13.618669542795256
13.602767333078782
13.61291928404826
13.59144528986192
13.627415376637202
13.598938111891869
13.626138459221988
13.551923688038318
13.60963640036376
13.584280790449027
13.61669108226778
13.568349197376502
13.611236043209528
13.606920197632197
13.57120581579486
13.612129041472363
13.590247002072013
13.585897464251312
13.64683832109994
13.590106182103344
13.638074357550657
13.599395715130353
13.618981377271854
13.57077145424614
13.598932257031251
13.591444588840485
13.609029407125158
13.55583935827461
13.620781278740937
13.578940312629953
13.60641940616299
13.601204774429123
13.58841587427058
13.613340782781556
13.618383896092993
13.58857655495798
13.62142793894676
13.584048894421885
13.612030349912525
13.545733955948501
13.59571805590017
13.5794168805479
13.615328794240769
13.606677391859378
13.607519883690195
13.598775741739466
13.578974909104982
13.570675432374784
13.637950964309226
13.606415751717183
13.618998906365151
13.607885677220507
13.615707396144522
13.58147638695974
13.60850561719715
13.585581979792613
13.609725457556724
13.558547213798187
13.636891908559921
13.5851243345338
13.595405398007689
13.59703568005649
13.594789497119361
13.612095189088166
13.602289541595889
13.59058359853273
13.635174443810419
13.594737089568552
13.644439428334943
13.573978973234967
13.61794155347679
13.595320883913283
13.604771480071507
13.594871030722034
13.614687541415107
13.569130739479824
13.632091071523888
13.577143640992864
13.613885398798505
13.610476555997991
13.596896725180354
13.605414523877553
13.620940864973647
13.589159988349214
13.586326337402792
13.578134174808739
13.61233626493192
13.547598157729373
13.59892488896105
13.584720201683247
13.60266229567208
13.585921040090671
13.5886119592222
13.615970504813568
13.593613408062804
13.573125373424524
13.63036947746867
13.587952443057555
13.623003969788801
13.598397502062651
13.59921773260971
13.587173462781271
13.612777335721644
13.57470133562988
13.581499232446268
13.563892431088775
13.62504437376838
13.57689213049174
13.61160669916032
13.5929293570847
13.573436918836496
13.61686403494091
13.603768713886211
13.591132463228224
13.614471527396782
13.58243390287319
13.642358779357737
13.588196921267095
13.615463527829823
13.558068187670818
13.595956908871248
13.605758134518984
13.615531010917726
13.56812085082385
13.615364927979673
13.55948599958623
13.601738170377711
13.591908337895587
13.610676517890449
13.592537565263434
13.608823756345705
13.582879613469782
13.619470751961362
13.57441339459262
13.59111440031482
13.543192109197845
13.594062009355913
13.583303878483862
13.610309397581439
13.576224766234908
13.61037532463672
13.617887139832806
13.558022743946752
13.57656772519562
13.621375755048815
13.588087426915457
13.63845036255646
13.613853358454923
13.600413722899177
13.58755494673055
13.602030536338399
13.588841289811405
13.604718808767581
13.562327782718018
13.630927791201813
13.559619204990964
13.59933961693859
13.581800056824965
13.587045582529463
13.600934283731132
13.589527135528552
13.61230918606555
13.603876173232438
13.583678292935572
13.62690115221706
13.586050922474
13.630867981994548
13.564567765106545
13.58899747421757
13.58769666376887
13.605266634750189
13.586401576052845
13.599447227078551
13.561125232027084
13.5964556945005
13.590450289408313
13.62735490041028
13.599616955217568
13.584947557461145
13.584875392892103
13.60569260805841
13.586741897814921
13.602718247169609
13.559186944597915
13.585866700065548
13.57926837401406
13.607130397207785
13.554431576585841
13.590202148697905
13.607759652623146
13.577559269530946
13.585634373794923
13.597596875724518
13.586168201455328
13.640462690729455
13.606096081389657
13.614578621070974
13.585471759071218
13.60639727629157
13.560435809351462
13.586505927851938
13.591093235518214
13.603389991798531
13.541911114001694
13.618498866027696
13.576484449524443
13.58419389753117
13.604293956757457
13.594479996602349
13.59858781966819
13.610292262686286
13.582947996635106
13.61928535551977
13.586589844482885
13.602164975021957
13.549030194261144
13.591929915208373
13.590034800980032
13.608213381760793
13.592870113750646
13.60603891401122
13.565757108291209
13.600173303183256
13.586595437568377
13.626767342692295
13.593183676758885
13.601586275617485
13.611110877620943
13.608551429250072
13.574662267179514
13.59293144043785
13.562388643143482
13.600983835693345
13.57407789817539
13.611828098624462
13.57898671594681
13.60064462044334
13.593427776607403
13.569130762031353
13.59582573834501
13.588931871608214
13.589136269428113
13.644896266001814
13.602537403629645
13.611675332029764
13.578880537340025
13.60366201396113
13.57545649406643
13.607904587673055
13.583355301834187
13.61201720218086
13.541023597069751
13.60512499159891
13.575651839309119
13.610115733225452
13.585337332863801
13.579633860417983
13.623982122380212
13.609965649619875
13.585240492725875
13.596349195359382
13.58360121354126
13.605463701552868
13.555373606163963
13.584003221879362
13.57531242902573
13.609649240008173
13.60063658454941
13.607509364036646
13.566416567426854
13.596319033251131
13.581968327880226
13.62428740229244
13.594989383816532
13.589596585957734
13.597842169649466
13.604104242248333
13.591407831456934
13.607496761778537
13.57509840274172
13.58607551098312
13.564459740239094
13.614873665571103
13.550031617970493
13.592859122071504
13.573742167819645
13.590327255690523
13.608710285531641
13.578616654027908
13.58241179781643
13.627251106710789
13.599616057222407
13.621397157942965
13.597958516389076
13.591258141225122
13.562750663378024
13.59748913502594
13.606908020725944
13.588414176067253
13.53322526252509
13.629071286560174
13.560726712928854
13.600570522109424
13.593737864097442
13.58350262824108
13.596517278256218
13.606735331981033
13.58879084884875
13.58878632566895
13.584617515193692
13.577410549401598
13.557114678442163
13.592961581771185
13.577256724313832
13.602157038205814
13.57453793860619
13.592899388656795
13.589607348022135
13.567950585302286
13.570387369699878
13.617599961382558
13.589787834180438
13.617827723852445
13.608997982920027
13.595154037022553
13.570212896619866
13.594426545402124
13.58556852220024
13.592944130212636
13.555275647002636
13.596781245624655
13.584540490246688
13.602478368909434
13.569423075247842
13.574180693201193
13.596474156559706
13.593423879820138
13.594828356035888
13.607467954883838
13.599598600095813
13.604381796665402
13.588269067843438
13.600532177176616
13.564168771199201
13.604858581703704
13.585657268679533
13.613985779060263
13.556820015935857
13.595194747941568
13.54989230572206
13.604033877531466
13.59201603368045
13.604848779542426
13.621858940943582
13.601639215385207
13.575855059050621
13.589290816856497
13.578019368137506
13.601367994334334
13.552968588771247
13.58752004393747
13.583084946567906
13.596644840360575
13.582994095874774
13.611190341053044
13.585096822235467
13.57956876835569
13.575302546429029
13.612804206531752
13.60099719570898
13.607644547627423
13.600701717949715
13.57570891348509
13.605432123798343
13.609826218534266
13.566828288642952
13.572467593995553
13.568747762105454
13.62513476573603
13.564301290237692
13.618079528916743
13.57285959101927
13.594267078012926
13.603381520149682
13.596364055065413
13.616236754088407
13.599851055774728
13.584192996841008
13.619683757798512
13.593975343849879
13.594545091180297
13.544284225886978
13.590117061867316
13.570109467031475
13.593680369993674
13.565421192126097
13.612598861572998
13.554256850840998
13.583613457741297
13.583897226068443
13.610549302170083
13.587207903472116
13.591366763091253
13.591973664884883
13.596004623112767
13.582152666106195
13.572397759732283
13.569283892218843
13.595758923771019
13.574748736726374
13.603488086235801
13.549852561255161
13.58812324481801
13.60571396835323
13.575677905279097
13.581300322811385
13.611007050801398
13.60106745698291
13.63097171473601
13.607868078324849
13.592696624619336
13.582294359113352
13.605698215360157
13.573084505803758
13.595603016073488
13.570318201183477
13.589056329430557
13.555310791752884
13.600795783270515
13.560614330138394
13.584144984437083
13.588837726525028
13.589445682180642
13.602314800888035
13.590688205237338
13.581107915315789
13.586077896144722
13.59278166780463
13.606381807474744
13.553449311878088
13.587668456302426
13.565832347013385
13.605737662135565
13.572298610336912
13.56901983441726
13.555734715702053
13.596324456358623
13.580947822669962
13.616966638809439
13.59654561483218
13.589102625461921
13.58186295655562
13.60260236502419
13.586012050635535
13.603219844360392
13.55700072314232
13.597734924002474
13.579399793772557
13.599192209401279
13.542873627426623
13.598608533450362
13.583082423993382
13.57297435734202
13.584742662206557
13.573540673379512
13.58746156910671
13.626874093188466
13.590601708084378
13.590406812514658
13.605561064808334
13.608483722927865
13.542788123277482
13.584922879088616
13.575233449466264
13.602233774316147
13.538987262160603
13.599473322351313
13.572310947396852
13.58744776244203
13.589367196394228
13.584863530932667
13.60943961518103
13.606246308950238
13.575911865941144
13.59155935855791
13.579138958025846
13.586201193512458
13.53960832251719
13.579682711143995
13.557721105486847
13.602481036223635
13.573040837468524
13.602029422802572
13.55487178496227
13.581948429295704
13.565569544097334
13.616969608407526
13.586571966591553
13.597177940993916
13.596385417508515
13.598315684527694
13.574898047427116
13.593388389643627
13.572380495355803
13.600293027215292
13.554065691852866
13.612814237901828
13.54447852320961
13.58609608309574
13.585261872171495
13.589605769942256
13.60064826746392
13.597695763814647
13.586109671464435
13.629699287781689
13.589617208624139
13.59298441953301
13.566611375818727
13.591705010923985
13.57644520073075
13.59858744281446
13.575431215190662
13.577605158206035
13.538270346737812
13.61112485678297
13.565469557792905
13.599374317371751
13.589191617065431
13.584368117615496
13.61332988322241
13.600979823622971
13.583348234804541
13.561770227556282
13.57452012806005
13.587352443462851
13.555618424628879
13.578308941962645
13.56321040995376
13.594461280481717
13.559565193625307
13.58110579972273
13.584498943989725
13.578731713894172
13.572374167892724
13.612802452949238
13.586085060521071
13.610896176711746
13.57926532598434
13.605642729991645
13.578633662711846
13.603963270242625
13.55529680568163
13.5919824371708
13.567666993429402
13.60491702853884
13.556309232218494
13.603880417023955
13.561606408239957
13.573343625458184
13.59889779330729
13.584336856997409
13.586484022352831
13.60989509852475
13.585209409814375
13.609833178804765
13.590305061362043
13.604051458390298
13.550082220637606
13.593578123644527
13.57520166546116
13.602594519634554
13.547893336092852
13.614358296658224
13.560230240376546
13.581583111824624
13.583983032242145
13.604297608576758
13.610153850623899
13.615669131572336
13.572376024998285
13.586949038091793
13.576945006994729
13.579324329344322
13.545615890387094
13.590885271138399
13.570648843146719
13.596095239303331
13.564548343306763
13.595291641213088
13.57425286930132
13.551987146795758
13.576282263334955
13.620550585478462
13.587940895470936
13.618845411978157
13.602866010551367
13.578938115720295
13.57552612482507
13.59885180010573
13.571713283237811
13.598346004723824
13.557776611449432
13.619831715058233
13.554808299400008
13.591448133717677
13.565813324214549
13.581289364290061
13.596231528662047
13.596576870670733
13.59745714774079
13.602139323428721
13.57990341142202
13.603694202802934
13.577768919980173
13.603565320325753
13.568905501502517
13.594631208746966
13.55830180825199
13.591642455208245
13.552857380188632
13.603655384021662
13.555071182239923
13.583753023546455
13.59120582910016
13.60748378255611
13.601761385142654
13.602505017365806
13.575711924882555
13.582786300876931
13.587068136658427
13.592824795805534
13.552705459602658
13.581666532360076
13.568995147046426
13.590791410156125
13.533336777587744
13.588529858884739
13.60150913390291
13.572338737180552
13.57360521632838
13.617402279953565
13.585080487864813
13.616187719747101
13.58767329549092
13.601065241159853
13.59274883937679
13.605674928064058
13.56323267289906
13.577816773792236
13.582329787857121
13.606348223225844
13.5573637339725
13.615165647938664
13.563891265650158
13.571747488964306
13.602121014351203
13.597014333595059
13.604986573726006
13.59502286562057
13.576246644830468
13.59909370075062
13.577889123837137
13.599275897568926
13.532427373745293
13.580710888999393
13.582872788518678
13.608978975647181
13.559349165019876
13.601268633880954
13.55804620912204
13.58162592170277
13.575223555953567
13.610738934326378
13.592598424853355
13.599517256027431
13.585357405004096
13.603061871751075
13.573079145113416
13.578143962857826
13.557651523742546
13.599925354563966
13.5793952743654
13.6029220583506
13.546628034799193
13.600983465838139
13.575108823910602
13.549491176484677
13.580864844414732
13.589271623818451
13.591359287879385
13.6207999833848
13.600290702618313
13.572790858772128
13.586034887001354
13.59889294708482
13.55959020048958
13.60578452357309
13.563803304792609
13.61237421236437
13.542710847070174
13.596158460097131
13.56565882254362
13.582336054255322
13.579947650252521
13.59334963908842
13.612212641001562
13.600490891737028
13.572129093744135
13.586612710624202
13.579176583244942
13.606138757282956
13.553568796325388
13.587290197459959
13.560966022064454
13.60174940860181
13.560683874536682
13.586829534206272
13.55183175131642
13.590288391924407
13.575891023587939
13.613849007930128
13.590440262125583
13.598160476362912
13.586437907575354
13.604215971233845
13.584013849928851
13.607099496224137
13.561852297621103
13.583698231281986
13.560478046668122
13.608894785663889
13.538648430257835
13.588589430307712
13.584640388075128
13.581923259161284
13.590089257047868
13.568580791138778
13.583920479956578
13.62923751286623
13.59504535486622
13.606651022260856
13.584818833409155
13.586383353356371
13.552952307506063
13.585769585154422
13.580182673815731
13.584255328462291
13.538330421017363
13.618226884747225
13.558041960150186
13.588648707475603
13.588224575317199
13.589012993991014
13.597734690563549
13.608696780058018
13.581851881962214
13.587266985195008
13.574309614052302
13.574920729104003
13.545328171787581
13.588896879072614
13.558343532913224
13.601837286157796
13.55328716459816
13.585827836844503
13.577207189131906
13.57805918973142
13.564881537132562
13.609061605283982
13.592806239674346
13.603891524398417
13.610862135317895
13.608334139261368
13.565596896930517
13.59111304038213
13.566834663795762
13.601552916344291
13.559786025123632
13.599900984015424
13.558045470137317
13.599928708744361
13.55436240393952
13.57099114059782
13.594150810425836
13.582102550938735
13.586925266396522
13.619439996613394
13.589581549444665
13.574791821159788
13.561562569424117
13.593403221035834
13.557462034286536
13.598398955824086
13.568737028064794
13.608054722711616
13.547151993214133
13.608267775036266
13.556762196084918
13.595211203274681
13.583881503925019
13.59069682047932
13.620464303979713
13.603677669023881
13.572130714849752
13.575742179422454
13.572169448686921
13.598720065830115
13.539298583096251
13.58093070730872
13.555166729230747
13.595644747268267
13.562981789116606
13.599439601921029
13.568264361246515
13.575129800094416
13.57789677593316
13.607235883393349
13.581969082601017
13.60136267251858
13.599603841721065
13.5919516315243
13.591088506187772
13.604492437175455
13.562236573710148
13.574849293207288
13.55754746836616
13.611033540498324
13.555189315449308
13.60719784768778
13.564198238995358
13.589507594677938
13.592722338408377
13.577307460854776
13.585833806412527
13.613157791248756
13.588747911513668
13.603307437215152
13.589377897661581
13.581752682268245
13.550675505335368
13.583433259605789
13.570944875765754
13.590921911768021
13.548194847432722
13.620389680166904
13.547193517056158
13.576517425236485
13.581976443339904
13.599996205130033
13.588362154946022
13.608286121221834
13.586216777987197
13.589229862178584
13.573962532004861
13.576173041254224
13.547923970499752
13.594680776898505
13.5459077605731
13.59488041828751
13.5465389576106
13.579569332935339
13.593031308809449
13.55307803194181
13.565012291207562
13.622257905248356
13.582357931982973
13.619336203941417
13.588052139380997
13.589827556060333
13.57334695692307
13.590629509537573
13.56777919747106
13.591919398694426
13.560302521971344
13.605104407922175
13.552775957535092
13.604861220477025
13.560449453118721
13.573848196655517
13.590240993172898
13.59029288150639
13.598620861024644
13.583176905675957
13.583691580397355
13.585383465119994
13.569141853690878
13.605790999364768
13.53064514811867
13.584673881171145
13.564771824305744
13.596894206369765
13.551779849669956
13.573903091136655
13.544591872316115
13.588760336410633
13.574957668100996
13.616944431773806
13.601730916466131
13.597046273753248
13.579401574591989
13.591771297063652
13.58447067914945
13.602934928919073
13.548217240273287
13.579420395817882
13.561609990329162
13.594434955415316
13.54511598856658
13.601082184348567
13.579481363771958
13.553296950333774
13.574106023740558
13.587152762194073
13.57838720052697
13.617838760323584
13.592513542796265
13.577430309162153
13.604237258866686
13.615257362585897
13.546298964784453
13.571768724308814
13.565183546855966
13.617829366527301
13.54695783190246
13.61374980795511
13.57417788650026
13.586265182208772
13.584125250405386
13.586959118237257
13.605335788065728
13.595317337594638
13.56865167693235
13.602060088808942
13.577259334844017
13.585559424782552
13.51347385313466
13.565774498496175
13.56235842468924
13.60177807964354
13.560603992988607
13.58785066788304
13.543810765430534
13.57810865466711
13.563548149709014
13.621631807101881
13.578102688176006
13.59789490637841
13.599438271439013
13.593187132482772
13.579617511921553
13.590569715673194
13.564897674320717
13.593941127744271
13.552307855636338
13.604170631401187
13.537090507211289
13.587293879707287
13.589713248937187
13.572586900530778
13.580084382875723
13.583670721696658
13.584656428949232
13.625429089455123
13.58414730792083
13.585718869261715
13.57097843783542
13.597279745784652
13.562798263782222
13.599151563385542
13.574258675793553
13.584483401273616
13.538132482321231
13.607219566767622
13.56154145305435
13.589359732856304
13.584163076328528
13.590742426537988
13.599292481780857
13.588038966835029
13.575368835589293
13.571231098496183
13.566629301756326
13.601044976680091
13.538394114998557
13.569549979727725
13.5461316577922
13.599107895336374
13.553316529935438
13.562294321335758
13.565595746742911
13.588123719463942
13.564448809466528
13.60854313287651
13.58403887842259
13.602996802957067
13.590819706584513
13.609866481826835
13.584355047577958
13.611476227494338
13.545896400949204
13.605186051495615
13.561467095503675
13.60111901593966
13.538466486279566
13.59773673619127
13.571998915941789
13.562806340264395
13.59077758555082
13.562676692841547
13.566984228265063
13.630081046755713
13.585780537986508
13.58966940500562
13.577071116106492
13.593798348899368
13.540642211046707
13.579172249192059
13.572752895880196
13.604114232732185
13.533314036900183
13.61636507000301
13.562673980304599
13.586197301256139
13.57972740090717
13.59430693518955
13.603423340005778
13.601878610791555
13.572170814395426
13.584909442558178
13.583146297379479
13.580219035358256
13.519990522460335
13.5767733084204
13.544614792176771
13.599452321477571
13.567719991013599
13.588080126629809
13.557076335056045
13.560746811797046
13.569057935673507
13.616042081954232
13.582917273023435
13.615917318134633
13.601804143034245
13.587411260251377
13.575225566857956
13.601582087817649
13.570994826479389
13.609132286102405
13.552743342587563
13.608401529282474
13.54528535516846
13.58883101431482
13.565641632326889
13.584840619898914
13.598339625197536
13.581822358329877
13.568079512680896
13.620086277535123
13.58309161743211
13.589012342261686
13.558770185481022
13.582320975288944
13.57357425968062
13.589270424844097
13.565258325745024
13.59028510099129
13.540290763554749
13.617749055782129
13.560734964339181
13.589343856777663
13.590928091381992
13.593359118498698
13.60307876482781
13.596193857964808
13.579530345307688
13.572792690144432
13.56509634260346
13.602219539419512
13.537758933088408
13.570692326323309
13.534946826001473
13.585003717076944
13.541128170841525
13.57527628367712
13.5846752465672
13.564443932700229
13.566399971575754
13.617448931707374
13.571830122339282
13.603522972899336
13.56594234830437
13.592350925891857
13.575733493296333
13.60545645676799
13.554217766077768
13.588363220353465
13.566609482703978
13.626924316315987
13.549212502054536
13.619607323173554
13.55542001227681
13.578321061478752
13.602745059029404
13.577732253761031
13.583832733281982
13.585067503513761
13.577011711612453
13.59121804769432
13.568129303764444
13.589543335971427
13.528404966539556
13.592564455948478
13.570756465666472
13.606093463807891
13.549022518070723
13.616731453341755
13.54870468996935
13.582944362654564
13.572473962222654
13.603988724582102
13.59839461396343
13.606660160992318
13.584459177460765
13.581842719757157
13.575416637518599
13.579766962634169
13.539062416898284
13.589328715316261
13.558551874306428
13.600853671787315
13.546396350040014
13.601766065358207
13.57048451195364
13.538307115207918
13.568307364819244
13.604628505297958
13.575554157293318
13.609157472607933
13.590332274862353
13.561310161672534
13.580654734989155
13.60109034721409
13.567628765409252
13.598238544847762
13.555377472021252
13.62791150753864
13.540523793013605
13.608911665986167
13.5685919245669
13.57731924083438
13.587871104228492
13.578632911526608
13.593135977376079
13.58008440523679
13.563513129336455
13.59639626338668
13.568066202459228
13.602058096252135
13.531836975179381
13.577010662748114
13.562271450348947
13.605326481480425
13.553749961539166
13.590720816064444
13.543662338914734
13.582805325358558
13.573932769601731
13.618030934039595
13.58679355231641
13.584181333003679
13.592745966619102
13.584168729050427
13.58373082487556
13.601561379982462
13.561730938260718
13.585127265255824
13.548149491793517
13.600281912207592
13.531814911561485
13.59727608024518
13.588187122696173
13.575275366148075
13.573846307745756
13.578126025000538
13.584813643249674
13.612949162934848
13.573252017695273
13.58666438338772
13.578333350414841
13.603760745208401
13.550395133731227
13.579704655849318
13.580901178914239
13.603098738569232
13.538375665482738
13.634046304987551
13.555684149970382
13.592941658999003
13.60094966818135
13.595094886706764
13.597785360419445
13.577363049052483
13.56654044222535
