19.262667488054014
19.2452534707167
19.213952727296927
19.187138541172825
19.122600714689458
19.08051956024243
19.007361641737162
18.893625765893105
18.816334829077615
18.723526050082597
18.59319075236831
18.480321124786784
18.331814646095044
18.196082685618837
18.092675793067247
17.90931500949231
17.806184488153946
17.637079670177656
17.52543530245339
17.339763397584118
17.193284406408633
17.0378966183649
16.867313153675617
16.707113790897576
16.53197017777373
16.419941119802314
16.27801427666117
16.14332895171995
15.939144265921444
15.837685711279308
15.688004416863917
15.532202006826097
15.441070011834233
15.314974489608677
15.171986106944624
15.060938974542921
14.954771475250235
14.814511178736966
14.69021347144947
14.592857315630228
14.501946313078426
14.342591880746035
14.25628351316811
14.114252285208941
14.028739386861789
13.93842061076191
13.831213566277583
13.771339436605341
13.707931974564795
13.543269309786957
13.497252469171794
13.456953610274036
13.407636121917824
13.3299158027075
13.234851707813508
13.223493152242401
13.13455812275289
13.09362384250512
12.998729502943076
12.926232986865378
12.872157153946576
12.896097610743812
12.750656969845995
12.71211132488965
12.68851049369893
12.652816160934378
12.580004215586461
12.563957233886201
12.53525791329325
12.499562610068475
12.442821154321969
12.430276812489595
12.37639271118736
12.341971759328526
12.367532197768003
12.331468024666325
12.292843054635101
12.277893394534276
12.288961631885764
12.237030796754674
12.225611439874156
12.217499253346286
12.210779898387155
12.191684617625157
12.18519530985064
12.195763190402475
12.176377827701323
12.157744547042197
12.151854804415324
12.087965973927284
12.053290668491774
12.102329508385568
12.092433330843823
12.12625423993119
12.084727859541172
12.061118841250252
12.06590898394654
12.054842761927194
12.061810485221365
12.048069040542478
12.03670522006006
11.998952852052891
12.012528857600998
11.98547031348253
12.037485372259992
11.994278814803819
12.00007998634964
11.948128804295083
11.974763335356155
11.938732675522525
11.92757812883877
11.93098796535362
11.875261627046406
11.87658545865786
11.880073718778522
11.892763137186382
11.869370252244112
11.884090253745741
11.861243568759566
11.888382235783322
11.833942821345776
11.881436033030479
11.84794896456582
11.829553192810131
11.885655946700274
11.84775428593449
11.849597270922148
11.844088970497731
11.844431841621514
11.850626816600846
11.822189174105366
11.804306109049431
11.822377505153401
11.80049378695879
11.776445843863469
11.795665948174465
11.807153723133975
11.779370156580548
11.754492985387989
11.792957204495401
11.765542738645594
11.806727538383171
11.77716304924095
11.782607928902646
11.815766842155721
11.798208480844176
11.759005297510475
11.70398244199845
11.815900379096202
11.768959044473805
11.802362944429461
11.739284700449682
11.760177746401874
11.774931915544512
11.747763944371117
11.727833347509417
11.728723525606892
11.732669212687284
11.679487339450702
11.689008957801674
11.679751811215857
11.663092343071705
11.63974765093704
11.63470556665268
11.674669537549969
11.598591612679922
11.633321806835628
11.660951330127293
11.634307191584847
11.609136493004767
11.5599412476433
11.606191873103292
11.580545585098674
11.570817184815729
11.588777502000601
11.534769751693576
11.544976888999827
11.551141515564213
11.537766264360819
11.511217640571632
11.506566931358035
11.523755452605592
11.440765838470405
11.494204411861743
11.414867496885366
11.461818232784749
11.408657012661685
11.384301770294908
11.402941935524876
11.324383703332687
11.40622207259671
11.327871469722476
11.35632346217793
11.313722272670917
11.32635279637704
11.2689903213804
11.301085057433259
11.283261698962702
11.285687720340604
11.303524635331494
11.275480281244695
11.213036764725498
11.285606257648011
11.286919429941257
11.293791572079646
11.28075592372181
11.272336659752819
11.228689449263872
11.286998591289803
11.226073194636259
11.238542192894855
11.240889489613306
11.200264553346694
11.219956363811217
11.25911712059171
11.198356323128639
11.195418045893346
11.192160049479169
11.16005895379124
11.188607345246789
11.182544818676112
11.148222188495415
11.189131829474302
11.134359258565866
11.17710629173828
11.098541465073387
11.137091687947725
11.078432340301136
11.124789982127732
11.060658781637748
11.062523191662576
11.068040984421005
11.065794566234203
11.056754841595858
11.033846161282717
11.041190732817348
11.006117700717539
10.975590926921859
11.023306607684635
10.972953973914406
10.977302217187455
10.958119307509223
10.956088631422785
10.95781262054505
10.964716878905195
10.94865307517731
10.920097968190895
10.960643255270694
10.892928003133429
10.962194977468927
10.881125366465309
10.934262874633161
10.943902510722854
10.909368590053715
10.93856916431195
10.922885475485856
10.9102731072753
10.89965079634555
10.938780132807203
10.874304806780849
10.856771472908465
10.876155688365122
10.879253069954428
10.87417430190982
10.866475479319707
10.890298406642632
10.835940250099553
10.844961072304436
10.884366148700913
10.866795406755
10.764401265169427
10.832783703136108
10.820196397463873
10.8664180256601
10.818828940034491
10.802575628540625
10.838759745299209
10.803250145761773
10.792742518888819
10.739581317348323
10.852550618737366
10.760139385375902
10.826980478705735
10.748041868279309
10.78921754257719
10.719487728390774
10.741775668464236
10.760248271785478
10.796958916704423
10.737346172039217
10.777203473798291
10.69743107331084
10.764625243370714
10.731972906585366
10.744107901467576
10.694412868308747
10.743605291010377
10.731309756219224
10.707929675601775
10.76870895354152
10.721213094439346
10.732378236100422
10.687729030234468
10.66259415619513
10.708783437248634
10.737356026122901
10.733700994265332
10.686398099425995
10.7021105634501
10.693525717131838
10.719484746972318
10.700631292266062
10.726841911710357
10.694084354058509
10.674078165871324
10.715230408539272
10.698705873850663
10.737869440783623
10.695829858170503
10.708534374006607
10.679094027777474
10.671804578769502
10.702468632600828
10.710730067654072
10.682759302245895
10.667360433275812
10.723547372045653
10.69977583682215
10.692128962264599
10.670803892411593
10.661529437799983
10.645648258790223
10.637248063788602
10.727076781463115
10.700826049759895
10.65846926945083
10.65266851525844
10.686112137102292
10.684296912656206
10.659414541634975
10.663965526469973
10.659869408008992
10.62932590869621
10.626188835718871
10.597575865871347
10.629845982609194
10.601385243077097
10.622388934827217
10.54234946481277
10.513699399335675
10.505738914466123
10.503007380169896
10.442488061480796
10.443283999182535
10.447165874849894
10.404295655334098
10.370091638886297
10.341900457280778
10.350218307492383
10.277526158006344
10.270485238670974
10.259577665856543
10.25023009164475
10.23700254800135
10.261791044078379
10.198704931202863
10.202934114528844
10.169356726039293
10.19918303981635
10.17313421056254
10.132497839173052
10.164476467349044
10.110401700321937
10.104278173834095
10.165497255247551
10.11402221887997
10.058251818383274
10.069188522166588
10.041238078081966
10.045086347954983
10.09320687786548
10.02131338633119
10.09154475674458
10.091585034983941
10.09602974523058
10.032827369124908
10.068070695870514
10.026788420692519
10.022369432899445
9.98385765346538
10.026275111378004
9.981440264292115
9.948127863389061
9.972582233865944
9.959270936844485
9.972464225786084
9.905778167903234
9.966360791062048
9.954264251986736
9.89908757771698
9.932722994048707
9.870657685548728
9.873609622323553
9.805979322057881
9.848636527648551
9.867913394310044
9.8528255664296
9.875856793300725
9.871533012897588
9.838000533216526
9.861727625326486
9.823899995380305
9.78059272436493
9.887592840921746
9.856030883871037
9.805302895789918
9.840230930742143
9.803503765126045
9.792702541288628
9.724424427402658
9.798654248899263
9.8395226766697
9.799245978569413
9.777879575436597
9.798719740388494
9.787663320872712
9.749177540103984
9.77994401370681
9.792396722435186
9.79810609146978
9.736278706179592
9.807644327352262
9.753285091195982
9.777490801557454
9.79230565756846
9.76933044694975
9.817207478034199
9.7719215561963
9.744792927902102
9.805840229744932
9.781196888297249
9.74050958301852
9.754466941932352
9.763539352484296
9.781556602108598
9.722678306845733
9.72035881314098
9.727231127446123
9.732864701642798
9.717826979305311
9.70057583464475
9.738274710038407
9.69971360789532
9.691985895596256
9.687307042069367
9.688586967032904
9.7003150667664
9.718771396184883
9.671035661469984
9.691230254619171
9.654174912669927
9.704182100763866
9.683558481860791
9.653944641178366
9.671719205780322
9.628484925546775
9.625760824658462
9.622073454106507
9.603802452270433
9.612696051063015
9.601756420144419
9.595718621998325
9.640980794492458
9.563424441537096
9.611979985026299
9.659654572254162
9.613407324403871
9.580485111100067
9.594409929685916
9.63899701562832
9.64101905807544
9.578538827873313
9.629199934220741
9.611503630586665
9.569871668464438
9.540723083407112
9.539935648820647
9.550937337377263
9.524615177451285
9.540027870214082
9.512182328973442
9.538517576406537
9.49504001548435
9.509662847466688
9.53162640024262
9.488059556858458
9.49084509350451
9.47890437497095
9.547473147076825
9.505986947035593
9.490620804171837
9.544693791576096
9.462018752248476
9.478160247037236
9.446054670687387
9.492647280961483
9.484920942216846
9.501321436615406
9.463499201665588
9.459781324271283
9.49962420671947
9.440439019130428
9.466554716460124
9.504707402459932
9.502564904558634
9.46547871997399
9.49973812934999
9.477136816967658
9.491220119215823
9.418954706852904
9.4378871647104
9.508681978905079
9.437396188420182
9.402140664110945
9.472111609888378
9.416629018859789
9.463771993675195
9.432397096958452
9.434175273378278
9.449783104664565
9.430294682303181
9.408547473914604
9.404382997878265
9.399777525544826
9.423377341253232
9.395362096201902
9.42045430297035
9.417121572549139
9.406358053078321
9.406123613843073
9.427846245177177
9.410508524544195
9.412950265203554
9.389004458214552
9.424371045325815
9.417836657321383
9.426721414863833
9.413838442131814
9.423494399813949
9.41867246580914
9.380775718283076
9.436959191636785
9.412948199402575
9.412378353050565
9.406085668689148
9.389537551729424
9.36742838563093
9.371145727609212
9.36100293909723
9.468075299647127
9.40138007193988
9.421546261058086
9.44344398171566
9.377439232333439
9.447281472105038
9.383062247198911
9.425334347943858
9.385469789438396
9.34346305191726
9.358821576507923
9.429873414394253
9.407866811533683
9.361467658525582
9.392017196250674
9.389084755796782
9.431359597462363
9.403966895955046
9.382487161657043
9.386852801611882
9.407203163222931
9.377937255122218
9.414857686803868
9.34441563046484
9.33796135474851
9.365504685621701
9.349182373398513
9.359782754194475
9.390532781528199
9.337127141848766
9.383918642273624
9.386796992666426
9.348789222490048
9.41085518870816
9.416065935114368
9.412241569246826
9.382639849824523
9.360751309323552
9.365539740307245
9.37375382498187
9.39636141722001
9.393129454776558
9.377520007312937
9.412429714746414
9.409723208900463
9.392638956041006
9.38879048300151
9.401724133314131
9.347511722616488
9.392162888659179
9.374462834423962
9.39160730772654
9.344461067588208
9.417522671723182
9.35756184854289
9.334347840495253
9.361578451995923
9.322833310185947
9.41526264704718
9.37169791151169
9.349801563933893
9.390425863730004
9.38718406787311
9.404822312940272
9.375062585891088
9.41480098492084
9.320946419128266
9.398460409946937
9.371469157040453
9.373502580205882
9.346386619467749
9.386615330518032
9.39067258248025
9.364683107378859
9.403975811552476
9.34957304540281
9.396871394179858
9.347613142863137
9.407094092440403
9.352127296976851
9.416494132264589
9.37577116168321
9.337675750403966
9.388783114783317
9.363453988309521
9.374537616938555
9.356678106613638
9.350481603193948
9.30709712431155
9.383858477192259
9.375435568479418
9.346419586642885
9.385867924991382
9.332049482435178
9.387597664724217
9.309930794508825
9.384247314458213
9.305890831557472
9.406764042241786
9.299104077137384
9.374361461347222
9.322129037358724
9.38815319356549
9.324687685856764
9.323581838603761
9.361460835909464
9.387567060249882
9.311684943558651
9.331634044132565
9.33056089979465
9.362311264167028
9.339952840548971
9.335856966373616
9.369653510220266
9.282443298054398
9.334693333271526
9.37229476666044
9.366038085182138
9.299166448271396
9.278383082925725
9.342881747564661
9.352695811386736
9.310874222844031
9.367562903400191
9.270620915704473
9.311571894668443
9.29675847229136
9.313905799894687
9.316080238817245
9.342006103286602
9.300734727664542
9.34839419897166
9.326790483347212
9.34917908044034
9.354290804079021
9.327114112992435
9.305392546086575
9.311591080942248
9.343200080696404
9.334112333289086
9.279897800157332
9.359981217920385
9.347114008387864
9.282696826031968
9.290640148663211
9.329823348574568
9.32747039701171
9.312878687531837
9.336259369207013
9.260739393464755
9.35466335581284
9.305225848794944
9.295616506209091
9.269704800433486
9.329009832930748
9.314400266104053
9.287465383970162
9.34585294082196
9.319447677143467
9.328743159654078
9.2569066649051
9.334883308131378
9.317252067985015
9.344521742516896
9.292043421963012
9.342641623899572
9.258660688971348
9.320613719312632
9.296693497177122
9.261963309924722
9.256242452622306
9.27380188227048
9.275213101048472
9.243472349783008
9.27325865106784
9.31287253701476
9.289675237529599
9.304041398551878
9.241968417640708
9.243254961826757
9.13768162466038
9.250597499015434
9.157740442046105
9.205796626022165
9.146498350820343
9.219962332303648
9.124913104590767
9.10149355609006
9.160603220850135
9.107423297163372
9.120936595331896
9.12725127622739
9.157179664498399
9.125068965427335
9.066196019345904
9.130499154524733
9.038918946077297
9.13839832325942
9.100614401326762
9.13409575958513
9.114541246293948
9.113737156593146
9.124413908575745
9.047004694539385
9.0036839504532
9.02377648506915
9.001214306997626
8.991878353954398
8.981048175514637
9.021590548141711
8.98262493486961
8.908246649615055
8.960222395524253
8.975846401052413
8.946198185160274
8.90959757613065
8.925625065859599
8.93826494814331
8.917520836710668
8.913136704260674
8.865621730853078
8.847961932730374
8.82337965331903
8.870284414648506
8.839274535770675
8.840584925948642
8.806681003117975
8.811394533094646
8.806854558673807
8.82376650653712
8.823055489725812
8.870935867136295
8.84239920088325
8.821639675712225
8.799419422135735
8.788577090899567
8.797714328843735
8.7901072856798
8.747203059572158
8.716643658099054
8.767700470720827
8.707713623022265
8.731587858158997
8.738451566642393
8.730429766105134
8.7446111316664
8.76486681648764
8.74659861996103
8.745348442625806
8.717689607108303
8.776784485868621
8.692271236965357
8.774313196584242
8.769553570755516
8.761865942168914
8.720189322743318
8.763956348417652
8.744112393511049
8.751672189562406
8.730844020089387
8.751982175363691
8.765494161848935
8.758708383315204
8.763632001795054
8.7322265968794
8.753681044279398
8.755695282318845
8.75873950665987
8.73402144855972
8.783140281227938
8.710811533490201
8.730886732695346
8.708543728610573
8.781223160061227
8.713380026815582
8.771008928713293
8.744642844219934
8.687048300933942
8.720110646468035
8.718269433132846
8.730922533333231
8.709938597656706
8.766873661597618
8.742669502132822
8.748723663860051
8.734267168969538
8.746293516131944
8.718918141273255
8.787420189933933
8.768266737111984
8.740532477228074
8.758518070012236
8.738703500269478
8.689993457385519
8.740781227081523
8.71571341581122
8.772348708230943
8.674609119821547
8.766516991646977
8.780603491833352
8.754208300510564
8.744492876004605
8.738346521110707
8.711427676654361
8.731104156727188
8.747157275972436
8.759142059187642
8.73451338739017
8.770567760745228
8.790845213516894
8.707619871908845
8.692648163089496
8.735742093933741
8.714513812592083
8.717579070696102
8.763391964826804
8.744301798935336
8.719714141102845
8.697571657126622
8.686767111681588
8.68472420564288
8.63744970670189
8.693581820868634
8.707206258442348
8.655417876176775
8.691652840699996
8.625530188438807
8.699441211327576
8.642989614433557
8.668825593238168
8.66798394643112
8.661434827916755
8.678166422971636
8.644765878417507
8.602496641648573
8.687800555590437
8.667778969093458
8.683467298256922
8.677099425626343
8.660064045439242
8.663191793559394
8.648176871837537
8.64288933715104
8.652989972496849
8.632795622723762
8.611140754626184
8.640597939254144
8.633906650586882
8.606710140858144
8.641950125638616
8.630959047951555
8.61668370725354
8.640850549502678
8.579519858773603
8.656902727750357
8.641867394374529
8.658749583040427
8.627090618583233
8.655931587714536
8.65603618492047
8.597736870053923
8.65486788734282
8.634491035597351
8.644305122114892
8.622287926118442
8.681734223193486
8.566711765651181
8.627149600960301
8.637655175883062
8.676472232561979
8.628830472064292
8.643176480410638
8.621993287846943
8.655559483611452
8.620430432104461
8.665176948369302
8.581972462754875
8.607001012122208
8.598078939074718
8.661688982269556
8.623727567355296
8.648513164938358
8.567633960205693
8.591130340342888
8.650258214635265
8.611382933783489
8.606603775228383
8.64311554628134
8.591172001620436
8.650524517587353
8.631376942355388
8.61225793300614
8.604739820004438
8.609932698070045
8.621243087163071
8.647602359120581
8.652539537258466
8.5976058539415
8.601310766094945
8.621677359980136
8.621994644124879
8.614350718422681
8.62247242568465
8.590836944758419
8.681146506558775
8.602429119836179
8.62505791324707
8.572072019156234
8.618610444890951
8.551214238112136
8.591236385597941
8.606202910186292
8.597795239716218
8.605550400671918
8.629423236170553
8.631825517554818
8.571722275519818
8.62636156120104
8.637971141069826
8.60127297657471
8.637054694208356
8.56899808964834
8.633967909126937
8.575453349641373
8.629208459932766
8.589674422907981
8.627624823638634
8.593954993609346
8.614193394571458
8.605753223659374
8.604733529743335
8.656076745045828
8.620138024077969
8.56111712207778
8.601601738898092
8.657148900739147
8.597640373188446
8.585876833719583
8.597083162400367
8.621265642056581
8.54168317578991
8.60661046783366
8.570338423564374
8.558711864147941
8.59339184958916
8.587923702668531
8.603110369003515
8.579309702226473
8.580156006285211
8.589142448405127
8.590723670432352
8.619856734307875
8.580491908933274
8.578864120896363
8.6094602406144
8.606803919459596
8.594023524426376
8.608799160052767
8.612913578984136
8.63989367086451
8.556934469486611
8.587385011321377
8.554859726729948
8.626016906696913
8.549131619270415
8.599402001614404
8.565522514708444
8.605998303308255
8.564959731347145
8.640814871078812
8.600532945545638
8.604839234197348
8.554480676371353
8.620845626723879
8.602745339004096
8.566785074150834
8.602264919123309
8.580390894545312
8.570792153123978
8.55903177880905
8.52279552857911
8.507779368066052
8.53388761460993
8.538933668302846
8.542315333210809
8.565814911282288
8.554015188375873
8.553410626883032
8.5426288114065
8.539710220710838
8.506505821685058
8.50475528110022
8.507895320998587
8.476842567700846
8.479267887713918
8.404971347120243
8.482889577670969
8.429751376304123
8.40612940890724
8.400161688719596
8.413414845743285
8.383657065536605
8.421874292932307
8.406587072832226
8.387686998310238
8.38245857301066
8.401277247570441
8.40805549585707
8.399304095557671
8.345643724666237
8.369405853593063
8.322137606549616
8.378254131074849
8.375285045338245
8.34803895372553
8.378625577763223
8.33577885243641
8.338014395123192
8.347523635076627
8.292333653966212
8.34142468123745
8.286722088735223
8.34091435976592
8.318488780748414
8.320807336003082
8.337934792854663
8.352374843237545
8.369467811727919
8.299365951103805
8.321466823065018
8.285120412950352
8.313033670127398
8.274157535185966
8.266143473730738
8.303918763866381
8.31391909867174
8.275390138687648
8.286062238685078
8.268105113887728
8.234387855359394
8.273494381807533
8.283940954679473
8.226455138295753
8.266188637479992
8.234851300301646
8.201382199046211
8.238526331371576
8.244491850961523
8.146861778381254
8.144365553044727
8.098352800502735
8.136632234850603
8.046103702433834
8.101726960166726
8.031625057418188
8.081269463409221
7.995109731957233
8.024825403163158
8.004391898698334
8.003476753860811
7.878944694956112
7.954714988133366
7.902952534913179
7.954317427245288
7.899077631578315
7.9354933912167915
7.913034157615742
7.884695272780441
7.836644114523257
7.90944819018475
7.838890257642955
7.882271808881065
7.894107716974241
7.875923711379174
7.851182183721659
7.848399654547216
7.8557227480638225
7.865305304534871
7.824644039091735
7.812509764733024
7.806806569325884
7.796543408590366
7.834325463891487
7.846745231582862
7.784844857722586
7.777356121899976
7.811524978576945
7.799127638883711
7.719168200209587
7.699308865208568
7.704712737109267
7.67627506463491
7.685181937453159
7.64053614122489
7.671351061891396
7.699100289490039
7.675056291897501
7.736656055007469
7.7187514562638055
7.700755512344513
7.666565319603746
7.647749833882429
7.735855592901901
7.681787618929993
7.684210091738306
7.673884869039488
7.682756431881259
7.6664195534939505
7.632927215905267
7.6193292064980405
7.634937947588172
7.674572582254574
7.694351576368037
7.627608792996906
7.629727003518439
7.663001773314672
7.610973631952248
7.606367447290659
7.673816758597408
7.640109490966979
7.693160600326994
7.622636784486943
7.575335839066987
7.6484994462099065
7.620482899095167
7.624766740798337
7.602126973125374
7.655624689130508
7.655272626937134
7.676171293793733
7.70060234240181
7.680297647739333
7.601352943484503
7.641097702719278
7.624639955439151
7.6759492463060095
7.672071828034605
7.632479184010066
7.679279675935582
7.68301378400428
7.667612850246699
7.650759173234694
7.681921743224203
7.591221401463333
7.661957862373493
7.626335264695489
7.660405736033721
7.658261828409009
7.677114452241523
7.645910388073946
7.6307637439494
7.660573571308844
7.635958069579187
7.6470906819989635
7.551291093584298
7.677254894269925
7.545794894231643
7.596387723828021
7.593260426520827
7.654261571679417
7.629485190666309
7.629161205754729
7.65127463663528
7.668776168111579
7.641226819927145
7.59064251153879
7.587667689263778
7.600768209192343
7.6876149016955315
7.690936238575382
7.633066007837149
7.652687257538929
7.630697158577662
7.607336280983754
7.526727453566415
7.6348093035550315
7.648514199398328
7.593852318247483
7.644154675414155
7.672921302227225
7.5874001164094995
7.583351787132575
7.591557500059619
7.655619314023101
7.612787628966027
7.650916742862097
7.559421163510702
7.642288607112682
7.61937233186968
7.655812250777881
7.626581772431425
7.6311427697027385
7.659411055091205
7.6357190801993715
7.610748500087193
7.634961067620102
7.578234948057396
7.637896031851958
7.59195005595922
7.6456025427560625
7.583995881494437
7.64288334287566
7.65147597223999
7.642223240923505
7.620206057019383
7.592655923692169
7.576824605542813
7.679389176217998
7.595794258094313
7.5754364193884225
7.624548570311872
7.6055904036392805
7.616113736414343
7.578238796691155
7.567266003694729
7.603015482480896
7.600217444893933
7.649879607333044
7.6305273085813665
7.6679131520579356
7.662233014839551
7.634864333963318
7.597002904037063
7.606536346505276
7.643189901671453
7.570351608342177
7.657121952599802
7.63359306125539
7.644536991867059
7.619931453099888
7.615137517631938
7.6099719750600885
7.664232092697295
7.576713984577634
7.625918122819579
7.584833560692276
7.597238530279342
7.614771225195689
7.562344245489129
7.610681881201364
7.599265903979349
7.598609290876227
7.597675376185361
7.64349393518662
7.616081989607452
7.5791110894619615
7.622155330832188
7.657586279272996
7.608673551298379
7.583784737352101
7.591620884653707
7.567201732634489
7.606497968149575
7.62217551679478
7.661135789515636
7.484842613749159
7.597692152869406
7.580538815172525
7.629666721086168
7.599804176612979
7.564803081990577
7.589658884043827
7.612101359997936
7.5942282606634075
7.634826236788207
7.61326101189298
7.609019324271484
7.574181454577779
7.60332779919538
7.545697371588495
7.589049594632793
7.619984043635275
7.534754694693226
7.609738811063332
7.599581343268671
7.550588598202632
7.583642656157414
7.632086201668402
7.6268118971965
7.598529868788562
7.605136791875662
7.573917350262247
7.566456207055328
7.568953210651093
7.586014068830379
7.601608140481543
7.582756177933957
7.615144889857273
7.592403352522665
7.5929543756494144
7.621492665811327
7.590762722012292
7.615006829696794
7.620281919163803
7.640115069441243
7.615126592752201
7.635481346024831
7.596174081746932
7.587067657614644
7.557336296244433
7.643677980984166
7.623856092689002
7.56063774023865
7.5630897764833955
7.629421579815899
7.573690794217747
7.547654034958348
7.572647079792997
7.563878581619883
7.543944706591402
7.566504378168987
7.514346434212443
7.571191835509693
7.563154741484309
7.549194818172789
7.5882014640150715
7.596786623519776
7.4838382833028305
7.536385705472153
7.4990639565273645
7.53726441490632
7.484145590794444
7.51350937729886
7.5065050263722615
7.567546403825739
7.478911799077591
7.542755023322016
7.559660568220154
7.482572687880296
7.528958174345481
7.533324108680248
7.568183212958928
7.50483237677735
7.567991751694001
7.480044303028099
7.575944096287207
7.487031539520715
7.552350045534652
7.495116258534327
7.534691199346104
7.5251032543854155
7.502902365710731
7.537992206756421
7.454192127229523
7.540255799680812
7.5217998511928625
7.527605384007805
7.543383483896621
7.467508256829875
7.485152918644568
7.531586576446965
7.532219333538098
7.472922010337869
7.493071104897827
7.436127144797612
7.527630592876101
7.458466602826572
7.501903697495719
7.495498224423947
7.476083778204393
7.476557145933714
7.37990292841242
7.440649213316228
7.447446418346027
7.437372497473442
7.408292028938886
7.4346790993920395
7.480730287127503
7.459430135513378
7.433393583952879
7.3984907194064276
7.440837242253291
7.47359463260986
7.4191067210226
7.407935566661922
7.431973783943347
7.448229757090375
7.407722414211213
7.32818915189983
7.430478906123025
7.451401862581113
7.417964481878892
7.433675354042768
7.36608048251735
7.42775187537488
7.462444236745033
7.456034259267181
7.394671322277692
7.483376286540416
7.390291251144548
7.361749546939505
7.3493180372042275
7.4081823119289085
7.427689910722556
7.370086451000333
7.355524165990094
7.366637414008317
7.387763280000469
7.402084197575963
7.424802701296869
7.432273045638046
7.384886502510316
7.397270696979865
7.397680085345712
7.374203554832139
7.379976666828609
7.367047754004851
7.377004391552237
7.3641268611964374
7.403202237846181
7.398730814303608
7.372244786787318
7.373425625526831
7.3831314085542425
7.360718954525134
7.35448760290139
7.292977523329269
7.395377127930531
7.264338925545269
7.357618232126001
7.315719115196258
7.3713336619491265
7.354497383734282
7.311802477567231
7.364585851195482
7.3170244991601905
7.3565084275779355
7.316728525243828
7.321610161861445
7.332730545515581
7.3242919297249225
7.304704061433319
7.328598994635548
7.315091565971262
7.304131961377353
7.354287018855118
7.274217305227421
7.303075066536684
7.285231662603047
7.365907340988333
7.317135748548881
7.265196032086366
7.304492156091508
7.3106441258174035
7.3030961080914665
7.272455562909971
7.269222821539055
7.283143357017765
7.302910393152641
7.214614070224853
7.319058136080449
7.320438425015641
7.269410850331561
7.338844499067981
7.306204643021616
7.282742398078396
7.337218944695583
7.323643374672523
7.311563865831701
7.328482230445509
7.3079439895468745
7.325291610375571
7.291928258589642
7.325673766199801
7.302000413013674
7.364676320961648
7.265787006173227
7.3147874819806855
7.351897679923724
7.296076962776433
7.313613128830832
7.307186837200913
7.365002916030699
7.316052925512266
7.329973918557961
7.308271721200409
7.255218294095613
7.3263395966162985
7.291336568114389
7.32593679482461
7.335890852262994
7.246321705561486
7.321276446507632
7.339191670518229
7.2996715650054655
7.3140190833918
7.318488934570907
7.363876176553722
7.2580452354955245
7.3426085292827326
7.282771659892743
7.259981051888565
7.341391047040776
7.287762363846468
7.329791485156774
7.274860764391513
7.308713977969572
7.274081020279459
7.30025091861621
7.326809098489335
7.312473688164702
7.32257768627261
7.277122653458715
7.342766348723918
7.374617991198127
7.35697751379023
7.300490898344179
7.345872705000875
7.306138671045015
7.327215620519701
7.356592696079757
7.3269095792141385
7.273649560212287
7.323551704671559
7.296384593804968
7.301574738053308
7.342094231260804
7.331307661246261
7.32879969943203
7.2869233141588134
7.280514065679107
7.3408462439770705
7.34495263419888
7.29094864117634
7.337748273058313
7.322507286629811
7.30844203367855
7.316255047596557
7.326126777583394
7.315067402096494
7.325589474612519
7.304829034805268
7.265162643130932
7.339248014601679
7.308288566930051
7.341851632877521
7.2770721864463495
7.263343175651487
7.254201308143691
7.297295676469336
7.3051461485786335
7.311437854993997
7.277719400972494
7.3156862906558
7.301342961165931
7.30186415319649
7.280982095855679
7.266654810017722
7.274386678036399
7.270802530233015
7.302046867694039
7.322877300419234
7.298958412181584
7.31212048237976
7.336098740712214
7.281219160454498
7.340578866045047
7.341673879197018
7.2573064907304525
7.321899806870177
7.3129500490255985
7.304150534073836
7.354740059160811
7.271323768753998
7.277921202155861
7.278470705679631
7.295555867559584
7.285803527255364
7.2790990022807005
7.268469964334225
7.308637307430336
7.283071509602015
7.243450596992404
7.284263361541769
7.311534179592599
7.335798423078425
7.310243468428902
7.354180288557847
7.311915041270813
7.356629252158884
7.343090833029678
7.318518632580922
7.29037219047146
7.2732984908980525
7.2933156592806165
7.320598904980164
7.260952784376843
7.246364474654147
7.354752462107399
7.294830942390476
7.283132523412621
7.268834186144844
7.284692228713898
7.318061806924988
7.301804617083331
7.2710045348262025
7.2935786486200245
7.207072015857925
7.295013175137523
7.266208174560512
7.354156145079564
7.305935649502304
7.320958332133972
7.305485424400336
7.327863776966499
7.327626777418001
7.3487554326628794
7.291793541293709
7.281080170736245
7.312353478510021
7.333241979566941
7.309998238404386
7.279054732862834
7.301075070726981
7.316679922446015
7.283810196206038
7.304258121926946
7.27093875217791
7.326235877339699
7.328309636396363
7.278153766817039
7.216334383519068
7.337306237634331
7.302026122498834
7.260414027716462
7.3040867842315915
7.298354869836633
7.29627121588568
7.325179737606272
7.2907373019551605
7.343123824318482
7.309918600202895
7.326560455186443
7.3207567944596725
7.306931765431113
7.2590233689905155
7.293004883268768
7.330429016403097
7.201129993216956
7.320881989881962
7.316442243839683
7.30477740233605
7.251105729899055
7.3186045635166925
7.290477904236788
7.252566713229737
7.311769910204346
7.2875458223267175
7.281899728395289
7.261114495042349
7.286690250843017
7.245326342161555
7.289488662392227
7.18997691266608
7.349458817887897
7.319006333712917
7.269600468094282
7.311628064067948
7.255054101917613
7.270052044614575
7.302322239886544
7.276921467489952
7.3279168776512735
7.274199542998633
7.279762405833368
7.320820430899414
7.282834646215832
7.265395201723709
7.274533309433669
7.301768711689063
7.314056419755979
7.292783630674185
7.314547399647607
7.270512487144419
7.281749382306293
7.333291604861695
7.315719794383943
7.25832002213102
7.2990843703894015
7.294774027550002
7.301921526222088
7.2714094105530105
7.337225356578247
7.276321384080431
7.321977707256795
7.339129256377163
7.2981371453605295
7.292647345663231
7.242866058940156
7.333456787329722
7.309331519786843
7.262351765872836
7.253616908191753
7.318072941873054
7.280177859197368
7.312378925925577
7.267387045141771
7.218223225267859
7.325663931653364
7.235641783131632
7.224309280460946
7.266836639830793
7.272147300453068
7.315989113811052
7.217955412899829
7.325086989954963
7.298736385243976
7.24694979363904
7.266527369672257
7.283231228476336
7.258105901130397
7.306595011371063
7.267163701704722
7.248753564875346
7.267974971978503
7.252284968303587
7.26684046214579
7.296819100755542
7.246148030141306
7.258526377267061
7.28073608840522
7.267017096519354
7.290589506191992
7.273257193514827
7.27857811084265
7.26762369979589
7.257035403496492
7.212523255480305
7.25554829291355
7.311802568265026
7.304034417805063
7.273122918505495
7.256623812342689
7.2962129293411895
7.254073518543213
7.239055786387165
7.2202164644032845
7.275528320027437
7.266740850590712
7.246229187278403
7.212423612900807
7.2876403776007335
7.24391278940961
7.238800139359806
7.249839872093942
7.301830233760715
7.280376163390247
7.30574344449243
7.2871546674139775
7.277246488531559
7.293534025546165
7.235534585873451
7.3237139569751655
7.268486260574117
7.175081033235085
7.24528689070846
7.25324289492575
7.275828378725077
7.270439895372712
7.268628755958242
7.292384970767855
7.22034586393939
7.256086295547159
7.239660955698845
7.2215166044182055
7.292636649763289
7.300677853998948
7.312099791348352
7.286540250805878
7.311056889987709
7.278753014681318
7.315656098470287
7.237199533143292
7.273065240615603
7.292318566513629
7.295298261736333
7.277891979277306
7.292072122188424
7.2834053191138635
7.276578630925004
7.274169557813357
7.288878223824711
7.252398501390932
7.233500029364686
7.294985082967229
7.302788994899834
7.253554481937868
7.2472929054541675
7.238523892001062
7.289299955867783
7.288983681176139
7.293139601968585
7.230731531283885
7.290013269636727
7.269607508932922
7.317454460708235
7.361104244010393
7.268572763392288
7.253519056117822
7.248545774564211
7.279338522546293
7.256891064112698
7.240223668088916
7.297702192441266
7.290289049197926
7.263998793906635
7.343627985344236
7.211383554534942
7.236007652452731
7.255793432836773
7.24853041892413
7.278479349510711
7.275185134254653
7.294855509358627
7.258016172998148
7.245145257551694
7.305339682580832
7.310545804303555
7.252310576019076
7.264211611130506
7.2619740372187005
7.238254510318689
7.309080404734691
7.226053584083915
7.278576773463689
7.206663095017471
7.251056774601642
7.210116499162217
7.256769650817397
7.28405148816012
7.285430338134793
7.244191031890167
7.3003967143453234
7.252386405847888
7.293069967825243
7.293746267766818
7.272849702568979
7.249457996118779
7.2658911139025895
7.293451762325207
7.278672828232495
7.311200707919116
7.318491064682787
7.1866447534388
7.285832715719783
7.272485211873299
7.2658642581348865
7.236751783457823
7.221845963629016
7.230960422332936
7.257792848721984
7.269333222715807
7.228964657129799
7.255365107052293
7.272325454172869
7.215283502372386
7.293068276240639
7.270069451559514
7.30953259974469
7.297747045512221
7.268453340328071
7.307265295044896
7.298735489098841
7.295455168707624
7.312975195956011
7.327670086096638
7.2116700865649115
7.310714030633012
7.2210791653792645
7.27835082360036
7.228939218367108
7.2739153429668075
7.2486352537970005
7.2321201933082
7.2972286624021665
7.255690635750303
7.227467940444226
7.301974578608888
7.275919085614076
7.2178700850041455
7.21224279157887
7.23176024314401
7.233346933090453
7.218127601586267
7.253881850246793
7.2719300165597724
7.31812031017264
7.2151425894948975
7.257845374178537
7.24259275399633
7.306662410346963
7.241471133179977
7.26189458921448
7.2777810745721245
7.265066559034221
7.280031876493019
7.196775942194311
7.239188534242112
7.270519465640691
7.287113304292243
7.283634143606483
7.238634787524983
7.281412645207692
7.2708889913608425
7.22883626219743
7.320386603534866
7.259276305750195
7.264958540061041
7.269451943768003
7.257072356966087
7.251211020306157
7.281318588048906
7.242392895114532
7.257273843812559
7.194536657332548
7.303472556316904
7.259390964310232
7.327133350175044
7.261729885215178
7.282136604906981
7.275457034248919
7.231369002053835
7.233857925797758
7.245888446551187
7.21953373101719
7.1956914828228244
7.252324999836576
7.207041299439712
7.288268394743434
7.1981193848912035
7.24435789311651
7.212004914419306
7.292061177404933
7.233266562214436
7.2657622386932
7.225758824185329
7.20116332568267
7.252662212375649
7.241540406852756
7.2842918650519435
7.247477873021198
7.236186967814716
7.269459872885141
7.232169374877772
7.282299227299142
7.201140872437582
7.277223172410862
7.192362600448693
7.290521838850172
7.18982450576512
7.24009049119843
7.249286430987857
7.244073775036588
7.230849334498844
7.261374078363446
7.265089541205618
7.2803723927336765
7.2381433649200115
7.269557064157672
7.264744400483091
7.270938867049783
7.2472235578683595
7.266700174919241
7.218446568126915
7.250475821353639
7.282164554646916
7.225055507927243
7.225407649608005
7.271734820987738
7.260613281620503
7.226317379083902
7.2746518008643575
7.327023653108508
7.240183452635786
7.212056120776507
7.263678216416139
7.251210683977969
7.249104695443569
7.194516262589792
7.222789494510637
7.244026661224299
7.202121266474509
7.210516418214965
7.18712175526844
7.2466458021020825
7.232802569209915
7.203438829470389
7.178125405141342
7.221960111353455
7.221828504857184
7.291297826468203
7.243819829019771
7.253104441700935
7.167105879010881
7.271057582961287
7.185801177954305
7.2330294397765105
7.230789878404715
7.243937758913994
7.28875220807843
7.232228908467604
7.219255788223071
7.249720150574245
7.226824123442796
7.266947552533232
7.256115440898124
7.224229058387255
7.224587411725278
7.213913100518364
7.282182294676459
7.246827620042228
7.228694192563828
7.189016513407396
7.2473066567992355
7.227871044640025
7.263530221913148
7.175997736560912
7.255977253075763
7.164754087405359
7.272763280112762
7.203874968050976
7.2051604682615835
7.2015715060810255
7.240019440141422
7.194511805686522
7.2058829670779065
7.217479356724322
7.216560471851933
7.223065847179196
7.228348717700341
7.192752312312127
7.279758154128921
7.208966158648416
7.234532914096552
7.220182614899299
7.220593150774322
7.219696821944116
7.272522324359183
7.253235343904831
7.250063265956493
7.252606437786983
7.269888250515047
7.227716802379
7.237711113167787
7.177186207637692
7.241778377490992
7.233762746876579
7.254076305549776
7.218334323509334
7.218079866505486
7.223606295188975
7.208312428763249
7.201994073222161
7.228704489375827
7.225263987423803
7.189590155914442
7.210862585295888
7.1884629207975
7.191994101169496
7.244049152330604
7.216012582449573
7.1843802497644855
7.253887486376579
7.192600974604311
7.257082992352419
7.26120559548492
7.197992503122043
7.1849889990790095
7.221321522004348
7.224136970556929
7.164644594105567
7.213412991904719
7.254726959666682
7.213213591393688
7.215963005528628
7.217329416497568
7.199311365876637
7.1633499449415
7.272292259670563
7.27516465839118
7.214884239527182
7.261131115872693
7.18994859168377
7.2218625985194125
7.205604159943978
7.1835763529280205
7.267818231760739
7.122709021922778
7.180462654314393
7.133295199243448
7.2402758203325295
7.228422667443578
7.211393044072803
7.143756996591081
7.23130143564894
7.238952845345472
7.225830873151758
7.245963670836943
7.202477654302926
7.210561334028834
7.210575778073878
7.201516104078128
7.178476422233933
7.190596064293434
7.195489021064438
7.189674217960386
7.149016468218844
7.2006862520462915
7.212625672046284
7.223902239146292
7.135924729218821
7.21449400472341
7.25252398245029
7.165073571200743
7.14821546504057
7.1554043824523195
7.164106298129037
7.1025898111405565
7.168664121149349
7.137363848450782
7.157018492816175
7.156467337049405
7.155366146333925
7.101787667936536
7.132504981393605
7.098798605997263
7.154994158980211
7.1280280632384025
7.180578389106509
7.129480246939781
7.131120655687853
7.114173917149518
7.13952615886724
7.086213056088454
7.114414097881216
7.083659939996604
7.124830684014899
7.140704143115038
7.094968927289908
7.066016649558678
7.108087435220197
7.097018619420849
7.1102202477879475
7.108873364149199
7.03970111030501
7.085894405347963
7.085666942947985
7.015514804603256
7.108443392564101
7.072656092759173
7.135952146507928
7.016947557281877
7.095377285357486
7.077845898697862
7.058514228229548
7.0515601586523315
7.026990301022175
7.0306909847724235
7.044833209544694
7.014225861055289
7.008454111838562
6.997147215918959
6.971002436018262
6.96792179857722
6.94978320933778
6.9873314573887555
6.99507324723009
7.018294808356776
6.986198543870706
6.968604941795783
6.9706158046487
6.970279117497009
6.960707512503879
6.990527461053734
7.015011241446707
7.005034492837892
7.035316127528307
7.006165590430976
6.98208615864445
6.968429637614663
6.9529925698475745
6.9211708387292
6.899526867091159
6.967170994761463
6.915316649901003
6.883188520483036
6.919300701669961
6.942357264896303
6.867731425191917
6.911155529266082
6.928094899853951
6.901794330215908
6.92206463226087
6.839127262916628
6.835091397260358
6.873257794137807
6.920526282459219
6.897296114710116
6.890996404804222
6.883461065334763
6.9170284011267595
6.846057526596726
6.9146480359984555
6.8507038068525485
6.899877494956294
6.84320171586757
6.902931932518138
6.884580098081189
6.904653308337453
6.817168684146308
6.90548307357222
6.851885924524765
6.886422685635981
6.858126612950105
6.896873404853437
6.859914405182942
6.888401851398172
6.87587335965256
6.866543816033109
6.91696148753108
6.876508840904338
6.900904354149518
6.840248793058497
6.883221953789489
6.920908333027445
6.835914249186729
6.905585140540588
6.8909919961284
6.9085468652972875
6.879617608506855
6.857437435897635
6.879062156229767
6.838238625505879
6.895679804389161
6.886184582115048
6.880477210926279
6.868360484832457
6.925648624070752
6.861904838983678
6.866815364612309
6.880835192181893
6.851188179614114
6.941699383894546
6.856567903541288
6.825387299237949
6.852712621787538
6.856915215766853
6.919472607917919
6.879059299024133
6.837887909754482
6.866576260453465
6.892746257805826
6.895812303476059
6.836059880890671
6.92332947206377
6.793445356169543
6.922370438356339
6.807922786293354
6.881577802290144
6.847121620685763
6.875869405783428
6.847882803531915
6.895930957189907
6.867754840415449
6.953422493254325
6.8778532621854165
6.882955681120848
6.844912226665244
6.877111436696033
6.8747633724766715
6.824223710000531
6.904076086857805
6.880145051665918
6.8684146221501505
6.881901778952397
6.9084603585071225
6.8162355531836925
6.877651016117167
6.861932466665617
6.877076528595101
6.885754823399282
6.847229839344366
6.798700525303868
6.818431284488823
6.835995167478046
6.885648071403304
6.915119926331524
6.884394935793028
6.844356903629216
6.902754660285413
6.831284286911763
6.884754642075125
6.791135656771159
6.898485071538924
6.865863056189847
6.916130722611296
6.863063616089445
6.83522728272
6.874046473087972
6.870877652385848
6.897240296592799
6.85890607749772
6.908325709916234
6.81847386617641
6.857373363811146
6.817296744871308
6.9093611486824
6.799801188094227
6.920175810886041
6.888192926224946
6.896154620033595
6.833974587405433
6.813993181148672
6.812780353381691
6.8463879052428265
6.867957332983597
6.84512642892239
6.8848587718459315
6.867437652131195
6.858414238859683
6.844911009001171
6.878756874618559
6.863466507271875
6.851423884061262
6.818762052269749
6.8446131520363815
6.8596377792399865
6.852801521563812
6.894645006899096
6.833791999816031
6.854693200595329
6.848245998136439
6.833685970589366
6.848906722657712
6.843783002503008
6.863802647266503
6.881547345769561
6.82515261129882
6.885478019641909
6.9069032985926
6.8432175862897
6.8348565053825
6.827553716118813
6.8501913928499585
6.876339351078245
6.822544899204175
6.8427256245009405
6.822045640472347
6.818075920728296
6.894707410845692
6.876238656153027
6.905688720480821
6.852216363980763
6.903418907731982
6.842575449471086
6.889233879463946
6.82772350402414
6.854162637845948
6.780749292394341
6.847275620079417
6.884371453595087
6.843295527152651
6.828975017192585
6.836168832547981
6.845155466491234
6.861688960643483
6.810977706106036
6.8421591432629105
6.807701642318967
6.892762941754793
6.835568681434973
6.850716483985346
6.8609559045368105
6.87289482311515
6.843527678759357
6.841309274054552
6.801968263014286
6.842087851292396
6.864461124527053
6.870537248587645
6.787576181078103
6.83366015274546
6.789551946566543
6.8739724547867205
6.831340442428742
6.837156731343542
6.838690085379252
6.8642168569972215
6.873241841077172
6.893546733642497
6.834341703044483
6.833697979129195
6.837211525137694
6.839274955475811
6.917889635613047
6.841871256273131
6.8898490744648395
6.865179946229644
6.862525883257647
6.780568467008373
6.869846327259609
6.855638270989041
6.84129944174895
6.825359085173323
6.824644521490582
6.88523968657309
6.817942699058174
6.8619767536924465
6.846362435428864
6.8876215957287945
6.882600609102004
6.832257116511449
6.862441059485893
6.880214592816806
6.868623230988182
6.894789988606085
6.864746857077094
6.857241517947064
6.859104449650135
6.817524622469427
6.811736440267168
6.834254262669427
6.862496385609359
6.818624608845366
6.886356456586322
6.835761515674061
6.853021233804954
6.81461160857986
6.8870682388964655
6.883839567005927
6.827830508162568
6.833259592839144
6.794343279431376
6.8434512325598185
6.821333475496095
6.836149116813518
6.8794093471294815
6.874477654477763
6.838678916856522
6.8329964222850474
6.882442555963591
6.817766989631158
6.870791796799424
6.829641113259748
6.826859269160634
6.806488954495803
6.892740911556568
6.840383884452518
6.827779790589598
6.789477462314279
6.879658690410803
6.891767927214644
6.811286374425796
6.8419675796110715
6.815643478566645
6.823006214479605
6.832852365164627
6.843947271707366
6.854515117475145
6.910719051795615
6.837206717773534
6.854205160326892
6.842564612433606
6.798355936799293
6.867145340547502
6.825315967398956
6.847008245854859
6.8418005643934094
6.832899437698174
6.81958698695961
6.823481147493279
6.835691185676501
6.864970165967459
6.833852320804902
6.845414701350391
6.843041762911747
6.807088329503449
6.842002915737869
6.805505165302277
6.826186583139687
6.870331202796198
6.804157685691512
6.844034127674096
6.872665024958543
6.831326380765746
6.83501204149358
6.8621599107957945
6.810576609573598
6.864456944648951
6.818514268233036
6.841998827175579
6.820811501928476
6.88767895899921
6.861556533997864
6.831969387791468
6.814857533546156
6.774808519221677
6.828546573647519
6.776170072863681
6.872293843415364
6.858679774467176
6.8430493775814885
6.834177254670194
6.845430795707739
6.799639818679606
6.820989438394349
6.84469718673589
6.844689300351809
6.854073664439287
6.838075657238241
6.838826741759814
6.82922498580802
6.81076510495658
6.838828069445455
6.815554825392328
6.77805299558232
6.795149049803517
6.806416358191785
6.88355915781672
6.78053025805244
6.811639393561382
6.827022775522969
6.839282354745582
6.82585719541498
6.807313947442643
6.765137953017429
6.814375191971775
6.836730653475695
6.842121963582542
6.846958886524355
6.789597637128116
6.788917313209049
6.815875772831745
6.7889591073100775
6.841646831759179
6.783002751995161
6.888561650501199
6.834908412330711
6.837454209816816
6.806038315111309
6.848250469448204
6.86823836667453
6.850979408889969
6.833839735502102
6.881967740053465
6.841948109298878
6.819504834277852
6.790218259264599
6.807763831405265
6.803856522945072
6.778750854696073
6.84927427377867
6.8045479784781575
6.870546621380234
6.773636482021373
6.806297664135528
6.753481876138105
6.860655616674831
6.815492653997384
6.819357178971288
6.822942779694151
6.825562045667903
6.776936105988566
6.797152152368805
6.850402683331405
6.829641013002438
6.799874374168736
6.817829886580196
6.813935132570485
6.862500980450875
6.8266377305771755
6.823612069161401
6.820183865248888
6.814532522332545
6.822153462867155
6.847423459883554
6.797949185115895
6.8040891816527544
6.823317834717705
6.7827352406867885
6.715777122276891
6.763517415589751
6.849710924665395
6.760827608144581
6.796385387539525
6.815940846137216
6.79039322034388
6.775662294975245
6.7973285024731025
6.810469326159611
6.748087692008624
6.79952820698273
6.816250068828221
6.7782389336461994
6.8356859027437435
6.785614626060631
6.805418693973188
6.801851985858503
6.770508827267763
6.785941699362272
6.767987634165652
6.8061563319466325
6.741967711580951
6.844721243412695
6.769414609399169
6.806982097009323
6.78075806888322
6.8067547329951985
6.81365160704539
6.789952236038299
6.832345829669674
6.754639326753919
6.775363442317877
6.837511622499465
6.774662951585347
6.795202872123983
6.7403316729414495
6.8035686105942546
6.821227114397956
6.8091461663415425
6.808531119501623
6.74166513386104
6.79356609033701
6.725341503859161
6.776955577728281
6.7882268271984945
6.830965148695574
6.772772420216351
6.737603261798512
6.7979453493637685
6.786700146325876
6.724395043528118
6.7585768332725005
6.743431659570264
6.723334157360747
6.7378325338025435
6.744605882489733
6.705810810854485
6.728690309724853
6.727779013615414
6.702838469253759
6.693355128769475
6.68387652931235
6.6762772609917995
6.671615700932238
6.670437585396941
6.664812874342379
6.665614580643805
6.667919870825989
6.679430010057055
6.662638623727646
6.617974202907205
6.605975454272686
6.663004260377336
6.639728261740439
6.609068994931193
6.6332402254983975
6.605080891425226
6.555857998950662
6.628475058975378
6.542545739083934
6.571168545059254
6.539862294416342
6.582527795085651
6.560374527399816
6.6237076315493315
6.621560544007389
6.587959858799812
6.559449810759986
6.571409338279511
6.602454202258294
6.60675313021389
6.599112630837271
6.576388665858622
6.599247176056311
6.543537627645845
6.56386389910501
6.623845314020156
6.61157418117216
6.5877400307457386
6.541727287026797
6.590688823223548
6.5153569962787135
6.589131732323631
6.560616890999361
6.587270846404982
6.570462974999611
6.556951501750377
6.59350213704473
6.600971530908683
6.596233315096687
6.601038141201773
6.583033928752249
6.565789439052216
6.575539671969695
6.576906561310288
6.590675782881158
6.5565596602814304
6.523056756149306
6.5707093977807975
6.568154167843686
6.5634466964427025
6.546111168962378
6.558278386396488
6.5363088645882
6.580866510656856
6.5227389797386905
6.55885292455431
6.585299343976532
6.574821555948709
6.592366275098912
6.560070155531678
6.589955277954834
6.54540212725282
6.566963026310242
6.552088067977384
6.581127011572184
6.576671480444647
6.557518400723396
6.582463755720349
6.5478367740119
6.542514347978277
6.61667132289574
6.536952061842606
6.574368827713367
6.483527700533134
6.614019157959373
6.549639202069903
6.520488779131956
6.552860526826926
6.544508984220047
6.542005954199653
6.545864633024434
6.560122923112907
6.5696586219819935
6.541805943484277
6.562240478889773
6.579428430230281
6.578529380890295
6.597622567020071
6.552793130836164
6.529314390022756
6.528831741757174
6.596200067871088
6.538802221121785
6.514223113344505
6.569871654393327
6.5077878743188755
6.596570681883171
6.555328166203507
6.607995640098882
6.547721659220283
6.515922723273867
6.564717113653913
6.48895108587232
6.604166000775539
6.565988895388967
6.567936301274721
6.514519162365003
6.570156640065112
6.587034611475103
6.534015747893481
6.548534592046706
6.54365034713022
6.565891098991566
6.597197385619782
6.455534910709352
6.554080669136725
6.549723049658634
6.510685057599174
6.526075069321217
6.528066320658528
6.556428402926616
6.513382214819315
6.573960067692091
6.623870142448328
6.510959777187153
6.552339424249292
6.530920891058595
6.606835824112193
6.572928544069349
6.495772693193986
6.522383467335259
6.551107322369617
6.562232704674898
6.529597237975393
6.596381370130668
6.561423711097657
6.58708884887599
6.548264507312352
6.5667624682583146
6.533406778792486
6.512659487993602
6.583557712357879
6.530086216950207
6.592422867285656
6.520913359835577
6.548559960994846
6.565320502043509
6.564154578564506
6.476621200540304
6.582160422231923
6.525701119041766
6.566060390412085
6.53324141853595
6.527833189059775
6.576941793168787
6.534431123033888
6.51678193743874
6.532811268702026
6.4957266081650085
6.5498226785727764
6.529843326863723
6.541971708242031
6.531429950175687
6.568564794708405
6.481074144109294
6.53069916872903
6.537437902083527
6.549802754708713
6.509642414502395
6.519382570616547
6.54474663552948
6.587720271827907
6.473371159613378
6.511409031911567
6.5284504971172375
6.492625513241402
6.511440079856417
6.57223878430075
6.581967563315609
6.590249674882012
6.5833618566117895
6.502066105899823
6.529063314088263
6.50712361969055
6.586973369887733
6.542529057619882
6.601497806996756
6.505512030906588
6.547545887811963
6.516237588891309
6.593266546605467
6.53682308526965
6.5559285474912254
6.546538824984268
6.522844047994834
6.509604442703037
6.491981807627406
6.567972307316129
6.599022726531754
6.525201019886404
6.5188917112789495
6.539975048424998
6.5394450385212055
6.5676756644445335
6.473269814181812
6.53209663057147
6.4807017822794615
6.5401586996504175
6.4843708437166026
6.585277810001131
6.578542471005002
6.531289075273527
6.495583420172055
6.533048648005894
6.552753859641599
6.533128558050271
6.544049057332911
6.581284904368733
6.5600163404715595
6.514893911337763
6.513739820940386
6.509780147481026
6.542986731367073
6.504797280153215
6.455478990772628
6.488166284090266
6.521725592375347
6.504436794131483
6.532896034585249
6.551870759782954
6.506493667815693
6.475193418893371
6.53522558812005
6.488557047125631
6.478235955122665
6.531800480486916
6.529757571591767
6.520673417816797
6.489905247439927
6.494955554491612
6.470610458855099
6.474496160161728
6.5338356890788
6.546815997887831
6.47813536032379
6.523704694860555
6.492538774099904
6.506653239169073
6.470606205845799
6.479888251424449
6.500040063261817
6.463856409241542
6.5085131882681155
6.540285993899159
6.479180435173814
6.501765141107189
6.477043638481244
6.482440382928267
6.478632136512293
6.433121514373615
6.501204608675024
6.50767408942304
6.44804957946827
6.5397066252212355
6.493654568381796
6.500950796235728
6.528496600981056
6.506566381087755
6.523669442784068
6.433152366559328
6.548767690676175
6.484146313776325
6.547311559837157
6.552299693262923
6.472430854384876
6.518299891014831
6.495875409461324
6.460188713185181
6.520065374140568
6.510698907487827
6.528726178697377
6.5164633160023655
6.498252574593168
6.459468468939853
6.509595292783332
6.558491871366503
6.505778879286872
6.5025817434444875
6.543750171525589
6.508770668416407
6.436471726930975
6.521441062763282
6.4923211945396275
6.538929722434233
6.470182755058854
6.492693091180356
6.5005142259770325
6.50895505773191
6.476936833616995
6.490893353832881
6.515591465479689
6.518853151003355
6.385753223385214
6.498730384305708
6.473650558606687
6.5600012142465545
6.488062229904634
6.490357663665684
6.50959334677628
6.47810543997725
6.534070645864868
6.4732107326253665
6.511536331769609
6.480524860215192
6.47341822926375
6.500218000068358
6.495380271963547
6.492941659028098
6.470163625235159
6.487318543773637
6.511339537042005
6.465446310222563
6.450472336686095
6.492968327235974
6.572576354874223
6.481808530670724
6.472380905686181
6.404963894619023
6.444581590600576
6.430755646255084
6.428972646380608
6.416396720494555
6.417679241223631
6.411589722171086
6.359889717746911
6.443586484014585
6.377317232686193
6.403085474234797
6.382797842073046
6.3901343195967675
6.388960756239154
6.3339256565880895
6.377436336128295
6.357101847692674
6.397665095101409
6.329068251917292
6.371875311745663
6.328025563011013
6.3514949501117135
6.352994521201333
6.36376425074082
6.352557100491746
6.263864204248832
6.298880751224167
6.285808213869436
6.288298282337963
6.1989452571499015
6.297961872572035
6.1834765982365
6.262768411462336
6.202305177572659
6.320521697805972
6.258508303882852
6.265935792681913
6.199580903182629
6.250976457996675
6.2674077347794315
6.269016824070422
6.231961803186019
6.2754862732344
6.235675720081391
6.243757758920078
6.20586905199439
6.185026254345459
6.232014382593386
6.217235734195835
6.261902976005311
6.268754365380623
6.180427869332165
6.190912330167453
6.2354371273993525
6.193673378883813
6.1834787970806095
6.1879984496919676
6.241838747270493
6.196487089830165
6.230107396499465
6.22607616273699
6.1469816727140865
6.2208115233493295
6.181709864534261
6.194678688227674
6.157436607336501
6.201215834808881
6.1160206463434985
6.183840908750674
6.211865762968062
6.1562046939166954
6.2246075110505705
6.168881646698133
6.190713008148663
6.172155716425133
6.135447301711561
6.189221783988615
6.1432781541780335
6.135659251849488
6.1883384666970285
6.117516517519734
6.1908453271614405
6.1522342804937695
6.1625559089517505
6.159233299954101
6.153783315456776
6.105290415064493
6.154806701819255
6.141608668325158
6.161782866599053
6.160004813449348
6.2122998859585525
6.12903030316341
6.176704680013092
6.161389802621077
6.189287406140274
6.14951989384491
6.14169274225724
6.176691665473009
6.164175377684699
6.131618908168602
6.219909748788957
6.20975055017718
6.15594381716285
6.137123180170797
6.16409659291004
6.127761800118595
6.144053096984747
6.096905607895818
6.155090026285125
6.126301117819736
6.120801313026463
6.138565067461322
6.164222771841059
6.164548654181843
6.056290809662922
6.1955706382316915
6.162735726293577
6.190879081988708
6.1720302740678505
6.142361340014305
6.169140793923566
6.163336498133382
6.122155224290644
6.183631907006743
6.1597852571985525
6.16926307851102
6.186416501039278
6.15676175387135
6.156539792547843
6.150333690954775
6.169465002571119
6.154552632552683
6.164887026096594
6.163226837100887
6.153983174909786
6.162503703698716
6.20232099018086
6.121850527354968
6.149951649261762
6.142997315469238
6.220747172033739
6.203735978994291
6.199682557434145
6.143262940987736
6.2255068485195455
6.190461733274976
6.1264499926391265
6.180780576854174
6.110085783165081
6.1520898885443
6.206181935771412
6.1599145524040875
6.1520568728070195
6.144078353470983
6.166922891222445
6.115191966721407
6.151745747741758
6.171852205969492
6.201090347864781
6.194679566614772
6.138885853350505
6.171607085257802
6.180081819319423
6.170637022678811
6.200955969768724
6.129276597291163
6.127455341932102
6.162603035821051
6.129282317661401
6.154133776703866
6.170222101539638
6.185463887760902
6.184533465029193
6.198190112673597
6.201098782870079
6.075436726013422
6.220010498978145
6.124990218408741
6.217030236880019
6.139334591638295
6.128954446139588
6.100096779257215
6.150307552134075
6.149868554165215
6.114282970300837
6.12073527930393
6.147160313712841
6.104584146717984
6.134021408360294
6.182089342471448
6.19909399525349
6.159742825213054
6.141260191556731
6.151177080555116
6.181498967400708
6.14477494248686
6.116323128776144
6.167765476389698
6.1245826817099855
6.135249303204577
6.128376842920921
6.169982470022875
6.145829384716598
6.1480264581854716
6.107146569981775
6.185099782180879
6.1286959240703025
6.1743243307379485
6.110205364672303
6.1572734353468865
6.1917987042713465
6.129182431184901
6.117842249977322
6.149009433913917
6.174409679948363
6.183997953293758
6.19047329773875
6.1720036762882815
6.090208363337129
6.160001305751195
6.131839659062268
6.158879161444926
6.1632217407387255
6.138800625400347
6.135009476492858
6.146396128945086
6.12765923391274
6.127056823344798
6.160481839572019
6.13078997330365
6.1214869142735635
6.200266483865914
6.09586435248127
6.083167945042815
6.114391045061316
6.13892584930051
6.121654220074224
6.117220581297506
6.1478619253410205
6.137057712604707
6.142581848877003
6.136318434824756
6.125991810063908
6.139760095008421
6.173999738538978
6.163186132240373
6.171018224668222
6.093995999000599
6.118580039557339
6.0992928449017105
6.142403201287749
6.057910009476093
6.092312325619468
6.130743636733616
6.11441333778903
6.143124716782555
6.038141096605136
6.129043114525672
6.124516972525484
6.1232776204688175
6.158537733787405
6.121946887291482
6.12542698068801
6.177992348787943
6.104939565952394
6.137238387101211
6.145249218310289
6.146244789459064
6.154616494620948
6.156526870715504
6.082950189461348
6.138751380065279
6.136335133550865
6.146628792450794
6.105484168857312
6.146773773133935
6.151864157451612
6.148030078607178
6.185760076276298
6.122227891281818
6.16857355993558
6.140824231791472
6.088478496057319
6.158836968947881
6.068019243814655
6.135418090043474
6.130082348684129
6.141753854551565
6.194406402961574
6.1069043025248195
6.201616500503666
6.13727097323325
6.14629160304238
6.070520829876313
6.102247019154591
6.059440089587519
6.093119722183488
6.111825672343411
6.118951269103056
6.136274929791141
6.143918931015991
6.0963088877636284
6.138366538423411
6.136139515599632
6.16600364637928
6.130455779571683
6.15564911353288
6.165837131338332
6.132558734964838
6.103018788848232
6.103860737765535
6.07967889912734
6.153629919502487
6.157270715537731
6.074838745037325
6.181393322547584
6.181141901726867
6.061050826265808
6.1067601230184785
6.132720821861432
6.1414970135506906
6.172534327186676
6.112174848994123
6.118889678518529
6.09953850844429
6.1545272851415085
6.1062703728975105
6.115360379340153
6.162371862160464
6.054653810049162
6.136301968112667
6.097264523957968
6.120693360476014
6.155542141486661
6.138852899757842
6.175938400603541
6.157928750636919
6.149259811205845
6.052996129773195
6.181328472267628
6.104105289745914
6.110147628110604
6.1260385299027735
6.145450740613552
6.120318871241711
6.113689661585923
6.210315636821708
6.073102391600324
6.12932007158052
6.12011735726457
6.161711959110647
6.052085383808308
6.063427612064602
6.149324348868712
6.125791773617622
6.089946044152618
6.0999630320498435
6.084694520270888
6.090093355750996
6.016518114687822
6.001026054764041
6.074391768395313
6.042864502567783
6.051231004102843
6.007355955725658
6.01011269689497
5.990509846389175
5.937413407607375
5.991961005108761
6.0163294805548215
5.9798775672300515
6.003410797887008
5.927327402557268
6.027016881924689
5.948960213702096
5.985200747089131
5.980379574166246
5.9115329215785275
6.012041347902655
5.9901399942882225
5.948127595531206
5.9642125028765225
5.985286541634391
5.9710626560870965
6.007995470800798
5.958166712351027
6.010869151596983
5.950933721997429
5.947545721314962
5.923349415771149
5.926903135680037
5.917911742387288
5.849837778750542
5.888277059532956
5.858792772036264
5.878467558686529
5.871271464855182
5.877566956027027
5.904371710987037
5.887308178710143
5.855485860218574
5.833101076002724
5.904308829676015
5.871953266123578
5.879258350880046
5.8403760516140615
5.86320560038497
5.8119980862395595
5.8785524155769044
5.90942982791309
5.834641577670653
5.882355409592618
5.871190521900553
5.819460258254481
5.851222109652828
5.878323573861849
5.884969240622589
5.8509400751526375
5.861046523899848
5.9446053824436556
5.846485211263815
5.869598955827758
5.851133209796733
5.883882245784168
5.818996186001469
5.854604379220991
5.862606248968875
5.868436693561971
5.879350289825395
5.916350723703175
5.819808817365669
5.835132073726902
5.824982370024692
5.86428292159885
5.844965651104932
5.849488239273428
5.857685467971608
5.827955121049897
5.871265062611274
5.8252582939236826
5.842610499028742
5.9103262855800685
5.870657389552725
5.830445910312137
5.839571956239909
5.91235488321572
5.899230201000298
5.874196411583118
5.843838919987873
5.840011955122157
5.885911338700563
5.831917135930391
5.924213195915796
5.907551215949299
5.9264385811306655
5.903250564038075
5.863016620231958
5.8574159516441
5.824050277425572
5.827120260732963
5.812647051915315
