19.564895961549233
19.405832549476237
19.453043942385744
19.313950433069436
19.328734939730708
19.150271784689295
19.093288434034125
18.939814024124345
18.87934891380412
18.745078714618675
18.627138593043366
18.4719873835234
18.365675351688477
18.245571541517034
18.12549800022219
17.929870230202095
17.807863451089048
17.613147387915486
17.50721324081899
17.29580798254263
17.18760444864734
16.97727251939928
16.86808942992405
16.666797310635964
16.60536769332481
16.410275914290427
16.28256680136656
16.104223592884463
16.020289472796676
15.863412393512474
15.73453753485305
15.586210258686746
15.519609266386977
15.330247477447399
15.295671999877436
15.132408330134208
15.086370961968065
14.898544973210145
14.827535103419873
14.717172433689138
14.649405198087848
14.503644204284152
14.507520082354011
14.389332188126174
14.359028416636086
14.237284861501118
14.193033786119393
14.177915092263655
14.093490197335308
14.029214439698503
13.989899909080794
13.869624537695588
13.839792404911742
13.782758589867585
13.72417624148862
13.696347168645804
13.639274860571714
13.609923365788474
13.590950776379776
13.53461283241027
13.522459038730831
13.489145290700204
13.481790330395759
13.495513806960592
13.439796901906478
13.48584436761438
13.430250357426923
13.444138491481446
13.416929841017947
13.447525401137893
13.396871432529261
13.474598074534534
13.387429578514551
13.452745161286142
13.39336758685808
13.480397038863936
13.38496847271138
13.481333744161779
13.407850606762594
13.483079087754623
13.396000721361492
13.514787314294347
13.405810793580384
13.547147856511566
13.393246052720258
13.530760527088978
13.41350737194602
13.549008864112357
13.416477226090771
13.542959229424167
13.426780457508666
13.571755074814648
13.440738926610715
13.589464683945339
13.460319732925008
13.597425633671282
13.477847245590775
13.58053121748945
13.449870735241827
13.565012876482871
13.462481382744507
13.582018536689198
13.465231946304641
13.607466212659826
13.475003555032714
13.588347261448792
13.456388454327069
13.588085634545813
13.490087068790027
13.573578613577762
13.488397006314619
13.615621826311624
13.50166981714147
13.613414481292548
13.470490908049133
13.57310830109014
13.47781560270225
13.578935467566255
13.500207476522853
13.585829619855186
13.511823136486859
13.608043097665401
13.511415774141607
13.608498332513262
13.480865704466506
13.570213999620208
13.497423122637063
13.588565436734003
13.490697926677294
13.58468414411077
13.513391713129765
13.59325748870547
13.504378738692397
13.568616105938899
13.488057482316364
13.542637044832485
13.49408979909701
13.551849172174855
13.490028031627544
13.575594372120033
13.475855560070633
13.584297928704407
13.468518499383206
13.545051319485626
13.479738657132318
13.56535052370532
13.487276425903325
13.53371793262556
13.458168306042033
13.55930666449672
13.462900473743076
13.561421640411835
13.488596574026221
13.55685292333477
13.490264670682325
13.555481019636002
13.508002061093991
13.540113381476367
13.479745420077734
13.561081619766423
13.470325506121851
13.54417264957544
13.50171743086154
13.56599240184157
13.482874704439304
13.566604568689694
13.496233961106002
13.551556673236878
13.497735113102198
13.566581153043822
13.472090585563649
13.50687995713427
13.503319862531045
13.510070642310385
13.50125098804676
13.55519090124976
13.460523072157917
13.534511482427463
13.473720555163528
13.539790335468137
13.443494305864453
13.491323297015551
13.488012299857868
13.484388102361272
13.482852381648511
13.53669893028817
13.472973217277548
13.523401124936658
13.45933294346286
13.500132448658281
13.437498576857559
13.49104347157218
13.457959671378314
13.474178340030296
13.467995862663953
13.51738862897694
13.458314882170178
13.527312617571596
13.471227147035036
13.471685771084731
13.458822047035488
13.480984385352743
13.48102628970074
13.445945957564959
13.485053825445407
13.50672988516605
13.486821674544784
13.538513195228633
13.479382506827255
13.482279137998425
13.458676695108844
13.504510306186326
13.483546739194102
13.495862045734441
13.481087908165492
13.517053865652981
13.470611148448501
13.516064612799795
13.453612556256786
13.48524769513002
13.448470594406109
13.497854624255043
13.44585772290148
13.474365241738163
13.461711526952797
13.461447496422553
13.463187351213938
13.460936928851993
13.471599009639569
13.475966564807475
13.458310134904497
13.485787735317531
13.454326077479749
13.502062867730702
13.460731818825506
13.436992663912385
13.478507863462648
13.460060330361708
13.458395856186545
13.475902216625109
13.457121770800338
13.452960637446209
13.449324919724315
13.470190739311759
13.464659604819326
13.431598410580627
13.458417812877546
13.454226611091292
13.458603404584982
13.474885589949366
13.429683954108764
13.425907592766988
13.45511642031537
13.425808122700424
13.461671631646967
13.406997245846958
13.455864050346275
13.426161880133847
13.470739448596316
13.458464150057011
13.42942560484378
13.419007242856267
13.450838421459633
13.414565475067246
13.46228813756026
13.396551138381652
13.464891238930704
13.416702329549647
13.477732407834647
13.466377886005402
13.447476559359147
13.420792238113307
13.462849509315516
13.405644630679895
13.450624459842338
13.409830652000549
13.479641023251
13.42150636238809
13.474131842444026
13.453804718939496
13.45931197748939
13.428533727222021
13.452425612855254
13.421488144818658
13.441801321669676
13.410422841520555
13.496101043691276
13.385253273919812
13.460754416133748
13.422748292974994
13.48314307612975
13.43215772837232
13.459620748684157
13.443783864494561
13.449143363584914
13.439933872751983
13.465783400184336
13.381711079107953
13.470053291073787
13.419943017049082
13.496371213413257
13.425126374241163
13.45709293820472
13.439458486922835
13.436098568546603
13.449833476871383
13.456672270492748
13.371774861185742
13.482235609510344
13.41748852408023
13.484441622656668
13.401526128840244
13.464485031303983
13.436143858569325
13.42546305395113
13.43106104854132
13.422616675765767
13.371700932240593
13.476388768586006
13.430545678473717
13.463216314587855
13.389700687395306
13.449753711416554
13.415423041243844
13.397740668884643
13.408398863954549
13.417079644240747
13.374449319564084
13.463515473082989
13.42088438783963
13.461411335964854
13.393275773270886
13.44313782293521
13.424378222366386
13.386003673329661
13.389252020300372
13.41307094574021
13.375471018447328
13.44953991659551
13.39793845502773
13.44951203470378
13.400451778360898
13.436862983275445
13.417655399711437
13.397805377696642
13.39046918620508
13.418138571058673
13.389498128043078
13.454407044328667
13.396123137555051
13.435963281553951
13.409335728557352
13.44173347707672
13.40224437406194
13.421856229283133
13.406796983139424
13.441568123386759
13.403810849775615
13.442884471126144
13.396867171211097
13.424081714106789
13.414684430713484
13.433360207505679
13.38997849693792
13.459199183953658
13.424408074774187
13.456021734670408
13.411469310866874
13.4318507311454
13.416034942961899
13.409623980730753
13.395709407803158
13.423233024057787
13.376911480368557
13.461039263186635
13.427331921279517
13.455784749986456
13.397281499823155
13.421496310220313
13.408905227099792
13.389586360006291
13.3854465649512
13.407148519227757
13.377078809844608
13.46736568382343
13.43004326677823
13.44882044457941
13.391288566189123
13.430334453715892
13.40081926613746
13.383687166239165
13.366917483573436
13.42464973113295
13.3963304328168
13.4512821326054
13.410347319532349
13.433078821477793
13.398539424576152
13.414466387104552
13.40360026958185
13.377883438345727
13.342144348089837
13.43003955568631
13.401469022446326
13.442717934994125
13.400002684869888
13.427227281596705
13.398318431065242
13.385833196401904
13.390225080008939
13.35475647099886
13.347911243415622
13.419703739617997
13.395881559304044
13.437281260320294
13.375087760215031
13.421655533477836
13.395095761325013
13.383555921371201
13.391859225028783
13.362877245867459
13.375166540991305
13.39697309367412
13.3803787921551
13.42270475966066
13.381097909287094
13.413176654076434
13.396459779686737
13.382273166464502
13.384976979158871
13.376280969172715
13.388078143643956
13.39582344703161
13.370904115049337
13.397443184502476
13.385442593300263
13.389925713340045
13.390050833717037
13.388493306147568
13.379863681272269
13.390044462152538
13.389700897409314
13.366608627843561
13.363209127431224
13.38566094446252
13.394778177161374
13.38381163412383
13.372381628739372
13.40644507796551
13.355738658501732
13.414400673676308
13.39921460597506
13.356524114955317
13.358292835835575
13.391944699461432
13.348066730542685
13.37998187225777
13.346075871370134
13.413117407895696
13.373821675672527
13.425741919334172
13.390909418816463
13.346141997092289
13.354453014189204
13.370254739394495
13.362096499581146
13.393213489528948
13.35733319615975
13.404695451120295
13.366368980969943
13.427737083472103
13.389726742042033
13.365250076689257
13.356512281904939
13.360032558360285
13.321151957879175
13.381113296711364
13.353202685980413
13.422102717486439
13.34003013509889
13.401774706424186
13.364285474219576
13.378187764516392
13.38842758761656
13.357503496808508
13.334202296920438
13.342480317084073
13.367745593320851
13.431814903832853
13.322254781514715
13.37455554335554
13.330653546460692
13.377012737406096
13.368570715261939
13.353914399669186
13.330895670250078
13.35288534831963
13.36375638127574
13.444504995892743
13.313351439053786
13.369616957409887
13.334088464422717
13.386029034623215
13.38817397703904
13.357093227786615
13.349788674343618
13.346351613637896
13.37071367077449
13.436895886573824
13.313046785551169
13.394796739511046
13.34446938657352
13.377334473851617
13.36673053400234
13.349250893182148
13.33449469906651
13.350557443596076
13.353384832561279
13.410798410011804
13.309633408018955
13.403063675989367
13.349375496016215
13.353377341042174
13.377842558780573
13.360698223661993
13.35826387509934
13.363071024677147
13.349481368221783
13.378826605845548
13.316660165132507
13.408365708866029
13.356861245795743
13.369590513544432
13.359431327060705
13.358565577945312
13.37341635961291
13.38162169215006
13.341994286645548
13.35297346132953
13.311141949982181
13.415139763777683
13.339007432238223
13.370724808060766
13.356726565202214
13.394185940044082
13.37729040205643
13.363413543067793
13.349325689698112
13.350479535977824
13.343251944014535
13.39350098874282
13.320923905471528
13.362929622060054
13.357577047585655
13.396205068470566
13.365043796072
13.353505353473194
13.35453161354307
13.367330840200234
13.357377200034591
13.370793556917052
13.317861538082013
13.373667884270816
13.35411673451517
13.410797274339965
13.3213437595302
13.349989616397949
13.358649327417051
13.377475339570683
13.34593908766799
13.353911587637787
13.314208650207986
13.394055366027585
13.363337821525562
13.412290849195774
13.305369666382381
13.352364939368657
13.359912843336998
13.377456344833922
13.356309992616318
13.317882421162029
13.321752380937788
13.398441065183988
13.344408290473318
13.401344151875778
13.291233072171014
13.366960219378376
13.359850539566846
13.357381002413911
13.368623401290456
13.317940548570975
13.341790617435626
13.387121755811673
13.32393499152103
13.381343726469872
13.293032531225544
13.356287783782289
13.367746024137793
13.353511536856464
13.373691798887606
13.325263753436962
13.333512317590625
13.397639890516311
13.301689798951237
13.36731684441068
13.315811821032995
13.361129698435452
13.363466138976184
13.35178805723707
13.380112838181356
13.338560088626313
13.317740335124926
13.360736605866505
13.296763238501235
13.337604294693643
13.328521816949438
13.352511396994888
13.318939313301474
13.337522039497767
13.305560413938508
13.35374806541769
13.317334089956086
13.325012123072687
13.298147754255442
13.334832703147926
13.352178539288246
13.34578591931209
13.300676399375268
13.34687603719533
13.321181208962052
13.361809534551039
13.328723580073737
13.315183760482725
13.340639791001902
13.353091363016844
13.348665927243433
13.342178203216953
13.32097796387793
13.37343216896096
13.322295776552671
13.350267596984812
13.32726524089655
13.326490480829522
13.353458160745769
13.356380050467857
13.32961812227575
13.342973509483063
13.303085921492857
13.39128915519336
13.34602113430701
13.34069561540779
13.320855454396492
13.332164144595428
13.376898986895908
13.349328928306683
13.31541249678615
13.347369447134465
13.298056196646275
13.400536035203263
13.316730250241642
13.343179842699602
13.324581851570072
13.34504316763555
13.389970785496988
13.291778678048011
13.312305922170745
13.342372322576818
13.310076425340556
13.389423814584879
13.298046290117611
13.353259269428055
13.331435538759544
13.361797219970608
13.378323250444549
13.279575774512546
13.332128208095138
13.348252534116975
13.324931896137878
13.35896836553581
13.303585156905735
13.337251190633522
13.331622235022465
13.370721444985946
13.361494361753678
13.27850208010086
13.31493591217726
13.333375949901416
13.322283583786906
13.329234164476311
13.312831561330126
13.320051105667087
13.333927563682574
13.3606736011918
13.333521841113429
13.30338408822351
13.291282437460385
13.340209526433336
13.319741805012347
13.315724159446178
13.335732571455093
13.323218900441757
13.320864410320322
13.3482049008299
13.313652814100971
13.337755895049693
13.27720156398546
13.322996897172924
13.31183622795159
13.315724212018463
13.329770975460521
13.303032822381235
13.306845839296287
13.338357988476996
13.307083956985867
13.351812485491418
13.280908873099115
13.324172272153705
13.31038479387411
13.301153565457344
13.336845160876843
13.32212607006746
13.305653291337446
13.332551417746354
13.316047898948488
13.348632930508366
13.288624523454049
13.335202984005381
13.325341485991457
13.303619892497226
13.335270230007957
13.325748103891145
13.31329037847941
13.338189136071847
13.307912170419636
13.336223763301776
13.290481518838119
13.339087379600599
13.326646944038774
13.28814032568128
13.331101760022943
13.278931647213948
13.325055816986719
13.323471028393318
13.306972785559172
13.313522189445006
13.29210506381898
13.337679697959569
13.350836916390088
13.278092940194147
13.33340944556571
13.278059353295347
13.329790695621291
13.333591756179748
13.302349209591384
13.31875836563837
13.294579373654056
13.339778447472074
13.366055526429154
13.270022637693883
13.346602769931504
13.277108450801624
13.327773133681644
13.343395745687626
13.300893284202171
13.327820682174352
13.318945415708656
13.328392478732816
13.388006372520792
13.247601504930905
13.332295249871223
13.27066836609709
13.323263648000232
13.331303179542614
13.307106132852581
13.31465795392593
13.318285039193823
13.308681264241669
13.351550757020153
13.261945231279354
13.313485369216313
13.271160905906394
13.321614930564419
13.301326736986132
13.31897572111561
13.306987520148338
13.328883967139078
13.320535914906431
13.328295349858228
13.294301444455495
13.3152524574168
13.299403102889762
13.321311262526379
13.276067592277824
13.311954429423004
13.306957928992604
13.31764304271805
13.301922992342611
13.309561607605177
13.306333610023517
13.306381149065151
13.29428353254902
13.315440184439026
13.283868466677818
13.331476966652554
13.27440556528569
13.299329601634962
13.292787817300797
13.325615212747667
13.300452571964081
13.316371316003066
13.29279372686405
13.324187198144893
13.292295223179458
13.335624791787556
13.263543798340518
13.302230097796224
13.28884831676929
13.332566738079471
13.312432641905557
13.31514947799051
13.312953851037026
13.32929988423987
13.283048804993419
13.340719595877815
13.255311089891865
13.311780496863976
13.304870675729454
13.338067586304987
13.324516782713552
13.30451284468694
13.33401742340015
13.336564489824298
13.268126320505075
13.342804411909349
13.25177027524264
13.331870432828506
13.317786898103796
13.33042052857708
13.330321355279104
13.288464990374415
13.34734753100421
13.336312865440863
13.269772895586165
13.349520082777143
13.258183312505066
13.323708723614649
13.319756472166636
13.31303951728438
13.3297886864596
13.289303651640886
13.334753942154643
13.338870187859095
13.268752787035934
13.32997388860841
13.27079769928055
13.288831595524611
13.307349744484908
13.303506911803728
13.313814161460932
13.30585342021498
13.31705143808376
13.333468597717765
13.275143838000947
13.32302506583924
13.278928798927822
13.283953719238669
13.280149563341713
13.310101514902025
13.287952858483656
13.312380503312516
13.292356694699526
13.308962540388315
13.28150711233746
13.314937859353389
13.282237868756463
13.299991631850698
13.258935338409144
13.315171104373078
13.282460142103902
13.331172832538089
13.281088869897149
13.291785762760934
13.286029940019692
13.30618058492347
13.277788393471596
13.298847205109048
13.26214052282724
13.326637356359505
13.286350977089358
13.311087088199992
13.269833923307178
13.294318339547269
13.294383838269617
13.299509284080127
13.292203784720618
13.303781276179514
13.284551463039508
13.324720003857596
13.277001773695732
13.30160768834692
13.282465619210935
13.318397258090265
13.294860485289016
13.295342703951297
13.30248377482566
13.307247128687118
13.282548137607035
13.325563695787764
13.273780723689553
13.308626299128898
13.29061338166142
13.325935132913221
13.302391874886684
13.28749439251262
13.317294712728842
13.300531119291222
13.284937411001987
13.34013530943245
13.261611334752052
13.32247060061121
13.2889183265282
13.318206314235413
13.309142176412957
13.281250103854687
13.341621451003869
13.306201104403828
13.274034725815037
13.339828366834144
13.246956877753982
13.333112820151923
13.292199152283679
13.311059374661815
13.307507253901234
13.28303947215443
13.328374014648638
13.309250676280303
13.284998567533375
13.34259351906157
13.238091644676091
13.313822526567288
13.272281947873784
13.287427703658835
13.30063748867851
13.29988532251562
13.290199164049532
13.30172463791642
13.278448701815767
13.329192257593842
13.254237844041894
13.286213430160139
13.267388277788305
13.292282886120953
13.289731475751193
13.309348259943208
13.260820168906054
13.298152163310304
13.285920106065014
13.32119780081111
13.277073935991316
13.267231107592908
13.247204583540212
13.307269495828736
13.28245906980226
13.30404140198409
13.24160631277678
13.30120836758767
13.297981640310644
13.302014140286198
13.279698461182559
13.273107075730325
13.235951269781063
13.317074299936863
13.269673886428112
13.293301080341584
13.247749801808935
13.311050773043812
13.306692652558889
13.292377286942962
13.283498006294625
13.278168004364233
13.253887677587343
13.318451641902186
13.26022965268087
13.288953335108225
13.257050239736278
13.327329553180117
13.30790849299895
13.284629210467877
13.283639047482772
13.28186641395419
13.284928946534395
13.32913317490191
13.24798258479175
13.29297756971515
13.25105544171723
13.339149008263753
13.296313352746376
13.269481319947836
13.28868550150195
13.280809647089953
13.293396443212771
13.317158200621904
13.239346612852987
13.317652858955984
13.258687955998441
13.34194074470849
13.296453664334797
13.275773789227157
13.311616267119057
13.28459421622739
13.287620509013971
13.32461758644907
13.234641851877276
13.345933417612004
13.25415654405446
13.34227009711492
13.291801888701585
13.27724479344864
13.330398567758833
13.301534474271007
13.279504010191902
13.316495249962692
13.24308788909281
13.3459520688915
13.247574159145726
13.310934121446627
13.292535954604503
13.289796694822385
13.305975053531244
13.322538775645823
13.283287186817484
13.320179656764802
13.263549085015061
13.309318603468851
13.246955317708734
13.300635404807112
13.278757633455688
13.305308509992471
13.272954882695101
13.320257878204549
13.290730812436545
13.32349588771023
13.284191930286942
13.28965004786093
13.250215307773198
13.297657387228497
13.269996693697465
13.316993899930148
13.251695825233776
13.32476293783338
13.283650591498125
13.314782268109646
13.296633819042098
13.277416856425752
13.257783334927401
13.317696650291277
13.268089682084106
13.333646303932133
13.234384242964968
13.329585226204905
13.283097949641009
13.311860040238246
13.290463830993165
13.287363402403068
13.25920268982254
13.32951321104223
13.255817382462748
13.324959385756939
13.2464674339743
13.337336495005722
13.290163943152233
13.30822416679964
13.290808883264463
13.287078161583603
13.278544291262174
13.338336755803372
13.250512570868198
13.327282191244388
13.252991877739147
13.350325181367785
13.28364298526579
13.2961458284887
13.296616283873204
13.28348008963201
13.29689347079594
13.348019875296817
13.251740754793909
13.342067680628746
13.248059369757776
13.359717117504324
13.280485090837841
13.289491226898065
13.307655872135449
13.28017500516831
13.298378677380251
13.349664577770131
13.256659877403457
13.351713021980157
13.248613014824393
13.347426798258393
13.276698328310625
13.286055928656118
13.31268529772712
13.287289178403356
13.282248891428477
13.342868713319517
13.259503503845172
13.360117437592447
13.25457212125513
13.318069833938775
13.27213291644779
13.289564482531654
13.30195001735396
13.312223520452122
13.26802117798206
13.330364540986483
13.260723532607878
13.343418504453332
13.247745617119348
13.294317183794893
13.273496701072798
13.303877943289406
13.274231643667818
13.32565194921037
13.271296303709759
13.320469598713952
13.270233979770676
13.32680694065448
13.250710125292352
13.294852720434763
13.261108002251214
13.309781587185514
13.254433807246457
13.332603586900015
13.256928979690326
13.310235585357397
13.27367065102443
13.31678528035278
13.246389317814858
13.299429349480054
13.258765233532843
13.324736539714692
13.257531554990374
13.322786145437355
13.243288213318921
13.317143648162958
13.287385141156419
13.298026380455633
13.254499160759371
13.310086537297158
13.267916799085592
13.336770991672918
13.25449889517766
13.324000067699687
13.265732343405404
13.318069102687087
13.283978013156897
13.281306491758745
13.271336608514597
13.326536808280025
13.270175713173991
13.350858955078248
13.257368886457096
13.334806947615396
13.274614542179787
13.303592888442289
13.282559743728674
13.277419210013006
13.286645464933168
13.326765027790549
13.264625984702871
13.348678104632333
13.234698114641494
13.359407761063542
13.277591484285185
13.291997766672816
13.297066297765397
13.26566785420664
13.30819158808665
13.334539789982033
13.269109052202914
13.347762675824537
13.216065426603784
13.372500783170532
13.28368780963128
13.298198893447932
13.304404085879517
13.277990987414292
13.314643821461884
13.320791926202357
13.281828090740117
13.331316234766563
13.215332133444003
13.337530048909109
13.267552819049671
13.303854693200138
13.297411569650466
13.308160055790747
13.286346463154363
13.311173283769396
13.270863584345975
13.32449441403013
13.242773984036884
13.300328402641256
13.253235451548948
13.31009829012117
13.284166468663585
13.337181446599354
13.273809128591102
13.30442700302499
13.279243551248323
13.315727916729497
13.265273530744487
13.275362975217664
13.241916128265801
13.313605537325422
13.279647660121343
13.324834438473824
13.2574380915797
13.316896300225917
13.289986049040433
13.314334631880893
13.270795884900753
13.270287054116263
13.242175770634102
13.321193459177007
13.272416436765303
13.323403046834136
13.247123432613343
13.319919982916371
13.285852634733763
13.303203755447319
13.271062423284372
13.27708497878483
13.264515883491388
13.331218268864411
13.25024611537023
13.32522266652639
13.252712051307036
13.340771301383528
13.292747391409753
13.281576718463722
13.267631467432352
13.297410066522627
13.2988886633629
13.33171379789431
13.23451992829297
13.328213076893784
13.255715946002478
13.342557961345447
13.299905687733776
13.28130539807317
13.270938731833118
13.302767057840585
13.308528688322028
13.346070373351484
13.224756860940522
13.332319776204
13.243955444516333
13.327138585088354
13.297862427178694
13.280315419266849
13.28338852294773
13.313736193068964
13.303954299857445
13.346257953370607
13.214868392976346
13.354483855411932
13.24693088091244
13.311940916230956
13.298244469747301
13.287561450775593
13.30368878082239
13.328571030997352
13.295581368421294
13.343530536673644
13.219382107968245
13.350846991085458
13.256936317703724
13.30246578193187
13.284506596561435
13.299427564288722
13.309281876658263
13.327505355885686
13.289973374025763
13.331519330076077
13.23363619135515
13.320537118809453
13.250366213748896
13.300718083156355
13.26951094798617
13.31260003990853
13.284130199089901
13.31645825544093
13.289394157857386
13.31642736395534
13.249850849977912
13.295958076491553
13.250269519668628
13.29867767222494
13.265078393685245
13.321512642059675
13.259219886057483
13.309959224511967
13.274239419159063
13.319703369632645
13.274585429278792
13.285693563538224
13.256915629065249
13.305550139380165
13.272746950819156
13.331132836157025
13.231870420796623
13.298908809916796
13.27326993502594
13.321744473156322
13.28153876356144
13.294188107986104
13.265477477190895
13.325545569573848
13.258470058058279
13.32870728864045
13.232834065154467
13.308101421874621
13.274544771504125
13.3095383849007
13.282828048797588
13.300813601012065
13.288573228613451
13.337568136387516
13.243234379462724
13.331047546618258
13.2454769388732
13.32690861145885
13.278304033377433
13.291263522908155
13.276517274697406
13.299251343693063
13.314529608311979
13.341663531074065
13.226705233216867
13.337040312592489
13.235793168944474
13.335270831214096
13.287390227000444
13.292412835345385
13.278658294302726
13.282500109572853
13.32728687806842
13.342941156799185
13.229732195586791
13.346234201507041
13.22508753486661
13.324602050574786
13.289071933205623
13.293250776724113
13.276187261697151
13.281214108757881
13.315272162061618
13.327542273473757
13.23074625177696
13.345264093122061
13.239031773641857
13.300384790166554
13.274589203631047
13.300444364510064
13.288476305485181
13.300772424343307
13.294047656142105
13.317433874011291
13.241595515812755
13.327742081433449
13.251481570410009
13.284998507455205
13.2659892731018
13.311606084021069
13.28112792115814
13.307884585272056
13.279066713323095
13.308846947523817
13.249205727198172
13.314609174637837
13.24923836795723
13.292914529829298
13.250983439690895
13.313429732109626
13.254146690232261
13.31832859852736
13.267626246642335
13.301955057742216
13.256531688608936
13.297935766885576
13.254387233754365
13.295468621748908
13.25747901770076
13.318567958854919
13.248091593499366
13.323165192149117
13.254190710855989
13.309259170409575
13.266682989592253
13.293841267629855
13.27035757605096
13.302418089554374
13.271643809061318
13.325910697858918
13.241393009895516
13.321475629782958
13.267191059432909
13.311497727414674
13.272304919146341
13.289962260560392
13.279593097495113
13.316930626333955
13.265429019920036
13.334684514138385
13.242040009821098
13.319519240560123
13.268721968274676
13.310605051315221
13.282339437356256
13.286429545752435
13.292653479344825
13.314754373626227
13.245191149380938
13.346976154357463
13.222579687769922
13.325245044520438
13.28080664921511
13.30855469536573
13.293455679030188
13.274453546154433
13.30804151082757
13.314619249679579
13.23947383595124
13.348765629844449
13.21278482190488
13.336278232950079
13.292526188351035
13.317634687709862
13.296241094836477
13.274708672733443
13.316381338962348
13.32645410697538
13.252276266677331
13.33770882854575
13.206402786885018
13.323738603701308
13.282604750588911
13.325582289774035
13.271029145362586
13.286701300622125
13.298927798655773
13.3178657376366
13.266601140705472
13.320636282834048
13.226224663486194
13.304497208423332
13.262018850033051
13.325437604673702
13.258063880587438
13.299189463895054
13.273797459786877
13.316215059216196
13.278698286762534
13.324582904549953
13.250023728632833
13.285460824986991
13.237106937984274
13.327846927495408
13.252985955850281
13.324174321544543
13.256255510468252
13.305720416325531
13.285333541718103
13.316527759180042
13.281249918139995
13.282248965685925
13.22179585216378
13.330402908367253
13.26106242864512
13.321528155127394
13.241773641346933
13.313083317040961
13.290462358205318
13.304309667398051
13.29183457939375
13.289206838180657
13.232060625002637
13.3293917803502
13.244791100104372
13.30947274048792
13.238444580557774
13.335212243666415
13.293605283195822
13.285766343822388
13.29429000849994
13.29276554687963
13.266957701968543
13.340141272142333
13.22547681099247
13.307669464302926
13.25174210375441
13.359262342891071
13.29564129213215
13.276976380057212
13.293215837178513
13.284861634268218
13.281113106365883
13.347806034835905
13.226055435036285
13.317988733175884
13.254318775859742
13.352018699422802
13.298873046612588
13.264818901773413
13.29836963679325
13.280096128619869
13.275790185839877
13.355630439157206
13.220187217390757
13.32881497659541
13.255634711708945
13.3353217524465
13.28752506123224
13.25953763692358
13.310841618081074
13.292553752555706
13.273781349798547
13.33667664089468
13.224849192760672
13.337359624215253
13.261687958161115
13.317180375714337
13.270667879025844
13.272446172937437
13.31412467962993
13.301807244057072
13.275331873367435
13.308942787474297
13.246555943149218
13.319806216066299
13.260265407622585
13.302644735804838
13.248394533568218
13.29627576622945
13.29481959810965
13.298448927599216
13.283843948540921
13.291980434358369
13.268517501725482
13.294486118933886
13.243635008830015
13.281765865373982
13.247058086240814
13.295889240114308
13.253960670836355
13.291140741178019
13.280181736874537
13.289207614500285
13.289750119339352
13.278533840151285
13.24156065785288
13.31327728876258
13.263180198170055
13.311668024748464
13.220185909635012
13.294718708941964
13.275792553756675
13.302298893355054
13.296515978766982
13.273540114434484
13.247703978495414
13.333426468171089
13.247330159017748
13.329418372128277
13.221291017135052
13.308377204159017
13.2729598390255
13.30063554998378
13.292190108039632
13.283073230093917
13.263863411496292
13.337818740346231
13.23377383510524
13.332142183402627
13.243001816681929
13.339329389709208
13.263588593010788
13.288289391090363
13.281864944872261
13.281217286942699
13.282363429044068
13.345872029091323
13.230403662189861
13.328237441764063
13.245909264325363
13.35895921201597
13.270032492761219
13.273967123501452
13.279921908244171
13.264601287542318
13.282943902004655
13.35152239763365
13.232789125743931
13.325018956530844
13.243376179373419
13.349026314569759
13.274532495617773
13.2716890603371
13.282055687292647
13.265882725069213
13.27987266410951
13.33323449217829
13.23644689367466
13.31987276929203
13.245836919817865
13.321745474163794
13.27941713332612
13.281794086114106
13.276372069148124
13.29315511399483
13.268971407666056
13.331041871431278
13.241918169875003
13.318919462279972
13.25278532317084
13.301186673689035
13.27288418567526
13.298585156923414
13.267895962562099
13.310490620539891
13.274131722087123
13.305684968466357
13.25986360852116
13.318647907605074
13.240156563748396
13.295745573644245
13.250685955022213
13.303023070514792
13.248688756108205
13.307546686608545
13.267810604870897
13.300659219229207
13.26436938054533
13.318587485167427
13.227898940797045
13.301730738647114
13.243747909660048
13.302750853912189
13.239728251039505
13.310286533076649
13.256366143694711
13.301075154579475
13.27293362538847
13.298537732638739
13.227493184008106
13.314868799287622
13.255537595115479
13.314261823736592
13.23093962023803
13.311004002891373
13.262397904554613
13.315827997878111
13.279301289899625
13.277263496029759
13.236226650743633
13.324676423090741
13.256446117220902
13.328052411871143
13.246514555414072
13.318116569515281
13.26640438192475
13.31038975064315
13.289486489770665
13.262061109012013
13.25686196761273
13.324112960445033
13.249612777382046
13.330239672295987
13.225539039407506
13.336372337424969
13.265780015854068
13.294035271301546
13.294991038168918
13.258125899312734
13.288320004879445
13.326759391058966
13.249857451370703
13.333799418842872
13.2064686092995
13.350222566458626
13.275224978247358
13.290121412776951
13.289390443068264
13.26318574992808
13.304396180921493
13.325287265355588
13.258196844236204
13.314372935596776
13.199729524760746
13.338881655031049
13.266227307754004
13.297594485864229
13.268547308899587
13.277516691719898
13.297387765501437
13.320743907043624
13.269137948484254
13.301384918011559
13.213443087382949
13.312185201005965
13.257531990355101
13.304990372313535
13.254587962687102
13.313134576833505
13.285570977860388
13.316254115980684
13.274139987344427
13.304717165015807
13.239115062513294
13.288639375966877
13.240000358638376
13.309509085507791
13.260721510663371
13.32325229761713
13.267342832702472
13.304965714198426
13.277857184578146
13.306902938880851
13.25674549100171
13.273191473378427
13.231788292367339
13.311584595300875
13.26537066429075
13.318354138915236
13.244155246370312
13.309361490698143
13.28352714050312
13.305374623356643
13.258768132807502
13.279129069009434
13.242888836084223
13.315060261478102
13.251054364054955
13.310948007012831
13.241659769603862
13.323856579804952
13.289780112104367
13.28014697620033
13.249462112911203
13.299440450962111
13.276614677592415
13.313530442926856
13.235209130557166
13.310044072789296
13.250498585501658
13.331761922963052
13.294790815379567
13.269409616613332
13.25627757847097
13.311515790744426
13.297565572507214
13.334892621221
13.22669504632366
13.31392825019675
13.247622240231308
13.323225980103869
13.295972152746824
13.265977476633891
13.269208640926049
13.313487956536273
13.293503260732374
13.339359270100768
13.206311966074574
13.331061576765029
13.243465936837277
13.307222885208295
13.28818890148775
13.270681142209995
13.281403758219371
13.320298853222386
13.290031768995119
13.341289384122204
13.20260683832761
13.34030237908841
13.25240025898438
13.295538724803349
13.27107842038517
13.28336680580283
13.289220233308193
13.322717747152257
13.280175881614527
13.318986713277665
13.222705870033028
13.324364915657252
13.255074373869187
13.289797947737572
13.249326238587015
13.300062400169047
13.286890522637966
13.310221272908509
13.271995392235793
13.298703706099436
13.241424045619771
13.293756529851487
13.241194348895618
13.291843508283296
13.246681489878531
13.310667416488254
13.264013033861152
13.295651439082421
13.2656910549971
13.301302415274266
13.25593318346059
13.279518314676842
13.233105305393302
13.300308816445195
13.263592669145485
13.316793214174192
13.232699414161752
13.284279861097705
13.27026333611243
13.315037355356198
13.261855107557919
13.283590246569434
13.238079730817942
13.322235228581862
13.269134217356624
13.320067576673306
13.228504507261567
13.284048796511893
13.27551228626778
13.310006190880761
13.248955440333495
13.298767395012053
13.251041825672148
13.33180567933381
13.256984858481283
13.32260826670001
13.234900619287968
13.301941669866345
13.27657378747575
13.292696851988499
13.24245322457119
13.297805760671563
13.281849666534923
13.334619143247401
13.231291037937543
13.31226007650939
13.23925117788621
13.318004226002076
13.283526033298124
13.277083407704861
13.246999715380722
13.28594754641352
13.29645885994421
13.330656323430006
13.219796865781948
13.311507181625016
13.223204333895973
13.313073622748716
13.287357078445297
13.278827527660576
13.263229427374565
13.285838243557818
13.300639017953502
13.315550681679564
13.208661510344081
13.325380176646192
13.228968189174063
13.300401313926262
13.284500753293006
13.283187486897864
13.277274118280971
13.298234557497794
13.29451925202827
13.314626168688264
13.216812550403441
13.322817367395146
13.244519058117218
13.294240649305646
13.261466425684164
13.300983469345052
13.281968863349395
13.300023637908176
13.291083255920528
13.297616613505125
13.234858451809806
13.304230072690459
13.238009283182004
13.29735524901095
13.245402262069494
13.31667903815981
13.266196818970139
13.298445661800523
13.281025610098903
13.293322283142054
13.248507206439346
13.285340349747834
13.228702932441708
13.2922528101545
13.25013790405561
13.318398778845927
13.236278358528825
13.291839867031003
13.2677205662686
13.30243133198117
13.2557816641262
13.272814707939604
13.235582374642705
13.303171016530172
13.263964234783945
13.316958590795391
13.227536166068038
13.28712815076554
13.270753065380145
13.322590337055399
13.261547155089023
13.270827229659258
13.248555977939619
13.31776536749152
13.261629322084579
13.318102338659005
13.231724717546426
13.296657653420556
13.265341577356175
13.317122498218732
13.276812343939422
13.276475893291733
13.275378720360091
13.317777122580228
13.237345468762113
13.319944123390567
13.222364610001897
13.322081585827053
13.273270409629253
13.306678457098982
13.285302900587823
13.271899762058254
13.303030182853105
13.31626611910289
13.224697859645545
13.323754738562352
13.212627461087932
13.326412935872245
13.280746935250832
13.308499173004162
13.285392549517052
13.277435884013247
13.318824198330624
13.323119495766448
13.219391013508893
13.323483857037733
13.203854252523529
13.315124426305237
13.288424036112483
13.308827046439673
13.267131453263538
13.281029172503677
13.311533393758072
13.314845368572495
13.230483112758758
13.311985389459636
13.214960638897674
13.304380227782142
13.27795017665848
13.306091928464221
13.256547072289493
13.292220103840277
13.291524029507487
13.311884255196913
13.247958819569964
13.318452609514907
13.24008957017793
13.290153537560851
13.257896835880036
13.309521276966468
13.26618859096863
13.299802984738232
13.265248094685651
13.298939283999994
13.268042686139953
13.316949408210053
13.250192461546337
13.284998306011241
13.249393627415554
13.318594761178502
13.272740173448307
13.292324976611658
13.24261147016046
13.300962189091043
13.277856648383992
13.310064527485299
13.253691004392648
13.283782480118981
13.250826615536813
13.306145373853095
13.246532274805878
13.279655687373184
13.225663674809617
13.323831775035544
13.273669885721162
13.291610207169528
13.262448508898123
13.298569940499531
13.261752056987271
13.313488994130358
13.226875781598615
13.279460302952057
13.245606922566742
13.339745434476471
13.277305306240963
13.270252972171024
13.273737114709393
13.307367913088935
13.273260599927767
13.327863370718356
13.216269477990725
13.294401191780098
13.252131118189304
13.334538660686704
13.286459797650068
13.258761830276434
13.28044690667945
13.303341866345425
13.269539295732834
13.339578162023221
13.210480163590235
13.31679349748157
13.261781306442762
13.317103720893865
13.288525123935825
13.248851452376
13.300658280145532
13.305782027421966
13.262103061149332
13.33025089006146
13.21632186067771
13.33210959155273
13.274216924857383
13.297974461519647
13.277176803523666
13.257059901667034
13.312026954969792
13.310874346171282
13.256533940778835
13.30037374524417
13.22735787212542
13.318539499744062
13.274911605549875
13.289962466058128
13.253584572643597
13.282246882615024
13.298390681792082
13.306526592642717
13.259040171634998
13.282322210869788
13.252713993359738
13.30348109406299
13.253342690336984
13.28798219818077
13.24891288640503
13.299416502948329
13.262157583448102
13.29463914071997
13.2581671396642
13.288336951959238
13.273925080072587
13.286562921363991
13.234211341386262
13.30223707174539
13.259268755024342
13.30140383227465
13.227413189366937
13.28707468993163
13.267930077491508
13.299183853942232
13.276925451742246
13.276278162010007
13.23626920298639
13.315585340115234
13.257244111764455
13.309248623777659
13.216497671543284
13.295026542297949
13.2655049806792
13.306727064255671
13.272929995715485
13.278707866876704
13.249316298004281
13.318690221692291
13.240698278154909
13.30637213934549
13.22878860579191
13.328273060336691
13.258640734805551
13.285073132526204
13.274742372588129
13.271767121475301
13.278748857125741
13.327804921272415
13.221739156841418
13.302465374281795
13.245952028620648
13.348554817505585
13.266214024496279
13.262405205191705
13.276883690840398
13.266130307532189
13.285703599448174
13.343589709522037
13.212799496988463
13.321028699437498
13.24760859389447
13.345781116296434
13.276836392825862
13.263804542102358
13.287895732256903
13.266145178618627
13.275256047522564
13.347383671011263
13.213552304679624
13.328648385433947
13.247351427208843
13.327971479033021
13.27863200640799
13.275179163457263
13.285336015229626
13.289341489305027
13.258079869549585
13.336220937557886
13.22246282968982
13.322313196544064
13.252332400275742
13.316096486767012
13.263933678114405
13.292261754310406
13.274720890132084
13.308586273846215
13.272511068804539
13.310671383057075
13.245319771865077
13.318395053019001
13.243619569255838
13.299474439132963
13.240653304653518
13.310408426526735
13.249266635934305
13.302660781196316
13.27251017673249
13.302363269466499
13.258419969637783
13.317981139922892
13.226804790015871
13.292515988390349
13.247661096675639
13.320691323201316
13.232610624638179
13.303273909803668
13.259565079427356
13.303566795388234
13.27590264667265
13.293025437337358
13.224008918146753
13.297892666714093
13.257381491211353
13.31939318650885
13.216440786045284
13.319056372882283
13.274346653351653
13.308045594985318
13.281755206764794
13.276293354788134
13.24344489235769
13.327731677682213
13.246536096642894
13.31983787794487
13.225344581498971
13.32874790796204
13.284722166030136
13.301394420600612
13.29150140069417
13.268207077646498
13.262819113920369
13.337083427924679
13.233890951765204
13.323647213901632
13.231543454397002
13.347785872807455
13.281341012149383
13.293949538212978
13.293496378002583
13.265272911640116
13.28125258529549
13.332588771737651
13.230926706924782
13.325521468269256
13.219426189591916
13.354148755735238
13.277275093437787
13.283192216020213
13.298615117273078
13.267495579979057
13.289252254919479
13.321749605067803
13.234110228910918
13.309831462254785
13.20863593880798
13.335343829185206
13.270790649574971
13.274517659033913
13.284280330318138
13.275825975632465
13.291477062757675
13.326404927217865
13.247401266026726
13.28746473310173
13.208712476616233
13.310323355838845
13.271051420032368
13.278876181193075
13.268506545303335
13.307589103073807
13.287455519006274
13.318922370105199
13.25978122401222
13.281710012952603
13.235255346290813
13.286575798287634
13.248893653749265
13.286014622694466
13.258833957783278
13.32153978697977
13.277591432531226
13.311962661478384
13.277831279789348
13.273920619332229
13.250005114838306
13.264119802878879
13.23873917009096
13.304319213725753
13.246255864891205
13.313008299269573
13.253304025920526
13.308988438915335
13.302758430381134
13.269328478402208
13.270776571372068
13.2625469944416
13.263147421486826
13.323938252891617
13.239493886076282
13.313319370222784
13.247527654157002
13.309429624667922
13.323104749291252
13.26439113566889
13.274273998535133
13.2863354075147
13.271936874698591
13.335419257185219
13.230957290165549
13.31988473655797
13.261990455610874
13.299649370567579
13.323716684084943
13.261715179076162
13.285198542132829
13.314941589104237
13.27750931889624
13.35798442265656
13.230493010464917
13.318098302625952
13.268220638351302
13.28885646982135
13.321552042277975
13.260414565928928
13.291291863508139
13.315628616872488
13.270101199800449
13.359836685373798
13.22464554812586
13.32687657778962
13.266016106993536
13.273049801988085
13.31145002107985
13.255155967170515
13.292321500723038
13.317117705996454
13.275129039690496
13.352744026763292
13.21633072947624
13.325366127090792
13.279107324404526
13.264960976759593
13.29686920947987
13.265710770672873
13.285069231156047
13.32285661081841
13.273501293920093
13.325767765323523
13.226391208507534
13.312154359258434
13.278678085681094
13.26842241652787
13.266747118025409
13.291582842678553
13.279055298181738
13.311810577291494
13.274642970389142
13.308567518957497
13.252391567415051
13.287117297175733
13.282566430746709
13.268169400263737
13.263660189199554
13.315619776175861
13.263985278560531
13.295148415103798
13.268036308100106
13.291313688723026
13.273744056239842
13.260717584722524
13.273856399196223
13.292984312414358
13.261248912665742
13.331430484723892
13.237328808970616
13.297137966849714
13.281360907818751
13.280888024272816
13.282606283194536
13.262233049446193
13.272662705107708
13.331112593301542
13.256619485901743
13.330868820345033
13.228911434513007
13.299963745538868
13.301321054466092
13.278166563759001
13.2751961048798
13.273106425695184
13.279598042770003
13.350859029610525
13.250295354031351
13.330131012933785
13.235902749216773
13.306231796138457
13.294068974057728
13.258447851540792
13.264545137589105
13.290064876654753
13.30348791245244
13.344809920918959
13.22700032214835
13.331789284460996
13.250174605643249
13.311129912908521
13.291083856394762
13.247904843982155
13.263105977832371
13.289822658917641
13.313919439291952
13.335489226821894
13.213801315103147
13.329688762663503
13.24841238654082
13.308018441416234
13.290692306903622
13.25079607307615
13.277073684215617
13.289847353892334
13.307127642470205
13.316099571181226
13.195875836931712
13.32858419784878
13.247856557200556
13.285401685379085
13.29120803066766
13.261041074487144
13.284562055313984
13.286545355015155
13.296199112337883
13.304966305281816
13.206685097151116
13.30980261104904
13.25463735298989
13.269887046765918
13.282614133869178
13.282273265725454
13.276849411289497
13.275483345711619
13.28592020077161
13.290619348172886
13.229732548813631
13.286902327636614
13.245551264325988
13.271300785204462
13.266558663945466
13.321408831415086
13.269796977370602
13.284129682777587
13.275476980129993
13.291490362761117
13.259232427305541
13.26908302517348
13.238539766555895
13.273982258179041
13.256720369569965
13.330457329930299
13.240673898224546
13.295697521116805
13.277062206184672
13.294507616158366
13.272666112063405
13.255240367859201
13.251985539842392
13.286617084689928
13.258976797418347
13.324508135007354
13.223133224668178
13.310000021964118
13.289444091265956
13.297507806856853
13.268216465242897
13.252450088291031
13.273376838414958
13.318470282926384
13.247561466015712
13.314880179971967
13.230282220307272
13.323199187496831
13.298459412549931
13.27311616191437
13.276244830074162
13.260590371862152
13.300186654677347
13.331521233980974
13.234806106529572
13.318546980700226
13.236356168845472
13.33042827154728
13.300437147921473
13.265156568240783
13.284832899457566
13.268044223280032
13.319042464501472
13.32117330802709
13.22400274850678
13.32455830027142
13.22690445738158
13.321663183174216
13.292006220829485
13.264810347106172
13.289128072514703
13.269243605234553
13.324209842248463
13.314130263743492
13.224478953364319
13.319805184351228
13.222341923116955
13.302164840599767
13.280632378911493
13.275491526092251
13.276540844900232
13.268543230467921
13.314121003754247
13.301343792631194
13.2399348935449
13.302214632708878
13.228880780781056
13.279136368342993
13.280505727812848
13.287522851922892
13.266996977436783
13.27882206473603
13.295318811870986
13.307466798007086
13.251365407035987
13.295286987751462
13.24915154061702
13.27180964176027
13.266975045284555
13.30307219781373
13.266368901218797
13.286287480027173
13.268271453221926
13.302975314489444
13.276163377019346
13.286311015961425
13.24566119579384
13.259546203622337
13.268705753240914
13.319814614635678
13.254385304427702
13.279673997969086
13.249472459183727
13.30782446687482
13.297654486545325
13.273746413088594
13.259189853100422
13.263965009762709
13.26829394730013
13.33133557564892
13.233163662482822
13.277808758185213
13.243119918778362
13.315101093801484
13.305259983626854
13.264745340842122
13.272911073650144
13.29300772388099
13.261717152179077
13.330252400301188
13.226232722415723
13.28326680480662
13.261590206836177
13.309141449256195
13.29501075577367
13.262069412879303
13.293892985514944
13.318436356696408
13.259527407490387
13.336249182137617
13.228295143873687
13.298445225038579
13.280433486820806
13.299159859424941
13.293901497802427
13.254325709822737
13.29593893877806
13.315459548532846
13.254594267102584
13.340909492261831
13.218881930340176
13.31374850256967
13.283300771884305
13.290163591196265
13.293748148872305
13.245626012540965
13.309177391018267
13.302838505316746
13.24972432718447
13.339695336616103
13.222834322530552
13.30598655569879
13.2806273981304
13.270715730222268
13.294391030350027
13.253286831456064
13.31115431439373
13.293531143467877
13.251430540931665
13.313801833999477
13.235041088309243
13.296209330318952
13.2738061830383
13.27024235798307
13.271354224963748
13.265687269155054
13.296747904799764
13.283077236733211
13.253562463269448
13.29855864936623
13.258429235752148
13.28573348236473
13.264851832744272
13.276965865708446
13.26047312778522
13.293900101025764
13.270418003315411
13.28546199701002
13.258291303722189
13.298168980447713
13.27411763051669
13.26756259006305
13.258536312857569
13.302969246283935
13.256849095952258
13.29513551582515
13.237875929102458
13.28719902029624
13.278326203905815
13.283377238434925
13.271491061788705
13.258674344877782
13.269521933018273
13.330666137286892
13.243407904470061
13.299919174507822
13.220159170945418
13.29465622777952
13.288783863962925
13.271907142841306
13.273595979825187
13.26349443439849
13.28284014640399
13.344710053388987
13.232952500349695
13.306561240490334
13.230651617783124
13.318828834665808
13.281239696942965
13.262091262462324
13.277477885769523
13.279825495828145
13.286644556926777
13.341740635348714
13.221286298102513
13.313321691925182
13.261476834191871
13.332509562297787
13.281214594415694
13.249513064479304
13.283606666964273
13.27618753533873
13.285953349160165
13.341740619032349
13.216317560976613
13.322989865623825
13.263008796470073
13.32253466365103
13.289156752713724
13.246053594215676
13.289324202595814
13.27430959856176
13.260160941473936
13.330328911645603
13.210535587976187
13.32808361486564
13.273899309973945
13.297945296875996
13.295203313181641
13.256325996945712
13.283183971633548
13.284101412990967
13.252773728552983
13.33293496359428
13.220257699407938
13.312631454504091
13.267078447731867
13.281076752794304
13.283679027073797
13.28103742811791
13.270538092826671
13.291604229776237
13.2684646188664
13.319043590411697
13.247718806428965
13.301758747005229
13.252054686166364
13.271223421955908
13.262443220162847
13.301266057258664
13.253583419742933
13.284547699325712
13.274455769630013
13.306419431544747
13.2685812782977
13.28153581036628
13.233794763823003
13.281251311169898
13.263207765291996
13.313850200392046
13.228367739472041
13.294164469089655
13.271013770387201
13.296753986269849
13.280200199225277
13.260032988808554
13.234406921900083
13.292082213858484
13.260537713571267
13.308174954600041
13.207293398438722
13.315624791511047
13.283793786265937
13.289604550739186
13.279200977270994
13.260897998991588
13.259874256025492
13.322832495091564
13.243238477970069
13.30448193659073
13.218434587972892
13.332384383289197
13.299122631314027
13.273591985525849
13.290279389685145
13.256976856179282
13.288608626316579
13.338764711965833
13.226215585420531
13.304672560249788
13.240084709066048
13.342844338267554
13.296745512868721
13.253542801889111
13.293404071641586
13.257413007863013
13.297817186050025
13.330519387786136
13.22142358996147
13.315761357505004
13.23310570169531
13.344950744625773
13.28433367664966
13.245453902764478
13.304001218042389
13.25752617572291
13.2952316262551
13.306196047683425
13.226070547999898
13.309301635007978
13.227344916515067
13.320417191106964
13.26917384597778
13.25319063560969
13.30013676901407
13.266941951813207
13.28403631454323
13.308341599848584
13.239776127231629
13.302157301000742
13.23290785171265
13.289890082802696
13.270507032764193
13.256404469517392
13.294037738055277
13.294043813844226
13.277180772005263
13.30622513673591
13.256333781831525
13.30022192284134
13.240016653069976
13.273056207463439
13.268423727106263
13.270638731062927
13.280763890585284
13.294661380906428
13.262982283064211
13.309292548553215
13.28390112903283
13.289258801480857
13.243566756786562
13.25513634026754
13.271409613269885
13.292918561108008
13.257892560770445
13.286526494563162
13.247854373747938
13.307389373142787
13.306957307925881
13.268844759175565
13.251355062546113
13.255897194277068
13.277176343499912
13.3155200912502
13.232633732351596
13.293528972695613
13.244263552182808
13.313671482762857
13.316634198365154
13.257710696886358
13.265746207067734
13.281639069514908
13.281420941509552
13.3215670896248
13.227990246456162
13.313339802108613
13.262133821623266
13.302749676842641
13.305174658411474
13.25417085004608
13.276803832236054
13.314300250875116
13.27865267970757
13.341051778691941
13.231449429516168
13.328709186144517
13.280497813101059
13.284905654022005
13.303070602297263
13.246535180728843
13.290246921415038
13.324908407689536
13.270563486984791
13.344432405330034
13.22409876098106
13.33812624197935
13.269616240610269
13.271596444988923
13.306580773488335
13.239800623992522
13.296660391147984
13.309452633821543
13.259015275581964
13.348420069363733
13.216802112798126
13.338642661943323
13.26268866965281
13.262515899880077
13.304021601312229
13.25020402564489
13.288071537366788
13.299875331675635
13.251188363437022
13.328787599597952
13.222890048370893
13.310904090666817
13.263460339861352
13.263255450621475
13.283483071187533
13.27037053046184
13.275700405968077
13.29042226584123
13.257189536294781
13.313118608107033
13.23630224094779
13.281644880435245
13.274962211016208
13.264896346470842
13.276179133752498
13.298087339015275
13.257641861604812
13.292555191924702
13.258666773137296
13.306906823843281
13.249746475106448
13.260307860491592
13.268460936684475
13.277033305841499
13.272881961793573
13.308333728941156
13.241266938094157
13.300472765894936
13.27517620757953
13.284735446512872
13.249082874231542
13.252223632935806
13.278998007299576
13.311556143385335
13.253780545925327
13.313366607133533
13.224694107441255
13.315255719264021
13.288781648897963
13.27303571661065
13.252330896626905
13.257893725999008
13.284663941509638
13.342277124581006
13.25297410899181
13.315605218126956
13.230748214589546
13.317303157722566
13.293182233779122
13.261842505694847
13.266449001342137
13.27693782193696
13.295844707018572
13.340324764880044
13.231880635620637
13.327375281086875
13.258089007836084
13.311314520428438
13.292262074895126
13.24227570754585
13.275340916801794
13.289524538181718
13.298267681931346
13.32368561723168
13.210473986403427
13.337139101242832
13.262829536083208
13.30409078899004
13.29608025525276
13.237104750563157
13.288203579635654
13.292710220071156
13.295274156843766
13.323052919235822
13.19219559590999
13.34521255381172
13.259824753339677
13.283957663134123
13.285978471150543
13.248974142784185
13.299994256468874
13.297303389742293
13.284968049910614
13.316921573790653
13.200139114331725
13.322926344300162
13.26070940399661
13.269437588141836
13.291833459754919
13.281009410432317
13.287292943291794
13.284686687209994
13.273122251724631
13.302091712387085
13.22427308300999
13.298010226119748
13.250053169384794
13.264769300848732
13.273964318595995
13.316363926330919
13.281631292835755
13.291712379225775
13.26695643421581
13.301793958939731
13.255350133904958
13.265830552592895
13.245343124277493
13.263240159025742
13.265957586041978
13.32462354541684
13.251065154498255
13.300370483503803
13.268301965358225
13.300225373520462
13.269422497381157
13.24393332458314
13.255129279441578
13.27996788392224
13.258946939678385
13.30403569880208
13.211702153191117
13.320029801911396
13.287029859197043
13.294837080900631
13.267232802160184
13.235862795805721
13.282627790005744
13.303378645043468
13.243317102684289
13.287592056688275
13.204788775224515
13.332817103306521
13.301397985111473
13.277735832049801
13.250805522776004
13.238858534546281
13.30152642413216
13.318151815672389
13.225479615186664
13.29524555725499
13.210320193914967
13.325346375525303
13.300070732142299
13.256889582103534
13.260902746156503
13.252688182365103
13.320238801654826
13.318382132569653
13.217404371925696
13.30761619478356
13.226905166767931
13.32312072713464
13.295320988147525
13.245748579792437
13.276247761105951
13.271418330345734
13.321544979285823
13.315604138586698
13.202387926773788
13.32677388584175
13.227599848298924
13.291012295310122
13.291419691629626
13.247029157384775
13.282558732339476
13.274127156952268
13.297222891515599
13.305115512908719
13.203645380187849
13.331690447167231
13.240304123385522
13.251810693256989
13.28917983860808
13.262793110720231
13.285559229322443
13.282622842124812
13.277232941113416
13.309190336266758
13.228927455751963
13.321255658026304
13.248176348015797
13.244037871410441
13.276395025543689
13.286132418557624
13.27916961022829
13.281600831991549
13.255691601190295
13.298449445889972
13.258945960438176
13.299379293716832
13.241902012604726
13.23788984188796
13.274667445667166
13.29957027581352
13.257058131501884
13.272784913494533
13.24181894008301
13.297293659101086
13.28038928621897
13.278937614211932
13.252332515999576
13.23881912945262
13.274540255687109
13.312286841432874
13.224695123658346
13.267415647461158
13.231004222700731
13.310763091025377
13.275106938190184
13.255827920811981
13.269165798187139
13.278323003487209
13.272237610918417
13.310314306409248
13.204093108743663
13.272773355675222
13.249504949620254
13.303206735814536
13.263210107086671
13.242918974910742
13.282734450887787
13.317498961712857
13.263447935627113
13.319196890885218
13.200663361565415
13.294271757258361
13.275807094082504
13.285773676750727
13.269865163143406
13.238352491510055
13.295285289747829
13.326636887104343
13.249691075454034
13.325606847768746
13.205511874740672
13.311464779921764
13.282931685692326
13.281917242378707
13.284615077977266
13.239184944027702
13.318293655869482
13.307539396763346
13.221609051589807
13.33268115865212
13.216909815035901
13.313087619247648
13.276704953059939
13.254164536521788
13.29288318524294
13.246028385993698
13.317459766906165
13.294558208399343
13.213753602432202
13.32480997935614
13.227544907636089
13.288753800458661
13.265047413889238
13.248440148795808
13.289759690404058
13.258414392010547
13.290937810598018
13.288145436932192
13.222131504299778
13.313437666591648
13.247561309271747
13.264448262295986
13.266224556098896
13.263379544343502
13.285951988186433
13.283565426803031
13.265350460938018
13.294058955081894
13.238603337205218
13.303949483428172
13.250685818277557
13.253161090259859
13.2598951922164
13.304823817948478
13.272877126002879
13.28114819059972
13.23645056304622
13.293405867956318
13.26271187759993
13.282745505340706
13.242335081682597
13.239422358132193
13.272878275954238
13.327737080546477
13.247258536840496
13.279527004084814
13.210372145194581
13.299599773594235
13.272081448920868
13.26442302737944
13.251593520148266
13.22986809267851
13.282062985648617
13.333035606927595
13.232258674180777
13.27673554947706
13.215700811864467
13.318197648204462
13.271495149299476
13.249281301023453
13.260128349564694
13.252842422450405
13.283146413119205
13.321423980270398
13.21038140121556
13.285061992490057
13.251967852521693
13.32792003895519
13.271884252059847
13.235572260619593
13.274650204883343
13.276005099712703
13.272734791802966
13.32398049694435
13.202102512579536
13.31669184562229
13.276075664962699
13.318227692701335
13.291814156206927
13.223002829307234
13.311773027875285
13.28612826263206
13.253929763029706
13.32859084401924
13.193030469337273
13.336338741437647
13.276066061526725
13.289063827229251
13.300437695836973
13.232194507146277
13.324581562390213
13.286669449184847
13.239064126895755
13.33597120300218
13.203038215081481
13.319552684693784
13.274247992784623
13.26878841410004
13.280918843351897
13.264718789325443
13.308138594896619
13.288688099127173
13.23612964006978
13.33075413208849
13.227309584069637
13.29718960484726
13.26039981978891
13.259756791503493
13.264829171066017
13.29206722484517
13.28151569457023
13.282684059979788
13.246686107060528
13.327346283429211
13.252951036378445
13.27416758139767
13.248933164745026
13.265776806374062
13.260938612717846
13.298361790796822
13.242931667994148
13.290222939371334
13.255357056850407
13.315103593358565
13.256334032363691
13.248159863338875
13.244489567953375
13.28572828645536
13.257660434046427
13.276718024025586
13.201346440706278
13.302340667024074
13.284905717146982
13.30307821607054
13.245456642655588
13.238785871946558
13.2546184583417
13.307344183209116
13.245293044899944
13.260839383271506
13.192652283341038
13.318164919366206
13.291594791751265
13.27991242942449
13.260317316355405
13.23710947193351
13.275218181552438
13.317835874680595
13.221864190450237
13.268187306112052
13.203648854403777
13.33605610551306
13.291373050177642
13.244176500380968
13.277422464440166
13.245134571389388
13.304077167005579
13.32691725026703
13.20348262671906
13.294765101082238
13.22852448299834
13.341900390916273
13.295481985810403
13.22070587201993
13.297597955441942
13.258684795487977
13.299993766955536
13.313191808724667
13.191939090328429
13.327609061768424
13.235001762847839
13.312811055985938
13.285440138968392
13.217431262687825
13.312751233606766
13.267651791112305
13.266212144213299
13.307801164196594
13.195709802413349
13.337497002480362
13.249624242889766
13.269630907139218
13.283443571896713
13.22951884319334
13.311259783467646
13.282614296306368
13.241242091953827
13.302185178803793
13.229771180734764
13.32281959020935
13.244444463997752
13.256103560462726
13.275566409397845
13.254586931580814
13.293118742133892
13.281580553365348
13.236633733328624
13.30358295118082
13.265861695888823
13.299718903203916
13.238395082836124
13.255625745127118
13.272007432747504
13.283952294907678
13.26368732268871
13.269218755794583
13.234842503232278
13.295710426432015
13.281486948053123
13.273777684728778
13.239327317651126
13.257915098301783
13.260026097953379
13.289060968430064
13.226109682911757
13.270404273214645
13.229699793145926
13.294513486300026
13.280353132350806
13.248404407003896
13.239664319038228
13.283016363714701
13.256307197349273
13.29717152349055
13.211324597934203
13.283961237198342
13.244765209799894
13.290641275679569
13.274952942494423
13.238042470300472
13.250399943347938
13.316941491806837
13.241708758574593
13.31262482193429
13.214130426801619
13.30614420200428
13.262287355368732
13.27170670038672
13.283556134860433
13.228499293152389
13.273471009972214
13.328173063183547
13.232586905363311
13.329454385601666
13.215082327965685
13.316009588813413
13.269535264489262
13.252625473503514
13.29237152458778
13.230222342695837
13.287252674255038
13.317185626604857
13.216545766268977
13.342429266399462
13.214700687266353
13.322488757343708
13.264793285167103
13.228294364270557
13.308673010253614
13.239573554375063
13.26833709016233
13.303804113975811
13.217577939136481
13.338105942413787
13.224188808347671
13.30036100420917
13.264222131175252
13.224285699674416
13.301221211057417
13.267171090266919
13.249062062341054
13.301899949739797
13.22778015529924
13.325887804429051
13.233992748260723
13.270474601173227
13.275700492565342
13.236093588907433
13.2832095521854
13.285828341398219
13.241898531212827
13.292340843771234
13.242526256075049
13.310742537286107
13.230647011020201
13.25767304811588
13.262728847042505
13.265813777451424
13.269030808553305
13.291314063907567
13.229816260521005
13.292748667891585
13.272147388124212
13.293413548127942
13.219859586611765
13.253346907124635
13.253611315181539
13.299071024988702
13.248685931315089
13.278301004620028
13.212849038660783
13.297219873565746
13.277233679479844
13.272998308502931
13.214116347765252
13.247913967801864
13.257713704359263
13.318506737664263
13.234147152259887
13.279079035451478
13.216287390114854
13.305610301208636
13.2742243407652
13.250350147295022
13.228445975140607
13.268126377526228
13.262808109231706
13.316857511810007
13.217533820961927
13.295534727165286
13.250708733291502
13.297707699789393
13.280312863509957
13.229100753293634
13.249828057154042
13.300573505500376
13.260996401351907
13.323893412483747
13.205447947389759
13.314430112769463
13.272513312955935
13.278956802638593
13.294660094733635
13.216530226854255
13.278250400484907
13.307510770111405
13.25656175160419
13.33113471872785
13.181089670666337
13.33741175372671
13.269954942863318
13.25792748914601
13.313170189320942
13.221766541371096
13.301740269145537
13.309164426645095
13.24619891384887
13.32878841696881
13.182876916813479
13.328217691335666
13.271022814108626
13.244739336018988
13.299591664658758
13.25396508287667
13.29903220029684
13.290246094435435
13.246998366187434
13.32002524141946
13.203060100654808
13.30624456938493
13.262250876206952
13.245892357261976
13.286706958633252
13.297615699818454
13.2895412836569
13.290201205899667
13.253402177128558
13.311867485591787
13.237218464124608
13.272665683987963
13.252993190931715
13.250864583231232
13.277066718359597
13.306374069303196
13.254451015949527
13.291472565524115
13.271102783579789
13.301957224985399
13.246176561592424
13.245095719865224
13.248124626083385
13.275913570288276
13.265415737662778
13.273826276450684
13.219471500447204
13.301944556480667
13.291256729791332
13.290288322873247
13.234154310553688
13.242069359469655
13.259282464114234
13.304191189931087
13.246440724762516
13.263813190912575
13.206666319497828
13.31515696915734
13.294475683343506
13.269702799115668
13.228912554256937
13.246947790207695
13.277491426295645
13.309113628165523
13.226560726235396
13.272132206959212
13.212083397197507
13.313999844952441
13.304250341971679
13.246013678771316
13.239556941433408
13.264028512185714
13.306227526264287
13.312103275265981
13.205410655073113
13.285985862968069
13.230108104037319
13.301548298088102
13.3009118895881
13.228846215907136
13.261321258729271
13.277224340098076
13.30603193271787
13.321415731121313
13.18248768147565
13.31483914995345
13.231045558020103
13.282804736978562
13.292597681640782
13.229776271536288
13.277409191737398
13.286274320346294
13.278961945628089
13.318857403096754
13.178391634143646
13.331167663826136
13.238970447475156
13.251128493349558
13.294276587185065
13.248730939948572
13.296921111539383
13.287453866179236
13.259578059453125
13.317249143594404
13.204401224870002
13.331446175338458
13.244393917325914
13.241493360746153
