19.452783184373637
19.364942595054863
19.38949352741575
19.31289782578018
19.26537257040471
19.179074055642573
19.15796175527871
18.9967133648091
18.98735811580282
18.848351676230724
18.747707691090607
18.645926004618584
18.525064506312614
18.394759078527134
18.26318102491407
18.13529107703186
17.98898542467876
17.790029049640626
17.670281108964513
17.51722151575087
17.351559688322826
17.179133539631913
16.974694557040678
16.823285010338726
16.659955429329795
16.509799501381984
16.35506116115384
16.228962314346102
16.090798202888816
15.950959303894269
15.796866803362004
15.690007838236404
15.543505518096135
15.431854845467068
15.349404905259956
15.219176252417535
15.081706479917885
15.001102662554434
14.883803700549931
14.775642785549342
14.650381721863612
14.59973426153314
14.396757083352023
14.439788940977115
14.26529693682437
14.255066463955231
14.096214577050262
14.027774697764453
13.934136643673122
13.869888686151171
13.736884986921643
13.740554459811863
13.644123611436394
13.604169525883432
13.522551720851013
13.485448406054585
13.40605701936964
13.374690931014195
13.312632365730614
13.29994898136866
13.234980765341222
13.22288736282225
13.1468120241156
13.159252951348808
13.080037091532013
13.151542344744009
13.05968865771761
13.163834759032818
13.044092665194846
13.102628629994356
13.00226162280556
13.137565995950748
12.979585857385425
13.12092466849773
12.984356333670354
13.18887371873898
12.969253834481552
13.172697662453013
12.964629029229322
13.246742340703634
12.976364128929848
13.250255647684504
12.972543258688907
13.31520092182497
12.969202455491354
13.305472604928081
12.991406696525122
13.38675882353154
12.977415374983137
13.423181491941616
12.98567992285012
13.452818999698929
12.97798260931558
13.442111291438943
13.02726675625851
13.465558418852526
13.027894730366945
13.41956086763642
13.067454126825353
13.498693375992607
13.056770279578101
13.485022315998112
13.056934733864837
13.510398326539278
13.053739734120978
13.486889232783387
13.066862271241384
13.504430557210199
13.084049259709303
13.521613811213166
13.073913389467734
13.546154287967804
13.040624708570707
13.527613309179772
13.075221528016588
13.573871920446264
13.0842405123229
13.486678903691859
13.089542261327322
13.532164793037852
13.138874498469733
13.514789778221688
13.099716621617018
13.560726512826893
13.101848775421368
13.532378520852843
13.051876848042308
13.542514854599467
13.083962129019671
13.537353947543474
13.096143844695767
13.555461647988086
13.112866629731531
13.572231311358857
13.117089770035635
13.567203077443068
13.146670155527264
13.508903680196022
13.126939800773153
13.536743463585788
13.086086560008193
13.469791864245995
13.157805598676365
13.50551438130292
13.17710282626723
13.519970943332181
13.160575981701284
13.55315276888464
13.132307168578803
13.558667021728267
13.051858158564142
13.540322400500402
13.116641481289765
13.528547515227562
13.111362051918983
13.543104478588571
13.1409086509536
13.513365388443276
13.111396313205598
13.55837237396735
13.097037400798317
13.513310345994086
13.116854204303426
13.517029877649584
13.126030092772796
13.548949868979818
13.126350292486954
13.560317176385261
13.103565026246958
13.57787498224096
13.05929697431251
13.553767452953675
13.086093502033682
13.518760764491454
13.10863037374505
13.546603237050366
13.112897981704826
13.516459554456816
13.10241812149645
13.521610324375626
13.113838239846542
13.47592568058081
13.087650487603343
13.541884935754997
13.120110531667933
13.503710833640982
13.123478770222848
13.536612977772506
13.122204752795213
13.547865073233604
13.136503396638146
13.559660270078494
13.107706936775
13.551079832778633
13.129470361746721
13.536862630701677
13.108481154124151
13.542006955606855
13.108524019776697
13.556237823946715
13.137532883176794
13.527792746750809
13.095354241251059
13.524535021793861
13.089287273322356
13.54301327890726
13.12586184170144
13.564812227701493
13.112166620155683
13.548285453218995
13.129176432706664
13.557712508197762
13.096902265267792
13.551966149565079
13.12959287097515
13.566515993685195
13.100958556946036
13.533470791411853
13.11980098574532
13.552830093204188
13.115835268943245
13.560665715182342
13.096640654042742
13.579025234552256
13.111650090390986
13.516266094393828
13.08665927196905
13.575273030549942
13.095899110229587
13.522145115425134
13.116360532926027
13.59220609469734
13.093000197544596
13.52454807993577
13.132647501278445
13.556126376885718
13.110654375729352
13.53100143806322
13.11359442366263
13.551211788748638
13.110555164283525
13.56922724390902
13.073890767640378
13.573786978738003
13.113691714122199
13.523966870739816
13.13281098667128
13.561103103482711
13.139832324863546
13.49966779157195
13.129984404060009
13.61703056003694
13.08831057565437
13.56109378420591
13.141185836179023
13.572993631856223
13.108768626176898
13.54135342986102
13.113265805408936
13.502298621236903
13.11935617494807
13.514233024109847
13.124089702650219
13.55005706721809
13.119873123298685
13.512050286834485
13.120645847613208
13.58162360821773
13.111722926834322
13.498422571629122
13.11812388218231
13.552131667494795
13.112117215026714
13.559087948457163
13.107432502567235
13.549543490847226
13.119223284184836
13.530980635985841
13.105841384253118
13.559808830252512
13.105590340605364
13.533261336001036
13.110131506405377
13.589743569589187
13.132693684245622
13.548525992583397
13.139710419668763
13.564954717672165
13.107373880650353
13.50115809067317
13.09442632663708
13.553794183781532
13.10410168748461
13.54801389757615
13.124293233000218
13.521386716162482
13.145824197587832
13.53387795227201
13.116428309000748
13.526127837372204
13.12356292686219
13.53989264216607
13.091782470438908
13.560739359620891
13.099021076511459
13.48693741819751
13.127989530515444
13.566093168305105
13.132150473806519
13.545759964895295
13.14903976673771
13.589125700015353
13.146316226195756
13.56791228016424
13.146937782413252
13.53440028833521
13.12929682891046
13.557756538157825
13.135398860351863
13.552685672050178
13.130593577917322
13.555985344204226
13.148437504384928
13.573717852785643
13.15253548445485
13.528349741963046
13.137775543714405
13.579555122842706
13.147518342717014
13.540547088943562
13.13548154310182
13.587231525268642
13.130638722852135
13.545716581026348
13.130787631957109
13.56993253701047
13.17126281986123
13.540411116610182
13.175204552509665
13.545506576207343
13.146943883466589
13.55755239222199
13.117593987494754
13.566425522500154
13.165675166119389
13.528771479393875
13.126153496971547
13.599334679284604
13.175069014640432
13.504204094691156
13.17083802439226
13.541456122043568
13.15091308324099
13.515408168155984
13.1738447679818
13.585178555545202
13.156347705597433
13.55615171804002
13.188093216500828
13.525299167385198
13.1574964176646
13.575139752661563
13.155434796577719
13.524757052699243
13.135583475708653
13.530239967262421
13.160696644792239
13.562786014923685
13.167339778028856
13.511381659344307
13.14492172874784
13.548525564543246
13.156872915648805
13.499373378230631
13.170412755733393
13.560962119825371
13.171057674846583
13.557196354777167
13.17149025618167
13.555404745519555
13.131596987142919
13.551705165475147
13.153550657775176
13.521845266254218
13.151428795498543
13.537802931981496
13.167369032279197
13.539977004716887
13.143712836443866
13.534201343826494
13.126587060193213
13.578203382641181
13.15876195758767
13.515970950421726
13.158091278899617
13.571080917252651
13.167744871748713
13.546206100746357
13.17504275260206
13.559730195306578
13.157256668152522
13.527573086796831
13.133876260379724
13.525923529145054
13.155516700131027
13.546661498284081
13.15395680416673
13.518773861211969
13.171505456836284
13.535737820587586
13.187432148666954
13.58714752241531
13.167541589815912
13.53101573501461
13.143431870691797
13.570911710834652
13.152157542414985
13.508107003876761
13.189376666587895
13.547101491330347
13.16889565425424
13.56870308169786
13.186134778365577
13.55007938004911
13.163836304041661
13.553732375981056
13.167691712993069
13.556660509479176
13.13777654878126
13.503113237064616
13.160962945769711
13.569694698315875
13.148107128931235
13.504939677280285
13.151754151493087
13.54542946275386
13.197198876376259
13.503859014874273
13.172869380241638
13.568751170304076
13.179704671814651
13.561212372323997
13.168697903355064
13.563216896179865
13.157988114575913
13.52867135220023
13.172349040568834
13.556159713005826
13.181578309226223
13.550352819897208
13.213581445140429
13.545062820179108
13.157621159780831
13.515643810523562
13.179725154335046
13.535778575436304
13.187543794182517
13.54435600433238
13.134902473411234
13.564964309965893
13.198976645596433
13.561325372445014
13.163787243776088
13.564862775494484
13.176439412860944
13.53420576980268
13.191181884297759
13.564053015183681
13.15755351649701
13.54501626363262
13.175429322516093
13.571008127009367
13.149926481945851
13.51318591360457
13.178099202566694
13.552963298534726
13.212093316008676
13.549596252445356
13.160546813550043
13.557354954523332
13.168196838737876
13.554989312801881
13.138071116951364
13.560415579010911
13.172816633384304
13.523755652997057
13.196271145036116
13.57756780725057
13.165292236790505
13.549741147475078
13.168585924911284
13.574426387017049
13.179171925398895
13.51288803948045
13.18014964454304
13.539932202985385
13.189666654070408
13.513565170249796
13.141242285651638
13.5612643834894
13.13287524560115
13.51500286271389
13.149129331634816
13.56709826297702
13.197523029275922
13.489771795948261
13.219743061442687
13.554296458010393
13.18638063431979
13.484348658583572
13.186934084713947
13.546074593179537
13.170882254523317
13.522159379808228
13.16954264325789
13.525048929164537
13.168857919991021
13.506886089295843
13.166626780434514
13.539002984534536
13.177844633542694
13.551715847129005
13.156283604604447
13.548827637898158
13.132724234920008
13.491959203655002
13.17614432217685
13.5766476626622
13.138366494852841
13.516898478884604
13.159276897068375
13.572830412803402
13.155486504373147
13.530483048293883
13.172691343357556
13.538050634640445
13.181277304420439
13.506670794496994
13.14081169415602
13.568183328720341
13.187425715244938
13.550062258232037
13.144999571389887
13.566291815044218
13.148819036089222
13.514079932538007
13.164252554001793
13.555672062647528
13.135089352693562
13.55076359645667
13.180358640441572
13.549969748472808
13.145191555930456
13.524720951146682
13.190848409633647
13.555052816396996
13.188098349846001
13.499174849174558
13.155152584740371
13.562974200676624
13.20223493224431
13.570636979504254
13.170277191959073
13.537347696766947
13.17226909921617
13.535559363959537
13.173737271332012
13.551955812548504
13.148218644278757
13.537862374107888
13.198289309555511
13.576803253260369
13.166871135362946
13.515202705855328
13.171667745708351
13.560613968786441
13.153497450484304
13.535785595994284
13.123119219400834
13.55290620379938
13.184575535892368
13.506062888240477
13.180484359198672
13.564470742970215
13.15590425996901
13.544144895469973
13.170260948951741
13.557841277937529
13.140330468235137
13.543391569312684
13.178409272705903
13.550261488196014
13.158884140888766
13.564828273366592
13.188248718024669
13.56890925612026
13.168913228591926
13.535003449103282
13.171548341785636
13.540974331805723
13.177013668664706
13.535166947435528
13.16625523404874
13.551863795314599
13.152360379473741
13.554743841261411
13.131465761740802
13.541578565112353
13.160189972122126
13.556792643678904
13.175872122496854
13.506366675765669
13.164709133177078
13.529423599066622
13.18530055523269
13.511984991985216
13.160461878384648
13.497193915590774
13.159296414040893
13.527669220875753
13.182819640944803
13.52932437419463
13.166257036882346
13.528760304919883
13.166215288703162
13.50539108266807
13.158465099470202
13.553205037531018
13.182328533228102
13.535324143175513
13.150762621584272
13.544376832038065
13.147278405531917
13.524392846706172
13.173337216095534
13.554840899890928
13.16947508816744
13.529371243325446
13.216445259535845
13.54181327810577
13.15427959929998
13.524556709031097
13.165548801508368
13.564670737885228
13.148401615867066
13.549010539241964
13.161542960320515
13.594509300335528
13.184637640474651
13.554647896137022
13.140122242058691
13.546949343674836
13.179335658241246
13.544930061232256
13.174333275720866
13.554502271253009
13.153317815683726
13.540918413188434
13.165851471995873
13.529885775170658
13.152684091996546
13.528493324170972
13.152305935293073
13.541809085052797
13.133524633877444
13.538294443104279
13.147780893120782
13.579879356900285
13.16120643145262
13.520831998672422
13.161045959220246
13.524632492955769
13.154178499816627
13.528631451530353
13.159439719259037
13.54881523267039
13.177736989372455
13.550240978071749
13.17052026716597
13.547933019568557
13.153577471634456
13.508127877345483
13.15280470300852
13.545082294063524
13.129843747187634
13.518970212110943
13.153998234572798
13.571819933856862
13.149355182332048
13.521749925280634
13.184065226264122
13.554695196418802
13.13438818464307
13.557699755189931
13.130658293111424
13.554525431341899
13.178417183801656
13.504610205053094
13.165601369199743
13.558245388356111
13.174367619046162
13.529611327362758
13.172922369604075
13.584420747960449
13.14267512225027
13.572555339492483
13.146141540202525
13.54572317447781
13.145230718712659
13.511358331066516
13.160709374758444
13.522515685833516
13.143405464546808
13.5773482171927
13.144423143432864
13.55552369327584
13.174597899024214
13.545542237234308
13.15235522896981
13.518326591435333
13.157143369166079
13.517995454126101
13.154008841509063
13.562031091971148
13.144615420122669
13.532380066452763
13.140635318173674
13.560699465137425
13.148527519622155
13.524614169062897
13.157890297976405
13.54381235325715
13.117450279949527
13.559222680402355
13.143864707014146
13.540388193327322
13.139998881339935
13.547711956022157
13.156957602238688
13.528207684849475
13.161149284912913
13.50623036826847
13.13974432819625
13.550613110184313
13.125171551714669
13.529472963894312
13.114271029545996
13.529409046574084
13.14180565625564
13.544958403900642
13.173964962208911
13.54573036194542
13.155490962261453
13.560077721814471
13.147229203906505
13.544688475824412
13.155661925734995
13.548236003275647
13.13982647579177
13.515955486822348
13.15619791930695
13.494620641501632
13.15640866816007
13.55427285457967
13.146170574105943
13.524503388642213
13.153769953016134
13.515929659034345
13.171037596245132
13.50992470118057
13.176386003795475
13.538278349146927
13.156888469900542
13.510059732323002
13.161899742302166
13.52897215500301
13.169496874062293
13.508080560408022
13.17767706690756
13.531777730412276
13.161089835364177
13.512523501128419
13.157770854963333
13.525237621950719
13.132702490922046
13.520094787521488
13.17315426703245
13.512970796909004
13.16635901561162
13.552909741039969
13.185043912500632
13.548350214101019
13.170807894689762
13.525042150117208
13.141083417300315
13.556482724497467
13.16604298205343
13.498312461942923
13.170091679935044
13.550181489648066
13.187063144834822
13.524076133486357
13.15108690671714
13.540940236931108
13.121229168787583
13.523510227961568
13.166567719705958
13.536721506154228
13.172207765241593
13.579832201628161
13.17200688516579
13.581117465964084
13.169401435194485
13.549314367158336
13.151488284645907
13.56276219530319
13.176097286434159
13.553020052621397
13.144278303453934
13.559378978810082
13.14997435716405
13.542446811187402
13.15351679268634
13.549476279341237
13.121019396643819
13.540501288648494
13.180204723565495
13.554687074643459
13.155972107331813
13.540504822985303
13.170067015328422
13.51786090327215
13.153371893728265
13.54315259054386
13.13700001589305
13.571227266728298
13.16827565917574
13.54041971125113
13.121691371810375
13.570906821357418
13.13387923994028
13.513192400025149
13.111315123794508
13.546468680516996
13.118558381117039
13.556771831651574
13.16961510056944
13.55129048814764
13.150388988254392
13.567310484233955
13.169313371873375
13.536092284284658
13.149312466901051
13.553101680412967
13.143354228990615
13.545196201659548
13.162167931193636
13.5181430759994
13.13086334072586
13.566375260133247
13.163607313908487
13.501287860908935
13.124980220284971
13.539443786566826
13.11351464329907
13.520824223864947
13.147835269366247
13.523128282672468
13.141578836602989
13.55214830120431
13.169777072273915
13.538226828400342
13.1792460282112
13.529563080814183
13.151675121670644
13.559122835923644
13.146305829211187
13.528173176701404
13.146292527568825
13.535977841222847
13.18727118655695
13.531105320064151
13.173949218504339
13.52863406409857
13.14126755393782
13.55140111434805
13.15297676563822
13.551120362280463
13.13755311329393
13.539809318582915
13.173053126125094
13.551189888105055
13.161425408866585
13.517538744123453
13.124123696390171
13.56818120288154
13.156040637268696
13.539783605708283
13.15600406711222
13.559953292133851
13.16878012495428
13.542750083961876
13.138665811024353
13.518356516075068
13.130532209585203
13.53149895344494
13.17025618569931
13.556056293265307
13.158236813302246
13.53020985643121
13.16240503889841
13.516360903932805
13.150821935052456
13.53649487349436
13.135349157843674
13.53993694673541
13.15348410065581
13.53604238517591
13.162722472997745
13.557864031889771
13.153683942493153
13.521452046148134
13.178431241993714
13.546025476766852
13.153047956979023
13.570466102759848
13.132957667492411
13.52717267018308
13.137244347285764
13.49943045648415
13.140837190096715
13.510587014741313
13.15613105216414
13.505075157739665
13.143290864402047
13.537169661862976
13.142279943891193
13.521811336865275
13.107010058090683
13.516598362228581
13.110339287847042
13.492084658071493
13.146577521875052
13.531932814893635
13.115375910998605
13.524211846256392
13.142574392029072
13.51657441685234
13.125637609107049
13.461835855104042
13.14100822416316
13.486264313062513
13.134339124880956
13.48477006526914
13.128598051193402
13.545539391403045
13.140776864755452
13.50141523870502
13.118177817497928
13.519405828562848
13.116214446833704
13.49470317841219
13.136701531697161
13.479597557055476
13.09255664301495
13.50936674878072
13.172902428074721
13.545380824377752
13.164486857703416
13.495853077231938
13.137279772082836
13.493712594274399
13.145344068331209
13.475713314928147
13.104601742157577
13.529381778400635
13.166478961924845
13.54940686189098
13.161878577492006
13.508003662511447
13.162430456248794
13.493063566960865
13.138594669948576
13.487699243347953
13.111281035155447
13.51795410072602
13.153783513987175
13.573138361705764
13.141085836847738
13.506307250658994
13.158828713264432
13.529750935576866
13.156385140166508
13.486498588412923
13.119628889580323
13.528550855537137
13.148209760973105
13.576005269174535
13.12696121986673
13.524551587695724
13.161804055886618
13.55888331337203
13.194427310986281
13.515193595631262
13.156919237283303
13.533542725093518
13.179962268366053
13.54887309694505
13.150948362262026
13.521835770269268
13.131384191240068
13.568088949854912
13.15490346939401
13.48976690749099
13.12411030051928
13.564624995502246
13.176232591461874
13.530834322778333
13.114871102014511
13.5334830936561
13.134202045348372
13.550232366227998
13.16866007847818
13.513707973106484
13.099825145654439
13.563905629699319
13.126362531889539
13.514415006233115
13.120337559075306
13.49511518872932
13.145094063990193
13.524376785360769
13.171632338468035
13.51902989973494
13.104306746799525
13.541734514289809
13.132628277656243
13.51608151628907
13.127565545317285
13.514937877089904
13.134658130896618
13.537941056911599
13.15185156010715
13.52230954178697
13.139701355405522
13.51269635239867
13.165928770484898
13.522735659936336
13.13389523252521
13.511475049953885
13.146091216524976
13.538739276002596
13.179624809546384
13.498071405545764
13.164325777346983
13.520846174868046
13.164825376867379
13.493725404473622
13.13559525250452
13.51676325965607
13.127833460170711
13.51784904624833
13.157762955196187
13.509223002901573
13.153751230774652
13.48810938550409
13.16511554994067
13.476146978659566
13.122855862785741
13.503667033511894
13.125198196392006
13.502273525086343
13.166493317179931
13.527904729124069
13.132752168507043
13.538365434848405
13.146430174361821
13.52711350584784
13.155399450441758
13.499881810695884
13.138990366903451
13.551657817899239
13.150372245564583
13.509153152824206
13.163452890513726
13.524183937630808
13.171203251083135
13.520617502683784
13.145962936527413
13.512889736459057
13.131517953870697
13.50798827039166
13.133603875295904
13.478984951500705
13.12592371531201
13.522085102774117
13.151695145173466
13.52701787041713
13.161285478809381
13.541304841393064
13.132141474028936
13.527551589908246
13.136756858448896
13.501886663692934
13.105241262096916
13.502612806233186
13.161654606484477
13.530685477207191
13.148074321714759
13.500714839107529
13.134876849406998
13.549710600951792
13.152477316916357
13.508213403133935
13.09698448736963
13.519525883125386
13.13419346852134
13.530673588098493
13.122128619105528
13.52216581711433
13.140696201634723
13.522259632153368
13.149387517446861
13.516638160458976
13.136820093982172
13.492360410228336
13.176142511933948
13.53108019149273
13.124468989154842
13.531817064683509
13.165518491134193
13.558075832833067
13.13570800551255
13.502553268679211
13.1379296911731
13.49788871307077
13.150286417122732
13.490618828735114
13.14123759012699
13.510183782216574
13.13996645254708
13.538483123294457
13.168879465404473
13.487081627313557
13.159824999804876
13.48075393411745
13.15643702309753
13.55407154773369
13.147602402759649
13.547667159824563
13.153926398925117
13.56570636216578
13.156445281699801
13.537473222073942
13.131710440124865
13.521720140503538
13.136796792278298
13.508901466013501
13.173620831016084
13.527088945996454
13.17803057739293
13.566941981321726
13.170404894470543
13.534733068532518
13.121143562756282
13.510168211006594
13.16371928192867
13.484904556604162
13.158627247172143
13.52421277367023
13.152296885438359
13.559113732948127
13.163320636097488
13.5597933804924
13.154567607463937
13.536168147237868
13.168807719780105
13.486259563707039
13.15391152520131
13.553600918392453
13.160766453453434
13.535480575620534
13.192397405929853
13.544185775211634
13.150957453823695
13.525071576631928
13.154017501997153
13.548420099774356
13.124146728136408
13.541356468041815
13.167862634263097
13.534874660378026
13.16863264876085
13.52856755011371
13.158177038552672
13.56195384764352
13.15214871398338
13.519531775563287
13.170367389762848
13.551650026666167
13.19325616359785
13.528669522213107
13.171965116327852
13.527833701764198
13.12474231800381
13.5362914074655
13.154205158993744
13.515623239242199
13.127933517186376
13.542310147174698
13.185104845558905
13.506748436825552
13.180455398921648
13.533911704012347
13.16198032048172
13.547991004504524
13.138676068658517
13.520448985259115
13.165744356327922
13.54056600511141
13.194486852239635
13.531949371973909
13.180471611186809
13.528132338330588
13.135413296772304
13.535342675795079
13.168449823988814
13.512004316527362
13.153528494153788
13.547609263242657
13.188401703348461
13.528992707379848
13.158544237004316
13.52249984290847
13.149871826709248
13.544055852448144
13.146722277778016
13.503339207788288
13.162619810012444
13.525490463602875
13.17360914213426
13.54139160585505
13.173891724255222
13.547206286790539
13.137749503921825
13.52776654793748
13.173319634873362
13.49246716336612
13.151637359578446
13.546366340679405
13.188690262735745
13.530545210395935
13.17287354807755
13.514585676820042
13.133098225043645
13.521373238177942
13.14448884724941
13.503793857907255
13.141063285562424
13.508407480736189
13.15447742831288
13.52975168197239
13.195482392437864
13.54200090650901
13.110730228156882
13.51336065111238
13.137449165706881
13.494312745033065
13.152742608930325
13.535451658819715
13.138166534819867
13.544642594662822
13.156157276133996
13.535190536541402
13.139607405706053
13.548766613307341
13.135295356280908
13.505639915288924
13.169227034630469
13.544182196941758
13.156951332329408
13.550252361064103
13.149677069594768
13.548549697230438
13.185593689563982
13.503672928675375
13.168113864832089
13.512536844962906
13.158261096783134
13.566765028821491
13.167225989553215
13.545350452619113
13.159176099575795
13.5344460227043
13.179976082015976
13.543568539626593
13.177843214960557
13.528392702617799
13.159359286549678
13.547000329486261
13.151448844500736
13.50574235233514
13.140433616929206
13.526904044373461
13.154077838091368
13.492303188188961
13.15170850591349
13.52009695274989
13.13114978388821
13.543963569199049
13.13455359631957
13.542839087317478
13.167197807009334
13.535808008759465
13.170645670134098
13.51145824553138
13.141488349117667
13.515429897450883
13.136542778443964
13.504019497031809
13.14599106282296
13.543627187075352
13.133163099453414
13.543240137751456
13.147150439162592
13.51153508740809
13.151262585865885
13.555119171656832
13.145265606958407
13.525576134112658
13.17046492356782
13.504281409425563
13.143364291302891
13.537177464385747
13.1350713556016
13.538892435540616
13.167400172181516
13.572334071327145
13.161948911533878
13.56784941242567
13.173357757585848
13.560950051257736
13.151647721348187
13.534820745574782
13.116649052251505
13.52690096612662
13.143233852410322
13.571220500632833
13.157094552410607
13.545056196224124
13.186464264090048
13.532536827995651
13.183717491013093
13.53997688680602
13.15887379626377
13.504024364972365
13.165721206238937
13.534168288888731
13.107555116932145
13.531246278387048
13.172712598739206
13.52490631280764
13.176321967456143
13.519158613352582
13.16031472336507
13.53483319679588
13.172360418652202
13.547733100528585
13.112837914409853
13.506662617739517
13.174078522321487
13.548561369678934
13.156023444695908
13.55210485976084
13.172366848197775
13.526253362786841
13.16080558919149
13.525739362114566
13.145615639530506
13.518787587361098
13.167511435523288
13.53456852700225
13.174511904813079
13.543107124758455
13.175835368036605
13.529015050596218
13.175469044989624
13.519288893613295
13.145041677312953
13.549931950290615
13.185798801753956
13.523857809720525
13.151756524501803
13.505501499480646
13.1612807106911
13.501000785317233
13.125227060012016
13.51411127786849
13.11983156903211
13.529574393103424
13.177965497446303
13.54622286357275
13.178372802154296
13.54617726350504
13.153429262254708
13.559655507118386
13.134607691046845
13.520937881832717
13.124045082105267
13.52493908887746
13.171289579184668
13.527917070780099
13.161799706784779
13.517560793326986
13.173790317679106
13.549062551274018
13.151496604816632
13.526558533341284
13.13730900830002
13.520935522852845
13.187686383638775
13.533950659468871
13.162703112394318
13.530732068340653
13.174376998808667
13.546297076791268
13.181593407380106
13.524434686669832
13.146602730788787
13.563376079792805
13.193693572622749
13.515132349150255
13.172904066542625
13.513927660612136
13.155505361604064
13.533707999677807
13.178053643102155
13.534136651340933
13.162643224875342
13.53970202561762
13.18213094113671
13.519131666694923
13.185092548126374
13.524832709256993
13.154485988153745
13.518977236189007
13.174580987599553
13.529319550748898
13.15560344375034
13.537953385470217
13.179742902674978
13.50300237719368
13.141264964142527
13.500501900325737
13.173377826123094
13.514673574147753
13.151759688689012
13.47575148490415
13.149645563582116
13.553294051283201
13.191512140600127
13.52228243391221
13.186973507346398
13.513167903191885
13.156562953174513
13.493164733724559
13.164040293764158
13.510406597762364
13.119546416819468
13.5252999333611
13.208978607493503
13.494870587915823
13.15712559285888
13.48550070994883
13.181574290124967
13.53160988490362
13.134027873133926
13.488580346286575
13.112376837308483
13.543004088109534
13.194422125973416
13.520548577009617
13.161314448570323
13.548023956854188
13.163423142798978
13.51685446739891
13.167949118598903
13.524024059010827
13.153904216621948
13.53373826334171
13.19379145452514
13.507954560603334
13.158424466845645
13.53984300870176
13.163941280303241
13.499298609480752
13.168722608752585
13.534114569993577
13.155267017380156
13.54275303137609
13.199541489072852
13.528187723559345
13.14235669350267
13.571417792360444
13.16146159406703
13.538054762880817
13.174148388452235
13.571314607373393
13.185714541361294
13.541499509689864
13.194641285350972
13.554352116816426
13.145364283207998
13.535319198705684
13.174095058832702
13.519439559361242
13.14113364503585
13.520547468416211
13.176598164606498
13.536311175374859
13.162270143685356
13.546986568947265
13.180569823206879
13.532179825731797
13.181614664160954
13.539767718338783
13.14037972435716
13.52300229695895
13.162193365369152
13.51882157681576
13.182069575496943
13.559025938416028
13.192819377893594
13.557776446794605
13.183653237233464
13.565088082470078
13.14328898979619
13.532337194561594
13.16399636270728
13.518586369348606
13.179090850632257
13.52667028463903
13.180531384749136
13.533721117670709
13.180192319183424
13.519844841140234
13.13265903881305
13.530367652878384
13.145286907209789
13.509364460894037
13.161147687134742
13.52435531770143
13.162720378292835
13.546591915975322
13.1507829182927
13.556155110100704
13.145736941128993
13.5579219446596
13.152493481355492
13.542881927929496
13.158890121494888
13.515286320406203
13.163784106059609
13.533242110122869
13.182963643256551
13.552342962406565
13.16272390190285
13.552357171054384
13.167516041938125
13.543458958546873
13.148961578807286
13.53999435030128
13.179845170004475
13.529555480061724
13.153610545477873
13.554721956391337
13.154730967244715
13.53382555152951
13.16001908264213
13.537395631253819
13.146294649625544
13.509930617414646
13.155264744942302
13.502491960547058
13.153733634337344
13.539436539214835
13.154586618626016
13.558617399725527
13.15360536045811
13.542414384481477
13.157781634742317
13.546834731173863
13.159449466515639
13.476315004015863
13.1448434202419
13.532135348797512
13.136574244875078
13.51904991601342
13.125455496239939
13.539092735852849
13.162008720205758
13.54689195312589
13.151516953632656
13.512187198180351
13.157479415422324
13.505348645220403
13.1683787456384
13.519929236047142
13.187823619309981
13.549908686157698
13.160945191234394
13.56248698939844
13.208662325366088
13.528757531850713
13.189428000142062
13.561136083871402
13.15004460767153
13.532818459447075
13.147155959823335
13.538837723211078
13.183983421990504
13.513973749871054
13.186992333586204
13.503223451699093
13.16963422016598
13.520063952683413
13.136768883852511
13.536965978140444
13.148387740591192
13.527051974001958
13.170377810092116
13.522553515493447
13.199247104529311
13.4925972141039
13.163400733928109
13.536473055234653
13.156047240801426
13.52920771306289
13.173115916965997
13.551852656396534
13.163637667053946
13.526195032918425
13.176098740150936
13.50905439011045
13.164900461697465
13.50884284667332
13.165501487015806
13.516611876955324
13.147599588215407
13.532053702148072
13.175934659616656
13.524699822776164
13.16259243876678
13.527329581542158
13.165849227861045
13.53920387562479
13.187224024641578
13.499320312639165
13.166548443147041
13.549607246833023
13.14967735869322
13.537190139436339
13.180832134440715
13.554442705341916
13.16233312657175
13.525066641620018
13.199608381607028
13.546730830652752
13.147513423516866
13.533663521616925
13.163458108720054
13.532412714001481
13.179731551668807
13.523422083738938
13.198533920294528
13.5357254011994
13.182462054903377
13.523088079928069
13.161112338181615
13.546640928096835
13.122531848239388
13.548174837345817
13.164823832209116
13.57244636077707
13.164808004671812
13.519479763321469
13.165067807764022
13.528609024833496
13.150634405095952
13.492353129181163
13.141842416025916
13.527300951359493
13.141717253139367
13.528748271249425
13.166806581674662
13.55290699754174
13.173486279478201
13.516189560431037
13.16412585403852
13.528686035860266
13.135011496624045
13.514745285820924
13.168973226706212
13.51848564513413
13.160427307415398
13.517822009147762
13.153818845276342
13.527476820099215
13.157533432924202
13.530488068261514
13.149790579654756
13.501225669817533
13.150379336234415
13.491092402106935
13.117984802021498
13.503033062234454
13.18245271584141
13.558296521650984
13.157954683035856
13.545574784128322
13.156831488743105
13.497710534690857
13.14288882184028
13.517648396162215
13.144198689731455
13.479050325786922
13.176118602477398
13.565457459481381
13.155267663202164
13.533927739970155
13.143345315226842
13.519513178813844
13.172854465288355
13.486745830203494
13.137289809355886
13.534005299149928
13.169251398573937
13.593909282686193
13.18424397675818
13.521494406251856
13.18484377394654
13.502811378430707
13.165734489278357
13.500129656007996
13.1702464548691
13.501073517515932
13.189773999188958
13.58648511959199
13.173734880996543
13.516117765289106
13.174646081883568
13.511318636462331
13.152220361514841
13.498317101481511
13.15030090069301
13.461518340086013
13.187197660810433
13.546069466778919
13.161363189764197
13.550064226626601
13.157511871825047
13.564060177923025
13.163043123708764
13.54107098033339
13.141455623941914
13.46532645790466
13.178305539781316
13.540023831453771
13.13614158951948
13.518202078740702
13.12749342319129
13.561006884301468
13.13935504626791
13.541920601940486
13.149875487008321
13.490623793594855
13.170001370176793
13.526783999462568
13.165178702470211
13.526965143599394
13.12893949342985
13.539329950414059
13.147850081786531
13.575289002862036
13.146779326440889
13.487820998171491
13.18879311807104
13.535837603434995
13.140188152427477
13.524320035680622
13.155565316879251
13.529163836252364
13.152621402023835
13.550720138577894
13.137424891464244
13.509038686967465
13.158918348823196
13.504996931736816
13.15509121121134
13.532692759230116
13.174882222997669
13.520005385147131
13.130933772472659
13.558312410118212
13.143770761629499
13.507121129646572
13.190503994517297
13.5186314734482
13.143437091717521
13.495360408898884
13.172250687046276
13.524406298773668
13.14101133606708
13.544152845471576
13.151807899475735
13.519065558739111
13.167580508169413
13.520719440898162
13.15084639922494
13.503415450781524
13.182931892747606
13.52930539298156
13.179660911066831
13.536819830554732
13.131946969445591
13.539354024789828
13.17554454136916
13.514002824935236
13.152938256139604
13.504801938421304
13.184270105780675
13.567811751756697
13.180007275059706
13.546135634146058
13.170656467947328
13.538275089079939
13.167640180245602
13.52786914019046
13.165056161983967
13.511269363703516
13.154237592970285
13.51462083999024
13.185013582299842
13.518561885959386
13.186749827367715
13.522175124524427
13.172939133335454
13.533244334956557
13.175583077167994
13.5175186887423
13.162730147741952
13.526778526395274
13.20938788443784
13.534776797473105
13.183314489794062
13.51867906615892
13.142104560273474
13.524771691626107
13.159186550341119
13.512162640549942
13.159830837197388
13.508185030566256
13.196199110398293
13.541609585686027
13.17245960173663
13.501145456574463
13.16552991462896
13.528529599202797
13.162078699913055
13.496180063064608
13.169364638116804
13.518801357545758
13.197522248843446
13.53018447123737
13.211056509882015
13.52991677522994
13.158347457630601
13.52682659643623
13.168420322522858
13.516893085618003
13.159953707285185
13.51911113300457
13.1666219203413
13.5354319453212
13.193588867029845
13.527502927019272
13.158779873822446
13.539567344325851
13.159686031978929
13.517844325059102
13.141650507364945
13.528914979521776
13.170900548638269
13.51768476729082
13.174334760076823
13.51603460536152
13.172611465026252
13.519190904045946
13.157845359749633
13.508577438384117
13.143968204886049
13.499872498139439
13.189899047154032
13.55094767850951
13.180510395408728
13.501105610609683
13.159598211717505
13.517329363451589
13.162021125584316
13.503738547308066
13.16464053021472
13.533524154290586
13.162771469555311
13.546130405917669
13.188023873343083
13.561058480215683
13.151451559859572
13.548427919458877
13.171027233218693
13.53539166615842
13.15411148667599
13.503168434269723
13.163137663466856
13.53953398830375
13.151750923450686
13.499665335859524
13.148592983570271
13.534064080550387
13.160962648868916
13.529932049296148
13.132827655961405
13.545909437962981
13.150000693309726
13.545559280521209
13.16631813543299
13.54631948700141
13.146495889549875
13.521597365078312
13.15354508012419
13.55005440585562
13.144846864546974
13.529974860544673
13.167722411553909
13.589474029852338
13.181090161870896
13.526592800829526
13.168372211215997
13.565899577433651
13.165895655431832
13.51651612750582
13.11037850264587
13.506398238644215
13.158622823760542
13.522721815351112
13.191715975365021
13.54033089247522
13.147932957956234
13.536935850018727
13.156823470587636
13.530057289794026
13.108639427525004
13.48949261297578
13.139860038520721
13.550331704377975
13.162653726408355
13.533596563508638
13.158892648103643
13.529689921631405
13.17724434515203
13.532289683442905
13.120719249414899
13.503524963258505
13.143174564702822
13.533170371463298
13.16120452061507
13.542932365142823
13.171176460156795
13.526182091937573
13.173403546851711
13.535651194353317
13.135882457843524
13.498169535573895
13.172126820745685
13.53349572336733
13.14700411506058
13.50357286060119
13.17677651577433
13.534466476303626
13.200795267879288
13.512709519871908
13.136607649525672
13.522003741344738
13.178334908735287
13.516372472612721
13.154121279852037
13.528145807001795
13.142844485151768
13.522247730731465
13.179636832379424
13.51448979941596
13.141404256494997
13.522706994690003
13.192661878198372
13.489492465307668
13.164414015466607
13.51225313495212
13.169074286257745
13.530587155248709
13.170879031158526
13.542718806450402
13.142462579363226
13.514038700710714
13.202673430241367
13.51558365263873
13.163859755242326
13.503081006672906
13.174410953498645
13.536659397807254
13.147717786401817
13.534482976818584
13.131448109585236
13.526332648721748
13.172778764835266
13.547350619082538
13.146940014945164
13.521488903201009
13.180185986758406
13.539613124938299
13.146685673787687
13.53729092815942
13.12139275086788
13.530890349635172
13.192457338737116
13.52264459854382
13.149163712046008
13.532028672729712
13.184279405290194
13.535104308728577
13.124550421221006
13.535997275190642
13.130125355415068
13.544527261208952
13.167688046418458
13.559568099267967
13.165061488325483
13.51595903675611
13.154149361304023
13.534068415127214
13.129776211006714
13.500949394890359
13.159319402513871
13.55118646051303
13.190351924799865
13.511770643614513
13.144090516985372
13.520189778292691
13.178226077250459
13.540782698270462
13.125742755006625
13.528782523249477
13.12197958239718
13.531333322555055
13.195235282137563
13.540452417384634
13.163506191634244
13.49747660865666
13.16812449800415
13.550884188965203
13.14102689146293
13.520493984424494
13.149629480128759
13.517261014598269
13.1724521721835
13.541488555659503
13.16930623531935
13.530629423313284
13.179644910352678
13.535298219386267
13.153831859401214
13.533496537138008
13.1227873715309
13.513966825040173
13.172431180706345
13.536968953712737
13.162676950484148
13.499440503428383
13.165778587505319
13.569988681628807
13.14779113174075
13.501524844089586
13.16154884865018
13.514566337251114
13.161991779856017
13.515430743746325
13.161331085989145
13.514311098804603
13.167224122249578
13.530781857024525
13.153436614153525
13.538752262828481
13.176946979159974
13.518039299592584
13.167526427224546
13.531226248987373
13.172300996423854
13.495733713804071
13.157451981244561
13.535772090036454
13.190121470545318
13.518462126752732
13.146317075852613
13.545783162322437
13.160782268799025
13.553840261585384
13.152542454904976
13.508821456987231
13.147708389960107
13.522098943071937
13.142370336374118
13.52544519275033
13.164404997844876
13.498686190721244
13.157961111194725
13.553881412986112
13.136131018401265
13.511471344277115
13.150879208111034
13.546965001390772
13.13990458062213
13.522682096399134
13.151755689865269
13.532288266295671
13.165090640854679
13.515242616832694
13.172418106811756
13.534733503161819
13.16599165492452
13.516493522617079
13.15215572912906
13.562983701378021
13.11975127325099
13.511205486394424
13.14178092369621
13.530134157604028
13.184078766767575
13.525483941097404
13.169970516371391
13.532040000292453
13.148893768837116
13.56125419735802
13.123179401101153
13.542824223219675
13.138136688513848
13.507534622057001
13.156782135865003
13.534937632495918
13.152794307905896
13.499851136273184
13.154367508696483
13.582570255300942
13.142414102106688
13.525570217155128
13.127695523964434
13.51707820975216
13.17357864653091
13.515230114248402
13.18244170127435
13.510355084928241
13.186742773809291
13.507512426609178
13.13990350954134
13.495321024372648
13.14381347981965
13.513003841349699
13.154686374032575
13.523328281682856
13.15553587628666
13.518765613717516
13.181482767501686
13.538796637257676
13.14821297719436
13.488613624790093
13.16574332827123
13.557419909875378
13.171221200855252
13.552881255673974
13.153364502788937
13.502652890393117
13.170179087313505
13.510711036982926
13.130975699839679
13.525836668206898
13.170498276384
13.540831363801853
13.18437942209696
13.517319704192143
13.147583905091862
13.543042565048534
13.168523688947538
13.546854038872247
13.130803693471446
13.530585085815831
13.142755057837528
13.541025819958593
13.174310549613866
13.512209278693762
13.13734021426082
13.536251947609909
13.186594899521735
13.558384312868842
13.110874154740626
13.537077742503493
13.165129400120852
13.543536431204766
13.167429407258243
13.517367924683478
13.158943159781135
13.526078197270717
13.182818528835595
13.556320960249222
13.095417832567312
13.521473469285226
13.170984353428304
13.54331582532233
13.165505112710367
13.522078615992411
13.13485999734792
13.534835286252216
13.168774741910022
13.508652071676021
13.119609375033264
13.506297867656476
13.158663474974635
13.488231247656303
13.155122485533544
13.50983521610451
13.13603825280619
13.510961600853992
13.1727895335541
13.558957318067018
13.129161879099197
13.502532520802147
13.134753621025167
13.544084264685782
13.164867690567874
13.539709218204495
13.146271908419278
13.518330957224379
13.174329944595936
13.515743915449093
13.13871616170918
13.514369901618094
13.12762938642473
13.522063136520481
13.13708662282483
13.530949325320918
13.139610619710147
13.50958210632885
13.17701808240909
13.534747741233861
13.11550740321867
13.489138426381453
13.12733420225917
13.523362763553006
13.169629246977932
13.53848624876847
13.173070349094884
13.54081970580822
13.165588253402467
13.53319859359362
13.120212599600327
13.524799085364313
13.114393895067673
13.48647342921037
13.160135770955177
13.52427929671175
13.163016633361408
13.498687091769133
13.175161945645126
13.54726753672507
13.121270093092209
13.54096938990752
13.144534280151774
13.518242879767342
13.157994785162893
13.520492656675984
13.155413313957327
13.51080807900587
13.14935748850356
13.552428516009597
13.140028454693104
13.548291318989488
13.126667321115377
13.504656795024559
13.150629229722222
13.526394440220695
13.160104806322813
13.517300049052036
13.15286387969838
13.542780817863429
13.13687853869907
13.516592826512074
13.117554607385498
13.541940462842296
13.127956395627804
13.540792031770607
13.164590401587109
13.528692015078319
13.145796206395346
13.562255949897237
13.149538625956769
13.530289586308195
13.1250145886725
13.533844209843231
13.152458808800839
13.540866636628836
13.153145326523244
13.518724502208888
13.12968841582518
13.53303092875461
13.114672545664764
13.534797030262165
13.116600812322536
13.56196723464013
13.126140308725619
13.546121548581402
13.12716224237009
13.558878921308004
13.158349120939
13.53918494397655
13.148079414267594
13.542587042344662
13.120555585601112
13.527362454789268
13.162285945133608
13.555085690261734
13.145280672510166
13.533571590996466
13.148009155188014
13.555327213000211
13.119501578938932
13.546507882584846
13.13003911397101
13.54704887007912
13.144606501817794
13.498394049379389
13.129087848261404
13.517634943489368
13.140208639479383
13.524803957829569
13.160271609282262
13.541720388262934
13.154069257718472
13.542962758253958
13.159247760433278
13.501443089516536
13.146994596537247
13.539064066201888
13.158288826151425
13.531157875198776
13.162224074304284
13.540393237777502
13.170270040122146
13.553246624653353
13.137824497740272
13.495385566598156
13.139823866041159
13.539257376890458
13.156597461604072
13.50557422343299
13.14081118143697
13.523272032407743
13.167413657747845
13.527004819478794
13.144345591409591
13.517780500057237
13.172939384795868
13.535066625950947
13.165949850846177
13.49283177894883
13.131910024391535
13.532145937318207
13.170144140870791
13.546654143572598
13.140558909969526
13.544187616156728
13.197913035274231
13.556762156556236
13.158878983864904
13.491655330074792
13.161359674755133
13.522330392317814
13.156586062952847
13.54507154238817
13.13735646909354
13.560905284496245
13.20642543368429
13.513964595952338
13.181222293965817
13.4868986201645
13.131961893110738
13.539044454680498
13.146392400326699
13.536368636725237
13.15887393343323
13.542233261318636
13.184630931756297
13.541697024923451
13.170514575282102
13.484744264024327
13.147058900134287
13.525202387820265
13.159449210074827
13.518044912359358
13.16270348100427
13.557249473655851
13.170353552314996
13.529969856758784
13.16735476725395
13.519237585100957
13.15431536451437
13.533665097861226
13.144894177171983
13.51528702494359
13.147501911073677
13.536461813672664
13.168596140307761
13.549438238856998
13.171854003184912
13.535907444618468
13.177572883993818
13.555973094065846
13.172416222140233
13.516224861170837
13.165846461099695
13.522271552903552
13.174510222275956
13.546790483918576
13.187297982328934
13.530311298191487
13.178948684770631
13.536910083062978
13.157634128298056
13.538398575726113
13.1545669945901
13.502355964535813
13.168077771276492
13.558918188789198
13.164085759553375
13.505387769276888
13.177117370045345
13.558895639423726
13.165272121943037
13.51972089899818
13.158637289531105
13.523248945248024
13.133463822902844
13.561539919314367
13.124833122753989
13.548105172530104
13.16130811670928
13.53416491464886
13.183798400603509
13.56339174077283
13.139647824073364
13.5260940795802
13.129045526320656
13.560490393798041
13.119177240615326
13.526115617613254
13.123147705856109
13.542783250708442
13.134219521915664
13.54389808171101
13.132298634284442
13.527347768372087
13.139220393187639
13.530906692584805
13.126018464053642
13.524489511589891
13.159660931152443
13.540521453862503
13.127433342603977
13.545847923537709
13.12541043160163
13.534771450200644
13.15037063716889
13.511601004643843
13.158038748913627
13.489806031501528
13.172768337081337
13.536068521579843
13.1210802424265
13.52058392022015
13.16256118607876
13.556428206604025
13.155945572281238
13.534201014798382
13.157198620695668
13.517815942347365
13.14747149906004
13.546906860296192
13.124119196099647
13.517024688959335
13.154079397172072
13.536578335394404
13.162796435006891
13.529112624271892
13.136140953346986
13.491779397192943
13.161115564564573
13.548383444569513
13.131527647413844
13.517559610241399
13.176032582912999
13.5445309931804
13.169006795757635
13.526199072677384
13.163699492937328
13.508519801225315
13.168665985073227
13.528395753886393
13.144693124043581
13.529352910946871
13.191479676652229
13.553857990138118
13.179564756927526
13.544488282462146
13.167895438004207
13.510128305646036
13.148962673264236
13.532055754893324
13.121999058307269
13.519920015953725
13.189336354819902
13.548749290079908
13.17373126866245
13.546477738099403
13.169331170164053
13.530426833222828
13.144372576061963
13.535494044502244
13.138288612470769
13.50357613004034
13.161641639360809
13.521295304208817
13.15993006010207
13.522169018932672
13.156146488266836
13.52170349241644
13.143259310692768
13.535413014768224
13.146882120914885
13.491206644005254
13.170704402779544
13.5071251335501
13.141740289094344
13.53060884771955
13.168738666294031
13.545221397792218
13.140887273151115
13.526431661697755
13.166412556891899
13.494706799403746
13.178963648869308
13.515779313603733
13.148778604143903
13.490478973798261
13.173256651159997
13.543826060602632
13.154737612811267
13.538003953032717
13.14645624955266
13.505509825584799
13.179107408069546
13.543466822860179
13.112892534944214
13.500686386016332
13.14913912285514
13.54257602074915
13.13932465250057
13.542173099481214
13.137944962775231
13.515909143672145
13.204085967299521
13.53235871312383
13.144921323599142
13.50200613514235
13.147212185523728
13.488882586431966
13.112575623438891
13.526233562843391
13.15072088689421
13.542690346054469
13.183385556373649
13.531633895064164
13.148875484226432
13.47801233936466
13.15239458171557
13.515691158104243
13.122007909011268
13.50577574257043
13.141235686578835
13.518417568409362
13.205588920000823
13.519042660512639
13.157744726192734
13.506259415158679
13.181547765846503
13.494727053301837
13.130608779717049
13.507694290231532
13.161399680551076
13.529695629555366
13.158619017419767
13.515973202574685
13.150271797059258
13.492605823707962
13.144114940599788
13.52127848747487
13.112701229476833
13.526755663233166
13.148176432857717
13.551398052703092
13.153876700578614
13.493552821552715
13.153706433904055
13.509720400200656
13.137050511296612
13.509318402114562
13.102828916674731
13.52965720779217
13.14971225664451
13.56067100435361
13.165814722038062
13.512597440252268
13.160091395927092
13.521557103614558
13.149747346851095
13.53391505008042
13.114188673656919
13.505065693990023
13.132928160348465
13.528997915470784
13.164298987844147
13.521560782154008
13.15814503290928
13.536351227804415
13.14905408511941
13.504353948897617
13.107132798872648
13.511729436586695
13.173351056904378
13.544876087669294
13.14777971016286
13.524021545641483
13.162480398267732
13.520517770231514
13.13104329948083
13.536212701184228
13.166292934238058
13.497212449303476
13.146361791502077
13.539682650873958
13.138489804855109
13.521077459781175
13.180273053783424
13.544146434321096
13.154387552552587
13.542505092413915
13.141943089976683
13.517500403032273
13.16068010407338
13.554388072238615
13.136067896509122
13.52364099544713
13.175189197276223
13.542134298019356
13.137104465063267
13.546316531231323
13.143292352516124
13.502827066637142
13.150227519854688
13.54234928042626
13.14837149750655
13.534672844081218
13.18823522208151
13.5508195646929
13.122249910832009
13.559429914562145
13.128160416096431
13.532224370983384
13.141066667733192
13.540517865889447
13.136782494756732
13.519836939340165
13.166479913431116
13.521019012950227
13.137092520128776
13.568759598587997
13.15381787034444
13.544097993272873
13.10469256302415
13.571568024817529
13.151157245506846
13.515284679240766
13.19471267018694
13.506539685387047
13.141229514045325
13.567710719668826
13.132424231725672
13.528873191554785
13.12441727416836
13.526651001341722
13.14521917590221
13.527631808311964
13.213437194024348
13.508732764223888
13.116841349277966
13.557174265088925
13.163327987888438
13.529947570897496
13.09964158025691
13.520036385053782
13.143781406065926
13.526218667762668
13.1883549065659
13.493389903996716
13.125359369492928
13.552402203224062
13.149300271654392
13.526490442541629
13.099087246841657
13.531253915172707
13.151439321636188
13.529150865116213
13.17877064600687
13.522044665885476
13.128796765760846
13.547291973649056
13.171159390245245
13.521531526024955
13.1098265824979
13.539944236126615
13.148671024091222
13.536770330680776
13.144594974395915
13.559408746975368
13.135863150179674
13.52409083063504
13.14955027329759
13.519880790825297
13.123108438242818
13.52678581416726
13.139075735660988
13.534876816564546
13.126701433795544
13.52818147294291
13.12221041984901
13.526570748706717
13.180805807607328
13.505086394887122
13.143778480694733
13.537377294157864
13.166570141249014
13.527566421911656
13.14463958319471
13.535907363690546
13.138672319347675
13.499594302085711
13.181303416349653
13.514950052734672
13.178922042936303
13.511411563570702
13.157964631175219
13.493758219251946
13.156288110212108
13.522012764404963
13.134745295543343
13.52096636671299
13.172647848371168
13.502164369056855
13.144990607035059
13.532983820314579
13.155546427978342
13.486876480058495
13.130946520290495
13.55495008978411
13.103911750452804
13.532043868470485
13.15240391197425
13.515361356793578
13.15542098227337
13.538162423329807
13.162610578855528
13.49758658504526
13.161510112846539
13.540768104631447
13.0970774786103
13.515496787361966
13.160345565275337
13.490170699350527
13.135152006704162
13.54398440147627
13.157314168534064
13.495795720103855
13.13146982052277
13.54186559393959
13.103394929277783
13.538753297755246
13.184287942241653
13.502806907649667
13.154595327012235
13.524713936148636
13.154635043977144
13.516954987400151
13.163744883609695
13.560815234192681
13.141777666304147
13.533764604123997
13.183760741655009
13.512763175495614
13.148165105480459
13.550870918142591
13.146905778626351
13.522105650924656
13.132826376092613
13.529182110815801
13.145148055575675
13.519821725273992
13.14887453077462
13.560077259813506
13.130440858718968
13.533085194038478
13.172775042192345
13.553999848281917
13.151930179535368
13.526625088215642
13.143983476375999
13.523217617416549
13.159257674342914
13.536661136393384
13.150248782645217
13.529100372969301
13.143634615923617
13.519154250672381
13.132159818758588
13.517336487469578
13.101753209712633
13.497059612303573
13.167607397686934
13.558602347710627
13.114518449475879
13.501687772556547
13.164455611753317
13.53914077990819
13.140180680377123
13.489466985852337
13.1169560263051
13.512680557329883
13.183245501132545
13.538130709656327
13.146550596231146
13.52861547134034
13.148311916152972
13.524960218877677
13.109715112787791
13.531252554522629
13.12148696616599
13.503303259017839
13.17910646840882
13.543779487496836
13.15777920055565
13.526094412800715
13.17943253952211
13.530893128449224
13.13457736895715
13.532461946221266
13.149292686251492
13.516441406984848
13.15544008159542
13.511314432181225
13.118231150070184
13.5278867423304
13.154648459829422
13.540311987815238
13.100076301311644
13.52692110481033
13.144454484659464
13.503526069428954
13.150188268146307
13.52586226124127
13.125117418319052
13.481051595501064
13.162671594965689
13.54326981262913
13.119195969008453
13.510417525588341
13.144069435983324
13.531086374329577
13.126569732597652
13.498908996103596
13.116354893118176
13.53017574984102
13.145079880004632
13.51708333048766
13.129160579154247
13.537144592605994
13.149199353262224
13.52866959306048
13.109834808945802
13.504996636496552
13.12382670887044
13.513007115922361
13.160467503155937
13.537003322049824
13.117543294686383
13.528447578671148
13.137383240361935
13.551587114729392
13.131373568957073
13.472074747727376
13.115085957563872
13.54955970945022
13.136860127851644
13.51832525178194
13.139373603541364
13.533152425349371
13.149235091109368
13.529073297863059
13.138135639851262
13.506788989599432
13.112659151174276
13.542927220330444
13.15807025865993
13.562523589955308
13.136520395511306
13.524012788080345
13.162627213775334
13.541482719838312
13.12821720130418
13.506944416802682
13.095924395207355
13.528688893774255
13.15481458403151
13.500101559481456
13.123025470059678
13.518435285750247
13.162926111066835
13.536126193319339
13.114496200110905
13.526674043337568
13.106353102360913
13.519794619113728
13.146076168259391
13.531943027972185
13.14392890610133
13.497822528524978
13.147982522179461
13.537603666624712
13.120388901581618
13.513897076579845
13.138091842958403
13.55479552765535
13.146582651362925
13.500941034392042
13.116821550990707
13.538991916388321
13.152507468193885
13.539890132284114
13.1134178511492
13.512141996962011
13.140527209412408
13.527918625954023
13.145686465127671
13.545460271272354
13.132280993651502
13.52197703304675
13.13538996717393
13.520152419498297
13.09964918143166
13.50449233890097
13.11694826122091
13.543386017705117
13.141254413919446
13.524655243265292
13.143370677002173
13.52944267551907
13.140619436865203
13.52301328625779
13.112121366874236
13.524356207978066
13.139409635448931
13.528496441227192
13.142547463864851
13.506628505620313
13.160361247732137
13.551171281034122
13.131730970030695
13.54159758125349
13.123759583050477
13.461433220554362
13.150804983194742
13.55753799543412
13.162045664611552
13.475079570803084
13.16770484348367
13.555251854227144
13.143679769214446
13.501681219990633
13.146806601099533
13.489219990436604
13.13765127178466
13.529779118761793
13.154459110796054
13.536614767086654
13.160247537315541
13.546957486499963
13.15676230829371
13.519861499375924
13.150782528826282
13.492805776957079
13.160736438144319
13.542628839557858
13.16229589953038
13.51766798550708
13.16827910307947
13.537872770258314
13.16025255408242
13.50721536310002
13.177042064497922
13.45459935477043
13.135162823392516
13.50152741721767
13.157263284651401
13.548751312723779
13.143878117415715
13.526145542370548
13.148494272899722
13.535999543141795
13.153280593706238
13.428764812709938
13.141351575384594
13.522445295144234
13.173408855529733
13.512758093018256
13.146523014773672
13.53567329114021
13.15674035638405
13.512800556075636
13.170166029115718
13.510561568870902
13.137720377793539
13.52192219860789
13.155287215971827
13.532213372538141
13.137700592395555
13.533129175610753
13.148566941950163
13.529467582626127
13.169272457708873
13.492372625067707
13.152911670024658
13.524717426444795
13.163164911435269
13.505438976801035
13.149839545593299
13.534911265961414
13.14945269726084
13.525846630673955
13.170808365460495
13.516074345441773
13.14624386951508
13.494495706175703
13.140847548245226
13.511584399623034
13.158233631409288
13.52955260844656
13.162287433379516
13.55178775336613
13.168957409495444
13.538708645474028
13.139780677483676
13.537631786570937
13.17072411226875
13.486911807236567
13.153867479409598
13.526710286570797
13.146817450881993
13.494899549440401
13.160138880010688
13.583051727216034
13.163476141293053
13.549785793311226
13.165204350980513
13.539043766291526
13.14167281474804
13.527742961544346
13.162185985545076
13.546442645511183
13.139189571748181
13.524775364237986
13.188951838975568
13.546864400411733
13.156078641413842
13.519442260388683
13.159352908741674
13.529167872380462
13.15587509855798
13.51582115281299
13.15769344864317
13.543726956141732
13.145925629612986
13.513697295809587
13.151887923470518
13.524181468786537
13.151106593168103
13.522748418859438
13.153646394445703
13.510258074685431
13.134189693192505
13.512496119452061
13.146995579701937
13.52888264562091
13.15481240331125
13.49939753373547
13.141477610290783
13.528196759148548
13.135559201455917
13.479045523000675
13.137128620650016
13.49747688648565
13.133363013116675
13.527579057936341
13.153241562622599
13.532990292728723
13.157688420985215
13.523823541819391
13.159982532847717
13.542806901422848
13.143274369982684
13.530030615484332
13.14184358737648
13.534975746786495
13.156242219807464
13.512927065674889
13.159214384345676
13.560973516901125
13.180104340093502
13.49827135303418
13.132015926618905
13.557948407840719
13.13083405198414
13.520053575471987
13.142752230019699
13.546717675244837
13.146173871418021
13.52535747741428
13.165242717054056
13.540280482985864
13.161344017854018
13.519586014354749
13.143081884463934
13.553120209270014
13.156089312121653
13.509511833545107
13.145943598721136
13.524266905373988
13.169261114804966
13.505768804153488
13.15845573766238
13.547208260759168
13.175581698164008
13.528168241216951
13.153160871226907
13.5534439697954
13.138364767111682
13.541936836961064
13.155101662214282
13.510223307320093
13.152189739054755
13.50455317629241
13.179550526378689
13.532170155019774
13.135953251849397
13.506176577330637
13.135847112457059
13.553836075532118
13.131947926943315
13.488006036180881
13.164773807557292
13.519780731320065
13.152897889955131
13.514128781387548
13.173645497848417
13.54516406487844
13.141188366091532
13.528734146478216
13.14501677080327
13.522207670523464
13.149990665628103
13.536414356903048
13.164038202165633
13.500783125213811
13.134733247360764
13.535397955928074
13.144022054231112
13.503168163991926
13.16764196700083
13.493542413172465
13.167602855193993
13.525703815120664
13.168697970000066
13.478798130661739
13.146082015516399
13.53789794848289
13.14079630165115
13.504719503003127
13.131099517964943
13.525203682346364
13.167199152188546
13.539338663731758
13.194179694574494
13.504519271672752
13.157638392784401
13.525065394110769
13.150086098348561
13.5160566560977
13.1167543821539
13.502735821775374
13.161617452860733
13.540747789690432
13.174990429270842
13.510035287723323
13.158180611060668
13.553928424344292
13.152526921080323
13.48675766190592
13.129246198433611
13.532375236404793
13.148153364052707
13.506244402328845
13.168767590831933
13.529900318853182
13.1549257782648
13.522513318809608
13.164946170349836
13.511250147861832
13.15381442710013
13.495925836225785
13.157673213422767
13.524664342585469
13.166344849744078
13.49980955625385
13.147383914750947
13.526087031751988
13.147749774354255
13.51853888605233
13.15973927313541
13.502614563892141
13.146518881634378
13.500327995302746
13.144899215886664
13.535033101958437
13.169737087138074
13.52890056117859
13.165477473348709
13.51594286987086
13.159589228795607
13.473116356523086
13.158240880398722
13.494740669351016
13.1395929115349
13.513442507399054
13.135639007065173
13.540739010835543
13.149125614766225
13.503450068827377
13.15521206634791
13.536477830628455
13.154366061640143
13.491597193439095
13.160113891923288
13.548084536830208
13.13928518762445
13.531451630297756
13.134638139052942
13.520692468981043
13.163237574119906
13.504988292239734
13.142432083903673
13.517263407885327
13.164258661497895
13.516697135478367
13.141442940735882
13.532079788073602
13.165013151848079
13.535683474142774
13.138907534996443
13.548979229188383
13.140903021856937
13.501914916714743
13.142915213669744
13.519384391157226
13.146199549219723
13.487672944238907
13.141645820233084
13.493825430409597
13.1412138874904
13.491475520492077
13.142852685092937
13.561034227960912
13.133124405916494
13.503469564945087
13.147837919418876
13.52578368625903
13.110057623470487
13.479519681861671
13.10063372352223
13.512743446825473
13.147011155819225
13.522220385990641
13.142203185150647
13.53069876272696
13.13684144792322
13.488608630174827
13.145687130037418
13.476374279746349
13.148184468168939
13.506017104350194
13.168838589872335
13.562923972318083
13.163895417030364
13.502665464058524
13.144252207095548
13.537161197405418
13.143080926049493
13.520200076543393
13.122081447196956
13.520884160358579
13.154795967601123
13.547689266245479
13.143660717737722
13.537167957935187
13.149605769631696
13.500688953350789
13.166919018715877
13.541097860359052
13.13369288550303
13.494488587054853
13.132531724532006
13.541135542674825
13.141479888220971
13.51807826918314
13.139852465862749
13.533386084474634
13.16117796704141
13.528505054761926
13.13919612191546
13.525750274019362
13.146936556265796
13.56074601436445
13.148071520054723
13.537618069597631
13.156841056914114
13.503393593716206
13.167468959341505
13.542448367497983
13.141380167502986
13.489162699731253
13.141580361932517
13.553489460983497
13.15009648934477
13.51478475396366
13.14993377412418
13.539545101045872
13.139571796013918
13.532528108173631
13.14650376798358
13.521206121709286
13.13194273117235
13.535887126809088
13.139803802030668
13.538198832480312
13.12975787189473
13.517197865640117
13.155105955160566
13.543266757104085
13.125559291145395
13.491445023539477
13.13444558853115
13.535329620407177
13.137802210900885
13.490485216570749
13.147876788251521
13.533894264993286
13.152825865100496
13.542762922998508
13.149290790320842
13.539438009717731
13.14649918807973
13.542563998567694
13.137650669918001
13.490157837520197
13.1445450605136
13.51898197515897
13.126234897551193
13.506203198448274
13.1090334470355
13.507504363018697
13.131026388704015
13.541087523712065
13.12317572927899
13.499327965129984
13.131684621201988
13.563734833701474
13.150695075061128
13.534589577680949
13.137047028501227
13.523154613050556
13.127170198238213
13.539093004059543
13.137050673603806
13.520597708742331
13.120629934703462
13.531172457500949
13.137312932069781
13.549013528840629
13.120208392281837
13.521956043978555
13.140821977690813
13.552289181382903
13.118759917400643
13.519110115362825
13.106025313727937
13.544564369990159
13.120952916912751
13.542320630558986
13.106643179715157
13.524312385917831
13.1376948261558
13.532612463452125
13.143251020135082
13.523361185866396
13.109793534605656
13.509131342668432
13.133784623278258
13.571878361132674
13.105459700545312
13.52025623801554
13.137105848238301
13.527705598769852
13.114200256928791
13.509826064477025
13.113444633135385
13.535819306014996
13.137186595390391
13.531180774059015
13.123570310260106
13.536425204304065
13.12222530432868
13.514643199777892
13.134458346370035
13.532270139672292
13.143502945897941
13.5110061224184
13.170592974463565
13.542188392882258
13.13681130519725
13.525120897831208
13.1297267902521
13.545828661259273
13.142192698314153
13.510887682012816
13.138570162464086
13.503176798284295
13.136804975511117
13.506511309497215
13.142951541028378
13.520626701219246
13.125819705199731
13.521874570456646
13.102867672776515
13.514395773533177
13.094156191346686
13.507141505350033
13.14466564114038
13.516966434627342
13.120571266109874
13.511997840445732
13.149564293524119
13.541833155894452
13.143474716189582
13.522022747885448
13.132926766501
13.530221530112831
13.135596041986268
13.509752117924133
13.114053035204035
13.542748387051642
