19.360493833687674
19.30150834936076
19.30194095372103
19.183017001554134
19.148867704543772
19.040295250193765
18.937918309110483
18.814389653657937
18.713688156670873
18.589503246447045
18.497188655788033
18.36744827245988
18.23139043781993
18.161898090276143
18.009115984416646
17.88679885677785
17.782626851311726
17.674769397574504
17.51668040206229
17.378194270117813
17.260877111072702
17.124675076665515
16.96051336609937
16.856054579106228
16.68623874956024
16.582804317180273
16.39583000182829
16.30180725521928
16.095653056190102
15.990577388179798
15.83544520644204
15.695692964159576
15.565016023003002
15.45444934224616
15.303324744357194
15.204217570114753
15.066728998752959
15.011076345477216
14.840049205638959
14.809990023287654
14.644152704915648
14.585798690513698
14.47409964470117
14.427133160362217
14.321230357603719
14.29418373633613
14.126718283663289
14.181423724268093
13.986201571885276
14.00009473574434
13.9123829135869
13.870102994110644
13.790466828210374
13.744791791667328
13.65938812138752
13.626022786505091
13.580120145631113
13.55413418598804
13.518408257864703
13.482597948318036
13.45000503021195
13.42238019323626
13.394315029410484
13.378352435068383
13.341733284920998
13.34100122320824
13.314063562937282
13.333721776522385
13.297862350926552
13.301818202281677
13.278581735509112
13.303854798957152
13.274511650267332
13.30318218136569
13.273105521147292
13.311101215546797
13.285836721009936
13.343732935239935
13.28288938122089
13.365880764362187
13.30616681837383
13.383242841127487
13.33540714388244
13.442442586432115
13.327161841503614
13.489707259295036
13.359392903437657
13.539659918617064
13.352955677531936
13.549298857334373
13.382538244313082
13.582131309417598
13.418585728077739
13.610469518427102
13.458043688603214
13.692881450922805
13.439563344415944
13.675772901209054
13.465868766344478
13.73180420772295
13.470374423559328
13.722108354822543
13.508359737009208
13.802054284573057
13.551445449448781
13.81160088251587
13.552255816164857
13.862403368327003
13.580829443318839
13.835799337857278
13.531236951925722
13.879567271279113
13.592509806032272
13.859116954300903
13.579815384653632
13.876876577466655
13.59892354962018
13.886654184261156
13.613964922684294
13.8967033701936
13.589701557292639
13.87915565099856
13.635060615220903
13.884635426197793
13.644699850107484
13.837843128781598
13.648054783916743
13.902539499641858
13.622193748107602
13.873394948760769
13.622148899115977
13.928315639476889
13.65334016971657
13.88700858230726
13.67312892673198
13.879908541525968
13.657905467547502
13.914278837059452
13.68054673401007
13.939005183886744
13.68245767897042
13.939046131558229
13.701155013149963
13.93769246711019
13.664887776997098
13.900847874646512
13.692557436978614
13.956330233749798
13.696823305445783
13.939971312286756
13.682459341157555
13.995745956390262
13.71120717538417
13.946697144444743
13.659271474317944
13.922098468899605
13.71956223710707
13.937549940361281
13.699279047777058
13.950398477784006
13.70233114666073
13.952460719573144
13.723771251985688
13.931167903993837
13.685368312054027
13.89681907608922
13.720603666433057
13.947070739344063
13.69767960315257
13.922840787104878
13.687585448908502
13.992677229255868
13.69037091049361
13.934240802804483
13.674178788828458
13.91787909541828
13.736525333924522
13.934461453679829
13.714086335494878
13.952905124319445
13.701524165679796
13.966977960673804
13.71366462743531
13.95002973190448
13.683602710006472
13.902035255527545
13.745793744090623
13.946872287761112
13.709222699746489
13.92166262137515
13.698701941406133
13.999171641524798
13.703752947254037
13.934106148032155
13.674379248758452
13.9249373299467
13.755605875861397
13.933132408888728
13.722512365439488
13.956753309695042
13.697572410725485
13.969797168037601
13.712036542026299
13.953530643756212
13.681515727777795
13.919141485690474
13.759952042028406
13.968480754558117
13.723377533724591
13.938989559813004
13.700754135353801
13.998352299929868
13.682760777474941
13.946658155640108
13.667004067577697
13.929705503205783
13.755656227982218
13.934016617806595
13.723147724198146
13.948082291570167
13.699449295049979
13.944822725061883
13.701281281458291
13.936613201123924
13.676181877463067
13.912070422775118
13.759073919013765
13.949537429698328
13.718243368544657
13.932980910221849
13.698862822539338
13.973789675658434
13.693822534899851
13.93400256163289
13.661634675241114
13.917893444904117
13.759065658336128
13.930715915817396
13.721831988987669
13.952193215108322
13.713461383870444
13.950266942506696
13.713834430516767
13.950090246641238
13.669210970436218
13.919181417451925
13.748769834895423
13.951683945785478
13.716387066358045
13.935055219829426
13.695883853818996
13.969440552938826
13.690356788979981
13.935804325171228
13.669091432226931
13.927887192693769
13.751330842480048
13.933935934879347
13.717487874242423
13.950247022184328
13.708832363153187
13.946398877069939
13.715963711324875
13.954919235058231
13.671217755266134
13.925620477041335
13.739578197765226
13.952552201658447
13.716480304101646
13.926950732537913
13.697480313019753
13.96142416978204
13.689897095195343
13.93135006469987
13.666515005079622
13.938131585625658
13.745222401102549
13.935123911330216
13.71439506464642
13.941318602357708
13.71311619524864
13.942895004887363
13.716634483108852
13.9560145346869
13.680120255642578
13.932274115426582
13.73257563975842
13.949381041530922
13.715334064307946
13.915412953841193
13.70102036455272
13.953657170516712
13.696167624378125
13.929827983877683
13.672037330752783
13.951927717350408
13.738674709837435
13.932288096387795
13.70875368994004
13.931825687926361
13.719061496602222
13.940330718289367
13.714452948973163
13.956427053386328
13.6847831311103
13.940000445098653
13.726805750900398
13.943673159150793
13.710535464649125
13.906229609927145
13.713476566699999
13.949408192206436
13.69854820936161
13.930332066409418
13.6838509921118
13.967351492745363
13.73190467105891
13.92924267588559
13.706045303075024
13.925887016873052
13.72901413409965
13.937946623313817
13.71361805571433
13.95720335004264
13.699193838167767
13.947436757297648
13.723848748875882
13.938439835391875
13.704410900727343
13.899077003895188
13.72459873455712
13.94615926757825
13.703918218183004
13.930578453108431
13.692062663490146
13.976408387854214
13.725800169131988
13.929619430715135
13.698122481761352
13.922063597603254
13.741838637829058
13.935656523040574
13.713224445514072
13.955766386501317
13.706185761988028
13.955936197378769
13.726180833740646
13.937483037960067
13.696438926634112
13.894549456569699
13.737381480670706
13.945336675906233
13.712553175976144
13.929128521260745
13.701101760410138
13.982157917616984
13.718617680480273
13.93077262422945
13.688901944231223
13.922317370388134
13.753332474879508
13.930429883524635
13.711366076841083
13.950756808038596
13.712374814420341
13.961762065454963
13.728423593199484
13.941589993960472
13.69077944871442
13.89495577592451
13.74894009542213
13.945375359225771
13.715443813680258
13.928542930894006
13.706564168093653
13.988921592331188
13.710252247778651
13.932254028622273
13.680231329209096
13.920187664127782
13.76540640824741
13.927392636529062
13.715843783160636
13.951296208773995
13.715997900396934
13.96164095747401
13.72298244622944
13.944120668714291
13.686473709366702
13.898428710715443
13.755397742690501
13.946880408229283
13.716102240982723
13.929899318604836
13.71004982577293
13.992947769513199
13.705738546805307
13.932770053367381
13.67136482687376
13.920297603462608
13.767088521618366
13.92710806174945
13.719802192183638
13.955303165955517
13.714427086765458
13.959497653171507
13.718504334843844
13.947074741875555
13.683079723840187
13.905455253847748
13.758458567266832
13.950751824177248
13.716998726645928
13.933215093190485
13.707342336387056
13.987899535711042
13.697858637958255
13.934540888118622
13.666514137242459
13.922468980398769
13.762116378216078
13.92688026132298
13.719008613216811
13.958337703214594
13.714914482742381
13.955756739181691
13.714536787679558
13.950669649835445
13.67860898375457
13.913616415726118
13.755111565096016
13.953389702808764
13.715897701478204
13.93665990011495
13.698659925843014
13.979643840161943
13.691787978581528
13.937029554849135
13.665576900384176
13.926031329590439
13.754745144106629
13.92981182751665
13.72046844448147
13.95683404229389
13.711845254061108
13.949905601402628
13.71177220815628
13.956041539639724
13.675975899586172
13.920494804055261
13.746086661665991
13.954653317925544
13.715360388780722
13.93322293634753
13.698869468736499
13.97023573000578
13.689243544187535
13.935125199292111
13.667712839918043
13.93191428279359
13.748723801034075
13.932142429753409
13.716777991825541
13.950223049503661
13.70911208021619
13.945349440689135
13.713695340206183
13.95685420104921
13.677073790269338
13.926530927061805
13.737872993615959
13.952189031575667
13.715954864246726
13.923619228067103
13.699782980540771
13.95978163786299
13.691283070546518
13.931757725653389
13.671240908871445
13.941481027383645
13.743001156144025
13.93406911285686
13.71451728565957
13.939549288004997
13.713980710917399
13.941775968110713
13.71510881157294
13.956537887338548
13.681769692211999
13.933487012275059
13.731205115725334
13.948421137027712
13.714830566675785
13.912518963645592
13.703406313699979
13.951738534489953
13.696654652443607
13.929410506041645
13.677404653805464
13.955503328526941
13.737486315911905
13.93119959440398
13.709637664768561
13.930597316716067
13.72067584235167
13.939771223267568
13.713866972354278
13.956821061946403
13.691251117405498
13.941605170715881
13.725942697279544
13.942812035011485
13.709139407019837
13.904778604413787
13.715752726104995
13.947564792433926
13.699632277002337
13.9303799261324
13.685727640198996
13.970036479422303
13.730711053903846
13.928804116806111
13.705088391780478
13.924628737614158
13.731531352353212
13.93733471909739
13.712807599746089
13.957454679685469
13.701346599915837
13.94928726958435
13.7238494941418
13.937855886383577
13.702616925110082
13.897859733634634
13.727118423709735
13.946154469590796
13.705678450272073
13.930183113016483
13.693696890603853
13.977947274648407
13.724255908556545
13.929786098777724
13.696176320088588
13.922118184735286
13.744255401270895
13.935293555814571
13.713176421988095
13.954306036392564
13.706945510427667
13.95741716573831
13.727052324862013
13.937989744933676
13.695196258504662
13.894090102016426
13.739920595818889
13.945302954796045
13.713408894131831
13.928935822086626
13.702910141123342
13.983553511599947
13.716419761263403
13.931112483741138
13.687075009109087
13.922282657765372
13.75586699183104
13.929351522621062
13.711295584263736
13.950411295513502
13.713744415129618
13.962197354515983
13.727168082253494
13.941989609784844
13.689989405934746
13.89566490046787
13.750973719416475
13.945452549364603
13.715972843325812
13.928582644370072
13.707115158963184
13.990094097428912
13.709038969966683
13.932481398558346
13.67851281776274
13.920062225077269
13.766520418584706
13.9272832229716
13.716345702389761
13.952118061768878
13.716077042818767
13.961176493251036
13.722225516463848
13.945029166875564
13.685677491087818
13.899735718363736
13.756446276749331
13.947539363076622
13.716338940616103
13.930408744059745
13.709746969925124
13.992143802784074
13.704747401590243
13.932801189861971
13.669802116069677
13.920544667536921
13.76669647046701
13.927203677754658
13.720931795814643
13.95592808177631
13.714328328897647
13.959079787247287
13.717795773831106
13.947658891811676
13.682516216774633
13.907182708960502
13.758898611505414
13.951624094320612
13.717081987921095
13.934009657043042
13.70653207277429
13.986692194802572
13.696094773279157
13.935431614661482
13.66567647001088
13.922949879505381
13.760658457035788
13.927353274699527
13.719050970809306
13.958797388979141
13.714243631371925
13.954497782069716
13.713737502141743
13.951860155918617
13.678132097954848
13.915649259902922
13.753057838035964
13.953722658559196
13.715694145547811
13.936729245367
13.697347514177135
13.977501332061575
13.690932203914091
13.936697755225316
13.666345255040758
13.926880806914077
13.753246810706115
13.9304372481413
13.720161147795139
13.955790037602194
13.711005882620409
13.948811373987196
13.711903323606302
13.956368889975762
13.675713126637264
13.92141352426476
13.744088294623078
13.954519953486143
13.71573116015872
13.931460631543166
13.69864999302155
13.968011858907014
13.689406085090724
13.934643484160047
13.667829010199968
13.93350548963508
13.747601508485966
13.932676472358956
13.716158635011592
13.948317137311003
13.710050096310718
13.944962196637151
13.714292434727058
13.95718700513999
13.678050094891015
13.928010273978279
13.736497271802348
13.95161142835892
13.715685240740756
13.920986189795608
13.700750178630344
13.957846270117741
13.692075996106837
13.93107693709122
13.672276034796335
13.944143173896965
13.741774354385788
13.933707126388574
13.714137436483938
13.937434668301835
13.715186696752165
13.941088503144053
13.71526341131639
13.956522225967753
13.68348138608803
13.93490457272343
13.73019544858957
13.947051625597688
13.714031609324826
13.910445946962527
13.705962107183689
13.950441653661134
13.697086293952118
13.929367055370989
13.67902656214902
13.958861918411356
13.736135819909801
13.930581187235815
13.708612662423592
13.929413175584553
13.722478415419596
13.939597842065977
13.713359785016566
13.956923608436
13.693074515942717
13.942889503137753
13.725085875388897
13.941520060263244
13.707831925771629
13.903241462503573
13.718171665647946
13.946817944276368
13.700783584052784
13.9304366189601
13.68756529130703
13.9724848949252
13.729503302952367
13.928705852779052
13.703566473427129
13.923559376262089
13.734095880063435
13.936870924649703
13.71256747542131
13.957404600863459
13.70320921752859
13.950975080798045
13.724111205966222
13.937431149880437
13.700772620932955
13.896755856674844
13.729757049512722
13.94581538580411
13.70744198068924
13.929995904820553
13.695424298689908
13.978945106557452
13.722579607502539
13.929903345483782
13.694122616527855
13.92219065704634
13.746446820764346
13.934150966784006
13.713449889042032
13.95304198350481
13.708000728560208
13.95883443138605
13.727609929941124
13.938701605766251
13.694103645924649
13.893966444663342
13.742331792179046
13.945077528297094
13.714045493214169
13.928598989174493
13.704883553884198
13.985044334038635
13.714437274067393
13.931708358926075
13.68548321004367
13.921638123965385
13.758473534814899
13.928529988069894
13.711665008653059
13.950297994869373
13.714682307511296
13.962435588740242
13.726084394371831
13.942424871107777
13.688879443364335
13.896103644669974
13.752760610027496
13.945616776843572
13.71637218530586
13.928732975101799
13.70699668209959
13.99124082495337
13.707947350416628
13.932729409687347
13.676888272854105
13.920204195025484
13.767189991680253
13.927203288291823
13.71704357751722
13.953031601849558
13.716323130220555
13.960856398834087
13.720854173926634
13.945783201748004
13.68490070870187
13.901187607093163
13.757162137699739
13.948306894404535
13.716463360937606
13.93105701949243
13.709121879814516
13.991421911822613
13.703590807524758
13.932985178881458
13.66855389384251
13.920991988613855
13.766075056131996
13.927041267161318
13.721591544682328
13.956613625789128
13.713517485539999
13.958511722622095
13.717081208990432
13.948350708827293
13.681861268529401
13.908840893479546
13.758565219570167
13.952456554043977
13.71716661693727
13.934833531990929
13.70579767399711
13.985325362008153
13.694408115827729
13.936334727121768
13.6651788349534
13.923512873116106
13.759240071025705
13.927968396381155
13.718849242073935
13.958813328654823
13.713650169438129
13.95320549264275
13.71312385443218
13.953047189605225
13.677042487599403
13.917532579736129
13.751134566672656
13.953793115261524
13.715394975130364
13.936780745917773
13.696202088103593
13.975492800967373
13.690124053137508
13.936314007808061
13.667252835638747
13.92800145815848
13.751893497121559
13.930931168126001
13.719156665174857
13.954599439314784
13.71044187051369
13.947642570928496
13.711924085922046
13.956531369758773
13.675708115452716
13.922566560203396
13.742212723755294
13.954019410372274
13.716136140574275
13.929847858165951
13.698590666280712
13.965821763525959
13.689812586681683
13.933656981752339
13.668043815306191
13.935304505153626
13.746359178297629
13.933404427910252
13.715681020583352
13.946188321151915
13.711273026428136
13.944262744966117
13.714509131396307
13.95711243299003
13.679206447512117
13.929441842066412
13.735034433071013
13.951010105037641
13.715516805438133
13.918555539344595
13.701665950486674
13.95601355092849
13.692900957615999
13.930346943897366
13.673420212885969
13.94685141152577
13.740523042498817
13.93309389783859
13.713214243878074
13.935319966474648
13.716573189416422
13.940553005400526
13.715074712129802
13.956484891414696
13.685299609313281
13.93657010443102
13.728831920006492
13.9457365693991
13.713246254605169
13.908615314940707
13.708605504680978
13.949433638148363
13.697460129839886
13.929545646214654
13.680796934047276
13.96222438001735
13.73442562904919
13.929998650145874
13.70761474006754
13.928300091337055
13.724562599668571
13.939100734780377
13.712564672051872
13.957083659161713
13.695013476517312
13.94431992268378
13.724429849975937
13.940274122977513
13.706651365056082
13.90148734131574
13.720532755692178
13.94637272903634
13.702121821454977
13.930436202473429
13.688987603500236
13.973880386530062
13.72796522545288
13.92881707483779
13.70182614952059
13.922778214625675
13.736802987299798
13.936396221670844
13.712495654685544
13.957546279889396
13.704937059765937
13.952733025586264
13.724622398386595
13.937243981293928
13.699077801925304
13.89579982422841
13.732598810617901
13.945604681038011
13.709238733126138
13.929620435859336
13.697375371680666
13.979983788404295
13.721078003416244
13.930153296459634
13.692239452939267
13.922133966912902
13.748833695480768
13.932656814174978
13.71360522950563
13.95201160268031
13.709133124510013
13.960249394928232
13.728166143682925
13.939649817127242
13.69309638869446
13.894120527548019
13.744861570967002
13.944999021423298
13.714419852975121
13.928424802594796
13.706442821651988
13.986642734887205
13.712505597032978
13.931996841904748
13.683930578916284
13.920901516987914
13.760990179938778
13.927966086171198
13.712199463003444
13.950431309839344
13.715341742180039
13.962082131784916
13.725220050679523
13.942941957634082
13.687529447357496
13.896681284673956
13.753805079786355
13.946040880141881
13.716426710099666
13.929031168352028
13.706160082093684
13.992032042735305
13.70708202155521
13.932628323747656
13.675153787985519
13.920509462972245
13.767778669862938
13.927098741132333
13.717925051635644
13.953835001209427
13.716725883171668
13.960427871439014
13.719544387747948
13.946154261663446
13.684096037538449
13.902574419671827
13.757520920466991
13.949202847901569
13.716710304149291
13.931710732973748
13.70860186341465
13.99027699932378
13.70187866315177
13.933364942159857
13.667608378492735
13.921631362189366
13.764919565048963
13.92671833131529
13.721579766773052
13.957388990200835
13.712352869814241
13.957611070548912
13.71595779015051
13.949019083472876
13.680927486794817
13.910443805571019
13.7578271811894
13.952551180353156
13.7165532949704
13.935792492788549
13.705078535154838
13.983765200327186
13.692913130986618
13.936726694854947
13.665015755710302
13.924348072261761
13.757659081581602
13.928383991253776
13.71878456079239
13.95840827002879
13.713242327333647
13.952009962100831
13.712747581862933
13.954219678399907
13.676162534854384
13.918900564747792
13.749349699678154
13.954093491278677
13.715192334773528
13.936198991449292
13.695368648473385
13.973492803505625
13.68957665421198
13.935921179181474
13.667928006432096
13.929391470598027
13.750688503821669
13.931410110191521
13.718169068062226
13.953332209388291
13.710158172812632
13.946616784235122
13.712144595106677
13.956490329539259
13.675934418679743
13.923950920303662
13.740539129653117
13.953427162324203
13.716238724718021
13.927968405476076
13.698815361839442
13.96358305648107
13.690457697179253
13.932877809561495
13.668591426737315
13.937282471092386
13.745248749733696
13.93411356639539
13.715332239341853
13.943790092465475
13.712285760596986
13.943206305686328
13.714563888501514
13.956735646668546
13.680381778360019
13.930924474772947
13.733649304941292
13.9504721112632
13.715406678752267
13.916333580337348
13.702751426601639
13.954312539124818
13.693920955890063
13.929826230018374
13.674851285526717
13.949737792287795
13.739331393841583
13.93237731029396
13.711815578096923
13.93339548291376
13.717809270995078
13.940244992951543
13.714871620021476
13.956604188205217
13.68703591148443
13.938336983975471
13.727586558707783
13.944628534687876
13.71205792410713
13.907030760261447
13.711428638316699
13.948715340203059
13.698047946046223
13.92994578350192
13.682749855653942
13.965341626436084
13.732914569787035
13.929482270071281
13.706688569328861
13.927021068023533
13.726919761891738
13.93839159373621
13.711933394615272
13.957116173028929
13.697168137262942
13.94593310623441
13.723994243288962
13.93920093636472
13.705034480748633
13.899983561068726
13.722713374858454
13.946206630176512
13.703640088501421
13.930651223309196
13.690144110666187
13.975249480398555
13.726616815600288
13.929139081893565
13.699744736680517
13.922286882008594
13.739665502965847
13.935887626223467
13.712590083859071
13.957105147324244
13.706085220275932
13.954521145038168
13.725381674005
13.937294670980446
13.697539891290083
13.89500897217866
13.735253932684886
13.945492843170891
13.710692608112492
13.929265502868224
13.699350589381952
13.981147990684988
13.71977860898445
13.930561412628542
13.690453707716218
13.922144319011444
13.751401408717879
13.931310290935793
13.71381131428635
13.95122013813854
13.710361135684707
13.961276936211961
13.728282758087628
13.940831624322954
13.69227929716168
13.8945208172031
13.74717929805289
13.945170936448111
13.714939419687592
13.928413959425072
13.707734405412094
13.987988082456258
13.710786846678829
13.932105355849748
13.681787337885684
13.920426914319535
13.763603116466829
13.927543544694243
13.712556345697289
13.95081167008213
13.715834863548398
13.961852992677077
13.724516162692916
13.943544379740926
13.68637471435913
13.89752998480564
13.754640738249822
13.946485093098994
13.716644188913946
13.929476566955987
13.705478473694486
13.992396525764315
13.706386036651615
13.9326978092988
13.673552830164544
13.920291110624456
13.767433727457695
13.927151844210163
13.718985297839032
13.954714609952232
13.717285200322328
13.959925645201766
13.718383430375628
13.946657424982112
13.68351529055411
13.904204915295209
13.757992629711396
13.950092572513533
13.716833238282952
13.932481955102247
13.70792873208943
13.988923212797332
13.700286246460537
13.933935336393722
13.666444709734554
13.92209063861237
13.763350556241862
13.926694624865444
13.721457223307553
13.958019001840338
13.711319681872709
13.956602469180106
13.715069636312885
13.949849702382245
13.680038290608366
13.912153446168537
13.756477707766775
13.952909607241049
13.716108981051502
13.93652966273891
13.703722358525217
13.981843154803439
13.691684854541817
13.937011352749245
13.665187958663331
13.9254552463019
13.756029730120476
13.92907391541205
13.718781564117405
13.957511241514165
13.712701289157014
13.950877928869401
13.71260787112412
13.955519760371637
13.675434350973006
13.919905148882249
13.747653502439515
13.954551820647755
13.715199637115523
13.934725260448467
13.694852773355265
13.97137515706685
13.689287463429253
13.9354390774142
13.668378714952269
13.930824742825491
13.7496353013308
13.93178891096788
13.717331617396459
13.95170289132965
13.710135095966335
13.945818046875363
13.712433067767035
13.956620359623015
13.676449456068172
13.9255364914655
13.739023878067796
13.952699058181565
13.716142608575408
13.925649823977265
13.699248334651337
13.961469149426717
13.691333648858652
13.932168577497464
13.669472680275652
13.939512166431529
13.743981392316579
13.934423205171083
13.714813897331515
13.941400816111662
13.713201435754083
13.942351141944137
13.714817036771494
13.956545692104426
13.681589157670478
13.932243792968977
13.732189369913774
13.949492601900067
13.715311849545822
13.914297066438253
13.704151453642009
13.952884474185984
13.694970854399553
13.929515793713316
13.676257110267375
13.952849676168142
13.73825986707525
13.931822840971584
13.71054817765335
13.931732087447767
13.719333729719008
13.940051539744074
13.714875447819024
13.956653551448213
13.688795746253462
13.940218797767791
13.726570526779213
13.943649647993709
13.710650109517161
13.905698437338364
13.713946105821206
13.94823356845563
13.698844139212063
13.930245643854073
13.68495142238327
13.967971736873237
13.731605779000162
13.929019208257479
13.70589533651958
13.925684200835407
13.72953879352576
13.937740226559592
13.711366683329258
13.957293684693855
13.699542832423772
13.947723343097357
13.723809425126312
13.93835822780218
13.703215797014845
13.898734683326179
13.725103897386457
13.946238370671566
13.705233901784522
13.930445845647737
13.69145844887004
13.976757784299425
13.725462562547815
13.929634892507629
13.697721563866452
13.922088141460367
13.742376334091109
13.935559751438506
13.71284871899765
13.955474040560436
13.707053801779935
13.956184196844717
13.726386731393942
13.937583056021143
13.69616671381159
13.894385543250825
13.737862771557115
13.94532100043011
13.711908097680052
13.929066997142783
13.701257297386602
13.982433759171998
13.718686209260202
13.93079753606266
13.688504798979341
13.922341598832967
13.75381865159562
13.930181826256176
13.713932193719742
13.950670215908696
13.711578125784992
13.961833579891845
13.72808256104952
13.94168206700489
13.691444738370423
13.895045269564156
13.749384538763264
13.94540464416096
13.71553369405118
13.928560273187557
13.709163481972443
13.989164966146882
13.709286646614235
13.932287770502665
13.679848243412732
13.920137934136166
13.76561472306102
13.927347058737736
13.712902982400404
13.951437011940598
13.715987657404224
13.961525769583192
13.723615790021208
13.944281105872944
13.685418683856058
13.898646997375609
13.755590231987007
13.946995016248664
13.717003220931225
13.92997725805809
13.704998035082363
13.99204829324584
13.705517145745846
13.932761178143611
13.671898233827061
13.920321016397942
13.766992124287471
13.927086216544433
13.720004505230788
13.955444640566734
13.717950524556661
13.959394002215191
13.717479594610657
13.947180380203257
13.682939149662538
13.905763441963504
13.758574764355117
13.950894356071615
13.71692194598597
13.93339581980772
13.707156039141264
13.987646601212923
13.69833189732489
13.934690776475293
13.665399211008
13.922582269107028
13.761805325619493
13.926939548512312
13.721496908839642
13.958405322504223
13.710523725428885
13.95555270059997
13.714393496915118
13.95088435049042
13.679418139041113
13.913994492330197
13.75468196148858
13.953527934822972
13.715855643280719
13.936656363901054
13.70264155096179
13.9799566241532
13.690723309478896
13.93693593363221
13.665694450593042
13.926172401803338
13.75442573547091
13.929938055450021
13.71876126470528
13.956672617314174
13.71165087204414
13.949664397757333
13.712702761851546
13.956096688901773
13.674948971736278
13.920652322333378
13.745699803257075
13.954625917094338
13.715412620151339
13.93285129150195
13.69465795901703
13.969033801986127
13.689251933980632
13.935052438103618
13.668675018883675
13.93220327221921
13.748478612922872
13.932225481000867
13.71664554372379
13.949857204235183
13.710374443759877
13.945249036187443
13.71288107113783
13.956922464762183
13.67725015001778
13.926796916063209
13.73759536014254
13.952079102542358
13.715906794826017
13.923070687634283
13.69994535363484
13.959367726645388
13.69243208947413
13.93166272695908
13.670463098222053
13.941986989665576
13.742740814521635
13.933974533802015
13.71445104751218
13.939102584333401
13.714195113958336
13.941641462281153
13.71511990144791
13.956546756828512
13.683083295805465
13.933741842411392
13.730972698252659
13.948160096363509
13.714714427839459
13.912080309405447
13.70586095424392
13.951449385216304
13.695897406748443
13.929375151971847
13.677712069984102
13.956177271433114
13.737209625068385
13.931054215243979
13.709416262958449
13.930334745938206
13.721008014099572
13.939715879713248
13.714733378152744
13.956819214420083
13.690577535168247
13.941839782367234
13.725742469914618
13.942540570428568
13.709372507583588
13.904483038747921
13.71621095692111
13.947386289554307
13.699841476690096
13.93042400637521
13.687177666763368
13.970514243108697
13.730499708648184
13.928760372009823
13.704824162674631
13.92438923568299
13.732045587411616
13.937223906937446
13.710731447691936
13.957419596762337
13.701764569105324
13.949679836439843
13.723874557684216
13.937748414430384
13.70140610060238
13.897624495356514
13.727622547261282
13.946059927960562
13.706909125019969
13.930124966956619
13.693005946189185
13.978196087807126
13.723921141557886
13.92981625194433
13.695747279315892
13.922112910124927
13.744672058397308
13.935138550769441
13.71326800345172
13.954030331007509
13.708193883041307
13.957708105078924
13.727203983405213
13.938108594448991
13.694964024216633
13.894040384308623
13.740441959124615
13.945305498202288
13.712703024523394
13.928848687177307
13.703285230366149
13.983836822365769
13.7167738248325
13.931207339876657
13.68655665841568
13.922206288647304
13.756385181471943
13.929163985266847
13.714219249059145
13.950363849979356
13.712566781934175
13.962253120971942
13.726929255025654
13.942054808529658
13.690692580887617
13.895835478522047
13.751344125814626
13.945461364812692
13.716091845385511
13.928594778604532
13.710718907524928
13.990309651893496
13.70800799484186
13.932544883775877
13.678198295854688
13.920063783735323
13.76664365182614
13.927242258636591
13.713450228256852
13.952304799566328
13.716111330922601
13.961098173594669
13.72285846114731
13.945231113624374
13.684663427990538
13.900027786914594
13.756668304160458
13.947668953915567
13.71723267433521
13.93052211561462
13.704696530540511
13.991270035087375
13.704575133961512
13.93281622529238
13.670408758250483
13.920621933681634
13.766620959239045
13.927255362576439
13.7211252275946
13.956062155735356
13.717888938746556
13.958983700652446
13.716833112740176
13.947790478790296
13.68236286286948
13.907548194747845
13.758878018788382
13.951808746020053
13.717090317137401
13.934157975326588
13.706365195090775
13.986408114045924
13.69661929022962
13.935625669743464
13.664633418766169
13.923036863736485
13.760376926922548
13.927483039976003
13.721311236103462
13.958910987295237
13.709715938319325
13.954223018132751
13.713592160560772
13.952084757560545
13.678877128138646
13.916036811112335
13.752659179697266
13.953725262938457
13.715640643546353
13.93675405532261
13.701281197752941
13.977814010583419
13.689853271380764
13.936649837671895
13.666533523816547
13.927079275665209
13.752960926952378
13.930514575946788
13.718576657288219
13.955535432809237
13.710869014766343
13.94857487930843
13.712791667996681
13.956446792665904
13.674737195105438
13.921622068935902
13.743694671850921
13.954430686202297
13.71582678055867
13.931125344568592
13.694419341599561
13.966861640601484
13.689465140744137
13.934425893272634
13.668809780122002
13.933852206851613
13.747341827739152
13.932802334565643
13.716048989997565
13.94787530463882
13.710887317555496
13.944816376926898
13.71351374159955
13.957178149544603
13.678276071287197
13.9283360613133
13.736183675789135
13.951475910058665
13.715639329927379
13.920481948418784
13.700980794682593
13.957488794222359
13.693139506132878
13.930910942924369
13.671486201712739
13.944699437344823
13.74150542530985
13.93365554944043
13.713939959542541
13.937039362117714
13.715456567154865
13.940961769538951
13.715315783994107
13.956497167364283
13.684819388110471
13.935215132373104
13.729918510937084
13.946771778269417
13.71386126549727
13.910058991430764
13.707873681510497
13.950214634032935
13.696226430687028
13.929381152959003
13.679361599258018
13.959542920617665
13.73577584493429
13.930474605776507
13.708424253193272
13.929207483007598
13.722869441212223
13.939586543193954
13.714221372362978
13.956968002401188
13.69243823652893
13.943157502839108
13.724943233185497
13.941261011319606
13.708229415763657
13.902869606638207
13.718636596702153
13.94670289321178
13.701032260310738
13.930416064545385
13.688907344760942
13.972789518175558
13.72917916763196
13.92870777657258
13.7032373746843
13.923378701039054
13.734615128976511
13.936797912774269
13.710264315600016
13.957424067776905
13.70355906709899
13.951310655552337
13.724189270759338
13.937373390903028
13.699591343173845
13.896541956184228
13.730307451323933
13.94577926339669
13.708678336141654
13.929976041611003
13.694781087751492
13.979139588641619
13.722262684946509
13.92993338686369
13.693730921081935
13.922174785253654
13.7469057243091
13.933884518590455
13.713481571317784
13.952815373509377
13.709217865784538
13.959124381658
13.727698576695396
13.938870183339148
13.693885921364691
13.893973167813282
13.742819233487145
13.945039677061672
13.713239149593644
13.928547747824963
13.70522476176687
13.985352509713472
13.714794701932359
13.93185361835381
13.684674321344483
13.921475036176808
13.758965086036046
13.928395073180491
13.714683701552959
13.950302518413041
13.713250802346792
13.962359787307813
13.725891905472258
13.942536573832314
13.689451095153334
13.896194957552089
13.753082604475678
13.945678638583075
13.716369109032916
13.928777587720093
13.711109747919789
13.991481258781251
13.706954084743675
13.93270380632348
13.676530506914766
13.920262880225607
13.767327610263447
13.927197985682163
13.714195978253779
13.953169638259396
13.716389853204747
13.960803871863652
13.721392745166025
13.945865709243316
13.683841064026252
13.90144229751905
13.75722326240941
13.94848742924584
13.717199639238952
13.931195504907384
13.704000811216693
13.990456468223925
13.703229503756539
13.933043217395433
13.669231869466545
13.921095796106528
13.765902959172761
13.926952433091369
13.721648119670649
13.95674901263752
13.71718980665959
13.958338670683759
13.715978661102717
13.948493836742882
13.681699594103678
13.90916645479221
13.758498910097911
13.952452334859863
13.717047515491446
13.93501190490383
13.705678628500149
13.98502012462146
13.694961330868148
13.936415727336957
13.664199552656612
13.923656097095176
13.758912938011836
13.928027505755127
13.720988118515175
13.958737894829806
13.70907933102497
13.952966446700742
13.713027837025415
13.95330161740402
13.677774445426248
13.91779291566452
13.750766515904356
13.953832003653709
13.715336945883378
13.936720776005352
13.700203709812861
13.975845252850437
13.689094419000343
13.936217190679784
13.66740776366248
13.928255684203158
13.751639770080997
13.931015434309785
13.71768621902602
13.954380700117175
13.71036208480315
13.947419126851102
13.71285748726336
13.956508947976934
13.674769002701744
13.92282349123247
13.741861715335402
13.953938780920051
13.716146022523795
13.929532198256991
13.694438922738197
13.964775578916804
13.689921217191767
13.93348434363514
13.669097801554203
13.93567671204732
13.746129472706286
13.933570778071044
13.715604429272542
13.945784420472048
13.711624501049405
13.944064745648546
13.713585006815048
13.957021728318601
13.679428349199394
13.929715704453855
13.734768709923832
13.950911400998962
13.715497974600455
13.918094499170088
13.701855569777111
13.955652292393006
13.694005219070995
13.93022514224573
13.672684749570223
13.947406332176083
13.740296867449647
13.93293332382278
13.712925020839615
13.934914978986928
13.71679525656201
13.940472890835032
13.715016303382424
13.956500062670344
13.686700569775107
13.936903677257037
13.728587960919128
13.945498271496284
13.713033878589297
13.908278644940891
13.709901491437241
13.949266573769005
13.696646767722944
13.929606700373778
13.681164274590088
13.962871500282658
13.734107663491976
13.92989739346125
13.707417961215926
13.928024092110542
13.725009765224032
13.938959615794284
13.713712027402902
13.957069259792947
13.694407155572753
13.944626194574681
13.72432193447437
13.940041600473258
13.70722519539618
13.901166549789473
13.72097215468653
13.94631926754002
13.702408752032238
13.930461231439626
13.69022982437091
13.974140605601265
13.72768028433079
13.928863275154796
13.701437925872208
13.922655965257103
13.737368845398445
13.936279536317713
13.709963943000057
13.9575795604501
13.705258350939761
13.953101527395829
13.724752453619086
13.937234644301483
13.697926629251393
13.895640562344738
13.733133574409097
13.945564897629557
13.710396813950357
13.929536459832871
13.696778017324613
13.980204639687557
13.720802156211581
13.930227946494558
13.691884676698809
13.92211435978911
13.749330580713455
13.932370726708934
13.713630819571451
13.951834291840147
13.710379170105874
13.960443013676405
13.728239213862782
13.939866177561552
13.69291757380106
13.894183170062004
13.745386469999861
13.94501207834008
13.713647645172495
13.928408941968623
13.70669021430109
13.9869189063509
13.712914747055965
13.932017364134367
13.682679739961381
13.920784623699552
13.76150251519856
13.927879244211365
13.715233368144053
13.950486872261166
13.71353509559556
13.962024875668224
13.725073306509547
13.943048756037927
13.688145448206145
13.896827739336722
13.753968873925944
13.946154623373706
13.716457042264913
13.929107385879808
13.710945856347625
13.99233381440468
13.706127367832629
13.932623878659093
13.674813494560775
13.92046106886812
13.767741480453715
13.927093920763452
13.715137410081988
13.95402385534023
13.716824260676175
13.960329741555615
13.720120784672519
13.946246125976815
13.683077731846122
13.90287877139387
13.757605550802626
13.94939269757605
13.717268904425927
13.931852104834913
13.70344596718764
13.989319931938628
13.701565984610797
13.933462837819496
13.668247909725775
13.921790417947333
13.764669570601246
13.926688746855739
13.721542273577544
13.95753581918362
13.716141899482132
13.957415484161467
13.714897229154857
13.949167389828709
13.680735189680137
13.910782286756223
13.757579587014867
13.952601103628483
13.716449606593288
13.935962191647418
13.704786303743887
13.983369131456858
13.693526417526463
13.936811574706178
13.664099101054774
13.924546528047143
13.757359792788803
13.928499100151738
13.72078621888584
13.958258844923478
13.708719096363469
13.951768537146286
13.712700306379148
13.954466921957884
13.676955448969414
13.919136088225502
13.749011399397297
13.954181749895731
13.715177088663925
13.935921958079513
13.699436309476377
13.973785291278626
13.688595672014836
13.935867271788783
13.668035398111863
13.929699876122283
13.750466314090637
13.93147373113846
13.716948055847347
13.952994596886057
13.710135271774796
13.946439058332782
13.713121519022772
13.956502111918725
13.675047983229385
13.924253728633731
13.740230748066017
13.953311634717966
13.716243367565328
13.927551601539058
13.69471130577693
13.96280369811145
13.690613535912112
13.932720110220508
13.66971826911962
13.93770601447005
13.744982459543685
13.93424214004823
13.715216680989192
13.943310952813398
13.71247706277974
13.943016369497863
13.71368047030609
13.956682331747857
13.680598719184049
13.931165836600977
13.733353059965998
13.950260535488047
13.715378364641118
13.915917147209257
13.703004842426061
13.954006271692958
13.695063596510822
13.929747298011513
13.674169430779708
13.950338890312207
13.739102388449153
13.932259097609599
13.711552722204065
13.933043215688958
13.718089613204967
13.940210350825339
13.7148558034855
13.95659691640677
13.688375566871152
13.938694602879549
13.727363124858716
13.944432848701478
13.711767510967762
13.906745241281104
13.712163547858562
13.948606607866013
13.697279901495628
13.930024982508847
13.683168074950041
13.965911197482187
13.732638054290337
13.929373752432467
13.706522207627991
13.926782394416563
13.727420409130701
13.938247841470682
13.713369701654006
13.957152463069841
13.696606904025034
13.946275224949382
13.723937484803823
13.939014677284122
13.705509823781977
13.89971445783883
13.723169894166148
13.946188807683411
13.703962799992757
13.93071914155618
13.691403528991826
13.975538319611083
13.726371448311452
13.92922820982952
13.69933124122853
13.922223651462508
13.740193051955218
13.935807542451817
13.709828889922806
13.956791533388934
13.706263936607517
13.954867002445294
13.725562150037625
13.937333025800106
13.696419541976633
13.894862541314813
13.735801398636655
13.945483545337469
13.711878207604538
13.929213452894201
13.69870553050749
13.981394009528353
13.719544474725081
13.930599269957147
13.69008735253831
13.92217718915211
13.751869858275754
13.931067895145897
13.713831144431818
13.95109132657235
13.711610062892833
13.96139832633788
13.72831496939032
13.941094269216018
13.692139877766845
13.894603178577444
13.747605430241677
13.94523463994418
13.714200041885212
13.928430972450023
13.708007360521284
13.988213007569167
13.711248462463496
13.932124397249769
13.680522028164217
13.920364836588845
13.764133419478831
13.927484352604745
13.715605695700216
13.950916598622788
13.713796901892675
13.961823382900786
13.72431824443323
13.943673785309175
13.687035059480914
13.897730871718569
13.754819148746009
13.946565862768994
13.716706743136095
13.929582531033034
13.710322548866104
13.992969300471067
13.705416062825545
13.932737801876
13.673223318716154
13.920275410508777
13.767340248171994
13.92715249029585
13.71623181718373
13.95487076182406
13.7174152045062
13.959807932153291
13.719019785140835
13.946775206322174
13.682537045820988
13.904507699634875
13.758099658833018
13.950282720871103
13.717038534466305
13.932652570444004
13.702796406696441
13.98792993169804
13.6998766048391
13.934070934984454
13.667152553660818
13.92216753035823
13.76303397147893
13.926725857688314
13.721452273810387
13.958109350132656
13.715305971649792
13.95637960412965
13.714050434497052
13.950039220630387
13.679892596828452
13.912499960684459
13.75613243559758
13.95301193747255
13.716043394707262
13.936582204697515
13.703485173326284
13.981480283603576
13.692357221587221
13.937000506627319
13.66433258261624
13.925605613486038
13.755699720546033
13.9292434765578
13.720586093419554
13.957331141443314
13.708641766297006
13.950651050413159
13.712608242829894
13.955701554585213
13.676259659172018
13.920044061030895
13.747251259719853
13.954596237922608
13.71522574344092
13.934340937727306
13.69898396396689
13.971670616562706
13.688354006369027
13.935345983101106
13.66843365824482
13.931077297267525
13.749444115059752
13.931887330267784
13.7163683829831
13.951337462466373
13.710158856700035
13.945686451009065
13.713420034143583
13.956666676701078
13.675615417575232
13.925764836263255
13.738722963595146
13.952559335366818
13.716085517905713
13.925195261416713
13.695201973067363
13.960925306492562
13.691534656881817
13.932051648035893
13.670664764189741
13.939985232681263
13.743750218276125
13.934372633245514
13.71472923112637
13.940925162736914
13.713377640763616
13.942210034953765
13.713972848301939
13.956530628745654
13.681863582100931
13.932537574520548
13.731926295997098
13.949246445568187
13.715183013407795
13.913868679895215
13.704467089140046
13.952584585781288
13.696074753411587
13.92947924282919
13.675520952831219
13.953494877139784
13.738070178699074
13.931654645654827
13.710312049730307
13.931432765687271
13.719670938123217
13.939968259471419
13.714900444801474
13.956688513079067
13.690150015181954
13.940617854702488
13.726400189462884
13.943440229791502
13.710385422567773
13.905463758813717
13.714416327761414
13.9481206594159
13.698119503828435
13.930263604231435
13.685418449083354
13.96848388834557
13.731369521872042
13.928951377583449
13.705731250348348
13.925404083680936
13.730018390432543
13.9376313719639
13.713028222440284
13.957320389476479
13.698990066131897
13.948100210534422
13.723802466443972
13.938218284536939
13.703677032635524
13.898516824221527
13.725607513524247
13.946280291628455
13.705554949813488
13.930368238826762
13.692763926243982
13.977074037089453
13.725188376119892
13.929689191422662
13.697335697643124
13.922083637405628
13.742895204165615
13.935516305077186
13.709857629982574
13.955168855987568
13.707267076670986
13.95648062929788
13.726544057582762
13.937668741544238
13.695077249453275
13.894294711536801
13.73836179104208
13.945299987674339
13.712929171665259
13.929046006366356
13.700656766677831
13.98270370540654
13.718404412822176
13.930860180446937
13.688133859578269
13.92236480630761
13.75431772371152
13.929961236708452
13.713975089977625
13.95058979733172
13.712955835713634
13.961933644180514
13.727916582510009
13.94177688272331
13.691281089483114
13.895182176953222
13.7498416723396
13.945442299381376
13.714776458580571
13.928555263510386
13.709464618268507
13.989412347550452
13.709800489192446
13.932320683385296
13.678636085302296
13.920101449115352
13.765842662313226
13.927337933132991
13.716008890170793
13.95159041989508
13.713594229383599
13.961429925483529
13.723464795283235
13.944453179453582
13.686123311392398
13.898900829280162
13.755794591669677
13.947127023145448
13.717035800835339
13.930075034395276
13.709899375957436
13.992605556218209
13.704486364327241
13.932775668942895
13.671577183844605
13.920359255218056
13.766912656491638
13.927097512798229
13.7173319477004
13.955551495152324
13.718054679985743
13.95930599680576
13.718174640502527
13.947298316664787
13.681924235722324
13.906100225817797
13.758703558799338
13.951059946354587
13.717003743105527
13.93357135301322
13.701954441266846
13.986681077284379
13.6979742901646
13.934862662871435
13.666128151804173
13.922711372867356
13.761511705233989
13.927022172896217
13.721519105085465
13.95848826419321
13.714689547779166
13.955350871860004
13.713338259911522
13.951114198908078
13.67932808736891
13.91439016165191
13.754269520454466
13.953659973837118
13.715827886712239
13.936666697491736
13.702363822647136
13.979516916268226
13.69145403899746
13.936864120889847
13.664899565682438
13.926331290962684
13.754123071954705
13.930082531584258
13.720406305499239
13.956525451098864
13.70851427429092
13.9494393134277
13.712749220946918
13.95615517466095
13.675834396400576
13.920826676775993
13.745303233339078
13.954611804843399
13.71547913703787
13.93249589624568
13.698850288223843
13.969315161606149
13.688365384457995
13.934999629928441
13.668695762929433
13.93250989814948
13.748249801879254
13.932324840003854
13.715937081268454
13.949506870301033
13.7104578151149
13.945163305269952
13.713907168843264
13.957003104227539
13.676453950030144
13.927081056269742
13.7373363905664
13.951980352610587
13.715843515881115
13.922540054000375
13.695981593289448
13.958973443456971
13.69258980954327
13.9315605482587
13.671676186020282
13.942507936602144
13.742497024527587
13.933895279190013
13.714397560866534
13.938673156752612
13.714424845474257
13.941517276575535
13.714225250218696
13.956569946625557
13.6834144615896
13.934014774464721
13.730762208452461
13.947910862918446
13.714514875206541
13.91165927652219
13.706237431687386
13.951180990619951
13.696962241005311
13.92935885155484
13.677027037438824
13.956841301367698
13.736949059632492
13.930924194169522
13.709207604836
13.93008881931302
13.721355746517927
13.939673746991755
13.714699735087079
13.9568317187251
13.691942497964813
13.942089460912854
13.725562171044276
13.942274091601302
13.709134225759641
13.90420415067484
13.716681894762868
13.947226432671822
13.699158685540416
13.930485654577213
13.687624786373478
13.971004374702675
13.73030395119134
13.928733402380265
13.704517339735908
13.92416540108881
13.732572531789613
13.937125155267546
13.712687689454512
13.957399873285608
13.701175742338915
13.949991331614541
13.7239173016
13.937655034050621
13.701860902921961
13.897404991094898
13.728138881090748
13.945981620060373
13.70726039932698
13.930081678941482
13.694355739535165
13.978378641611146
13.723575671538136
13.929851420698784
13.695333029619826
13.922121909553862
13.745100674119149
13.93491984019418
13.71004855140191
13.953770206543279
13.708402932476318
13.957979459541134
13.727365971689961
13.938241341606874
13.693906433788314
13.894004869748848
13.740899313267406
13.945243697702487
13.713748493898207
13.928775842952405
13.702670012470147
13.984129527508937
13.716388565163944
13.93131710062887
13.686406480112433
13.922144461175328
13.756912596570508
13.928990786864581
13.714297562029737
13.950332082507803
13.714111705031405
13.9623189840949
13.726705530544736
13.942133394045921
13.690521192874742
13.895885090923507
13.751722099740048
13.945483897404323
13.715367716766057
13.928619361947195
13.710844143257447
13.990533660591506
13.708574694479731
13.932623268728332
13.677040196006738
13.920081591231842
13.766775577735762
13.927216017823282
13.716598523459236
13.95250610393733
13.713501684010836
13.961029306784452
13.722566934762702
13.945403454007842
13.685398245905784
13.900333545125843
13.756861370126883
13.947811967864217
13.717266046902509
13.930646317482465
13.709529940279385
13.991853957165748
13.703580885922069
13.932845853427539
13.670149584581155
13.920714198136348
13.766489703817987
13.92722375910137
13.718484943902785
13.95620885980441
13.717738027581486
13.958876433782219
13.717586861940273
13.947934346050083
13.68132297905255
13.907852934230316
13.758790910330367
13.951997755073485
13.717110873755363
13.934317148584503
13.701169824208593
13.985406357556684
13.696292432992996
13.935832527045722
13.665433874318134
13.92313846028651
13.760107027118165
13.927628072438386
13.721237234572001
13.958975106660919
13.713974765378554
13.953959528488832
13.712578213390298
13.952314034811925
13.678635087258524
13.916431950559204
13.75227201903826
13.95372700347571
13.715598111766871
13.936787130953006
13.701042400074895
13.97740819204374
13.690576555555205
13.936615157129555
13.665798686009886
13.927291879956634
13.752686496199008
13.93060468876306
13.719821038569794
13.95529231732196
13.708135334803073
13.948342855822714
13.712788759721716
13.956533163019218
13.675683187080079
13.921842707227018
13.743314280115765
13.954314369612863
13.715932731029579
13.93080020067229
13.698581939440643
13.967188909564571
13.688624793773275
13.934222016865524
13.668840622067
13.93421213774531
13.747087607876871
13.932940036569242
13.715610864251014
13.947445151649035
13.711020375159904
13.944664554225723
13.714568454693365
13.957178732272856
13.677534670558725
13.928675097972748
13.735884596224617
13.951348845654513
13.71560116403036
13.919990626474098
13.697101567776821
13.957145815382182
13.69329603598986
13.930758039348063
13.67269442211991
13.945224740047243
13.741249086968
13.933588985312559
13.713750984845834
13.936598843790359
13.715739148040003
13.940846415547888
13.71437897483773
13.956482420397402
13.685170191133341
13.935538201588896
13.729631103702442
13.946501964883955
13.713569724799758
13.909685378105006
13.70828639002278
13.950003105546108
13.69720635194326
13.929408531256797
13.67869932677878
13.960233462194024
13.735428273706905
13.93034435489244
13.70824220471363
13.929015756581261
13.723273286797388
13.939552217617226
13.714106589586969
13.957023297263126
13.693826100240715
13.943435129993022
13.724808997192353
13.94100939441823
13.708018419905558
13.90251097368944
13.719091396642204
13.946602693919774
13.700390042628651
13.930408011738015
13.689234030627922
13.97309728805505
13.728866019584848
13.928722074405181
13.702917325738113
13.92321187932849
13.735144567187636
13.936716438032024
13.712516618228795
13.957455821269201
13.70290250293511
13.951654322203597
13.72428156125711
13.937326918147967
13.700077492379895
13.89634106093634
13.730867853486998
13.945757008807899
13.709036662434785
13.929908190533418
13.696173536477286
13.979341383732676
13.72195616924099
13.929974933153964
13.693349745005323
13.922171680128356
13.747373267499867
13.933566935361624
13.710399950890723
13.952601398030438
13.709436248099745
13.959421607414296
13.72780021556334
13.939049715606535
13.692836153048605
13.893992887551166
13.743315154207941
13.945014134870696
13.714175615262759
13.928507242826418
13.704546631473823
13.985667088251704
13.714403900250392
13.931942170908298
13.68491431168446
13.921316218471302
13.759461960079266
13.928272621915715
13.71479710219853
13.950319608639486
13.715029963139102
13.962282605865887
13.725664307120708
13.942658223791705
13.689175960649226
13.896299150727259
13.753343225517556
13.94575277354583
13.715524175310957
13.928831529896133
13.711087069731205
13.991693212141936
13.707574152678236
13.932689488095999
13.675320157657936
13.920335129244712
13.767469697283627
13.927177191865226
13.717371909848145
13.953320055822342
13.713572295635146
13.960736709388296
13.721126787563481
13.945924702551325
13.684551851118938
13.901708533998026
13.757290304007562
13.948678435600906
13.717204105900212
13.931314548209148
13.708888370713074
13.990948915681306
13.70203845915595
13.933111467379216
13.669035306573448
13.92121240622921
13.765652478309853
13.926876033608293
13.718927938854632
13.956895238492798
13.716964812160994
13.958173517748873
13.716603565328166
13.9486181130006
13.680586234369414
13.909476587903987
13.758380069707597
13.9524609206112
13.716913263573932
13.935197728354199
13.70052818423052
13.983993112534174
13.694654725904877
13.936487145341015
13.665071983963424
13.923811628659717
13.758593608160743
13.928099417882216
13.72093832466984
13.958671691096717
13.713483711187349
13.952736772714573
13.71205562127759
13.953517111424222
13.677589194932645
13.918064135631687
13.75040613892575
13.953882308731016
13.715288370783696
13.936667345790068
13.700026143709529
13.975475052088749
13.689874033627637
13.936131060950846
13.66662605874868
13.928521734626031
13.751394417811685
13.93110089181432
13.71874525976472
13.954164148938748
13.70806375286385
13.947206140593902
13.712894379757978
13.95649395558348
13.675762526289963
13.923089902706234
13.741520889164825
13.953828037457258
13.716158895727599
13.92915866523497
13.698664202870662
13.96490256835538
13.689126304275053
13.933321889577265
13.669194736407524
13.936060248288394
13.745907939042763
13.933746240643675
13.715444469341582
13.945286153752464
13.711771996890091
13.94383692866497
13.714505249738126
13.95693941664766
13.678676263836907
13.930001103491326
13.734513694445942
13.950821204972712
13.715484860120213
13.917644298923666
13.698558439117477
13.955303057325256
13.69420066226673
13.93011343390831
13.673954420204922
13.947971491993915
13.740070207399302
13.93278278176829
13.712641728629654
13.934522038177274
13.717029663464853
13.940402662645674
13.71405210352208
13.95652370796323
13.6871096754052
13.937247536447689
13.728325877692665
13.94526963633851
13.712564483599989
13.907953718063764
13.710330332713772
13.949112290251255
13.697667539910405
13.929677728264812
13.68053071088033
13.96352708820126
13.733799368331823
13.929805698610883
13.707227828989135
13.927760090227778
13.725468112720547
13.938826349067675
13.713630701239508
13.957065663412497
13.69584277829996
13.944940024160424
13.724225616483196
13.939819065737035
13.706941530171134
13.90085752853158
13.7213898312795
13.94627863264186
13.701805716045726
13.930495649380893
13.690464741176818
13.974407416526015
13.727404609391794
13.928919151718196
13.70102701721474
13.922546737130954
13.737943760329866
13.93617133357603
13.712512708443102
13.957595665038589
13.704543513538823
13.953476525785133
13.724893971946164
13.937235301692708
13.698445834327803
13.895493550203863
13.733647310876236
13.945537214933797
13.710679268842778
13.929459737318483
13.698211358276293
13.980431475643277
13.720535626051122
13.930312106693462
13.691537859573414
13.922106202013659
13.749834808938907
13.932094452526862
13.71075489610157
13.951667381619709
13.71062902074335
13.960642346125006
13.728236997898955
13.94009209242411
13.691902189038197
13.894257894462093
13.745917522842316
13.945036502557322
13.714609011241402
13.928400551673601
13.705617852844068
13.98720033132069
13.712566048883357
13.932047407773332
13.683091309561032
13.920679470625833
13.762018810112865
13.927781104167831
13.715315835809204
13.950552835931523
13.715521230454012
13.961974094798864
13.724380541845578
13.943164688159849
13.687908855478206
13.896985973674717
13.754132485815083
13.94627999554837
13.715647562015587
13.929190386012694
13.710806200094881
13.992504902597537
13.70680112249101
13.932629021492563
13.673613809781761
13.920402752165062
13.767707211720097
13.927101637817838
13.718325687639553
13.95418781788498
13.713808447395857
13.96023809085273
13.719881454108068
13.946346198031963
13.683837633137992
13.903193650285937
13.757695003425122
13.949575756871162
13.717230129087548
13.931999966644065
13.708313382192983
13.989759067638543
13.700414753551334
13.933568938801686
13.668005173086566
13.921920771285803
13.764335344543486
13.92667214302582
13.718869605576606
13.957666279760987
13.715958448662906
13.957227195856532
13.71557555065371
13.949324457905067
13.67963449829161
13.911130538380661
13.757337260433962
13.95266204248937
13.716353532819078
13.936095572410252
13.700045821892964
13.982249115950031
13.69327260228751
13.936862654411934
13.665043759210732
13.924756006779358
13.757057069427189
13.928625572760845
13.720760394635144
13.958095052945858
13.713043938789202
13.951535736462175
13.711770068512578
13.954723058415984
13.676795660953266
13.919354315476037
13.74867924546079
13.954280042196615
13.715170259119418
13.935650666917432
13.699321071112738
13.973355051055094
13.68943064142267
13.935769104915593
13.667189731997535
13.930018906230654
13.750250787603523
13.931539721349154
13.717817675707241
13.952664024709618
13.708303498933205
13.946271123701148
13.71316563084511
13.956521172848689
13.676104423472992
13.924565258069885
13.73993100885661
13.953171368039802
13.716229151978101
13.92706867467178
13.698962786715674
13.962755765239617
13.68986312026221
13.932571007591044
13.669881369339056
13.938139733945295
13.744723370130423
13.934353203225031
13.715107379930433
13.942840293350976
13.712679702671947
13.942836637407984
13.714640806624484
13.95663708092835
13.679836462401255
13.931417776557259
13.73304846917528
13.950057516002147
13.715355762942606
13.915509731626173
13.700347184236733
13.953711501700164
13.695296474745033
13.929677203126447
13.675499465170653
13.950949277142714
13.73888138655936
13.93214959416772
13.711295250368362
13.932701811030203
13.718381514474858
13.940184977102604
13.713934254330171
13.956598448447659
13.688719632690548
13.939060688552324
13.72715033683452
13.944245920230417
13.71116013940942
13.906470068333514
13.712589539431303
13.948509699303234
13.698340002738842
13.93007453030816
13.682582133572472
13.966462186304394
13.732369583830856
13.929273551613354
13.706362020269099
13.92651598189433
13.727931413387518
13.938111427122918
13.713321251136426
13.9571992511747
13.698088396982339
13.946624427103176
13.723890718094202
13.93883776933961
13.705167302542776
13.899455807866099
13.72363604037835
13.946183238297971
13.703397454058214
13.930652594625693
13.691655493977073
13.97583302181074
13.726134067436737
13.929325865941657
13.698923223052388
13.922172450790365
13.740729230143987
13.93573512815654
13.712673516702191
13.956451150178886
13.705436266304817
13.955218976898063
13.725752405960314
13.937380905823986
13.696973439037267
13.894727431341023
13.736357220557007
13.945446729164484
13.71216692877338
13.929167783164884
13.700084434186172
13.981645107499418
13.71895740805771
13.930645972120894
13.689681147028853
13.922220624100074
13.752344601896207
13.93083455788304
13.711085792410588
13.950972213295831
13.711865696033986
13.961513004038588
13.728354424366582
13.94128520473366
13.691141605932529
13.89469659651193
13.748037960035427
13.945308500050926
13.715186371077559
13.928454388506664
13.706137003723507
13.988442774692771
13.710942851210135
13.932152216685058
13.680981478364998
13.920313762762675
13.764623777942553
13.927435271946939
13.71567094337954
13.951031256126395
13.715987294693333
13.961799341551448
13.723330277121002
13.943811794867255
13.686837742050987
13.897942486726395
13.755002844075172
13.946657089286106
13.715932528644212
13.929694223952698
13.710222212016186
13.993029044396165
13.706089565672166
13.932758463722235
13.672028133042764
13.92027054796818
13.767249570958123
13.927119345730084
13.719374085972118
13.955003757722741
13.714212145576
13.959696242478884
13.71883118598971
13.946865956302599
13.683333642344254
13.904804516664244
13.758211114638225
13.950452019288722
13.717013524648275
13.932828750324207
13.707695997033193
13.988397946075338
13.698621447178414
13.934213976200713
13.66692258180244
13.922254824441127
13.762721942840196
13.926766914683908
13.718925956120392
13.958208109477457
13.715165612025496
13.956163790783185
13.714781997564948
13.950237023606869
13.678841340102892
13.912856310673
13.755791891966782
13.95312465633391
13.715985365063574
13.936602082108642
13.69908087788294
13.980392640047253
13.6921563412075
13.936997827019624
13.66534950483827
13.925756718480777
13.75537510811163
13.929423744674898
13.720539134623253
13.957157722181675
13.71225161723726
13.950394037103285
13.71172002551144
13.955883833156204
13.676153368277859
13.920181074377513
13.746855709324365
13.95464946839107
13.715259971717284
13.933962288888345
13.698931880638588
13.971184152321722
13.689243138823128
13.93526097063446
13.66754319107608
13.931340632575717
13.749209340803107
13.931971669292036
13.717040330454141
13.950959458356099
13.70881340454042
13.945564036228149
13.71350208281619
13.95671989762716
13.6767347726163
13.926004342977054
13.73843030026818
13.952427725022972
13.71603416082793
13.924722501618923
13.699485001886453
13.960622173899957
13.69082764534006
13.93194284083732
13.6708413471863
13.94046793779152
13.743521828497842
13.934261964827343
13.714650765993213
13.940458617518772
13.713564537170415
13.942059666589456
13.714971792649882
13.95652312473926
13.681154126637642
13.93284163940957
13.73167364102007
13.94896429854362
13.715059116304632
13.913410699671324
13.702461248283663
13.952296553482878
13.696270183079204
13.92945104064282
13.676803212074967
13.954148516906104
13.73788830839532
13.931494051024174
13.71008131326309
13.93114399351058
13.720006260426093
13.939893179678924
13.713968557016512
13.956731838919717
13.69050506878853
13.94102496716604
13.726240435386272
13.94322321152312
13.709689860435981
13.905239211508047
13.714849851103114
13.947942272761628
13.699217323459578
13.930290277346737
13.68486689476326
13.969002556050981
13.73114130067839
13.928891639371765
13.705522602216865
13.925135097243288
13.730507566912697
13.937529397208092
13.712946862619908
13.95735708082548
13.700468775511315
13.948483847572698
13.723805400991418
13.938087571380976
13.703318475211796
13.89828995882275
13.726115170558366
13.94632536602712
13.704990692978262
13.930297477160854
13.693062338625156
13.977395526411666
13.72487077701236
13.92972975976389
13.696955522023318
13.922090747988968
13.74337268797398
13.935480086985146
13.712996467961844
13.954872539973495
13.706475893424212
13.956783296694516
13.726708440363685
13.937763805554624
13.695667386163821
13.894214882907445
13.738868484359863
13.945289163389981
13.713080876912743
13.929031111693195
13.702072876104513
13.982978247897575
13.717239924477814
13.93093220666289
13.687771873536906
13.922398315055457
13.754822615681126
13.92974840070183
13.711193252376992
13.950519030910728
13.713241567869293
13.962038211880799
13.727658466090816
13.941869190669413
13.690273547393451
13.895329825456457
13.750236199714788
13.945455890021108
13.715737938908301
13.928556156671371
13.706802067025656
13.989659551580086
13.70953879725324
13.932362662244099
13.67915675732901
13.92007574692117
13.766072767905229
13.927338810345391
13.716111411624576
13.951753403266906
13.71601839488911
13.961339411000084
13.722515473912637
13.94463367661389
13.685965851086054
13.8991650614407
13.756004007452072
13.947269106277357
13.716234719822
13.930178101606243
13.709839578603145
13.992446030802851
13.70511557808873
13.932773907845547
13.670385111666674
13.920408225617145
13.766835977729878
13.927119895100562
13.72045124803568
13.955666309975856
13.714498265304133
13.959223917591718
13.718037158175754
13.947407480801798
13.68270748745666
13.906446869468647
13.758836620645031
13.951235145997277
13.717023859711801
13.933708883542497
13.706825263061317
13.98717889577047
13.696764281833016
13.935041602402428
13.665963629188909
13.922794603059076
13.761222739569682
13.92711748321519
13.719114249556034
13.958580003263748
13.714548535821583
13.955060802311785
13.714046275458289
13.951351915106523
13.678326630207222
13.914795494661874
13.753861985378194
13.953717010915463
13.715807610249975
13.936681542488849
13.697890783081165
13.97835174926507
13.691306019942536
13.936799711072776
13.665988578844264
13.926500878173808
13.753825953468125
13.930225862319777
13.720362451684647
13.956311344318515
13.711307212194138
13.949222228389997
13.711902863139244
13.956219202156024
13.675782376585598
13.921010269797087
13.744892346409616
13.954579175498633
13.715553580316126
13.932146415239119
13.698770392524878
13.968873605026076
13.689307279849588
13.934949009775192
13.667765414414847
13.932827200662095
13.748027333277028
13.932431868553525
13.716391053980214
13.949163491338544
13.709638957574043
13.945086706212763
13.714026098882435
13.957090557924804
13.677622245330207
13.927376194029778
13.737085897055845
13.951889790744664
13.715785236880041
13.922017092946259
13.700316943862822
13.958589283741988
13.691796626366445
13.931423134672567
13.671893058876085
13.94303823137469
13.74226037600133
13.933823856512635
13.714350310913016
13.938253086834258
13.714665153460887
13.941365687664703
13.71517365407881
13.95658764550461
13.682757436645007
13.934297769114425
13.730562250992051
13.947637696458463
13.714382587471881
13.911247569467562
13.704892611347304
13.950923867211655
13.696993249160402
13.92935123704207
13.678366706391621
13.957500308483755
