9.584672765975881
5.1359489396856315
3.4136431107601677
2.7178319685340266
1.4598921079617784
1.299957326603193
1.0207093066953223
0.7604384094983272
0.5570005096952478
0.24154262176856592
0.1917539554491766
0.11701788469101386
0.18451215971068502
0.11772005674462246
0.07605712138765884
0.0666415521891028
0.08230830120838634
0.022519949672767374
0.023297498007966346
0.04548099915266782
0.007895082088738186
0.02715097081312247
0.005673711309854108
0.03324285403640419
0.004841811496981048
0.029286558111967072
0.004516546333593177
0.01899059354995052
0.0040636900562051135
0.02291734989434118
0.0037861714954654426
0.03207431890805875
0.0035595066774337975
0.009825022738510101
0.0033563699645753563
0.009210203960417345
0.0032777818429966694
0.016147780585571994
0.003164314098909887
0.06257348403386229
0.0031372138543977295
0.03568284143024957
0.0023398610666969626
0.006244807709228585
0.0023173301602102815
0.012135575279554988
0.0022640161126760215
0.00808724852621966
0.002239088332560972
0.01769428203160595
0.002238297531827972
0.06463924754353124
0.0022218603604077414
0.006881863648229222
0.002215243212705401
0.008142482178015546
0.002211447808431832
0.009119412636416918
0.001403437951868955
0.007917373029601101
0.0013922108989092613
0.043383759608549434
0.0013921506733791155
0.030610770827295367
0.001380907996448805
0.0035857953230209734
0.0013809817387454976
0.009195242276221885
0.0013620865846738393
0.011586939990409537
0.0009464635196217612
0.030018699230839902
0.0008653317925438194
0.01901761137022754
0.0008649668948451338
0.006799766803597646
0.0008644825185190401
0.0050891757130586916
0.0006398243707367538
0.004479247051588409
0.0005698514664484369
0.002251058669009007
0.0005698371447523232
0.03766721680624472
0.0005598096660524358
0.0013107970567780107
0.0005597135413217141
0.011550437263900083
0.0005508640422082005
0.010781183227975754
0.0005471292236915489
0.025754416987913514
0.0005467397270797243
0.006922166332181372
0.000546656440458937
0.019627149402229618
0.0005387655097607296
0.013912997210408388
0.0005366374393288175
0.002450012582232288
0.000536471078418733
0.029812555380134127
0.0005047644395671603
0.01331827335554989
0.0005036843311596248
0.00328514708939142
0.0005036888378212419
0.0021463538053536823
0.0005036045359453488
0.004862125675212752
0.0005035964051080592
0.022279564330017678
0.0005035952210544319
0.022226326021418205
0.0005035938307949187
0.022982223683919365
0.0005035891782741798
0.0025565738714132453
0.0005035869825301819
0.013304528733667066
0.00050358621811739
0.016171617134419936
0.0005035856785915385
0.020868326357810312
0.000503584904354391
0.04936425972675642
0.0005035848791795057
0.011822742295832734
0.0005033234060510169
0.005440792870710073
0.0005025384317262478
0.006181848246533654
0.0005023188979364336
0.010288343161535525
0.00046936909960892297
0.026021471194338768
0.0004635763144316905
0.039017741289713435
0.00046260527606811693
0.004314467501803926
0.0004625992674298461
0.005165526870995644
0.0004520048371420081
0.006809425953916541
0.0004543633740602599
0.032053299270382175
0.00045205762965194784
0.014755525899012932
0.0004515284929796738
0.006142198025923072
0.00045152575473056525
0.016993903686277432
0.00044882954899005435
0.01783853882502369
0.00044395351464151064
0.028837537694985458
0.0004433644062441672
0.0315902116087014
0.00044333862647786464
0.004689705790870802
0.0004433357333709829
0.011161416113385381
0.00044333240155534453
0.022417504707755487
0.0004432991096423439
0.01305451624737917
0.00044326897434996976
0.05457973464510956
0.0004432689507060468
0.010241797706563843
0.0004432685848173902
0.011242197307213937
0.00044326826882182897
0.027865375852312673
0.00044326815886934604
0.010764207158424795
0.00044326807617764197
0.02789699357579025
0.00043874062960300115
0.03106355909372914
0.00036401705270026197
0.010824166945143801
0.0003640170477279279
0.01913452683182849
0.00027467341299934427
0.007407294503964048
0.00025495041194430087
0.034021341205108926
0.00025208229026283654
0.029150188097797947
0.0002504760280149207
0.0059144408751630895
0.00024548782089870444
0.012534116672394758
0.0002448959641760492
0.007694367505659401
0.0002438518755482983
0.013241741406920353
0.0002434873214662873
0.02259508184083849
0.00024323578095270163
0.01943854399071309
0.00024315706009031993
0.006857955930225401
0.00024309980000747196
0.017966198744884792
0.00024308719875805514
0.02750611828304607
0.0002430729243385321
0.04000844069146356
0.00024307292433811806
0.014543983469127157
0.0002430714109162894
0.008452485548495897
0.00024307141091626432
0.009723141642080881
0.00024307141091625128
0.026411295469329844
0.00024307141091537373
0.058717184691591734
0.00024307141091534825
0.017873866232949863
0.00024307141091506926
0.007516761920771795
0.0002430714109149144
0.01969068929914004
0.00024307141091488565
0.01193893117132199
0.0002430714109148077
0.03339274339686385
0.00023313994709648608
0.016446276731251264
0.00023043141047110471
0.007547288025469731
0.00022740729272372086
0.005408604293892016
0.00022726412965385178
0.011947688002233484
0.00022726412854212052
0.047597210665434465
0.00022726394967036108
0.033405227466626136
0.00022712436576237077
0.009798546250060106
0.000227263917675016
0.00854760767745412
0.00022707448787805172
0.01811456489827793
0.00022707436703038765
0.024746201126056962
0.00022707436273078414
0.0431843307729294
0.0002270737100998037
0.026845716449216513
0.00022707371008410106
0.0018551211969590536
0.00022706778994037964
0.009781618347637059
0.00022304760024361678
0.029235236807276754
0.00019820519126878119
0.05109427203204063
0.00019820519126879723
0.02910184399396345
0.00019819780161666993
0.011149405127954771
0.00019819779081643008
0.005594286718038371
0.00019819728848032472
0.010517661149556549
0.00019819728828103717
0.06942910908892394
0.000194912014825083
0.037095807817244884
0.00019751490377932905
0.009598435340942044
0.00017594119468840585
0.002725002753920943
0.00017594119468838397
0.014284230755683669
0.00017367235775771604
0.04186856346067338
0.0001732348934293299
0.038192557278927716
0.00017367235775761155
0.01727429318484342
0.00017325569056513
0.008934443350298811
0.00017319387233875696
0.022691443310372445
0.00017318954037229598
0.02925484594085822
0.00017318575875714215
0.04265238816075739
0.00017318484830341525
0.024223315609317484
0.00017318475727227782
0.002258118961189561
0.0001731847572722732
0.01226546305822662
0.00017318459537663198
0.05692714942313924
0.0001731845952912664
0.09003696285242624
0.000173184574461854
0.04121587273490292
0.0001731845388938852
0.004948734559444947
0.0001731844498781652
0.007530291222968526
0.00017318444986528906
0.050685306822865976
6.0459263179979686e-05
0.08725673933400807
5.9634707537000924e-05
0.04504039085590166
5.963470752657377e-05
0.005938651613343978
5.9634707523247514e-05
0.0032275967215589377
5.158495313072685e-05
0.016381835014929586
5.158495312865645e-05
0.08083864601251849
4.829150278753256e-05
0.08003376522232164
4.814096788919071e-05
0.033906320076367506
4.8140967889181187e-05
0.00873300365085775
4.8140967889072245e-05
0.03394895783920438
4.811201228083281e-05
0.08362180848630668
4.8112012280834474e-05
0.09169434270469355
4.8112012280831784e-05
0.06018929507393125
4.8111752888857263e-05
0.016672480267070865
4.811175288883655e-05
0.021257338390532635
4.8111752888828464e-05
0.07021823872888625
4.811073376276848e-05
0.08084537485834148
4.811060305226182e-05
0.04129859880457729
4.811022353765979e-05
0.030961340889761744
4.811019167807149e-05
0.006102251985931183
4.811018920015102e-05
0.06442673847797198
4.811018860015334e-05
0.09248505368201716
4.81101886001507e-05
0.05734344559585151
4.811018530107959e-05
0.060426083549097585
4.8110176350973665e-05
0.007715127927807135
4.8110176350971544e-05
0.04490434303686335
4.8110167943472583e-05
0.08332421447449714
4.8110166687832704e-05
0.042219565913816925
4.8110163118898765e-05
0.044494737773904516
4.8110163118898744e-05
0.010825269360931864
4.811016253431819e-05
0.007047409168657636
4.811016253431819e-05
0.04940902846360589
4.811016253431819e-05
0.05037910591745826
4.811016253431818e-05
0.03332888849938431
4.811016250550031e-05
0.025811503256437777
4.811016250550031e-05
0.0029076066575620422
4.811016250546688e-05
0.017548552956490902
4.811016250546495e-05
0.02325871198533715
4.792693373412478e-05
0.03875187213624935
4.770545195794912e-05
0.027061395283551688
4.773309058159767e-05
0.036696875281196306
4.772420109164427e-05
0.015270589235835673
4.7706283170380306e-05
0.058495870337181496
4.770504747888934e-05
0.04830558064391029
4.7702844873485624e-05
0.017827077352083835
4.7700412984300573e-05
0.03383146410944569
4.770034035982395e-05
0.018351862525070137
4.770034035982395e-05
0.056730822584569414
4.77003378202941e-05
0.04706302793986096
4.770028861493839e-05
0.020540795885803324
4.770025840268888e-05
0.013875673614752136
4.770025840268668e-05
0.019688384502962585
4.770025840268652e-05
0.020312099157174576
4.770023315017177e-05
0.021343459016738175
1.2292942031614126e-05
0.016591972045592762
1.229294198701238e-05
0.02380507160214589
1.1823028846822975e-05
0.058297446923138485
1.1823027109508249e-05
0.01905016943955728
1.1823027109508244e-05
0.03429873031959829
1.1823026509319459e-05
0.0252717125615235
1.1812831147557618e-05
0.017224418646079907
1.1812831147546859e-05
0.028877390303141962
1.1812831119786516e-05
0.005581409483531176
1.1812831119788305e-05
0.031091995699718742
1.1812831115301768e-05
0.014902048272962319
1.181283111529874e-05
0.011097871213355974
1.1812831115297565e-05
0.04627231442894311
1.1812831115297552e-05
0.0035974970360871813
1.1812831114436778e-05
0.01601232309547307
1.1812831114422284e-05
0.03255693815750832
1.181282427111781e-05
0.010173913603519361
1.1812824271113277e-05
0.052607331049771056
1.1812814951784233e-05
0.008760273230317188
1.1812814951782849e-05
0.01708933287389481
1.1812811391153848e-05
0.012898593772837233
1.181281139115252e-05
0.02061808702555225
1.1283594699981577e-05
0.008676452006683124
9.503221881860423e-06
0.023757688949067626
9.503221881860111e-06
0.02146227821578826
9.5032218818601e-06
0.012368760062703533
9.458473908086158e-06
0.01605840991692806
9.45847390808611e-06
0.01774288634969683
9.4584739080861e-06
0.03938492760693971
9.458473907701791e-06
0.0375539423676518
9.4584739048978e-06
0.018438947892938064
9.458473902825719e-06
0.009088185648023484
9.458473898830295e-06
0.006459107633564253
9.45847389883027e-06
0.034897089710653764
9.458473898568621e-06
0.08357555091914758
9.458473898565644e-06
0.00464670686854708
9.458473898565644e-06
0.02881791102831496
9.458473898565658e-06
0.010256427435245588
9.45847389853306e-06
0.027628880752796972
9.458460241516042e-06
0.04673704866268452
9.458460241516039e-06
0.009901856188505746
9.458460241516039e-06
0.004180219733507122
9.458460241514087e-06
0.01676898576102903
9.458460241513384e-06
0.013457536690699486
9.458460241513384e-06
0.0417996290994167
9.458460241513384e-06
0.0054915182339767155
9.458460241513384e-06
0.02229833619212118
9.458460241513384e-06
0.01591960339865564
9.458460240633229e-06
0.0185689190489936
9.458460239257509e-06
0.02705108745298014
9.458460239257524e-06
0.028436514986282285
9.458460239109576e-06
0.002556220124185969
9.458460239109576e-06
0.024404986927206454
9.458460239109576e-06
0.015551243428239964
9.458460239109574e-06
0.044519272093375285
9.45846023910813e-06
0.045542362620730616
9.458460239108099e-06
0.008579334776424943
9.458460239108095e-06
0.01802274090550815
9.458460239108092e-06
0.006532317112989468
9.458460239108092e-06
0.04932100666985184
9.458460239108095e-06
0.057788742866560744
9.442852969780331e-06
0.03773884666937349
9.445542023294525e-06
0.004069822211448293
9.422905507913022e-06
0.022754270852980367
9.422905507913023e-06
0.010129865687395257
9.422905507913035e-06
0.045344501247759975
9.336811126900123e-06
0.042036304519586315
9.144891267868786e-06
0.006805205870058856
9.04770045992574e-06
0.019604615631555244
9.046572688666191e-06
0.02414392598505278
9.04188090896016e-06
0.04764793133192342
9.041880908960162e-06
0.05072391440150704
9.036412208470236e-06
0.007613513409877659
9.033254988045816e-06
0.008503190544318235
9.033254819583038e-06
0.028033031347815887
9.033067496103209e-06
0.027389698866945953
9.033031100719883e-06
0.053830278607092295
9.03302778186251e-06
0.015192665697617088
9.03302759974586e-06
0.004539008392690028
9.033027544722467e-06
0.004690665971844933
9.033026166744007e-06
0.030785610558913802
9.03302144512522e-06
0.03255857626262862
9.033021445125132e-06
0.047149291666685376
9.033021450268582e-06
0.006866352349375938
9.03302140307246e-06
0.01630234057042645
9.03302140307246e-06
0.005922642755919662
9.033021301455181e-06
0.04474004988283301
9.033021225053981e-06
0.05985561453590394
9.033021225053903e-06
0.010765310521809277
9.033021225053905e-06
0.036702515196044824
9.033021204510756e-06
0.010011540766854085
9.033021192484064e-06
0.042463852233430376
9.033021192483976e-06
0.05013288881581872
9.033021192483976e-06
0.022461821550169955
9.033021191987606e-06
0.010215292805399416
9.033021190484464e-06
0.03227026879967592
9.03302119047608e-06
0.01703660592283013
9.033021190474512e-06
0.03897250834884565
9.033021190452735e-06
0.024577190355569135
9.033021190426422e-06
0.006494808519947087
9.033021190415567e-06
0.03210728659963095
9.033021190342959e-06
0.0020300343471091713
9.03302119034305e-06
0.03325059784930849
9.03302119034262e-06
0.04405586504537853
9.03302119034455e-06
0.0022492672969417
9.033021190337584e-06
0.01279863241985448
9.033021190337525e-06
0.005725287107802392
9.033021190337418e-06
0.041052694227060905
9.033021190337389e-06
0.034928625385735705
9.033021190337389e-06
0.01036230302972949
9.03302119033739e-06
0.011833957558626184
9.033021190337394e-06
0.014472813770700704
9.03302119033739e-06
0.038182085497444805
9.033021190337389e-06
0.05949749919499981
9.033021190337389e-06
0.026379484932043056
9.033021190337389e-06
0.003894116229591215
9.033021190337387e-06
0.010186532092827518
9.033021190337386e-06
0.00773108574745294
9.033021190337386e-06
0.04648907657041847
9.033021190337382e-06
0.03398345496172627
9.033021190337382e-06
0.009393079752299888
9.033021190337382e-06
0.031335783631279666
9.033021190337382e-06
0.002376289971884045
9.033021190337382e-06
0.04998770263037546
9.033021190337382e-06
0.02751748893910733
9.033021190337382e-06
0.003340192543171853
9.033021190337382e-06
0.014829761172372675
9.033021190337382e-06
0.02566499553330056
9.033021190337382e-06
0.029446410451730277
9.033021190337382e-06
0.02304460177268354
9.033021190337382e-06
0.01909347231996937
9.033021190337382e-06
0.012142001549257134
9.033021190337382e-06
0.015644823880385444
9.033021190337382e-06
0.010524660111356119
9.033021190337382e-06
0.05640714845727904
9.032565447989097e-06
0.03367641741482149
9.030172446653635e-06
0.011642093789159712
9.030172446653635e-06
0.007934491198691083
9.03014129304555e-06
0.014246790231387564
9.030141293045548e-06
0.038262521286049116
9.03013528049438e-06
0.03742443544768548
9.03013528049438e-06
0.014161461358907172
9.025365830308022e-06
0.010869463487756446
9.010622740731981e-06
0.01105399936749048
8.996426381832673e-06
0.04891609279690162
8.979529815261221e-06
0.028882699238474672
8.978103069765961e-06
0.011658955631928938
8.974028484056237e-06
0.022975078324718207
8.974028436027864e-06
0.0046160540844455925
8.974028404557704e-06
0.02327316721652363
8.97394274460866e-06
0.038963041135313695
8.973840948738892e-06
0.020330484247154754
8.97383639553885e-06
0.01692258121105519
8.973819721604282e-06
0.006593731266808934
8.973819721604163e-06
0.014841119707348522
8.973814587056918e-06
0.04776109921839097
8.973814587056916e-06
0.026419712793133734
8.97381206421955e-06
0.03961840455802787
8.97381206421955e-06
0.02539900275394766
8.973811970665269e-06
0.0025141537914140427
8.973811970665269e-06
0.041471261384636
8.973811861762907e-06
0.038647052707575937
8.973811808638535e-06
0.029269538964402268
8.973811784546111e-06
0.012971437458956042
8.973811767386067e-06
0.004842916269421769
8.97381175379219e-06
0.06628377374338601
8.973811744402006e-06
0.06616238060778046
8.973811736104983e-06
0.040583400242835514
8.97381169556882e-06
0.01683131440509154
8.973811669304888e-06
0.007342530101653659
8.973811655732522e-06
0.012712843606834162
8.973811643974336e-06
0.039189684937156175
8.973811643974336e-06
0.05105129916536669
8.973811641912668e-06
0.02841468145600421
8.973811641702166e-06
0.012506192893746562
8.97381163778445e-06
0.00848153578948605
8.973811637784448e-06
0.017541982503363956
8.97381163678036e-06
0.04515753853118508
8.97381163678036e-06
0.03973420307755485
8.973811634267372e-06
0.007414731871620336
8.969154547416963e-06
0.01939197815659622
8.968894899090615e-06
0.0111354251105952
8.96889489900746e-06
0.046130639018466355
8.968850162306381e-06
0.04331971011537123
8.968850162159904e-06
0.01628850525126298
8.968850162059866e-06
0.01587692033313318
8.968820800387354e-06
0.026044120858098294
8.968820800242914e-06
0.01738076273302327
8.968820800242916e-06
0.044828620476521266
8.968820800213866e-06
0.03101598443011174
8.968819801188382e-06
0.017475608482993125
8.968817212042423e-06
0.007940820783369903
8.968817212024979e-06
0.007959390964036629
8.968817184081736e-06
0.017600572223874195
8.968817208936756e-06
0.04198547382050711
8.968817124700676e-06
0.007657012546088731
8.968817124700674e-06
0.0013735026747210258
8.951582176363344e-06
0.005345212531416361
8.968817124694056e-06
0.007786510967176252
8.939006049098102e-06
0.04139198232349996
8.939006049199512e-06
0.007480669026688394
8.93900604865076e-06
0.022882869764245937
8.939006048650764e-06
0.004074206135888153
8.93900604865047e-06
0.041639200873009166
8.93900604865026e-06
0.031887505693250016
8.93900604855184e-06
0.009630790515587078
8.939006048551825e-06
0.029572878580998135
8.939006048551754e-06
0.007655524790453729
8.939006048552821e-06
0.032936478877339886
8.939006048548334e-06
0.024594663922417326
8.939006048548334e-06
0.017960889989679173
8.939006048548315e-06
0.019186234211363663
8.939006048548317e-06
0.006677950820865291
8.939006048547561e-06
0.0597844745317663
8.939006048547543e-06
0.05607432318893798
8.939006048547543e-06
0.03623234621610657
8.939006048547544e-06
0.014210983538426059
8.939006048547516e-06
0.025556409788018267
8.935864667511251e-06
0.014735926041043481
8.935661164831959e-06
0.07231310757255596
8.934751730769483e-06
0.03518260174330219
8.934751730769482e-06
0.004706777551024601
8.905733393193538e-06
0.037620385548249674
8.90225283755861e-06
0.026395231514108837
8.902252837558613e-06
0.010801823460320546
8.902252837558609e-06
0.031461632087814495
8.902251420256514e-06
0.015330046555000575
8.902251420256514e-06
0.017386651491114874
8.902251420256514e-06
0.060825355230824905
8.902251420256514e-06
0.033046760735403004
8.902251420256514e-06
0.068487100411151
8.902251420256514e-06
0.032706472805193426
8.874246117141546e-06
0.01974152654533264
8.858332112899958e-06
0.019413832855248118
8.858332112899958e-06
0.06371555874838039
8.858337131009001e-06
0.052478950409857485
8.858221103081508e-06
0.016292324445145088
8.858228742156076e-06
0.01652281028885265
8.858192658691452e-06
0.017517984274134996
8.858192657968716e-06
0.04297597812971386
8.858192657394096e-06
0.05187316177695937
8.858192656965036e-06
0.02482615688814647
8.858186982930213e-06
0.009638044298806596
8.85818698293021e-06
0.04092258267073533
8.85818698291662e-06
0.027821028137550705
8.85818698291662e-06
0.08354896787135142
8.858185456527277e-06
0.02949771550600324
8.858185456527277e-06
0.010559206835683977
8.858185456526735e-06
0.026390237677859887
8.85818545652673e-06
0.025356408591821394
8.858185295947698e-06
0.05121351443651683
8.858185279520087e-06
0.05467391720639686
8.858185279519743e-06
0.008384491690968684
8.858185279519738e-06
0.0520775754701605
8.858185235019357e-06
0.020038423395248983
8.858185223347353e-06
0.041296818082688334
8.858185223347296e-06
0.06194057721473207
8.858185223347296e-06
0.03321566724191107
8.858185222229666e-06
0.006218452091999077
8.858185222229666e-06
0.036597764426036496
8.858185222229666e-06
0.04856354468266322
8.858185222229666e-06
0.06086020144032278
8.858185222216876e-06
0.06656850194139495
8.858185222216876e-06
0.006690278293961017
8.858185222216876e-06
0.02838038556304085
8.858185222216876e-06
0.03349468681050601
8.858185222216874e-06
0.06889056414504592
8.858185222216874e-06
0.0913676521119932
8.858185222216771e-06
0.04597255892557464
8.858185222216771e-06
0.011674944119792934
8.858185222216771e-06
0.051745753348931806
8.852914696733225e-06
0.06792988978955383
8.858185222216739e-06
0.09915823664852698
8.850017659804623e-06
0.02750173643216613
8.848990619362396e-06
0.001988085932194441
8.848528799617234e-06
0.003994536889827045
8.848101867417788e-06
0.05787616710445641
8.84810186741779e-06
0.07098201089056974
8.84810186741772e-06
0.0970874726443938
8.848101867417714e-06
0.008440344203976486
8.848101867417714e-06
0.02607816219106144
8.848101360301636e-06
0.015896502064073635
8.848101360302807e-06
0.08940724718475553
8.848101360299381e-06
0.07384062325176351
8.84810136029821e-06
0.010878575750136418
8.848101287153145e-06
0.015807264922938026
8.848101287153146e-06
0.004425793315424464
8.848101277002612e-06
0.05754366354684402
8.848101277002607e-06
0.07078941664323597
8.756348440496968e-06
0.06179993125400467
8.337652932448233e-06
0.008139014690452293
8.333535081768044e-06
0.018496237575057667
8.332817054504077e-06
0.007697616782566864
8.332817054474179e-06
0.07418913399782659
8.332817054474179e-06
0.05666135903348313
8.332817054474179e-06
0.0291607674425583
8.332806504197408e-06
0.03286821294010023
8.33276345011241e-06
0.015610342618778602
8.33276345011241e-06
0.052380544445147705
8.332753709791559e-06
0.0402300286494646
8.332753709791691e-06
0.05461959239252093
8.332752406686008e-06
0.020627181256897425
8.332752406685827e-06
0.00317881208955008
8.332752106239392e-06
0.022174657143796662
8.33275210623939e-06
0.039365611280472404
8.332752073479456e-06
0.03302341512270404
8.332752073479456e-06
0.023557289674257614
8.332752073479452e-06
0.009679011636939855
8.332752073479445e-06
0.014641595078780992
7.4418984882272965e-06
0.037273747839697315
7.476046305710734e-06
0.05038400551496047
7.476046305710732e-06
0.03014374031765916
7.442982788248785e-06
0.012747060111491505
7.442982788185179e-06
0.003270787222510608
7.4414830076580494e-06
0.04546634773137659
7.4414830076568145e-06
0.049496862086388406
7.441483007656702e-06
0.024161787157072616
7.440736792258385e-06
0.016628223694942674
7.440736792258283e-06
0.009432055774061174
7.440391833246593e-06
0.021140933257686942
7.440391833246095e-06
0.035352979356648793
7.440391833245618e-06
0.03163460829069258
7.440391833245452e-06
0.0053327395999078694
7.440391833245448e-06
0.02062356922605348
7.440391833245448e-06
0.009077039035525451
7.440391833245303e-06
0.027493996420931265
7.440391717578316e-06
0.04057037077236716
7.4403915153835964e-06
0.01269393437668579
7.440391515383552e-06
0.030980439419247496
7.440391515383546e-06
0.004547762812104685
7.4403915153835354e-06
0.007788274776749513
7.44037158362013e-06
0.0428885257132097
7.44037019175867e-06
0.01736294982083773
7.440362355796071e-06
0.03487831937115941
7.440362355711807e-06
0.023678149707778966
7.435942665849468e-06
0.021360356738569387
7.435621329779668e-06
0.08213467490037737
7.43514430102986e-06
0.012013153672885878
7.434947114437954e-06
0.0154384067560551
7.434382498736426e-06
0.01601887655362553
7.434341019724098e-06
0.004132578742461436
7.434226062260671e-06
0.06346411328355503
7.434225535957801e-06
0.041235966552065566
7.434207169539862e-06
0.004677673096482574
7.434207169539862e-06
0.02390277024047051
7.434195100439135e-06
0.014740690039580062
7.434190763689181e-06
0.08687022008550048
7.434184635935421e-06
0.06239682699314088
7.434182374062957e-06
0.01990783587375466
7.143537388975384e-06
0.026315123824575567
7.143535869281315e-06
0.011003402846162504
7.1435353567405425e-06
0.05677333710858666
7.143535040127679e-06
0.07995921899823735
6.922913014094817e-06
0.033355232085573
6.952106368009102e-06
0.016572556862183983
6.900903623198153e-06
0.024778161212984946
6.686095604948416e-06
0.04304368144385389
6.726197979182619e-06
0.05435208035250454
6.726544788560127e-06
0.03229137106423507
6.673361284794667e-06
0.009848737063404386
6.678347580204932e-06
0.018752804516966204
6.659489357764116e-06
0.035857337322379765
6.6594893489086625e-06
0.042277961404744754
6.659489333805062e-06
0.07627917150751742
6.659489328124351e-06
0.02923850524335202
6.659489319857549e-06
0.01907789203665767
6.659779895690652e-06
0.005394275721788472
6.658594039538877e-06
0.04081984688717843
6.658594039338701e-06
0.0750812480560645
6.527352623921577e-06
0.06357454775682696
6.706782389450848e-06
0.024512239451342357
6.447693255175653e-06
0.001635215820320743
6.447693255175989e-06
0.044142183118523956
6.447693255061049e-06
0.0535198552265729
6.447693255059289e-06
0.056829193733143823
6.44769325502868e-06
0.031613827578587675
6.447693255029093e-06
0.005253247966281573
6.4476932549897305e-06
0.04761867831037548
6.447693254989729e-06
0.07344898081334357
6.44769325498895e-06
0.06058929741059937
6.44769325498895e-06
0.030782527475476176
6.447693254985815e-06
0.031140915209140016
6.447693254985758e-06
0.016474406851337595
6.447693254983848e-06
0.035896803670131566
6.447693254983482e-06
0.06518990475833931
6.4476932549833345e-06
0.06644619598609529
6.447693254983333e-06
0.020360606730750488
6.447693254983147e-06
0.009779339091777892
6.4476932549831295e-06
0.027285490284106317
6.447693254983093e-06
0.027589040940255855
6.447693254983093e-06
0.0752815703144137
6.447693254983094e-06
0.02081182060401199
6.447693254983092e-06
0.008459449964566237
6.447693254983092e-06
0.01704366563836957
6.447693254983092e-06
0.037592201769762114
6.447693253864407e-06
0.06444888859219085
6.447693249331695e-06
0.022733532487038164
6.447693249331694e-06
0.013602613870277598
6.447693248581694e-06
0.01546018801893347
6.445795012653983e-06
0.043399897712684946
6.443936284394263e-06
0.10293964062223407
6.4439362843942635e-06
0.06598589928827175
6.443936284394267e-06
0.005108462380144452
6.443936284394264e-06
0.00814081132480983
6.443936284394265e-06
0.027635694269617983
6.443936284394266e-06
0.09169291962624401
6.443936284394093e-06
0.06973158020967779
6.4439362843940975e-06
0.03391306651764563
6.443936284394097e-06
0.005567443485115594
6.443936284394095e-06
0.013897438981169099
6.443936284394094e-06
0.023284855412030913
6.443936284394096e-06
0.06316645078954056
6.443936284394093e-06
0.06903440566453072
6.443936284394092e-06
0.021735754803374804
6.443936284394092e-06
0.016572569157740937
6.443936274621446e-06
0.01653634952195551
6.443936274515077e-06
0.07089313863461871
6.443936274268284e-06
0.08598431851337336
6.443936274237415e-06
0.04457382892659453
6.4439362742374194e-06
0.014383634347576146
6.443936274237414e-06
0.017423870983538613
6.443936274237414e-06
0.039469541016908444
6.443936274237418e-06
0.06821273932370643
6.443936274237416e-06
0.06435685950723953
6.443936274237415e-06
0.006868033794943529
6.443936274237413e-06
0.04817814095851522
6.443936274237413e-06
0.02525666150961788
6.443936274237526e-06
0.09102950478615433
6.443936274237322e-06
0.06032417157786307
6.443936274237323e-06
0.026494964332389674
6.4439362742373195e-06
0.014146351613492439
6.443936274237323e-06
0.011539193203304892
6.443936274237321e-06
0.06876421863791969
6.44393627423732e-06
0.06804474552572605
6.443936274237321e-06
0.012583018957189057
6.443936274237321e-06
0.0017092329526987341
6.443936274237323e-06
0.004975569705643219
6.443936274237319e-06
0.04651571184415907
6.443936274237319e-06
0.050956111151599724
6.443936274237321e-06
0.0241902853592038
6.443936274237319e-06
0.008362471586756537
6.4439362742373195e-06
0.011770989259495867
6.4439362742373195e-06
0.015874813734262812
6.4439362742373195e-06
0.06053116915729551
6.443225863057599e-06
0.05019143457181086
6.443298796797295e-06
0.0037618812617189927
6.443130025800664e-06
0.007920196017268984
6.443089365384181e-06
0.012516531725624535
6.44308936538418e-06
0.05417600250308357
6.4430839926753645e-06
0.04691877213719853
6.443083992675364e-06
0.03697057732724549
6.4430802006493375e-06
0.017045754530436122
6.443080200649334e-06
0.003839579527024368
6.443079834777073e-06
0.0601994636235215
6.443079834777073e-06
0.03741074146781175
6.443079803993879e-06
0.0395043069424819
6.443079803993878e-06
0.006185562354036606
6.443079803993869e-06
0.013848607059431731
6.443079803993868e-06
0.04732215933566187
6.443079803993868e-06
0.03043453193171012
6.443079803993868e-06
0.019657353720351007
6.443079803692537e-06
0.010988281407517682
6.4430798036925366e-06
0.00312071981451142
6.212612081926836e-06
0.016083727316798194
6.200961073418213e-06
0.04176782151262071
6.196213015817052e-06
0.015347123414973964
6.1936103458507896e-06
0.03353163874086168
6.193407443724227e-06
0.02282217585972555
6.193125670431317e-06
0.020591363144953866
6.193123384772913e-06
0.03921097906137374
6.193104034246333e-06
0.013112798697184853
6.193104034246333e-06
0.010830149229041392
6.193104034246334e-06
0.026535253924784088
3.3190015335737838e-06
0.003157174064052371
3.5826520022637925e-06
0.02531770787044665
3.6748302050425153e-06
0.050897522784403015
3.1404365232523574e-06
0.011866239897484263
3.1404359884734666e-06
0.032823543116376294
3.1404359884734666e-06
0.007285752344671062
3.1404359884729956e-06
0.028171970304436716
3.140128892025289e-06
0.026540446383778116
3.140128892025287e-06
0.0069337248735232004
3.1399925822253984e-06
0.05755978315085542
3.139992582223527e-06
0.029615576536272937
3.1398555298620328e-06
0.02592091109968661
3.1398555297925333e-06
0.044843666700913304
3.13985552979251e-06
0.03504668353610996
3.1398555297924524e-06
0.061864499695479094
3.1398555297924634e-06
0.03588995438775768
3.139855529792382e-06
0.024161467817516116
3.139855529792377e-06
0.0552586866802356
3.139855529792366e-06
0.039803373742437975
3.139855529792365e-06
0.015636170428821886
3.1398555297923686e-06
0.039697630192029855
3.1398555297923537e-06
0.025905297656706457
3.1398555297923525e-06
0.011149215318599082
3.0333497263200107e-06
0.08031393452264678
3.0276553586417794e-06
0.011284449681106307
3.027655332525709e-06
0.011468997343078983
3.0259667732656693e-06
0.013995939922325716
3.0259667732656676e-06
0.022589893981826713
3.0256967215300977e-06
0.039268923311175215
3.0256967187869138e-06
0.016557853989509753
3.0256618583833277e-06
0.015856836850262783
3.0256618581529233e-06
0.02113460814434409
3.0256364102148055e-06
0.01372046404544994
3.025636409994182e-06
0.021014564955139727
3.025631039647581e-06
0.04216344108872399
3.0256305612638195e-06
0.016487069065705368
3.025629693543021e-06
0.02249684238115725
3.025629500011233e-06
0.0208548189035363
3.0256292847531912e-06
0.028860595292107452
3.0256292179510404e-06
0.047169495352672224
3.0256291518443117e-06
0.012845812272799864
3.025629111289475e-06
0.012317113498246466
3.0256291161249607e-06
0.009000984095235361
3.0256290951564094e-06
0.03167779372750782
3.025629095156412e-06
0.07016708414798589
3.025629095156365e-06
0.05488084624449781
3.025629096330975e-06
0.015937190921229267
3.0256290874631716e-06
0.010133812164045203
3.025629087463169e-06
0.040924654915521795
3.025629087123563e-06
0.048732406645989004
3.025629086915065e-06
0.1281637825091104
3.0256290866065626e-06
0.016021618348256644
3.0256290866065223e-06
0.010608916306260268
3.02562908655268e-06
0.026269346392218465
3.025629086555933e-06
0.028096037123203407
3.0256290865472173e-06
0.0949945036506848
3.0256290865471767e-06
0.07549250327251039
3.0256290865471745e-06
0.006235370515894379
3.0256290865470767e-06
0.01962905325470783
3.0256290865443196e-06
0.03441273788144208
3.025629086544281e-06
0.0951750773865492
3.0256290865442777e-06
0.058506497650281895
3.0256290865442777e-06
0.01446350978455554
3.0256290865442785e-06
0.01759224593169344
3.025629086544281e-06
0.01892244242247994
3.0256290865442773e-06
0.09928048648757354
3.0256290865441972e-06
0.07745878328675025
3.0256290865441117e-06
0.0199329265419843
3.0256290865440892e-06
0.0339525675827747
3.0256290865440846e-06
0.0237732448212508
3.0256290865440863e-06
0.027815036893883715
3.0256290865440892e-06
0.09449734113461433
3.025629086544088e-06
0.006570047499307886
3.025629086544083e-06
0.013691460375518225
3.025629086544083e-06
0.05920436358252549
3.0256290865440867e-06
0.053052780712962
3.0256290865440867e-06
0.08180310948409761
3.025629086544083e-06
0.02722448840230328
3.025629086544083e-06
0.007506118244447357
3.0256290865440837e-06
0.05755845179255439
3.0256290865440867e-06
0.0379878611219209
3.0256290865440854e-06
0.09792562770074542
3.025629086544087e-06
0.0559095409445635
3.025629086544083e-06
0.010084898835968924
3.025629086544083e-06
0.026021468863683183
3.025629086544085e-06
0.037419913666531086
3.025629086544087e-06
0.024265365123131807
3.025629086544083e-06
0.08492091967048893
3.025629086544083e-06
0.03124280097806655
3.025629086544083e-06
0.0035737421456222343
3.025629086544083e-06
0.05547266235072938
3.025629086544083e-06
0.02819780926783854
3.025629086544083e-06
0.08662586261382775
3.025629086544083e-06
0.06385995045227225
3.025629086544083e-06
0.015335464593911628
3.025629086544083e-06
0.03307009360176548
3.025629086544083e-06
0.049347037006836104
3.025629086544083e-06
0.06943256041288627
3.025629086544083e-06
0.04312123859634649
3.025629086544083e-06
0.028859819129171863
3.025629086544083e-06
0.02641097443311187
3.025629086544083e-06
0.05319565899500512
3.025629086544083e-06
0.04390417506970266
3.025629086544083e-06
0.08563131117895595
3.025629086544083e-06
0.019675063656878575
3.025629086544083e-06
0.0188012624686381
2.7810781491576e-06
0.0331601006951621
2.8038846482484858e-06
0.05364682613323079
2.804576937413405e-06
0.07265589297180396
2.77750817105673e-06
0.01969456631539139
2.776485900694883e-06
0.02458652254994421
2.7713674214807515e-06
0.030522844083857623
2.7713674214807515e-06
0.041616284802972414
2.7713674214807536e-06
0.05073048360687996
2.7713674214807515e-06
0.006114665103336022
2.7713674214807515e-06
0.004145839650558669
2.7713674214807515e-06
0.04579551424306295
2.7713674214807553e-06
0.04192245051619829
2.7713674214807536e-06
0.05377014936888544
2.7713269145292e-06
0.035213922006627936
2.7713269145292e-06
0.0031768218880598403
2.771324569126629e-06
0.026768170893445204
2.7713245691275087e-06
0.044421008963673986
2.7713152702088857e-06
0.015315248045641409
2.77131527020712e-06
0.028699248027545907
2.7713137107921105e-06
0.03327646557925396
2.771313710785083e-06
0.021662502049913605
2.771312659959624e-06
0.04832936299430989
2.7713126596065886e-06
0.038211136750796515
2.7713126596065886e-06
0.033420714198289514
2.7713126596065886e-06
0.0451560903464969
2.771312553886852e-06
0.011032174688865415
2.7713125526341497e-06
0.012638886820920492
2.771312494704844e-06
0.040960991199812294
2.771312494704844e-06
0.023739343388479946
2.771312446156563e-06
0.04848570046705891
2.771312446156563e-06
0.022616587217885092
2.771312446156563e-06
0.00845393025361264
2.740681113326292e-06
0.04807891332621848
2.771312444375728e-06
0.029996271456682728
2.736380868273284e-06
0.01587487016494236
2.736380865542853e-06
0.007712345288918462
2.73600627730914e-06
0.02596976642560906
2.7360062769003685e-06
0.029450990181862948
2.7359430447487337e-06
0.05098792834434568
2.7359430444081956e-06
0.015413093794928006
2.7359430444081956e-06
0.003308542739745523
2.7359430441001254e-06
0.028396937327570412
2.7359322223156995e-06
0.021795723160346264
2.7359322223174626e-06
0.0394796854064487
2.7359322223141316e-06
0.018600237266498294
2.73593222231413e-06
0.021048804557368635
2.7359322223141337e-06
0.07011798061271028
2.73593222231413e-06
0.00696933180306171
2.735932222314128e-06
0.050713133296632004
2.735932222314128e-06
0.023876639833771036
2.735932222314128e-06
0.016861496392926157
2.7359322223141337e-06
0.022360820938508132
2.7359322223141337e-06
0.011050806137198459
2.7359322223125604e-06
0.05448815589797821
2.7359322223125557e-06
0.02346319984654851
2.7359322223125557e-06
0.014669412681658804
2.735932222312557e-06
0.0514156668054888
2.735932222312557e-06
0.02616788347683006
2.735932222312551e-06
0.03614081850545215
2.735932222312551e-06
0.0336255013044183
2.7359322223125515e-06
0.019123690354781137
2.73593222230765e-06
0.04480691743877656
2.735932222305887e-06
0.058871637063350066
2.735932222305886e-06
0.009999523218118206
2.735932222305886e-06
0.03200316636978758
2.735932222305884e-06
0.013479147975209894
2.735932222305884e-06
0.01489048576499684
2.735932222305884e-06
0.0932553037611149
2.7230112300791822e-06
0.03641337063262821
2.7258550337615795e-06
0.032664883722015196
2.7258550337615795e-06
0.013017198289988574
2.7223898062746175e-06
0.017884864392623455
2.7223763691697345e-06
0.08398506574808864
2.7213222102789097e-06
0.05656282515534371
2.7211096325244077e-06
0.02662445442268936
2.7209156855442882e-06
0.018459601228034944
2.7208032636055815e-06
0.018697010455904044
2.720791817402551e-06
0.06413535186128612
2.7207465630423945e-06
0.06176148347091327
2.6708997885446814e-06
0.02618410247899381
2.643143102908133e-06
0.014485649845186055
2.643143102908133e-06
0.013429183863866271
2.6431415234636312e-06
0.07458093383047043
2.643678420640618e-06
0.10689573366585445
2.6406458721905444e-06
0.03599218365974018
2.6406458594365563e-06
0.016509219292773707
2.6406458577833153e-06
0.01818426596970893
2.6406458577833153e-06
0.03780886905182313
2.640567747365147e-06
0.09979187100439087
2.6405692758089523e-06
0.03494444788996419
2.6405578928464954e-06
0.020887576809803046
2.640559549229129e-06
0.019709055855357552
2.640555344289514e-06
0.036327186331700616
2.640555344270066e-06
0.10479458518139402
2.6405553442587033e-06
0.03761593090007188
2.640555344254512e-06
0.012069315797959699
2.6405553020837754e-06
0.02235291183402056
2.6405553020822008e-06
0.03701291179401794
2.6405553020764803e-06
0.06472013329816073
2.640555302076075e-06
0.05389338337762536
2.6405553020752826e-06
0.021341632879224005
2.640555302075261e-06
0.01183353518326482
2.640555302075245e-06
0.0325371279115702
2.6405553020752263e-06
0.08975885641108006
2.6405553020194792e-06
0.09309641472810556
2.640555302019255e-06
0.023489835102544813
2.640555301999859e-06
0.020088114034602964
2.640555301999924e-06
0.048494133301844385
2.640555301995526e-06
0.04367640176208953
2.6405553019954964e-06
0.0835383890680114
2.640555301994736e-06
0.04257558720557077
2.6405553019947366e-06
0.017021377322640873
2.640555301994565e-06
0.018498421678457333
2.640555301994564e-06
0.03781220630797184
2.640555301994543e-06
0.06489246968299603
2.6405553019945727e-06
0.05528473204350072
2.640555301994546e-06
0.029417236241782784
2.6405553019944956e-06
0.040238451174226135
2.6405553019944956e-06
0.05367761238233396
2.640555301994495e-06
0.052434339173409596
2.6405553019944956e-06
0.08974891972243887
2.640555301994473e-06
0.005964761063134413
2.640555301994473e-06
0.022089040175678986
2.6405553019944507e-06
0.03720050046822751
2.6405553019944507e-06
0.026580531492552375
2.6405553019944537e-06
0.0658537044796073
2.6405553019944507e-06
0.022134365996570864
2.640555301994479e-06
0.0061362091039637474
2.64055530199445e-06
0.07161325166145681
2.6405553019944537e-06
0.04514237455878122
2.640555301994478e-06
0.06258008339022166
2.640555301994383e-06
0.03987405665120041
2.640555301994383e-06
0.013995626375577884
2.640555301994383e-06
0.04596112902983893
2.640555301994383e-06
0.05349958162915077
2.640555301994383e-06
0.029775541276143843
2.6405553019943804e-06
0.04388668835174248
2.6405553019943863e-06
0.01212697257209478
2.6405553019943838e-06
0.06373326394897172
2.640555301994382e-06
0.052508004654907715
2.640555301994354e-06
0.040219572470755936
2.6405553019943584e-06
0.07935665705714064
2.6405553019943554e-06
0.02386600792714036
2.6405553019943563e-06
0.046729349338431446
2.640555301994356e-06
0.06473192717400526
2.6405553019942834e-06
0.03886005487586774
2.640555301994285e-06
0.05882880714774267
2.6405553019942826e-06
0.03764898628669552
2.6405553019942834e-06
0.0350705861132279
2.6405553019942398e-06
0.08900609869904338
2.6405553019942605e-06
0.026345845402489177
2.640555301994219e-06
0.03643682817904479
2.6405553019942233e-06
0.02727960252256667
2.640555301994224e-06
0.03877124184719915
2.6405553019942224e-06
0.052819525828300816
2.6405553019941326e-06
0.07793592778175638
2.640555301994133e-06
0.031187036136593474
2.6405553019941106e-06
0.04262056818327996
2.6405553019941106e-06
0.05360199964556706
2.640555301994114e-06
0.03149802810445637
2.6405553019941055e-06
0.055035778183267645
2.6405553019941055e-06
0.05527539076805013
2.6405553019941055e-06
0.03301197523594405
2.640555301994104e-06
0.04078654680077771
2.640555301994104e-06
0.0217828657722177
2.640555301994104e-06
0.03863256081843995
2.640555301994154e-06
0.07547699964529198
2.640555301994103e-06
0.026310231933965554
2.64055530199415e-06
0.04106701708849182
2.640555301994101e-06
0.03160830109551835
2.64055530199415e-06
0.03398873451556196
2.640555301994101e-06
0.08531892506222424
2.640555301994101e-06
0.05650979439776443
2.6405553019940517e-06
0.037389617773105184
2.640555301994053e-06
0.025474106986333483
2.6405553019940526e-06
0.004697340285417887
2.6405553019940534e-06
0.08792955120689774
2.6405553019940526e-06
0.045062082775717834
2.6405553019940496e-06
0.04362209896170534
2.6405553019940484e-06
0.015864968861069847
2.6405553019940484e-06
0.022628692347603348
2.6405553019940484e-06
0.05013965010642846
2.6405553019940484e-06
0.06090384792683257
2.6405553019940484e-06
0.03915241641759361
2.6405553019940484e-06
0.02288525961200767
2.6405553019940484e-06
0.01097895790682634
2.6405553019940484e-06
0.040552429963142254
2.6405553019940484e-06
0.03577074032958207
2.6405553019940484e-06
0.0211040822354252
2.624971464291267e-06
0.050581982884539765
2.623863433105741e-06
0.023737729627885396
2.623863433105739e-06
0.03736064080317576
2.6237318038705583e-06
0.08550206127186535
2.6237318038705583e-06
0.02770961846850981
2.6237318038705583e-06
0.041394861219304066
2.623731485066275e-06
0.001361303981513316
2.623731485066271e-06
0.018617599010545608
2.62373148506627e-06
0.0439650532197908
2.623731485066268e-06
0.051214793874151926
2.623731485066268e-06
0.039796255370166324
2.623731485066268e-06
0.04414445698486363
2.623730861203603e-06
0.04361021709310027
2.623730861203603e-06
0.06388367260967985
2.623730861203603e-06
0.04081699676437729
2.623730861203603e-06
0.07380627399741048
2.623730861203606e-06
0.00950895379488625
2.623730861203604e-06
0.032316097253275056
2.6220219086106433e-06
0.01797989441671297
2.622021911042463e-06
0.038082982160385755
2.6220219054612317e-06
0.061043362657712576
2.6220219048255733e-06
0.007333887524507699
2.622021903143594e-06
0.011476013884671775
2.622021903143594e-06
0.021075369246609913
2.6220219031435945e-06
0.03942064281366402
2.6220205579505293e-06
0.042834173066976663
2.622020397778968e-06
0.01908824097985418
2.622020296227084e-06
0.00349263605442828
2.6220202473335246e-06
0.026166037808311112
2.622019820347849e-06
0.03176951264857977
2.622019820347849e-06
0.04142477709347266
2.622019820347849e-06
0.0616884912926449
2.622019820347849e-06
0.007474546021367211
2.6220198040087222e-06
0.017496695443138137
2.6220198040087222e-06
0.04148356495937929
2.6220198040087222e-06
0.034512063787946995
2.622019804008567e-06
0.07746144928506767
2.622019804008497e-06
0.008876349211202962
2.622019804008497e-06
0.017466519998904317
2.6220198040084994e-06
0.06132446274302014
2.622019804008494e-06
0.04956787855919846
2.622019804008496e-06
0.06395960657365547
2.622019804008496e-06
0.02925059791085733
2.6220198040084944e-06
0.014402333631265814
2.6220198040084944e-06
0.04277848903006517
2.6220198040084944e-06
0.0587301570913145
2.622019804008494e-06
0.051783102531936055
2.6220198040084956e-06
0.047048644244189836
2.6220198040084935e-06
0.007684020688309504
2.6220198040084935e-06
0.020845814961841964
2.622019804008496e-06
0.03537605674353945
2.622019804008496e-06
0.06273792407336617
2.622019804008496e-06
0.053632805785917996
2.6220198040084956e-06
0.012928970710988537
2.622019804008496e-06
0.015195557440666687
2.6220198040084906e-06
0.05477312251296037
2.6220198040084897e-06
0.02236038833895287
2.6220198040084897e-06
0.09178560595486736
2.6220198040084897e-06
0.027886922281720523
2.6220198040084897e-06
0.033556607231040175
2.622019804008487e-06
0.04766113869625721
2.6220198040084863e-06
0.07647254832537262
2.6220198040084863e-06
0.11667382950137796
2.6220198040084863e-06
0.063029188180707
2.6220198040084863e-06
0.027619229465124462
2.6220198040084863e-06
0.031111543554595493
2.622019804008486e-06
0.01237683919685751
2.622019804008486e-06
0.020616517101744652
2.622019804008486e-06
0.08851410096158148
2.622019804008486e-06
0.018978996062380665
2.622019804008486e-06
0.03400439910077329
2.622019804008486e-06
0.043555754357045284
2.622019804008486e-06
0.012244462632246076
2.622019804008486e-06
0.043152265486488414
2.622019804008486e-06
0.016796420458902762
2.622019804008486e-06
0.046880850892023325
2.622019804008486e-06
0.04916222767576269
2.622019804008486e-06
0.022098968701846553
2.622019804008488e-06
0.031956118096245205
2.622019804008487e-06
0.061691140137197835
2.6220198040084846e-06
0.031209234178623108
2.6220198040084855e-06
0.041907025469531005
2.6220198040084838e-06
0.015607200242086908
2.622019804008484e-06
0.030061853008744945
2.6220198040084804e-06
0.036955116151232356
2.6220198040084804e-06
0.015006935700551047
2.6220198040084804e-06
0.03534064420126155
2.6220198040084804e-06
0.015665876758557604
2.6220198040084804e-06
0.03633346425445454
2.6220198040084804e-06
0.031631109403128244
2.6220198040084804e-06
0.011964446269133984
2.6220198040084804e-06
0.030078078092840667
2.6220198040084804e-06
0.05519943100590516
2.6220198040084804e-06
0.016245693833463005
2.6220198040084804e-06
0.03163516752597904
2.6220198040084804e-06
0.011253348231557984
2.5969723982696503e-06
0.06440356561509102
2.6006461478415865e-06
0.04763476370853232
2.5967279123770386e-06
0.037110262869851196
2.5967279123770348e-06
0.03123208391362147
2.5967279123770348e-06
0.016121157110743422
2.5965280084168304e-06
0.013786475957780042
2.5964456334297007e-06
0.05711101062690111
2.596426044859882e-06
0.04860124863704591
2.596090305869454e-06
0.04343237024615309
2.596079630402918e-06
0.025355134177717686
2.5960505400957865e-06
0.021786509505814095
2.596050540095785e-06
0.032064477038236464
2.5960440986227106e-06
0.03585515140920993
2.5960421761662153e-06
0.028384946297941326
2.5960416747729417e-06
0.046997787521983934
2.5960413809411844e-06
0.017296673215859808
2.5960304905434378e-06
0.03249902761709897
2.596030084683166e-06
0.01837538619379853
2.596029741449792e-06
0.04953159020000689
2.596029741449792e-06
0.020499096332051416
2.5960297291707707e-06
0.030055508461587933
2.5960296897735272e-06
0.022402706328281525
2.5960274942965274e-06
0.020497013239985488
2.596027342629297e-06
0.025599668511329665
2.5960273287471896e-06
0.023320291856006092
2.596027326565485e-06
0.016583894091464813
2.596027321214635e-06
0.07476326750902568
2.5928807472118894e-06
0.029540270885384714
2.5927668600938225e-06
0.037584638483047675
2.5927668596628335e-06
0.02339893679173446
2.5927668594602863e-06
0.02841498921225058
2.592766599960685e-06
0.0478376915996384
2.5926890434430456e-06
0.040860668190798505
2.5926890434430456e-06
0.013224859560551003
2.592689043441393e-06
0.0319563635614988
2.5926886577852436e-06
0.034884607588682615
2.5926852214890207e-06
0.01808577316996156
2.5926836946379354e-06
0.04531927088423423
2.5926821252085633e-06
0.015129245237610287
2.5926816671454337e-06
0.04131752075773567
2.592680192420848e-06
0.07214601243115433
2.5926794306672285e-06
0.023610581928991882
2.5926793583589396e-06
0.05352172478382898
2.592679220295808e-06
0.030302464566856223
2.592679094683198e-06
0.02905149434323896
2.592679068264344e-06
0.03676963626665413
2.5926790682643455e-06
0.037532908447175585
2.5926790682643455e-06
0.018060063415780075
2.5926790682643455e-06
0.03484916969565267
2.5926790574952258e-06
0.03526487813778366
2.5926790540274644e-06
0.016285113897546215
2.5926790503270096e-06
0.09701529900625741
2.5926790503270096e-06
0.03431997225817577
2.592679042894326e-06
0.020515698983841354
2.5926790428943242e-06
0.03543171335479435
2.5926790409728736e-06
0.02678756390430224
2.5926790409728736e-06
0.07866062099905824
2.592679037904505e-06
0.04506042403416743
2.592679037904505e-06
0.023126372730660795
2.592679035352926e-06
0.042826299189153004
2.592679035352926e-06
0.030875636247468145
2.5400285374038466e-06
0.08810368564223996
2.5926213794832176e-06
0.03255303808434438
2.5072966822824496e-06
0.02452934158727403
2.5072951328395658e-06
0.06159516762273787
2.507295132839426e-06
0.06093062845587242
2.5072951328240456e-06
0.0860499553020397
2.5032698604459126e-06
0.06133989651901794
2.5035602124485096e-06
0.010772005313347996
2.502853405866553e-06
0.019615461547149143
2.502853405473205e-06
0.050951008646205
2.5028534054687993e-06
0.03836852527031132
2.5028534054682577e-06
0.06279439894160564
2.5028076004529005e-06
0.020359789227563502
2.5028076004529005e-06
0.031944269089765005
2.5028076004529005e-06
0.06251976866878456
2.502807600451912e-06
0.05782456813995543
2.502807600451499e-06
0.06567218360064722
2.502807429698717e-06
0.0242720517596988
2.502806994858171e-06
0.02853326942314113
2.502806960832508e-06
0.07258676205706341
2.5028069608325015e-06
0.06638131803637697
2.5028069608324583e-06
0.0736947767159769
2.5028069597186413e-06
0.021666558459586406
2.5028069597186375e-06
0.029272748399679725
2.502806958956661e-06
0.09355048972566386
1.6888511450286e-06
0.13129981446665148
9.288014124794386e-07
0.0699931509674099
8.949683878618292e-07
0.009997148738898213
8.934160749230064e-07
0.02513165404209417
8.928862593525208e-07
0.054156923110565296
8.928862593524166e-07
0.10239406080347627
8.926536316511929e-07
0.09363264358109646
8.926355997866534e-07
0.04642705465662145
8.923896581510913e-07
0.023521525446519403
8.923087807739628e-07
0.08972322655579855
8.923056761773114e-07
0.06745622919729376
8.923027849392748e-07
0.0701466209711225
8.923023170175253e-07
0.0572065608684378
8.923023170173783e-07
0.031098574765627968
8.923023170173783e-07
0.039025253572893576
8.923023170173783e-07
0.08609617125671781
8.923021780152448e-07
0.04850247588388626
8.923021780152448e-07
0.05391214685775985
8.923021525349079e-07
0.0760606653628623
8.923021525349079e-07
0.03781507925593795
8.923021423994088e-07
0.07013649097302822
8.923021423994088e-07
0.04302760661171183
8.923021423994088e-07
0.0426210351309787
8.923021423994088e-07
0.06527329754774704
8.923021423994088e-07
0.02469220875080957
8.923021423994088e-07
0.05659343080083194
8.923021418097721e-07
0.026963232349310785
8.923021412397648e-07
0.06374039832856222
8.923021400063659e-07
0.05084557426166574
8.923021398764082e-07
0.023172756822634633
8.92302139725107e-07
0.07692826132689301
8.923021397228656e-07
0.08537234925852456
8.923021394725936e-07
0.046879299828289894
8.923021394250746e-07
0.06210660858591403
8.92302139408101e-07
0.03735489535940125
8.923021394079698e-07
0.08909895665014787
8.923021393442627e-07
0.06977687665439311
8.923021393323017e-07
0.04117023208187065
8.92302139331337e-07
0.03190740914537882
8.92302139331204e-07
0.03846870058633855
8.923021393310611e-07
0.1378725762421829
8.923021393311924e-07
0.09792056765605012
8.923021393283559e-07
0.052254877769879464
8.923021393284874e-07
0.048643852726664716
8.923021393265993e-07
0.012554533239749739
8.923021393265957e-07
0.121685862855218
8.923021393265445e-07
0.10119797494732989
8.923021393265449e-07
0.05739414721127451
8.923021393263828e-07
0.027813880047718946
8.923021393265141e-07
0.02385602184256975
8.923021393265669e-07
0.053583085873696784
8.923021393265141e-07
0.13402891199747038
8.923021393264083e-07
0.11383025044339863
8.923021393264932e-07
0.033387178551560974
8.923021393265195e-07
0.02707723007355621
8.923021393263796e-07
0.007868242337438498
8.923021393264901e-07
0.09795700958398763
8.923021393264853e-07
0.10956318772357927
8.92302139326341e-07
0.06935091227085816
8.923021393264674e-07
0.02047282612180194
8.923021393264148e-07
0.014095118103226814
8.92302139326343e-07
0.0650769547352505
8.923021393265044e-07
0.12850809856855885
8.92302139326343e-07
0.10280599070073078
8.923021393264883e-07
0.011895593338456682
8.923021393264975e-07
0.021433689471455974
8.923021393264581e-07
0.1065746413524374
8.923021393264812e-07
0.12345280441212188
8.923021393263147e-07
0.08747316715533036
8.92302139326446e-07
0.04634722844154461
8.923021393264312e-07
0.017626244169176485
8.923021393263941e-07
0.034218087241913
8.923021393264366e-07
0.13582629989836284
8.923021393263504e-07
0.07411540244509948
8.923021393264328e-07
0.02273927039263314
8.923021393262165e-07
0.023106009887077426
8.923021393260821e-07
0.06581092488484917
8.923021393260821e-07
0.1528888775732988
8.923021393259813e-07
0.08954452498945228
8.923021393260821e-07
0.04225035127196594
8.923021393259813e-07
0.0153218130583714
8.923021393260889e-07
0.038591322739464515
8.923021393258316e-07
0.11033611794112534
8.92302139325963e-07
0.14863235350927534
8.923021393260111e-07
0.061502641679532184
8.923021393258242e-07
0.02799182128918837
8.923021393257816e-07
0.017020012622067537
8.923021393257816e-07
0.06337754393036325
8.923021393255916e-07
0.09630566823660666
8.923021393255857e-07
0.13043261293397976
8.923021393255637e-07
0.04671184523875056
8.923021393255637e-07
0.01577237880697939
8.923021393254625e-07
0.04097718427438129
8.923021393255628e-07
0.09009554936667401
8.923021393254361e-07
0.07920983317732577
8.923021393255671e-07
0.06165806936332552
8.923021393254369e-07
0.0328453583880369
8.923021393255457e-07
0.057718660983636656
8.923021393254408e-07
0.0809377359357096
8.923021393255133e-07
0.09496342984265908
8.923021393254339e-07
0.04633528000639882
8.923021393253299e-07
0.03817028279100141
8.923021393253604e-07
0.04977518728654903
8.923021393254691e-07
0.06521919046911359
8.923021393253411e-07
0.10031537993419948
8.923021393254243e-07
0.08080340438574324
8.923021393252856e-07
0.0579919230467105
8.923021393252585e-07
0.036112133295599
8.923021393251366e-07
0.05086758776184572
8.923021393252287e-07
0.06300748577268198
8.92302139325087e-07
0.06360314387278178
8.923021393252185e-07
0.08277193724974731
8.923021393252169e-07
0.03129946452816327
8.923021393250864e-07
0.05636358786566392
8.923021393252181e-07
0.073669765540317
8.92302139325216e-07
0.027138012262212286
8.92302139325231e-07
0.09615205202998744
8.923021393252153e-07
0.04934136261463594
8.923021393250839e-07
0.03977418704359324
8.923021393252116e-07
0.08830804743815661
8.923021393250794e-07
0.0598405013123786
8.923021393252056e-07
0.04882478736136431
8.923021393249354e-07
0.04973610678213082
8.923021393249085e-07
0.015694711229335124
8.923021393247747e-07
0.06493372017556749
8.923021393248578e-07
0.0890084606979185
8.923021393248578e-07
0.03370428263124745
8.923021393248609e-07
0.07075655708780813
8.923021393248826e-07
0.04346362368611249
8.923021393248718e-07
0.07236684653942517
8.923021393248746e-07
0.07894597434024787
8.923021393248718e-07
0.06389041319615643
8.92302139324891e-07
0.04144937270851369
8.923021393248568e-07
0.023613306172604123
8.888841204089091e-07
0.06501954023203602
8.923021393247364e-07
0.029993675779118965
8.895736407343451e-07
0.08195684188876856
8.895736407343397e-07
0.10619855863371958
8.890126393141527e-07
0.02719447049045352
8.890126393141776e-07
0.033976314692261624
8.889336006726912e-07
0.04103397395624581
8.889336006726884e-07
0.08079050512863709
8.888922125308792e-07
0.061970782751749984
8.888922125307478e-07
0.10296425617266602
8.888851921422178e-07
0.030428171188079656
8.888851921422178e-07
0.05601696306452411
8.888841099933039e-07
0.04313365182409429
8.888841099931791e-07
0.04906998175139983
8.888841099931034e-07
0.0921265428764338
8.888841099931792e-07
0.03451659594298753
8.888841099930997e-07
0.04130240967183562
5.147944576968974e-07
0.03811473270111368
3.828388567133482e-07
0.02789018625855274
3.6855240741965474e-07
0.1267272879428352
3.684116427411504e-07
0.03417088014018454
3.6841164274114846e-07
0.029261124980483784
3.681321104412011e-07
0.061989818042113856
3.6813211044119943e-07
0.06336713845172727
3.6813211044119943e-07
0.09180926432100657
3.6813211044119943e-07
0.06205850074402453
3.6810897512446664e-07
0.03607904429237936
3.6810897512472403e-07
0.06037647180122582
3.6802130664347246e-07
0.05378387806780687
3.6802130664347246e-07
0.07980190068889656
3.6802130664347246e-07
0.05628242452116902
3.6802130664346886e-07
0.05942689028670617
3.6802130664346886e-07
0.058419160777182386
3.6802130664346886e-07
0.0715131063904564
3.680210883628356e-07
0.04075390598106538
3.6802108836309275e-07
0.10776266082814669
3.68021088362634e-07
0.10162866319062262
3.68021088362634e-07
0.0422705753192681
3.680210856176113e-07
0.07205798042670426
3.680210856176113e-07
0.08302876653052396
3.680210775230927e-07
0.05514609072274041
3.680210775230927e-07
0.11231317458438199
3.680210775230927e-07
0.059708599056801384
3.680210775230927e-07
0.0204665518394112
3.680210775230927e-07
0.08001761673470122
3.680210775230927e-07
0.078331106363633
3.680210775230927e-07
0.10169884301980453
3.680210775230927e-07
0.051353437971357524
3.680210775230927e-07
0.024081968752604203
3.680210775230927e-07
0.06670421600921037
3.680210775230927e-07
0.06816611189020312
3.680210775230927e-07
0.06984136773892129
3.680210775230927e-07
0.06641755298323489
3.680210775230927e-07
0.007361422718909842
3.680210775230927e-07
0.04552034884052552
3.680210775230927e-07
0.027297969413162863
3.680210775230927e-07
0.07319796017218916
3.680210775230927e-07
0.06389551496314197
3.680210775230953e-07
0.013210690310556147
3.680210775230949e-07
0.037657898579200946
3.6802107752309226e-07
0.055967324792333434
3.6802107752309126e-07
0.005554675083311038
3.6802107752309126e-07
0.05390128110282585
3.6802107752308993e-07
0.02585088097617556
3.6802107752308993e-07
0.031942819338119335
3.6802107752308993e-07
0.07332395342957951
3.680210775230885e-07
0.03012148044987999
3.680210775230885e-07
0.026379633699037276
3.5633053299313844e-07
0.054271215384719795
3.433988758811536e-07
0.015305320473637047
3.433988758811525e-07
0.04804209647692329
3.433988758811488e-07
0.056153927794290064
3.433988758811488e-07
0.013050819454649705
3.433988758811487e-07
0.052593607153818216
3.433988758811487e-07
0.00751430406326576
3.433988758811448e-07
0.04807305821243065
3.433988758811448e-07
0.043000533562759076
3.433988758811448e-07
0.02582058170383801
3.433988758811448e-07
0.0782310276769344
3.433988758811417e-07
0.004605371831075577
3.433988758811417e-07
0.06779595612081364
3.433988758811417e-07
0.051108977994252215
3.424490406606964e-07
0.038524094977980726
3.4234315367402476e-07
0.038232464315379876
3.42264212956686e-07
0.02486979672223518
3.4225525510925056e-07
0.048874852338697164
3.4221996306900664e-07
0.040901429262743136
3.422141583282523e-07
0.043873681868608655
3.422133254979667e-07
0.07791228656464166
3.4220864923189117e-07
0.043300452137786424
3.422086492318887e-07
0.045909430499158584
3.4220835756186963e-07
0.0662043580662045
3.4220835756186963e-07
0.0475326444375745
3.4220835756186566e-07
0.07394454360501052
3.422083575618678e-07
0.051986781926603026
3.4220835425444907e-07
0.03308941867550696
3.4220835429700676e-07
0.08688284678899104
3.422083541559447e-07
0.04043447667949985
3.422083541558812e-07
0.06960551028156413
3.4220834183388023e-07
0.05353053348729416
3.4220834183387393e-07
0.04015119185627783
3.415304774002729e-07
0.07332435844567031
3.416645837089677e-07
0.05204006027388048
3.4158784501161144e-07
0.04811284768936543
3.4156510929607973e-07
0.057705390083357296
3.4152519177455264e-07
0.030683767669048026
3.4152234699785536e-07
0.07295149828883822
3.415223469978543e-07
0.0456924396741858
3.415223469978543e-07
0.04354548773120593
3.415223469938896e-07
0.04418048825126957
3.415223469930614e-07
0.03824961960140921
3.41522043209284e-07
0.053179132071411096
3.415220285320262e-07
0.06934911694971534
3.4152202814371084e-07
0.04315992242809834
3.415220271237195e-07
0.07377121079874976
3.4152202712045867e-07
0.049256508391443805
3.41522023197761e-07
0.03608640101005108
3.4152202344908764e-07
0.04661663037783998
3.415220227103674e-07
0.042080079597218455
3.415220227103674e-07
0.041146311933403706
3.415220227103674e-07
0.05646479163068456
3.4152202271036617e-07
0.03933156824288238
3.4152202259616993e-07
0.03991990338835301
3.4152202259613155e-07
0.045799828610414005
3.4152202259613155e-07
0.05888825723769198
3.4152202259607813e-07
0.047947932642908565
3.4152202259607464e-07
0.025734750658825148
3.4152202259607464e-07
0.04752415231334535
3.4152202259607464e-07
0.0425343823268121
3.4152202259607464e-07
0.020753169883008057
3.415220225948472e-07
0.046574908117675694
3.415220225948472e-07
0.028082099819593816
3.415220225948472e-07
0.030449924607148866
3.4152202259484443e-07
0.04748127295559419
3.415220225943795e-07
0.05532583003750813
3.4152202259432123e-07
0.02362351774104476
3.4152202259416553e-07
0.04688403611909409
3.415220225941651e-07
0.04115679433136768
3.415220225941395e-07
0.03497663139527815
3.415220225941395e-07
0.03445002480725788
3.415220225941362e-07
0.028687806902387047
3.415220225941362e-07
0.032637994574437966
3.415220225941362e-07
0.02937939758587981
3.415220225941362e-07
0.019118857484039523
3.415220225941362e-07
0.053931309816518606
3.415220225941362e-07
0.028982402055001848
3.415220225941362e-07
0.030355781252867378
3.415220225941354e-07
0.030831400781250337
3.415220225941354e-07
0.02498336695646611
3.415220225941354e-07
0.06417474307976241
3.415220225941354e-07
0.024342143477550367
3.415220225941354e-07
0.017077430244530397
3.392738454388733e-07
0.029359356486621593
3.3539340448727947e-07
0.022362287251730548
3.353822205973977e-07
0.06049049428196531
3.3538222059739183e-07
0.03417552216182614
3.3501489378895496e-07
0.02705652603909982
3.349646030392688e-07
0.019252662029746844
3.3496403405240556e-07
0.021400817085422137
3.349571194284245e-07
0.031202642419296038
3.349494416198283e-07
0.04775748424244715
3.349503371078986e-07
0.015168343990711401
3.349472065155103e-07
0.010827942408090064
3.349472065155103e-07
0.04324774253720469
3.3494679103181114e-07
0.053988083519415614
3.349459904053764e-07
0.0770856097307712
3.349447828567996e-07
0.011132658982942422
3.3494448582098787e-07
0.021833399104624302
3.3494429924730015e-07
0.026001871773704877
3.3494420062358883e-07
0.06537006932093939
3.3494418255565333e-07
0.07417526106501862
3.349441432999738e-07
0.02471072594370517
3.349440309924283e-07
0.024281818338049203
3.34944000934337e-07
0.006129313471690661
3.3494393566597546e-07
0.08432895984397917
3.349439312069109e-07
0.06369427231363159
3.349439093232443e-07
0.0677788047867195
3.3494389889188886e-07
0.019801800704903266
3.3494387265481965e-07
0.020746898925989424
3.3494387265481615e-07
0.06494506065963326
3.3494387265481615e-07
0.08454679321983896
3.3494387265481615e-07
0.048310240099253936
3.349438700398269e-07
0.041190919534770026
3.349438699479927e-07
0.021089799587797286
3.349438687081272e-07
0.04822907607768255
3.349438685916252e-07
0.06926987564071813
3.3494386833063376e-07
0.07414422606915771
3.3494386798250206e-07
0.045975037944449335
3.349438672696374e-07
0.01860618054008772
3.3494386726963653e-07
0.017176931846441774
3.349438670321869e-07
0.05850692350831482
3.349438669409857e-07
0.09785406301124842
3.349438669409857e-07
0.050846295066782836
3.349438669409857e-07
0.029423198985176438
3.3494386689358784e-07
0.010653714897024767
3.3494386687717e-07
0.0281564937431938
3.349438668542729e-07
0.0639989563950331
3.349438668542729e-07
0.04393421752875549
3.3494386685091337e-07
0.01699904856481085
3.349438668500805e-07
0.014044642151935547
3.349438668500059e-07
0.013532061175469744
3.349438668500054e-07
0.07620558872813885
3.349438668500054e-07
0.04380017786166508
3.349438668500014e-07
0.028501733893953815
3.349438668500014e-07
0.009822415282973429
3.349438668500014e-07
0.017474211022895637
3.349438668500014e-07
0.03570673276790771
3.349438668499751e-07
0.09110956166300137
3.3494386684997395e-07
0.037389975768802736
3.3494386684997353e-07
0.0107235775301092
3.349438668499718e-07
0.026889458004513176
3.3494386684996935e-07
0.032889244564378174
3.3494386684996935e-07
0.07396286399027877
3.3494386684996935e-07
0.021164425984558574
3.3494386684996914e-07
0.016581953127285002
3.3494386684996914e-07
0.017094039676696194
3.3494386684996914e-07
0.020265298879910944
3.349438668499664e-07
0.08044013178762666
3.349438668499664e-07
0.05658241102301348
3.349438668499664e-07
0.014494204924582012
3.349438668499664e-07
0.008171334849833583
3.324761001033395e-07
0.03714673105975178
3.3052411539683326e-07
0.04014644040464751
3.304666117255885e-07
0.04423869012461503
3.304666117255885e-07
0.02104082790824994
3.304666117255885e-07
0.00988094513022724
3.304666117255885e-07
0.04233594446313206
3.304666117255885e-07
0.06302152902029126
3.304666117255885e-07
0.04958623562936322
3.304666117255885e-07
0.025555618520724275
3.304666117255885e-07
0.00859246466240623
3.304666117255883e-07
0.02448377715897512
3.304666049982129e-07
0.02196206533350073
3.304666117255871e-07
0.03217229181954209
3.304598513113009e-07
0.025862938690297273
3.3045985131129673e-07
0.017354196907338387
3.3045985131129673e-07
0.010854682073457172
3.304599121258299e-07
0.03158655878596268
3.3045969649685726e-07
0.03997154044081825
3.3045969649685726e-07
0.06294748207014564
3.3045969649685726e-07
0.028964879829363105
3.3045969649685663e-07
0.006482293899197011
3.3045969649685663e-07
0.024026065960156148
3.3045969649685663e-07
0.04800326687983097
3.3045969649685663e-07
0.05952864364414254
3.304596875661133e-07
0.02470910476355879
3.304596863781185e-07
0.01902673678503805
3.3045968637811777e-07
0.007814571828656709
3.3045968580962594e-07
0.028437751940103864
3.3045968580961794e-07
0.05480535276475453
3.3045968578763013e-07
0.03898210383804877
3.3045968577248354e-07
0.01216472105300792
3.304596857724833e-07
0.024982353093136605
3.304596857724828e-07
0.0308504682655534
3.304596857060883e-07
0.04704980490541241
3.304596857060846e-07
0.05135926088770481
3.3045968570003803e-07
0.011527815492649168
3.3045968569998314e-07
0.010939120381477986
3.3045968569998314e-07
0.014765064790031377
3.3045968569704224e-07
0.05657372242169841
3.304596856940639e-07
0.04515966510518861
3.304596856928382e-07
0.012292996042854824
3.3045968569282274e-07
0.018858290883112618
3.304596856924371e-07
0.024891731072271515
3.3045968569234263e-07
0.06532003202862474
3.3045968569227514e-07
0.06323282782019322
3.304596856922726e-07
0.01768271242709287
3.3045968569225094e-07
0.00618654928301876
3.3045968569224427e-07
0.010504688216438421
3.304596856922265e-07
0.04952797314536001
3.304596856922265e-07
0.0574980791553073
3.3045968569222627e-07
0.022023953005357696
3.3045968569222553e-07
0.007586018365312944
3.304596856922251e-07
0.030525583165226754
3.304596856922251e-07
0.05492107812325091
3.3045968569222315e-07
0.06882934531372069
3.3045968569222315e-07
0.02786999864569163
3.3045968569222315e-07
0.004772300711641512
3.304596856921774e-07
0.014537766175289053
3.3045968569222315e-07
0.033464051893669695
3.304596856922104e-07
0.04382417024989857
3.304596856922104e-07
0.031582702928039635
3.3045968569219154e-07
0.010281960910446256
3.3045968569217905e-07
0.017490280400655166
3.304596856921619e-07
0.04679643815325325
3.3045968569215745e-07
0.04065354298857077
3.3045968569215745e-07
0.047058247613759326
3.3045968569215655e-07
0.00779810293265979
3.3045968569215655e-07
0.009792151892929927
3.3045968569215724e-07
0.020333580266356725
3.30459685692157e-07
0.04198185255616333
3.3045968569215406e-07
0.06074113015622695
3.3045968569215406e-07
0.029023722978637326
3.3045968569215316e-07
0.005009985304240355
3.3045968569215316e-07
0.007677882620664649
3.304596856921523e-07
0.0507491180826119
3.304596856921523e-07
0.02802391436353659
3.3045968569215195e-07
0.04070368658374579
3.3045968569215195e-07
0.01746825404328342
3.3045968569215195e-07
0.007956096611114877
3.3045968569215195e-07
0.052593075803598614
3.304596856921509e-07
0.04211120604188763
3.304596856921499e-07
0.03459980864264718
3.3045968569214967e-07
0.03999943904848697
3.3045968569214967e-07
0.01329642056696369
3.3045968569214967e-07
0.013339010440712019
3.3045968569214967e-07
0.06677207760314793
3.302569580437425e-07
0.05029029199642512
3.3012121290704136e-07
0.02952419161970565
3.3012121290704136e-07
0.012813115602636857
3.301212129070401e-07
0.018090602305786067
3.3012121290703813e-07
0.07937054451741861
3.3012121290703813e-07
0.06452473559801339
3.3012121290703745e-07
0.040488708925464564
3.3012121290703745e-07
0.026950506755931667
3.3012121290703745e-07
0.01269161327738982
3.3012117812564445e-07
0.05728001731130339
3.284848825700131e-07
0.11386534676756178
3.2807376216571574e-07
0.03208464792526456
3.2807376216571574e-07
0.026526544626257337
3.2805700447844786e-07
0.015815807044903804
3.2805700447844357e-07
0.027693195950433958
3.280570030546244e-07
0.0560270085840024
3.280570030546244e-07
0.044306918921182284
3.2805700305462396e-07
0.02934299365362297
3.2805700305462396e-07
0.030466793519200938
3.280570030546237e-07
0.008257710947937197
3.280570030546183e-07
0.0968181425750776
3.280570030546183e-07
0.048305341477777514
3.280570030546183e-07
0.03014549528171181
3.2805700304981054e-07
0.022625064011781146
3.2805700304981054e-07
0.008286301872612364
3.2805700304981054e-07
0.0709803416675445
3.280570030498043e-07
0.09040728205661218
3.280570025795584e-07
0.055428054668497616
3.280570025795584e-07
0.023225453281661666
3.2805700255165077e-07
0.02608949979903455
3.2805700255163965e-07
0.029122192669262935
3.2805700254741285e-07
0.05698867236752937
3.280570025427306e-07
0.0527484202208824
3.280570025427306e-07
0.039993002455964245
3.2805700254272606e-07
0.08439277186645332
3.262279313996233e-07
0.005273646467959677
3.267952000855881e-07
0.05543247431624501
3.2527447767881246e-07
0.05559905161603007
3.252744776788038e-07
0.028915933044295933
3.243683322855926e-07
0.07754575574288951
3.2418503256356974e-07
0.045582410462451955
3.239416006979831e-07
0.06418627946655484
3.2394160069798126e-07
0.11186489154791142
3.2388800385661594e-07
0.016759789439164285
3.2388800385661594e-07
0.04653376307016839
3.2386680194774685e-07
0.020485000291118893
3.238668019477467e-07
0.059847630477571155
3.238668019477467e-07
0.10933602691938292
3.2386680194774574e-07
0.05759089169376728
3.238667956908699e-07
0.02887835194201864
3.238667956908653e-07
0.04416973490561097
3.238667201516581e-07
0.013163954636283653
3.238667201516581e-07
0.07378073427930533
3.238667201516514e-07
0.06865621012421694
3.2386672015165105e-07
0.019726643175027633
3.2386672003896565e-07
0.03472847725444752
3.2386672003896565e-07
0.007017262103532393
3.23866718187797e-07
0.08656057453980305
3.238667181877979e-07
0.06276174604493427
3.238667181877494e-07
0.050697038167097204
3.2386671818773713e-07
0.022397247995089995
3.2386671776074555e-07
0.005098865298260415
3.238667177610436e-07
0.02993009477162951
3.23866717542584e-07
0.0750570515058926
3.238667175425832e-07
0.07515884478069165
3.2386671754256087e-07
0.021069262472371873
3.2386671754256087e-07
0.03317830493830777
3.23866717503028e-07
0.008831562070640609
3.238667175032118e-07
0.056009888828421416
3.238667174927138e-07
0.09642080736623072
3.238667174916394e-07
0.04049243946734284
2.921054103920809e-07
0.025215170237109782
2.657284984940247e-07
0.025078546570721158
2.604333477831215e-07
0.01118396861544238
2.604333477831215e-07
0.09452994359219109
2.6043334778302735e-07
0.06992139083996617
2.6041645857340066e-07
0.022027885149764802
2.6030894920612476e-07
0.005637359519350194
2.6030894920612015e-07
0.012740511825951458
2.6030894920610014e-07
0.03434192278983081
2.603089492060991e-07
0.08267000390888524
2.6030789388145744e-07
0.019595922865272973
2.6030789388145405e-07
0.012895400734112794
2.6030711928285904e-07
0.03740603864373167
2.6030711928285385e-07
0.012204859034673998
2.6030700612858365e-07
0.057172502018433845
2.603070061285837e-07
0.11001226878475613
2.6030700612858365e-07
0.013265037728084215
2.6030700612857714e-07
0.01644059171076815
2.6030700612854156e-07
0.007469363401555526
2.603070061285082e-07
0.08075925037292932
2.603070061285008e-07
0.1033755052665767
2.603070058896738e-07
0.03142629584865026
2.603070058896738e-07
0.03372185337994063
2.603070058896738e-07
0.010395837968746368
2.603070058896738e-07
0.03639270906096648
2.6030700588967277e-07
0.08381978311841477
2.60307005884003e-07
0.0263289612254205
2.60307005884003e-07
0.024814882591328632
2.60307005884003e-07
0.03573615789584869
2.60307005884003e-07
0.03085840874324665
2.60307005884003e-07
0.1219946369021921
2.60307005884003e-07
0.06078389284399498
2.6030700588354533e-07
0.014860158838608445
2.603070058835392e-07
0.02458960067857772
2.603070058835622e-07
0.04926011697366878
2.603070058835338e-07
0.04219631411558274
2.6030700588349583e-07
0.05481368468349699
2.603070058834838e-07
0.01657920152869677
2.603070058834393e-07
0.01613791167562837
2.6030700588342553e-07
0.04724969551705873
2.6030700588340446e-07
0.014149999112903095
2.6030700588340446e-07
0.024199278680102732
2.6030700588340446e-07
0.05722527509305392
2.603070058834161e-07
0.02203882781384103
2.6030700588342674e-07
0.01592469505339231
2.603070058833925e-07
0.030462888346165954
2.603070058833925e-07
0.045509086971786746
2.6030700588339075e-07
0.045087449889781535
2.6030700588339016e-07
0.02590355630745306
2.603070058833893e-07
0.06362831850811318
2.603070058833893e-07
0.009719850771053872
2.603070058833893e-07
0.007843116726904707
2.603070058833893e-07
0.053027196306159735
2.6030700588338593e-07
0.02166847019443438
2.6030700588338593e-07
0.053631974763827986
2.6030700588338593e-07
0.057663340865855305
2.6030700588339196e-07
0.030163697262390956
2.603070058833879e-07
0.012399312761733738
2.6030700588339435e-07
0.024517579004813522
2.603070058833634e-07
0.055742542447510354
2.6030700588336136e-07
0.017359569929547024
2.6030700588336136e-07
0.025806697910345316
2.6030700588336136e-07
0.016572364547475616
2.6030700588334215e-07
0.013450305231747789
2.6030700588334215e-07
0.0574681456610013
2.6030700588334215e-07
0.047079061525240176
2.6030700588334045e-07
0.020586718003810688
2.603070058833398e-07
0.020116997088533057
2.603070058833562e-07
0.03536559377168054
2.603070058833305e-07
0.03703098230334479
2.6030700588332706e-07
0.05989470507302787
2.6030700588332034e-07
0.019336533800349637
2.6030700588332785e-07
0.028581401695082435
2.6030700588329556e-07
0.03760440722879484
2.603070058833348e-07
0.03600217919318083
2.603070058832627e-07
0.04706101251270979
2.603070058832627e-07
0.030092920496667307
2.603070058832627e-07
0.011106382984222174
