124222186.2748971
123118270.7061684
117309036.9197116
111648078.98424841
106826905.27814183
102850981.38174137
99753947.25697407
97520343.21074237
96138562.82076758
95637132.88308285
95996162.47909774
97144193.87301637
99169789.7645301
102073581.143588
105849172.19667234
110552408.09118779
116149871.34286569
122717019.69453126
130247563.20235595
138757588.17694694
148266922.3122274
158797760.94485053
170375139.7983722
183026805.11022693
196783696.22970188
211679438.12710655
227750375.06713217
245035701.31447068
263577461.13381323
283420548.78985125
304612708.5472768
327204534.6707807
351249471.4250548
376803813.0747907
403926703.8846798
432680138.1194133
463128960.0436833
495340863.9221807
529386394.01959735
565338944.6006248
603274759.9299545
643272934.2722776
685415411.8922857
729786987.054671
776475304.0241245
825570857.0653373
877166990.4430013
931359898.4218081
988248625.266449
1047935065.2416162
1110523962.612
1176122911.6422923
1244842356.5971854
1316795591.7413697
1392098761.3395379
1470870859.65638
1553233730.956589
1639312069.5048552
1729233419.5658703
1823128175.404327
1921129581.284916
2023373731.472328
2129999570.231256
2241148891.8263893
2356966340.5224223
2477599410.584044
2603198446.275948
2733916641.862824
2869910041.6093645
3011337539.7802596
3158360880.6402035
3311144658.4538856
3469856317.485998
3634666152.001231
3805747306.2642794
3983275774.539831
4167430401.092578
4358392880.187215
4556347756.08843
4761482423.060916
4973987125.369365
5194054957.278466
5421881863.052914
5657666636.957398
5901610923.25661
6153919216.215241
6414798860.097986
6684460049.169532
6963115827.6945715
7250982089.937799
7548277580.163902
7855223892.637574
8172045471.623507
8498969611.38639
8836226456.19092
9184049000.30178
9542673087.98367
9912337413.501278
10293283521.119293
10685755805.10241
11090001509.715319
11506270729.222708
11934816407.88928
12375894339.979713
12829763169.758709
13296684391.49095
13776922349.441132
14270744237.87395
14778420101.054092
15300222833.246252
15836428178.715115
16387314731.725378
16953163936.541729
17534260087.428864
18130890328.651474
18743344654.474243
19371915909.161884
20016899786.97905
20678594832.19047
21357302439.06082
22053326851.85479
22766975164.837074
23498557322.272366
24248386118.425354
25016777197.560722
25804049053.943176
26610523031.837414
27436523325.508095
28282376979.219944
29148413887.23762
30034966793.825848
30942371293.249306
31870965829.772675
32821091697.66068
33793093041.177956
34787316854.58926
35804112982.15923
36843834118.15257
37906835806.833984
38993476442.46818
40104117269.31979
41239122381.65357
42398858723.734184
43583696089.826324
44794007124.19468
46030167321.10394
47292555024.81882
48581551429.60399
49897540579.72412
51240909369.443954
52612047543.02813
54011347694.74141
55439205268.84839
56896018559.61382
58382188711.30241
59898119718.178795
61444218424.507706
63020894524.55384
64628560562.58186
66267631932.85646
67938526879.642365
69641666497.20422
71377474729.80678
73146378371.71466
74948807067.1926
76785193310.50526
78655972445.91739
80561582667.69363
82502465020.09868
84479063397.39722
86491824543.854
88541198053.73363
90627636371.30084
92751594790.82034
94913531456.5568
97113907362.7749
99353186353.73938
101631835123.71487
103950323216.9661
106309123027.75775
108708709800.3545
111149561629.02101
113632159458.02214
116156987081.62238
118724531144.08649
121335281139.67915
123989729412.66515
126688371157.30905
129431704417.87561
132220230088.62952
135054451913.8354
137934876487.75806
140862013254.66208
143836374508.8122
146858475394.47324
149928833905.90964
153047970887.38623
156216410033.16766
159434677887.51868
162703303844.70395
166022820148.98822
169393761894.63605
172816667025.91223
176292076337.08145
179820533472.40836
183402584926.15768
187038780042.59412
190729671015.9822
194475812890.58688
198277763560.67273
202136083770.50443
206051337114.34665
210024090036.4641
214054911831.12152
218144374642.58353
222293053465.11487
226501526142.9803
230770373370.4443
235100178691.7717
239491528501.2272
243945012043.0756
248461221411.58127
253040751551.0092
257684200255.62393
262392168169.69022
267165258787.47278
272004078453.23618
276909236361.2453
281881344555.76465
286921017931.059
292028874231.39307
297205534051.0315
302451620834.23895
307767760875.2802
313154583318.42
318612720157.9227
324142806238.05347
329745479253.07666
335421379747.257
341171151114.85956
346995439600.14856
352894894297.38873
358870167150.8449
364921912954.7818
371050789353.4641
377257456841.15643
383542578762.12354
389906821310.63
396350853530.9408
402875347317.3204
409480977414.0333
416168421415.34454
422938359765.5187
429791475758.8203
436728455539.51434
443749988101.8654
450856765290.1379
458049481798.5969
465328835171.50696
472695525803.13275
480150256937.73895
487693734669.5904
495326667942.9515
503049768552.0873
510863751141.2621
518769333204.7407
526767235086.7882
534858179981.6689
543042893933.64746
551322105836.9886
559696547435.9573
568166953324.8177
576734060947.8351
585398610599.274
594161345423.3988
603023011414.4744
611984357416.7657
621046135124.5372
630209099082.0533
639474006683.5791
648841618173.3793
658312696645.7185
667888008044.861
677568321165.0719
687354407650.6161
697247041995.7578
707247001544.762
717355066491.8932
727572019881.4164
737898647607.596
748335738414.6968
758884083896.9834
769544478498.7205
780317719514.1727
791204607087.6055
802205944213.2823
813322536735.4685
824555193348.4292
835904725596.4281
847371947873.7303
858957677424.6012
870662734343.3044
882487941574.1055
894434124911.2683
906502112999.0579
918692737331.7394
931006832253.5774
943445234958.8356
956008785491.78
968698326746.6746
981514704467.7843
994458767249.3732
1007531366535.7067
1020733356621.0494
1034065594649.6663
1047528940615.821
1061124257363.7789
1074852410587.8047
1088714268832.1633
1102710703491.1191
1116842588808.9368
1131110801879.881
1145516222648.2166
1160059733908.208
1174742221304.1204
1189564573330.218
1204527681330.7656
1219632439500.028
1234879744882.27
1250270497371.7559
1265805599712.7507
1281485957499.519
1297312479176.3257
1313286076037.4353
1329407662227.1128
1345678154739.6226
1362098473419.2288
1378669540960.1968
1395392282906.7915
1412267627653.2764
1429296506443.9182
1446479853372.9797
1463818605384.7266
1481313702273.4233
1498966086683.3347
1516776704108.7253
1534746502893.8596
1552876434233.0022
1571167452170.4182
1589620513600.3728
1608236578267.1296
1627016608764.9536
1645961570538.1099
1665072431880.8635
1684350163937.4775
1703795740702.2185
1723410139019.3494
1743194338583.1365
1763149321937.8433
1783276074477.7356
1803575584447.0767
1824048842940.1328
1844696843901.1675
1865520584124.4458
1886521063254.2327
1907699283784.7927
1929056251060.3906
1950592973275.29
1972310461473.7573
1994209729550.0564
2016291794248.4517
2038557675163.2085
2061008394738.5906
2083644978268.864
2106468453898.2922
2129479852621.1409
2152680208281.674
2176070557574.156
2199651940042.8516
2223425398082.0273
2247391976935.9453
2271552724698.872
2295908692315.0713
2320460933578.8086
2345210505134.347
2370158466475.9526
2395305879947.8906
2420653810744.425
2446203326909.819
2471955499338.3394
2497911401774.2495
2524072110811.8154
2550438705895.301
2577012269318.9707
2603793886227.0894
2630784644613.9224
2657985635323.7334
2685397952050.7876
2713022691339.3496
2740860952583.684
2768913838028.0557
2797182452766.7305
2825667904743.9707
2854371304754.042
2883293766441.2104
2912436406299.7383
2941800343673.892
2971386700757.9365
3001196602596.135
3031231177082.753
3061491554962.0547
3091978869828.3066
3122694258125.771
3153638859148.715
3184813815041.4014
3216220270798.0938
3247859374263.0596
3279732276130.5625
3311840129944.8677
3344184092100.238
3376765321840.9404
3409584981261.2373
3442644235305.3955
3475944251767.681
3509486201292.353
3543271257373.6807
3577300596355.9277
3611575397433.357
3646096842650.2383
3680866116900.8306
3715884407929.4014
3751152906330.215
3786672805547.5347
3822445301875.6274
3858471594458.7573
3894752885291.19
3931290379217.1865
3968085283931.014
4005138809976.938
4042452170749.221
4080026582492.1304
4117863264299.9287
4155963438116.882
4194328328737.253
4232959163805.3086
4271857173815.3115
4311023592111.5293
4350459654888.222
4390166601189.6587
4430145672910.103
4470398114793.818
4510925174435.07
4551728102278.125
4592808151617.244
4634166578596.694
4675804642210.738
4717723604303.644
4759924729569.676
4802409285553.093
4845178542648.166
4888233774099.159
4931576256000.333
4975207267295.957
5019128089780.294
5063340008097.607
5107844309742.162
5152642285058.228
5197735227240.06
5243124432331.931
5288811199228.102
5334796829672.84
5381082628260.407
5427669902435.07
5474559962491.092
5521754121572.739
5569253695674.273
5617060003639.965
5665174367164.072
5713598110790.865
5762332561914.6045
5811379050779.555
5860738910479.984
5910413476960.156
5960404089014.332
6010712088286.782
6061338819271.768
6112285629313.553
6163553868606.405
6215144890194.584
6267060049972.361
6319300706683.996
6371868221923.756
6424763960135.904
6477989288614.706
6531545577504.427
6585434199799.332
6639656531343.683
6694213950831.744
6749107839807.787
6804339582666.067
6859910566650.856
6915822181856.415
6972075821227.011
7028672880556.905
7085614758490.364
7142902856521.655
7200538578995.043
7258523333104.786
7316858528895.154
7375545579260.412
7434585899944.823
7493980909542.651
7553732029498.161
7613840684105.619
7674308300509.288
7735136308703.437
7796326141532.323
7857879234690.22
7919797026721.385
7982080959020.087
8044732475830.588
8107753024247.155
8171144054214.05
8234907018525.54
8299043372825.892
8363554575609.362
8428442088220.224
8493707374852.738
8559351902551.17
8625377141209.786
8691784563572.848
8758575645234.619
8825751864639.373
8893314703081.361
8961265644704.857
9029606176504.125
9098337788323.428
9167461972857.033
9236980225649.2
9306894045094.195
9377204932436.287
9447914391769.736
9519023930038.812
9590535057037.773
9662449285410.885
9734768130652.418
9807493111106.633
9880625747967.793
9954167565280.162
10028120089938.014
10102484851685.602
10177263383117.2
10252457219677.064
10328067899659.465
10404096964208.666
10480545957318.928
10557416425834.523
10634709919449.707
10712427990708.756
10790572195005.928
10869144090585.486
10948145238541.695
11027577202818.82
11107441550211.133
11187739850362.889
11268473675768.35
11349644601771.795
11431254206567.482
11513304071199.67
11595795779562.63
11678730918400.623
11762111077307.918
11845937848728.773
11930212827957.463
12014937613138.246
12100113805265.383
12185743008183.145
12271826828585.793
12358366876017.594
12445364762872.809
12532822104395.707
12620740518680.559
12709121626671.617
12797967052163.15
12887278421799.424
12977057365074.703
13067305514333.252
13158024504769.336
13249215974427.217
13340881564201.16
13433022917835.44
13525641681924.307
13618739505912.037
13712318042092.885
13806378945611.12
13900923874461.008
13995954489486.812
14091472454382.805
14187479435693.234
14283977102812.38
14380967127984.5
14478451186303.86
14576430955714.727
14674908117011.357
14773884353838.027
14873361352688.996
14973340802908.523
15073824396690.887
15174813829080.338
15276310797971.154
15378317004107.586
15480834151083.906
15583863945344.375
15687408096183.266
15791468315744.834
15896046319023.348
16001143823863.076
16106762550958.281
16212904223853.219
16319570568942.17
16426763315469.385
16534484195529.133
16642734944065.68
16751517298873.293
16860833000596.238
16970683792728.764
17081071421615.156
17191997636449.67
17303464189276.566
17415472834990.12
17528025331334.588
17641123438904.24
17754768921143.336
17868963544346.137
17983709077656.918
18099007293069.93
18214859965429.457
18331268872429.75
18448235794615.074
18565762515379.7
18683850820967.89
18802502500473.906
18921719345842.016
19041503151866.48
19161855716191.574
19282778839311.547
19404274324570.668
19526343978163.21
19648989609133.438
19772213029375.605
19896016053633.98
20020400499502.832
20145368187426.43
20270920940699.023
20397060585464.89
20523788950718.297
20651107868303.49
20779019172914.75
20907524702096.344
21036626296242.52
21166325798597.562
21296625055255.715
21427525915161.27
21559030230108.46
21691139854741.57
21823856646554.867
21957182465892.605
22091119175949.047
22225668642768.477
22360832735245.14
22496613325123.3
22633012286997.23
22770031498311.207
22907672839359.46
23045938193286.3
23184829446085.96
23324348486602.703
23464497206530.812
23605277500414.543
23746691265648.15
23888740402475.918
24031426813992.086
24174752406140.957
24318719087716.766
24463328770363.773
24608583368576.26
24754484799698.49
24901034983924.72
25048235844299.215
25196089306716.25
25344597299920.08
25493761755504.97
25643584607915.19
25794067794445.008
25945213255238.668
26097022933290.465
26249498774444.637
26402642727395.46
26556456743687.207
26710942777714.125
26866102786720.492
27021938730800.562
27178452572898.625
27335646278808.906
27493521817175.7
27652081159493.266
27811326280105.85
27971259156207.74
28131881767843.195
28293196097906.473
28455204132141.844
28617907859143.566
28781309270355.92
28945410360073.16
29110213125439.543
29275719566449.34
29441931685946.816
29608851489626.246
29776480986031.88
29944822186557.973
30113877105448.82
30283647759798.67
30454136169551.793
30625344357502.445
30797274349294.89
30969928173423.39
31143307861232.22
31317415446915.656
31492252967517.94
31667822462933.344
31844125975906.125
32021165552030.57
32198943239750.92
32377461090361.457
32556721158006.426
32736725499680.113
32917476175226.77
33098975247340.684
33281224781566.074
33464226846297.24
33647983512778.445
33832496855103.94
34017768950218.004
34203801877914.89
34390597720838.87
34578158564484.195
34766486497195.15
34955583610165.99
35145451997440.977
35336093755914.38
35527510985330.47
35719705788283.484
35912680270217.734
36106436539427.42
36300976707056.88
36496302887100.336
36692417196402.055
36889321754656.305
37087018684407.35
37285510111049.44
37484798162826.875
37684884970833.9
37885772669014.79
38087463394163.78
38289959285925.164
38493262486793.21
38697375142112.15
38902299400076.27
39108037411729.84
39314591330967.13
39521963314532.4
39730155522019.875
39939170115873.87
40149009261388.63
40359675126708.42
40571169882827.51
40783495703590.164
40996654765690.63
41210649248673.2
41425481334932.125
41641153209711.67
41857667061106.086
42075025080059.664
42293229460366.65
42512282398671.32
42732186094467.94
42952942750100.766
43174554570764.055
43397023764502.09
43620352542209.11
43844543117629.414
44069597707357.25
44295518530836.88
44522307810362.57
44749967771078.586
44978500640979.2
45207908650908.65
45438194034561.23
45669359028481.2
45901405872062.8
46134336807550.336
46368154080038.055
46602859937470.195
46838456630641.055
47074946413194.875
47312331541625.945
47550614275278.516
47789796876346.85
48029881609875.23
48270870743757.88
48512766548739.11
48755571298413.16
48999287269224.305
49243916740466.77
49489461994284.89
49735925315672.92
49983308992475.05
50231615315385.61
50480846577948.84
50731005076559.04
50982093110460.41
51234112981747.28
51487066995363.88
51740957459104.484
51995786683613.35
52251556982384.74
52508270671762.945
52765930070942.195
53024537501966.77
53284095289730.94
53544605761978.984
53806071249305.12
54068494085153.64
54331876605818.836
54596221150444.91
54861530061026.18
55127805682406.88
55395050362281.3
55663266451193.69
55932456302538.31
56202622272559.44
56473766720351.34
56745892007858.26
57019000499874.48
57293094564044.266
57568176570861.88
57844248893671.57
58121313908667.625
58399373994894.27
58678431534245.86
58958488911466.555
59239548514150.65
59521612732742.45
59804683960536.2
60088764593676.125
60373857031156.555
60659963674821.7
60947086929365.85
61235229202333.26
61524392904118.21
61814580447964.95
62105794249967.75
62398036729070.89
62691310307068.61
62985617408605.17
63280960461174.875
63577341895121.94
63874764143640.664
64173229642775.305
64472740831420.1
64773300151319.37
65074910047067.34
65377572966108.25
65681291358736.43
65986067678096.1
66291904380181.55
66598803923837.0
66906768770756.78
67215801385485.08
67525904235416.22
67837079790794.46
68149330524714.055
68462658913119.266
68777067434804.36
69092558571413.586
69409134807441.26
69726798630231.57
70045552529978.85
70365398999727.336
70686340535371.28
71008379635654.95
71331518802172.66
71655760539368.62
71981107354537.1
72307561757822.34
72635126262218.69
72963803383570.36
73293595640571.6
73624505554766.69
73956535650549.94
74289688455165.53
74623966498707.78
74959372314120.95
75295908437199.3
75633577406587.08
75972381763778.55
76312324053118.02
76653406821799.72
76995632619867.9
77339004000216.86
77683523518590.89
78029193733584.17
78376017206641.0
78723996502055.69
79073134186972.44
79423432831385.52
79774895008139.28
80127523292927.9
80481320264295.64
80836288503636.81
81192430595195.66
81549749126066.47
81908246686193.44
82267925868370.92
82628789268243.12
82990839484304.34
83354079117898.78
83718510773220.81
84084137057314.6
84450960580074.44
84818983954244.62
85188209795419.34
85558640722042.98
85930279355409.72
86303128319663.83
86677190241799.62
87052467751661.3
87428963481943.12
87806680068189.44
88185620148794.44
88565786365002.4
88947181360907.62
89329807783454.3
89713668282436.81
90098765510499.28
90485102123136.08
90872680778691.44
91261504138359.62
91651574866184.88
92042895629061.5
92435469096733.73
92829297941795.84
93224384839692.11
93620732468716.78
94018343510014.16
94417220647578.42
94817366568253.94
95218783961734.89
95621475520565.61
96025443940140.3
96430691918703.31
96837222157348.77
97245037360021.06
97654140233514.42
98064533487473.11
98476219834391.36
98889201989613.45
99303482671333.69
99719064600596.31
100135950501295.58
100554143100175.72
100973645126831.14
101394459313705.9
101816588396094.36
102240035112140.83
102664802202839.56
103090892412034.77
103518308486420.7
103947053175541.75
104377129231791.98
104808539410415.83
105241286469507.48
105675373170011.23
106110802275721.38
106547576553282.06
106985698772187.69
107425171704782.45
107865998126260.61
108308180814666.45
108751722550894.25
109196626118688.22
109642894304642.66
110090529898201.88
110539535691660.0
110989914480161.48
111441669061700.45
111894802237121.28
112349316810118.1
112805215587235.22
113262501377867.0
113721176994257.55
114181245251501.3
114642708967542.4
115105570963175.14
115569834062043.77
116035501090642.61
116502574878315.88
116971058257257.84
117440954062512.8
117912265131974.97
118384994306388.64
118859144429348.08
119334718347297.53
119811718909531.33
120290148968193.62
120770011378278.78
121251308997631.0
121734044686944.58
122218221309763.78
122703841732482.84
123190908824346.08
123679425457447.69
124169394506732.0
124660818849993.23
125153701367875.75
125648044943873.64
126143852464331.3
126641126818442.97
127139870898252.84
127640087598655.31
128141779817394.58
128644950455064.84
129149602415110.48
129655738603825.69
130163361930354.73
130672475306691.92
131183081647681.47
131695183871017.7
132208784897244.81
132723887649757.06
133240495054798.8
133758610041464.25
134278235541697.64
134799374490293.25
135322029824895.42
135846204485998.33
136371901416946.22
136899123563933.47
137427873876004.22
137958155305052.84
138489970805823.52
139023323335910.58
139558215855758.22
140094651328660.73
140632632720762.44
141172163001057.53
141713245141390.28
142255882116454.94
142800076903795.88
143345832483807.22
143893151839733.3
144442037957668.5
144992493826556.84
145544522438192.72
146098126787220.44
146653309871134.16
147210074690278.25
147768424247846.88
148328361549884.44
148889889605285.0
149453011425793.06
150017730026002.7
150584048423358.22
151151969638154.0
151721496693534.16
152292632615493.0
152865380432874.94
153439743177374.0
154015723883534.53
154593325588750.88
155172551333267.25
155753404160177.9
156335887115427.1
156920003247809.2
157505755608968.25
158093147253398.8
158682181238444.84
159272860624300.84
159865188474010.97
160459167853469.47
161054801831420.66
161652093479458.78
162251045872028.1
162851662086422.97
163453945202787.5
164057898304116.06
164663524476252.8
165270826807892.25
165879808390578.28
166490472318705.47
167102821689518.0
167716859603110.06
168332589162426.0
168950013473260.12
169569135644256.53
170189958786909.56
170812486015563.6
171436720447412.72
172062665202501.3
172690323403723.66
173319698176823.94
173950792650396.38
174583609955885.44
175218153227585.2
175854425602640.0
176492430221044.06
177132170225641.72
177773648762127.16
178416868979044.72
179061834027788.6
179708547062603.1
180357011240582.47
181007229721671.06
181659205668663.0
182312942247202.62
182968442625784.16
183625709975752.03
184284747471300.2
184945558289473.12
185608145610165.1
186272512616120.3
186938662492933.06
187606598429047.6
188276323615758.2
188947841247209.12
189621154520394.62
190296266635159.0
190973180794196.44
191651900203051.28
192332428070117.75
193014767606640.2
193698922026712.75
194384894547279.84
195072688388135.47
195762306771924.16
196453752924140.03
197147030073127.53
197842141450080.7
198539090289043.9
199237879826911.4
199938513303427.44
200640993961186.28
201345325045632.25
202051509805059.5
202759551490612.38
203469453356285.25
204181218658922.22
204894850658217.5
205610352616715.56
206327727799810.53
207046979475746.7
207768110915618.3
208491125393369.7
209216026185795.03
209942816572538.66
210671499836094.8
211402079261807.75
212134558137871.8
212868939755331.06
213605227408079.97
214343424392862.72
215083534009273.66
215825559559756.88
216569504349606.78
217315371686967.53
218063164882833.44
218812887251048.94
219564542108308.0
220318132774155.12
221073662570984.34
221831134824040.25
222590552861416.78
223351920014058.3
224115239615759.25
224880515003163.75
225647749515765.94
226416946495910.28
227188109288791.06
227961241242452.3
228736345707788.4
229513426038543.8
230292485591312.6
231073527725539.0
231856555803517.34
232641573190391.8
233428583254156.88
234217589365656.62
235008594898585.38
235801603229487.44
236596617737756.94
237393641805638.2
238192678818225.66
238993732163463.38
239796805232145.62
240601901417916.75
241409024117271.06
242218176729552.62
243029362656955.94
243842585304525.03
244657848080154.44
245475154394588.22
246294507661420.7
247115911297096.06
247939368720908.84
248764883355003.0
249592458624373.0
250422097956862.94
251253804783167.2
252087582536830.0
252923434654245.62
253761364574658.34
254601375740162.3
255443471595702.12
256287655589071.7
257133931170915.34
257982301794727.47
258832770916852.2
259685341996483.9
260540018495666.88
261396803879295.28
262255701615113.38
263116715173715.53
263979848028545.88
264845103655898.7
265712485534918.4
266581997147599.2
267453641978785.25
268327423516170.94
269203345250300.4
270081410674567.97
270961623285218.03
271843986581344.7
272728504064892.16
273615179240654.94
274504015616277.06
275395016702252.9
276288186011926.7
277183527061492.78
278081043369995.25
278980738459328.53
279882615854236.8
280786679082314.56
281692931674005.75
282601377162604.7
283512019084255.8
284424860977953.25
285339906385541.25
286257158851714.1
287176621924016.25
288098299152841.6
289022194091434.75
289948310295889.9
290876651325151.1
291807220741012.94
292740022108119.4
293675058993964.9
294612334968893.56
295551853606099.8
296493618481627.9
297437633174371.9
298383901266076.3
299332426341335.3
300283211987593.25
301236261795144.2
302191579357132.44
303149168269552.44
304109032131248.4
305071174543914.3
306035599112094.94
307002309443184.06
307971309147426.3
308942601837915.6
309916191130596.5
310892080644263.1
311870274000559.8
312850774823980.7
313833586741870.25
314818713384422.7
315806158384682.06
316795925378542.75
317788018004749.25
318782439904895.5
319779194723425.9
320778286107634.7
321779717707666.1
322783493176514.44
323789616170024.1
324798090346889.25
325808919368654.0
326822106899712.75
327837656607309.8
328855572161539.5
329875857235345.8
330898515504523.3
331923550647716.1
332950966346418.3
333980766284974.44
335012954150578.9
336047533633275.5
337084508425958.75
338123882224373.06
339165658727112.3
340209841635621.1
341256434654193.75
342305441489974.3
343356865852956.9
344410711455986.1
345466982014756.06
346525681247811.06
347586812876545.4
348650380625203.25
349716388220878.9
350784839393516.6
351855737875910.7
352929087403705.5
354004891715395.0
355083154552323.7
356163879658685.8
357247070781525.56
358332731670737.3
359420866079065.2
360511477762103.6
361604570478296.8
362700147988939.0
363798214058174.3
364898772452997.2
366001826943251.9
367107381301632.6
368215439303683.56
369326004727799.4
370439081355223.8
371554672970051.5
372672783359226.4
373793416312543.06
374916575622645.56
376042265085028.25
377170488498035.5
378301249662861.25
379434552383550.0
380570400466996.06
381708797722943.56
382849747963986.9
383993255005570.06
385139322665987.75
386287954766383.94
387439155130752.9
388592927585938.75
389749275961636.25
390908204090389.3
392069715807592.25
393233814951489.2
394400505363174.6
395569790886592.75
396741675368537.75
397916162658653.9
399093256609435.56
400272961076227.2
401455279917222.44
402640216993466.2
403827776168852.3
405017961310125.3
406210776286879.5
407406224971558.75
408604311239457.7
409805038968720.7
411008412040341.44
412214434338164.6
413423109748884.44
414634442162045.44
415848435470041.44
417065093568116.75
418284420354366.0
419506419729733.06
420731095598012.5
421958451865848.2
423188492442734.8
424421221241016.44
425656642175887.4
426894759165391.7
428135576130423.94
429379096994728.2
430625325684899.0
431874266130380.25
433125922263466.4
434380298019301.75
435637397335880.5
436897224154046.75
438159782417495.1
439425076072769.7
440693109069264.5
441963885359224.4
443237408897743.06
444513683642765.0
445792713555084.3
447074502598345.75
448359054739043.1
449646373946520.7
450936464192972.94
452229329453444.06
453524973705828.2
454823400930869.75
456124615112162.9
457428620236152.1
458735420292131.3
460045019272245.2
461357421171487.44
462672629987702.8
463990649721585.4
465311484376679.6
466635137959379.3
467961614478929.25
469290917947423.4
470623052379806.2
471958021793871.56
473295830210264.1
474636481652478.1
475979980146857.8
477326329722597.3
478675534411740.8
480027598249182.8
481382525272667.5
482740319522789.06
484100985042991.75
485464525879570.06
486830946081668.1
488200249701280.0
489572440793250.25
490947523415273.06
492325501627892.56
493706379494503.25
495090161081349.06
496476850457524.56
497866451694973.94
499258968868491.4
500654406055721.1
502052767337157.6
503454056796144.94
504858278518877.44
506265436594399.56
507675535114605.06
509088578174238.7
510504569870894.7
511923514305017.0
513345415579900.0
514770277801688.2
516198105079375.6
517628901524806.56
519062671252675.44
520499418380526.25
521939147028753.44
523381861320601.25
524827565382164.1
526276263342385.75
527727959333061.0
529182657488834.06
530640361947199.06
532101076848499.8
533564806335931.44
535031554555537.7
536501325656212.8
537974123789701.25
539449953110597.3
540928817776345.2
542410721947238.9
543895669786423.1
545383665459891.8
546874713136489.3
548368816987910.2
549865981188698.06
551366209916247.94
552869507350803.56
554375877675459.3
555885325076159.5
557397853741698.4
558913467863720.25
560432171636719.3
561953969258040.06
563478864927876.2
565006862849272.6
566537967228123.5
568072182273172.6
569609512196014.6
571149961211093.8
572693533535704.2
574240233389990.0
575790064996946.1
577343032582416.2
578899140375094.6
580458392606525.9
582020793511103.9
583586347326073.2
585155058291528.0
586726930650412.4
588301968648520.8
589880176534497.4
591461558559836.9
593046118978883.0
594633862048830.1
596224792029722.2
597818913184454.2
599416229778770.1
601016746081264.1
602620466363380.4
604227394899413.2
605837535966507.1
607450893844655.9
609067472816704.5
610687277168346.6
612310311188127.0
613936579167439.1
615566085400528.0
617198834184487.6
618834829819262.2
620474076607645.9
622116578855283.5
623762340870668.6
625411366965146.1
627063661452909.8
628719228651004.0
630378072879323.1
632040198460611.4
633705609720463.2
635374310987322.5
637046306592483.8
638721600870091.2
640400198157139.2
642082102793471.9
643767319121783.6
645455851487618.6
647147704239370.9
648842881728285.2
650541388308455.5
652243228336826.1
653948406173191.5
655656926180195.4
657368792723332.4
659084010170947.1
660802582894233.2
662524515267235.2
664249811666847.5
665978476472814.1
667710514067729.5
669445928837037.8
671184725169033.2
672926907454860.4
674672480088513.0
676421447466836.0
678173813989523.0
679929584059118.5
681688762081017.1
683451352463462.8
685217359617549.5
686986787957222.0
688759641899274.4
690535925863351.0
692315644271946.0
694098801550403.4
695885402126918.1
697675450432533.6
699468950901144.8
701265907969495.6
703066326077180.5
704870209666643.8
706677563183179.2
708488391074931.9
710302697792895.4
712120487790914.1
713941765525682.5
715766535456744.8
717594802046495.0
719426569760177.8
721261843065887.0
723100626434567.4
724942924340012.8
726788741258867.6
728638081670626.2
730490950057632.8
732347350905081.5
734207288701016.5
736070767936332.5
737937793104773.9
739808368702933.8
741682499230257.6
743560189189039.4
745441443084423.1
747326265424403.2
749214660719823.8
751106633484379.4
753002188234614.0
754901329489922.4
756804061772548.0
758710389607585.6
760620317522979.2
762533850049523.9
764450991720862.9
766371747073491.0
768296120646752.2
770224116982841.0
772155740626801.8
774090996126528.4
776029888032765.5
777972420899106.8
779918599281997.4
781868427740730.6
783821910837452.0
785779053137154.4
787739859207682.9
789704333619731.4
791672480946844.5
793644305765416.2
795619812654690.8
797599006196762.8
799581890976576.1
801568471581925.2
803558752603454.4
805552738634657.9
807550434271880.0
809551844114314.8
811556972764006.5
813565824825849.9
815578404907589.0
817594717619817.4
819614767575980.1
821638559392371.6
823666097688135.6
825697387085266.5
827732432208608.6
829771237685856.1
831813808147553.1
833860148227094.6
835910262560723.9
837964155787535.8
840021832549474.6
842083297491334.5
844148555260759.8
846217610508244.5
848290467887133.1
850367132053619.6
852447607666748.9
854531899388414.5
856620011883361.1
858711949819182.8
860807717866324.0
862907320698078.6
865010762990591.9
867118049422856.6
869229184676718.5
871344173436870.9
873463020390858.0
875585730229074.8
877712307644764.9
879842757334023.0
881977083995793.0
884115292331869.1
886257387046896.5
888403372848368.0
890553254446629.1
892707036554873.5
894864723889145.9
897026321168339.8
899191833114200.0
901361264451320.5
903534619907146.1
905711904211970.5
907893122098938.1
910078278304043.1
912267377566130.1
914460424626893.2
916657424230876.4
918858381125474.6
921063300060931.1
923272185790341.0
925485043069648.2
927701876657646.8
929922691315981.8
932147491809146.4
934376282904485.9
936609069372194.1
938845855985315.0
941086647519742.9
943331448754222.9
945580264470348.0
947833099452563.6
950089958488163.6
952350846367291.8
954615767882943.1
956884727830961.2
959157731010040.6
961434782221725.9
963715886270411.0
966001047963340.1
968290272110607.6
970583563525157.6
972880927022785.2
975182367422133.0
977487889544697.2
979797498214820.5
982111198259698.2
984428994509374.1
986750891796742.4
989076894957547.4
991407008830383.4
993741238256694.9
996079588080776.1
998422063149771.0
1000768668313673.8
1003119408425328.8
1005474288340431.0
1007833312917523.8
1010196487018002.0
1012563815506109.4
1014935303248940.4
1017310955116439.6
1019690775981400.9
1022074770719468.8
1024462944209137.2
1026855301331750.9
1029251846971503.8
1031652586015440.1
1034057523353454.4
1036466663878291.0
1038880012485543.4
1041297574073656.9
1043719353543925.0
1046145355800492.2
1048575585750353.0
1051010048303351.5
1053448748372181.6
1055891690872387.8
1058338880722364.9
1060790322843356.5
1063246022159457.2
1065705983597611.1
1068170212087612.5
1070638712562105.8
1073111489956585.1
1075588549209394.4
1078069895261728.5
1080555533057631.6
1083045467543997.8
1085539703670571.1
1088038246389946.4
1090541100657567.2
1093048271431728.1
1095559763673573.9
1098075582347098.4
1100595732419145.6
1103120218859409.9
1105649046640435.9
1108182220737617.4
1110719746129199.1
1113261627796275.2
1115807870722789.6
1118358479895537.0
1120913460304161.5
1123472816941157.1
1126036554801868.8
1128604678884490.0
1131177194190065.5
1133754105722489.2
1136335418488505.8
1138921137497709.0
1141511267762543.5
1144105814298303.5
1146704782123133.5
1149308176258027.2
1151916001726829.0
1154528263556233.8
1157144966775785.0
1159766116417877.2
1162391717517755.0
1165021775113512.0
1167656294246093.2
1170295279959292.5
1172938737299754.0
1175586671316972.2
1178239087063291.2
1180895989593905.5
1183557383966859.0
1186223275243046.5
1188893668486211.8
1191568568762949.2
1194247981142703.5
1196931910697768.2
1199620362503288.0
1202313341637257.0
1205010853180519.5
1207712902216770.0
1210419493832552.8
1213130633117261.5
1215846325163140.8
1218566575065285.0
1221291387921638.8
1224020768832995.8
1226754722903000.5
1229493255238146.8
1232236370947779.2
1234984075144092.8
1237736372942130.0
1240493269459787.0
1243254769817807.8
1246020879139784.8
1248791602552164.2
1251566945184239.2
1254346912168155.0
1257131508638905.5
1259920739734334.8
1262714610595137.2
1265513126364856.8
1268316292189888.0
1271124113219475.2
1273936594605712.5
1276753741503544.2
1279575559070764.8
1282402052468018.2
1285233226858799.0
1288069087409450.8
1290909639289169.0
1293754887669996.5
1296604837726828.5
1299459494637409.5
1302318863582332.5
1305182949745043.2
1308051758311835.5
1310925294471853.2
1313803563417090.0
1316686570342391.8
1319574320445452.0
1322466818926814.5
1325364070989874.0
1328266081840874.8
1331172856688911.0
1334084400745927.2
1337000719226716.8
1339921817348925.0
1342847700333045.5
1345778373402422.8
1348713841783251.5
1351654110704575.2
1354599185398288.5
1357549071099136.0
1360503773044710.8
1363463296475459.0
1366427646634673.5
1369396828768498.8
1372370848125928.8
1375349709958808.5
1378333419521832.0
1381321982072543.2
1384315402871337.5
1387313687181457.2
1390316840268998.0
1393324867402904.2
1396337773854969.5
1399355564899838.2
1402378245815005.0
1405405821880813.2
1408438298380458.5
1411475680599984.2
1414517973828284.8
1417565183357104.8
1420617314481037.0
1423674372497527.2
1426736362706870.0
1429803290412209.0
1432875160919538.8
1435951979537702.5
1439033751578395.5
1442120482356161.5
1445212177188395.2
1448308841395341.0
1451410480300092.5
1454517099228594.0
1457628703509640.5
1460745298474876.0
1463866889458794.5
1466993481798739.8
1470125080834907.2
1473261691910340.5
1476403320370934.0
1479549971565432.0
1482701650845428.2
1485858363565368.2
1489020115082544.5
1492186910757102.5
1495358755952037.5
1498535656033191.2
1501717616369259.2
1504904642331786.0
1508096739295165.5
1511293912636642.0
1514496167736310.5
1517703509977113.5
1520915944744847.5
1524133477428155.2
1527356113418531.0
1530583858110319.8
1533816716900715.8
1537054695189762.2
1540297798380354.5
1543546031878236.5
1546799401092002.8
1550057911433096.5
1553321568315813.5
1556590377157297.0
1559864343377541.8
1563143472399391.5
1566427769648541.2
1569717240553534.2
1573011890545765.5
1576311725059479.8
1579616749531770.0
1582926969402581.2
1586242390114707.0
1589563017113793.5
1592888855848333.8
1596219911769670.5
1599556190332001.2
1602897696992367.0
1606244437210663.5
1609596416449635.5
1612953640174877.2
1616316113854832.0
1619683842960794.2
1623056832966909.0
1626435089350170.2
1629818617590422.5
1633207423170358.8
1636601511575524.0
1640000888294313.2
1643405558817969.8
1646815528640588.0
1650230803259113.2
1653651388173338.2
1657077288885908.8
1660508510902317.8
1663945059730909.2
1667386940882879.5
1670834159872271.0
1674286722215979.5
1677744633433746.8
1681207899048169.5
1684676524584690.8
1688150515571604.8
1691629877540056.2
1695114616024040.2
1698604736560399.8
1702100244688829.5
1705601145951873.0
1709107445894925.5
1712619150066230.8
1716136264016883.8
1719658793300828.0
1723186743474858.2
1726720120098617.8
1730258928734602.2
1733803174948155.2
1737352864307470.8
1740908002383593.8
1744468594750417.8
1748034646984687.5
1751606164665996.8
1755183153376790.2
1758765618702362.2
1762353566230857.2
1765947001553268.5
1769545930263441.8
1773150357958070.0
1776760290236697.8
1780375732701720.0
1783996690958380.2
1787623170614773.2
1791255177281842.5
1794892716573383.2
1798535794106038.8
1802184415499304.2
1805838586375524.0
1809498312359891.5
1813163599080451.2
1816834452168098.2
1820510877256574.2
1824192879982477.5
1827880465985249.0
1831573640907184.5
1835272410393428.0
1838976780091974.2
1842686755653666.5
1846402342732199.0
1850123546984117.2
1853850374068815.0
1857582829648535.2
1861320919388373.5
1865064648956274.5
1868814024023032.0
1872569050262289.2
1876329733350541.5
1880096078967134.0
1883868092794259.0
1887645780516961.8
1891429147823136.2
1895218200403527.5
1899012943951728.5
1902813384164184.2
1906619526740189.5
1910431377381887.0
1914248941794273.2
1918072225685190.8
1921901234765334.0
1925735974748248.0
1929576451350326.8
1933422670290814.5
1937274637291804.8
1941132358078241.5
1944995838377922.0
1948865083921486.8
1952740100442432.5
1956620893677102.2
1960507469364690.8
1964399833247242.5
1968297991069651.2
1972201948579661.8
1976111711527866.8
1980027285667713.5
1983948676755493.2
1987875890550352.0
1991808932814283.8
1995747809312132.5
1999692525811592.0
2003643088083207.8
2007599501900373.8
2011561773039333.2
2015529907279181.2
2019503910401861.8
2023483788192169.5
2027469546437748.0
2031461190929093.0
2035458727459546.8
2039462161825304.5
2043471499825410.8
2047486747261759.0
2051507909939096.0
2055534993665011.2
2059568004249953.5
2063606947507215.5
2067651829252940.5
2071702655306123.5
2075759431488609.5
2079822163625092.0
2083890857543114.5
2087965519073073.2
2092046154048211.0
2096132768304623.0
2100225367681252.2
2104323958019893.8
2108428545165192.0
2112539134964641.0
2116655733268585.8
2120778345930218.0
2124906978805584.2
2129041637753580.0
2133182328635946.2
2137329057317278.8
2141481829665022.8
2145640651549471.5
2149805528843769.0
2153976467423909.8
2158153473168738.5
2162336551959948.8
2166525709682085.8
2170720952222543.2
2174922285471564.5
2179129715322245.5
2183343247670530.5
2187562888415211.5
2191788643457935.0
2196020518703194.8
2200258520058335.0
2204502653433549.0
2208752924741882.2
2213009339899228.2
2217271904824332.2
2221540625438787.2
2225815507667038.5
2230096557436379.8
2234383780676955.2
2238677183321760.2
2242976771306637.2
2247282550570282.2
2251594527054238.0
2255912706702901.0
2260237095463512.5
2264567699286169.0
2268904524123813.5
2273247575932240.5
2277596860670095.0
2281952384298871.5
2286314152782912.5
2290682172089414.0
2295056448188419.0
2299436987052823.0
2303823794658369.5
2308216876983653.5
2312616240010117.5
2317021889722059.0
2321433832106618.0
2325852073153792.0
2330276618856424.0
2334707475210208.5
2339144648213690.5
2343588143868262.0
2348037968178170.5
2352494127150508.0
2356956626795219.0
2361425473125098.0
2365900672155789.5
2370382229905788.0
2374870152396437.0
2379364445651931.5
2383865115699315.5
2388372168568482.0
2392885610292177.5
2397405446905995.5
2401931684448379.0
2406464328960624.5
2411003386486874.5
2415548863074123.0
2420100764772215.5
2424659097633846.5
2429223867714558.5
2433795081072747.5
2438372743769656.5
2442956861869381.5
2447547441438864.5
2452144488547902.5
2456748009269136.5
2461358009678062.5
2465974495853025.5
2470597473875218.0
2475226949828686.5
2479862929800322.5
2484505419879872.5
2489154426159930.5
2493809954735939.5
2498472011706195.5
2503140603171840.0
2507815735236871.5
2512497414008129.5
2517185645595312.0
2521880436110961.5
2526581791670473.0
2531289718392089.0
2536004222396907.0
2540725309808868.5
2545452986754768.0
2550187259364251.5
2554928133769813.0
2559675616106794.5
2564429712513392.5
2569190429130649.5
2573957772102461.5
2578731747575572.5
2583512361699575.5
2588299620626917.0
2593093530512888.0
2597894097515636.0
2602701327796153.0
2607515227518284.5
2612335802848724.0
2617163059957016.5
2621997005015555.5
2626837644199586.0
2631684983687202.5
2636539029659347.5
2641399788299817.0
2646267265795254.5
2651141468335154.5
2656022402111863.0
2660910073320571.5
2665804488159324.5
2670705652829017.5
2675613573533394.5
2680528256479049.5
2685449707875428.0
2690377933934821.5
2695312940872376.5
2700254734906087.0
2705203322256795.5
2710158709148199.0
2715120901806840.0
2720089906462113.0
2725065729346264.0
2730048376694384.5
2735037854744419.5
2740034169737164.5
2745037327916263.0
2750047335528209.5
2755064198822347.5
2760087924050872.5
2765118517468828.0
2770155985334107.0
2775200333907457.0
2780251569452469.0
2785309698235590.0
2790374726526112.0
2795446660596180.0
2800525506720789.0
2805611271177782.0
2810703960247855.5
2815803580214551.5
2820910137364265.0
2826023637986239.0
2831144088372571.0
2836271494818201.5
2841405863620928.5
2846547201081393.0
2851695513503091.0
2856850807192366.0
2862013088458413.5
2867182363613276.0
2872358638971849.5
2877541920851876.5
2882732215573952.5
2887929529461522.0
2893133868840877.5
2898345240041166.0
2903563649394379.0
2908789103235363.0
2914021607901810.0
2919261169734266.5
2924507795076125.5
2929761490273631.5
2935022261675880.0
2940290115634813.5
2945565058505225.5
2950847096644762.5
2956136236413918.0
2961432484176037.0
2966735846297312.5
2972046329146787.5
2977363939096359.5
2982688682520770.5
2988020565797616.0
2993359595307339.5
2998705777433236.5
3004059118561449.0
3009419625080973.5
3014787303383652.0
3020162159864182.0
3025544200920104.0
3030933432951815.0
3036329862362557.5
3041733495558428.5
3047144338948368.5
3052562398944175.0
3057987681960490.0
3063420194414808.5
3068859942727475.5
3074306933321684.0
3079761172623480.5
3085222667061756.5
3090691423068257.5
3096167447077579.0
3101650745527163.5
3107141324857304.5
3112639191511149.0
3118144351934689.0
3123656812576770.0
3129176579889086.5
3134703660326180.5
3140238060345449.0
3145779786407135.0
3151328844974333.5
3156885242512986.5
3162448985491891.5
3168020080382690.5
3173598533659879.0
3179184351800801.0
3184777541285650.0
3190378108597470.5
3195986060222157.5
3201601402648454.5
3207224142367956.5
3212854285875107.5
3218491839667201.0
3224136810244382.0
3229789204109644.0
3235449027768832.5
3241116287730642.5
3246790990506615.5
3252473142611147.5
3258162750561482.5
3263859820877713.5
3269564360082786.5
3275276374702496.0
3280995871265485.0
3286722856303250.0
3292457336350131.0
3298199317943325.5
3303948807622877.5
3309705811931681.5
3315470337415480.5
3321242390622868.5
3327021978105291.5
3332809106417042.0
3338603782115266.5
3344406011759957.0
3350215801913959.0
3356033159142966.0
3361858090015523.5
3367690601103024.5
3373530698979713.5
3379378390222685.5
3385233681411885.0
3391096579130103.5
3396967089962988.5
3402845220499034.0
3408730977329581.5
3414624367048827.5
3420525396253815.5
3426434071544442.0
3432350399523449.0
3438274386796431.0
3444206039971831.5
3450145365660946.0
3456092370477919.0
3462047061039744.5
3468009443966264.5
3473979525880176.5
3479957313407023.5
3485942813175201.0
3491936031815950.0
3497936975963369.0
3503945652254396.5
3509962067328832.0
3515986227829320.0
3522018140401351.5
3528057811693272.0
3534105248356276.0
3540160457044407.0
3546223444414561.0
3552294217126482.0
3558372781842761.5
3564459145228845.0
3570553313953031.0
3576655294686458.0
3582765094103122.0
3588882718879868.0
3595008175696392.5
3601141471235233.5
3607282612181791.0
3613431605224307.0
3619588457053876.5
3625753174364443.0
3631925763852802.5
3638106232218596.0
3644294586164320.5
3650490832395318.5
3656694977619787.0
3662907028548767.0
3669126991896154.5
3675354874378693.5
3681590682715978.5
3687834423630453.0
3694086103847413.0
3700345730095001.0
3706613309104209.5
3712888847608888.0
3719172352345727.0
3725463830054271.5
3731763287476915.5
3738070731358905.0
3744386168448331.0
3750709605496140.5
3757041049256126.0
3763380506484934.0
3769727983942056.0
3776083488389840.0
3782447026593477.0
3788818605321012.0
3795198231343339.5
3801585911434203.5
3807981652370198.5
3814385460930770.0
3820797343898210.5
3827217308057664.0
3833645360197126.5
3840081507107441.5
3846525755582300.5
3852978112418252.5
3859438584414691.0
3865907178373856.5
3872383901100846.5
3878868759403606.0
3885361760092926.0
3891862909982453.0
3898372215888680.5
3904889684630952.5
3911415323031465.5
3917949137915261.0
3924491136110233.5
3931041324447128.5
3937599709759541.0
3944166298883912.5
3950741098659541.0
3957324115928565.5
3963915357535985.5
3970514830329644.0
3977122541160232.0
3983738496881297.5
3990362704349232.5
3996995170423283.5
4003635901965543.5
4010284905840957.0
4016942188917317.5
4023607758065269.0
4030281620158307.5
4036963782072774.5
4043654250687867.0
4050353032885630.5
4057060135550956.0
4063775565571586.5
4070499329838120.5
4077231435244000.5
4083971888685521.0
4090720697061824.5
4097477867274909.0
4104243406229612.5
4111017320833636.5
4117799617997522.0
4124590304634662.0
4131389387661302.0
4138196873996537.5
4145012770562311.0
4151837084283416.5
4158669822087498.5
4165510990905053.5
4172360597669424.5
4179218649316804.5
4186085152786239.0
4192960115019620.0
4199843542961695.5
4206735443560057.0
4213635823765149.5
4220544690530268.0
4227462050811558.0
4234387911568009.5
4241322279761470.5
4248265162356633.5
4255216566321043.5
4262176498625093.5
4269144966242029.0
4276121976147946.0
4283107535321785.5
4290101650745343.5
4297104329403262.5
4304115578283039.0
4311135404375016.0
4318163814672390.0
4325200816171202.5
4332246415870347.5
4339300620771572.5
4346363437879466.5
4353434874201479.5
4360514936747902.5
4367603632531881.0
4374700968569409.0
4381806951879330.5
4388921589483337.0
4396044888405978.0
4403176855674646.5
4410317498319583.5
4417466823373887.0
4424624837873498.5
4431791548857213.5
4438966963366676.5
4446151088446382.0
4453343931143673.0
4460545498508743.5
4467755797594639.0
4474974835457255.5
4482202619155332.5
4489439155750468.5
4496684452307106.0
4503938515892539.0
4511201353576913.0
4518472972433222.0
4525753379537309.0
4533042581967869.0
4540340586806447.0
4547647401137437.0
4554963032048083.0
4562287486628478.0
4569620771971567.0
4576962895173146.0
4584313863331858.0
4591673683549196.0
4599042362929507.0
4606419908579983.0
4613806327610668.0
4621201627134458.0
4628605814267097.0
4636018896127178.0
4643440879836147.0
4650871772518298.0
4658311581300772.0
4665760313313567.0
4673217975689527.0
4680684575564345.0
4688160120076564.0
4695644616367584.0
4703138071581643.0
4710640492865836.0
4718151887370110.0
4725672262247258.0
4733201624652924.0
4740739981745602.0
4748287340686637.0
4755843708640223.0
4763409092773405.0
4770983500256077.0
4778566938260981.0
4786159413963715.0
4793760934542721.0
4801371507179293.0
4808991139057576.0
4816619837364564.0
4824257609290102.0
4831904462026882.0
4839560402770451.0
4847225438719202.0
4854899577074380.0
4862582825040080.0
4870275189823242.0
4877976678633666.0
4885687298683992.0
4893407057189716.0
4901135961369183.0
4908874018443586.0
4916621235636969.0
4924377620176228.0
4932143179291105.0
4939917920214197.0
4947701850180944.0
4955494976429642.0
4963297306201441.0
4971108846740326.0
4978929605293149.0
4986759589109599.0
4994598805442223.0
5002447261546413.0
5010304964680417.0
5018171922105325.0
5026048141085084.0
5033933628886489.0
5041828392779182.0
5049732440035657.0
5057645777931261.0
5065568413744186.0
5073500354755476.0
5081441608249028.0
5089392181511582.0
5097352081832736.0
5105321316504934.0
5113299892823467.0
5121287818086483.0
5129285099594975.0
5137291744652785.0
5145307760566610.0
5153333154645995.0
5161367934203332.0
5169412106553866.0
5177465679015692.0
5185528658909753.0
5193601053559843.0
5201682870292608.0
5209774116437543.0
5217874799326988.0
5225984926296141.0
5234104504683045.0
5242233541828593.0
5250372045076534.0
5258520021773456.0
5266677479268810.0
5274844424914881.0
5283020866066824.0
5291206810082625.0
5299402264323131.0
5307607236152038.0
5315821732935890.0
5324045762044078.0
5332279330848848.0
5340522446725296.0
5348775117051364.0
5357037349207847.0
5365309150578389.0
5373590528549487.0
5381881490510482.0
5390182043853569.0
5398492195973792.0
5406811954269046.0
5415141326140076.0
5423480318990474.0
5431828940226685.0
5440187197258005.0
5448555097496576.0
5456932648357396.0
5465319857258302.0
5473716731619996.0
5482123278866020.0
5490539506422765.0
5498965421719480.0
5507401032188255.0
5515846345264037.0
5524301368384618.0
5532766108990647.0
5541240574525611.0
5549724772435861.0
5558218710170588.0
5566722395181835.0
5575235834924500.0
5583759036856324.0
5592292008437904.0
5600834757132681.0
5609387290406953.0
5617949615729861.0
5626521740573401.0
5635103672412418.0
5643695418724604.0
5652296986990506.0
5660908384693513.0
5669529619319876.0
5678160698358686.0
5686801629301888.0
5695452419644274.0
5704113076883492.0
5712783608520033.0
5721464022057241.0
5730154325001312.0
5738854524861294.0
5747564629149075.0
5756284645379398.0
5765014581069866.0
5773754443740917.0
5782504240915846.0
5791263980120796.0
5800033668884763.0
5808813314739596.0
5817602925219978.0
5826402507863463.0
5835212070210440.0
5844031619804159.0
5852861164190709.0
5861700710919034.0
5870550267540932.0
5879409841611044.0
5888279440686866.0
5897159072328740.0
5906048744099865.0
5914948463566283.0
5923858238296884.0
5932778075863418.0
5941707983840477.0
5950647969805506.0
5959598041338798.0
5968558206023496.0
5977528471445599.0
5986508845193950.0
5995499334860237.0
6004499948039011.0
6013510692327667.0
6022531575326442.0
6031562604638438.0
6040603787869594.0
6049655132628708.0
6058716646527423.0
6067788337180232.0
6076870212204481.0
6085962279220360.0
6095064545850918.0
6104177019722050.0
6113299708462497.0
6122432619703854.0
6131575761080566.0
6140729140229929.0
6149892764792083.0
6159066642410025.0
6168250780729599.0
6177445187399497.0
6186649870071266.0
6195864836399302.0
6205090094040846.0
6214325650655991.0
6223571513907688.0
6232827691461724.0
6242094190986743.0
6251371020154246.0
6260658186638572.0
6269955698116918.0
6279263562269324.0
6288581786778688.0
6297910379330754.0
6307249347614117.0
6316598699320221.0
6325958442143356.0
6335328583780670.0
6344709131932157.0
6354100094300663.0
6363501478591878.0
6372913292514350.0
6382335543779472.0
6391768240101487.0
6401211389197491.0
6410664998787427.0
6420129076594092.0
6429603630343127.0
6439088667763026.0
6448584196585134.0
6458090224543649.0
6467606759375612.0
6477133808820916.0
6486671380622307.0
6496219482525378.0
6505778122278579.0
6515347307633195.0
6524927046343378.0
6534517346166116.0
6544118214861257.0
6553729660191494.0
6563351689922374.0
6572984311822287.0
6582627533662482.0
6592281363217049.0
6601945808262933.0
6611620876579929.0
6621306575950684.0
6631002914160690.0
6640709898998290.0
6650427538254677.0
6660155839723902.0
6669894811202852.0
6679644460491274.0
6689404795391765.0
6699175823709763.0
6708957553253566.0
6718749991834320.0
6728553147266016.0
6738367027365499.0
6748191639952466.0
6758026992849457.0
6767873093881872.0
6777729950877948.0
6787597571668784.0
6797475964088325.0
6807365135973363.0
6817265095163541.0
6827175849501355.0
6837097406832153.0
6847029775004120.0
6856972961868310.0
6866926975278611.0
6876891823091771.0
6886867513167381.0
6896854053367888.0
6906851451558584.0
6916859715607617.0
6926878853385977.0
6936908872767511.0
6946949781628909.0
6957001587849722.0
6967064299312337.0
6977137923902006.0
6987222469506815.0
6997317944017715.0
7007424355328499.0
7017541711335809.0
7027670019939141.0
7037809289040838.0
7047959526546094.0
7058120740362954.0
7068292938402314.0
7078476128577916.0
7088670318806357.0
7098875517007075.0
7109091731102372.0
7119318969017386.0
7129557238680115.0
7139806548021402.0
7150066904974942.0
7160338317477280.0
7170620793467806.0
7180914340888769.0
7191218967685260.0
7201534681805226.0
7211861491199461.0
7222199403821608.0
7232548427628161.0
7242908570578467.0
7253279840634716.0
7263662245761955.0
7274055793928079.0
7284460493103828.0
7294876351262799.0
7305303376381439.0
7315741576439040.0
7326190959417745.0
7336651533302546.0
7347123306081298.0
7357606285744680.0
7368100480286250.0
7378605897702392.0
7389122545992358.0
7399650433158236.0
7410189567204973.0
7420739956140366.0
7431301607975056.0
7441874530722537.0
7452458732399155.0
7463054221024102.0
7473661004619423.0
7484279091210016.0
7494908488823622.0
7505549205490834.0
7516201249245098.0
7526864628122708.0
7537539350162808.0
7548225423407393.0
7558922855901310.0
7569631655692246.0
7580351830830751.0
7591083389370215.0
7601826339366889.0
7612580688879859.0
7623346445971076.0
7634123618705331.0
7644912215150268.0
7655712243376384.0
7666523711457022.0
7677346627468372.0
7688180999489484.0
7699026835602254.0
7709884143891419.0
7720752932444575.0
7731633209352172.0
7742524982707498.0
7753428260606698.0
7764343051148770.0
7775269362435557.0
7786207202571751.0
7797156579664900.0
7808117501825391.0
7819089977166475.0
7830074013804247.0
7841069619857647.0
7852076803448472.0
7863095572701366.0
7874125935743819.0
7885167900706183.0
7896221475721645.0
7907286668926252.0
7918363488458900.0
7929451942461332.0
7940552039078140.0
7951663786456774.0
7962787192747522.0
7973922266103532.0
7985069014680797.0
7996227446638159.0
8007397570137316.0
8018579393342813.0
8029772924422040.0
8040978171545244.0
8052195142885518.0
8063423846618810.0
8074664290923907.0
8085916483982462.0
8097180433978963.0
8108456149100756.0
8119743637538034.0
8131042907483844.0
8142353967134079.0
8153676824687481.0
8165011488345648.0
8176357966313021.0
8187716266796901.0
8199086398007421.0
8210468368157585.0
8221862185463232.0
8233267858143057.0
8244685394418610.0
8256114802514277.0
8267556090657305.0
8279009267077791.0
8290474340008678.0
8301951317685758.0
8313440208347678.0
8324941020235930.0
8336453761594859.0
8347978440671660.0
8359515065716375.0
8371063644981904.0
8382624186723985.0
8394196699201215.0
8405781190675038.0
8417377669409748.0
8428986143672489.0
8440606621733257.0
8452239111864897.0
8463883622343096.0
8475540161446407.0
8487208737456221.0
8498889358656779.0
8510582033335184.0
8522286769781368.0
8534003576288138.0
8545732461151127.0
8557473432668838.0
8569226499142608.0
8580991668876636.0
8592768950177968.0
8604558351356493.0
8616359880724960.0
8628173546598959.0
8639999357296936.0
8651837321140186.0
8663687446452853.0
8675549741561930.0
8687424214797262.0
8699310874491549.0
8711209728980324.0
8723120786601989.0
8735044055697784.0
8746979544611812.0
8758927261691002.0
8770887215285163.0
8782859413746933.0
8794843865431804.0
8806840578698125.0
8818849561907088.0
8830870823422737.0
8842904371611967.0
8854950214844521.0
8867008361492997.0
8879078819932836.0
8891161598542330.0
8903256705702627.0
8915364149797721.0
8927483939214457.0
8939616082342525.0
8951760587574474.0
8963917463305697.0
8976086717934436.0
8988268359861785.0
9000462397491694.0
9012668839230954.0
9024887693489208.0
9037118968678948.0
9049362673215524.0
9061618815517126.0
9073887404004802.0
9086168447102440.0
9098461953236790.0
9110767930837446.0
9123086388336852.0
9135417334170298.0
9147760776775930.0
9160116724594746.0
9172485186070590.0
9184866169650152.0
9197259683782978.0
9209665736921462.0
9222084337520850.0
9234515494039238.0
9246959214937564.0
9259415508679630.0
9271884383732070.0
9284365848564386.0
9296859911648920.0
9309366581460872.0
9321885866478276.0
9334417775182032.0
9346962316055884.0
9359519497586426.0
9372089328263102.0
9384671816578208.0
9397266971026882.0
9409874800107130.0
9422495312319784.0
9435128516168546.0
9447774420159956.0
9460433032803406.0
9473104362611154.0
9485788418098274.0
9498485207782726.0
9511194740185300.0
9523917023829636.0
9536652067242236.0
9549399878952438.0
9562160467492436.0
9574933841397280.0
9587720009204858.0
9600518979455918.0
9613330760694052.0
9626155361465708.0
9638992790320174.0
9651843055809602.0
9664706166488976.0
9677582130916152.0
9690470957651816.0
9703372655259518.0
9716287232305646.0
9729214697359448.0
9742155058993020.0
9755108325781304.0
9768074506302092.0
9781053609136032.0
9794045642866618.0
9807050616080186.0
9820068537365950.0
9833099415315932.0
9846143258525038.0
9859200075591008.0
9872269875114444.0
9885352665698784.0
9898448455950322.0
9911557254478198.0
9924679069894418.0
9937813910813816.0
9950961785854092.0
9964122703635786.0
9977296672782296.0
9990483701919864.0
1.0003683799677588e+16
1.0016896974687406e+16
1.0030123235584118e+16
1.0043362591005362e+16
1.005661504959164e+16
1.0069880619986296e+16
1.0083159310835516e+16
1.0096451130788348e+16
1.0109756088496686e+16
1.012307419261528e+16
1.0136405451801714e+16
1.0149749874716446e+16
1.0163107470022756e+16
1.0176478246386796e+16
1.018986221247756e+16
1.020325937696689e+16
1.021666974852948e+16
1.0230093335842882e+16
1.0243530147587474e+16
1.0256980192446516e+16
1.0270443479106094e+16
1.0283920016255158e+16
1.0297409812585496e+16
1.0310912876791758e+16
1.0324429217571434e+16
1.033795884362487e+16
1.0351501763655254e+16
1.0365057986368644e+16
1.0378627520473926e+16
1.0392210374682846e+16
1.0405806557709988e+16
1.0419416078272812e+16
1.0433038945091604e+16
1.0446675166889508e+16
1.0460324752392526e+16
1.0473987710329494e+16
1.0487664049432112e+16
1.0501353778434914e+16
1.0515056906075302e+16
1.052877344109352e+16
1.0542503392232664e+16
1.0556246768238676e+16
1.0570003577860344e+16
1.0583773829849324e+16
1.0597557532960102e+16
1.0611354695950032e+16
1.0625165327579292e+16
1.0638989436610944e+16
1.065282703181087e+16
1.0666678121947814e+16
1.0680542715793382e+16
1.0694420822122004e+16
1.0708312449710986e+16
1.0722217607340466e+16
1.0736136303793434e+16
1.0750068547855744e+16
1.0764014348316088e+16
1.0777973713966002e+16
1.079194665359989e+16
1.0805933176014992e+16
1.0819933290011404e+16
1.083394700439207e+16
1.0847974327962782e+16
1.0862015269532184e+16
1.0876069837911778e+16
1.0890138041915896e+16
1.0904219890361742e+16
1.0918315392069358e+16
1.0932424555861638e+16
1.094654739056432e+16
1.0960683905006006e+16
1.0974834108018134e+16
1.098899800843501e+16
1.1003175615093768e+16
1.1017366936834398e+16
1.103157198249976e+16
1.1045790760935534e+16
1.1060023280990272e+16
1.107426955151536e+16
1.1088529581365056e+16
1.1102803379396442e+16
1.1117090954469466e+16
1.1131392315446924e+16
1.114570747119446e+16
1.1160036430580568e+16
1.1174379202476588e+16
1.1188735795756716e+16
1.1203106219298008e+16
1.121749048198034e+16
1.1231888592686468e+16
1.124630056030198e+16
1.1260726393715326e+16
1.1275166101817794e+16
1.1289619693503538e+16
1.1304087177669544e+16
1.1318568563215654e+16
1.133306385904457e+16
1.1347573074061834e+16
1.1362096217175832e+16
1.1376633297297822e+16
1.1391184323341888e+16
1.1405749304224978e+16
1.1420328248866888e+16
1.1434921166190262e+16
1.1449528065120592e+16
1.1464148954586222e+16
1.1478783843518344e+16
1.1493432740851006e+16
1.1508095655521106e+16
1.1522772596468384e+16
1.1537463572635428e+16
1.1552168592967692e+16
1.1566887666413468e+16
1.1581620801923896e+16
1.1596368008452976e+16
1.161112929495755e+16
1.1625904670397308e+16
1.1640694143734802e+16
1.165549772393542e+16
1.1670315419967408e+16
1.1685147240801862e+16
1.1699993195412728e+16
1.1714853292776796e+16
1.1729727541873708e+16
1.1744615951685964e+16
1.1759518531198906e+16
1.1774435289400734e+16
1.1789366235282482e+16
1.1804311377838048e+16
1.1819270726064174e+16
1.1834244288960464e+16
1.184923207552935e+16
1.1864234094776138e+16
1.1879250355708966e+16
1.1894280867338826e+16
1.1909325638679562e+16
1.1924384678747872e+16
1.1939457996563302e+16
1.1954545601148242e+16
1.196964750152794e+16
1.1984763706730484e+16
1.1999894225786828e+16
1.2015039067730758e+16
1.203019824159892e+16
1.2045371756430812e+16
1.2060559621268772e+16
1.2075761845158e+16
1.2090978437146538e+16
1.2106209406285278e+16
1.2121454761627968e+16
1.2136714512231202e+16
1.2151988667154418e+16
1.2167277235459922e+16
1.218258022621285e+16
1.2197897648481194e+16
1.2213229511335806e+16
1.2228575823850376e+16
1.224393659510145e+16
1.2259311834168412e+16
1.2274701550133526e+16
1.2290105752081868e+16
1.2305524449101396e+16
1.2320957650282898e+16
1.233640536472001e+16
1.2351867601509244e+16
1.2367344369749928e+16
1.2382835678544268e+16
1.2398341536997298e+16
1.2413861954216924e+16
1.2429396939313876e+16
1.2444946501401764e+16
1.2460510649597022e+16
1.2476089393018942e+16
1.2491682740789678e+16
1.2507290702034216e+16
1.2522913285880404e+16
1.253855050145894e+16
1.2554202357903358e+16
1.256986886435006e+16
1.258555002993829e+16
1.2601245863810138e+16
1.2616956375110554e+16
1.2632681572987326e+16
1.2648421466591104e+16
1.2664176065075378e+16
1.2679945377596498e+16
1.269572941331365e+16
1.2711528181388886e+16
1.2727341690987092e+16
1.2743169951276022e+16
1.2759012971426262e+16
1.2774870760611262e+16
1.2790743328007314e+16
1.2806630682793562e+16
1.2822532834151998e+16
1.283844979126747e+16
1.2854381563327676e+16
1.2870328159523144e+16
1.2886289589047288e+16
1.2902265861096344e+16
1.2918256984869402e+16
1.2934262969568412e+16
1.2950283824398168e+16
1.2966319558566314e+16
1.2982370181283338e+16
1.2998435701762594e+16
1.3014516129220266e+16
1.3030611472875408e+16
1.3046721741949914e+16
1.3062846945668518e+16
1.3078987093258822e+16
1.3095142193951276e+16
1.3111312256979156e+16
1.3127497291578622e+16
1.314369730698866e+16
1.3159912312451126e+16
1.3176142317210702e+16
1.3192387330514938e+16
1.320864736161422e+16
1.3224922419761808e+16
1.3241212514213786e+16
1.3257517654229096e+16
1.3273837849069538e+16
1.3290173107999752e+16
1.3306523440287238e+16
1.3322888855202334e+16
1.3339269362018236e+16
1.335566497001099e+16
1.3372075688459492e+16
1.3388501526645484e+16
1.3404942493853552e+16
1.3421398599371158e+16
1.3437869852488584e+16
1.3454356262498974e+16
1.3470857838698328e+16
1.3487374590385484e+16
1.350390652686214e+16
1.352045365743284e+16
1.3537015991404982e+16
1.3553593538088802e+16
1.35701863067974e+16
1.358679430684672e+16
1.360341754755555e+16
1.3620056038245546e+16
1.3636709788241194e+16
1.365337880686984e+16
1.3670063103461676e+16
1.368676268734975e+16
1.370347756786995e+16
1.3720207754361034e+16
1.3736953256164582e+16
1.3753714082625044e+16
1.3770490243089716e+16
1.3787281746908738e+16
1.3804088603435104e+16
1.3820910822024664e+16
1.3837748412036106e+16
1.385460138283098e+16
1.3871469743773674e+16
1.388835350423144e+16
1.3905252673574366e+16
1.3922167261175398e+16
1.3939097276410332e+16
1.395604272865781e+16
1.3973003627299324e+16
1.3989979981719224e+16
1.40069718013047e+16
1.4023979095445802e+16
1.4041001873535414e+16
1.405804014496929e+16
1.4075093919146018e+16
1.4092163205467046e+16
1.4109248013336666e+16
1.4126348352162026e+16
1.4143464231353118e+16
1.416059566032278e+16
1.4177742648486722e+16
1.4194905205263472e+16
1.421208334007443e+16
1.4229277062343844e+16
1.42464863814988e+16
1.4263711306969252e+16
1.4280951848187988e+16
1.4298208014590656e+16
1.4315479815615754e+16
1.4332767260704608e+16
1.4350070359301428e+16
1.4367389120853258e+16
1.4384723554809992e+16
1.4402073670624368e+16
1.4419439477751978e+16
1.4436820985651284e+16
1.4454218203783562e+16
1.4471631141612964e+16
1.448905980860648e+16
1.450650421423396e+16
1.4523964367968096e+16
1.4541440279284432e+16
1.4558931957661358e+16
1.4576439412580124e+16
1.459396265352482e+16
1.4611501689982402e+16
1.4629056531442644e+16
1.464662718739821e+16
1.4664213667344582e+16
1.4681815980780108e+16
1.4699434137205982e+16
1.471706814612625e+16
1.4734718017047798e+16
1.4752383759480384e+16
1.4770065382936588e+16
1.4787762896931862e+16
1.4805476310984514e+16
1.482320563461566e+16
1.4840950877349312e+16
1.4858712048712312e+16
1.4876489158234348e+16
1.4894282215447972e+16
1.4912091229888578e+16
1.4929916211094402e+16
1.4947757168606548e+16
1.4965614111968954e+16
1.4983487050728422e+16
1.5001375994434582e+16
1.5019280952639942e+16
1.503720193489984e+16
1.5055138950772466e+16
1.5073092009818878e+16
1.5091061121602956e+16
1.5109046295691456e+16
1.5127047541653964e+16
1.5145064869062924e+16
1.5163098287493638e+16
1.5181147806524238e+16
1.5199213435735728e+16
1.5217295184711954e+16
1.52353930630396e+16
1.5253507080308222e+16
1.5271637246110204e+16
1.5289783570040802e+16
1.5307946061698094e+16
1.5326124730683044e+16
1.5344319586599422e+16
1.5362530639053894e+16
1.5380757897655944e+16
1.5399001372017922e+16
1.5417261071755016e+16
1.5435537006485276e+16
1.5453829185829588e+16
1.5472137619411698e+16
1.5490462316858216e+16
1.5508803287798562e+16
1.552716054186505e+16
1.5545534088692818e+16
1.5563923937919852e+16
1.558233009918701e+16
1.5600752582137972e+16
1.5619191396419292e+16
1.563764655168036e+16
1.5656118057573426e+16
1.567460592375358e+16
1.5693110159878764e+16
1.571163077560978e+16
1.5730167780610264e+16
1.574872118454671e+16
1.576729099708847e+16
1.5785877227907738e+16
1.5804479886679546e+16
1.58230989830818e+16
1.584173452679524e+16
1.5860386527503464e+16
1.5879054994892912e+16
1.5897739938652878e+16
1.5916441368475508e+16
1.5935159294055792e+16
1.5953893725091584e+16
1.5972644671283574e+16
1.59914121423353e+16
1.6010196147953164e+16
1.6028996697846406e+16
1.6047813801727126e+16
1.6066647469310256e+16
1.6085497710313606e+16
1.6104364534457806e+16
1.6123247951466364e+16
1.614214797106561e+16
1.6161064602984742e+16
1.617999785695582e+16
1.619894774271372e+16
1.6217914269996192e+16
1.6236897448543826e+16
1.6255897288100074e+16
1.6274913798411226e+16
1.6293946989226432e+16
1.6312996870297674e+16
1.6332063451379806e+16
1.6351146742230524e+16
1.6370246752610364e+16
1.6389363492282728e+16
1.6408496971013854e+16
1.6427647198572838e+16
1.6446814184731626e+16
1.6465997939265012e+16
1.6485198471950642e+16
1.650441579256901e+16
1.6523649910903448e+16
1.654290083674017e+16
1.6562168579868206e+16
1.6581453150079456e+16
1.6600754557168664e+16
1.662007281093342e+16
1.6639407921174182e+16
1.6658759897694226e+16
1.6678128750299706e+16
1.6697514488799612e+16
1.6716917123005798e+16
1.6736336662732944e+16
1.6755773117798606e+16
1.6775226498023168e+16
1.6794696813229888e+16
1.681418407324484e+16
1.6833688287896996e+16
1.685320946701813e+16
1.6872747620442888e+16
1.6892302758008768e+16
1.6911874889556116e+16
1.6931464024928112e+16
1.6951070173970826e+16
1.6970693346533134e+16
1.6990333552466782e+16
1.700999080162637e+16
1.7029665103869344e+16
1.7049356469055986e+16
1.7069064907049446e+16
1.7088790427715724e+16
1.7108533040923664e+16
1.712829275654495e+16
1.7148069584454138e+16
1.7167863534528612e+16
1.7187674616648624e+16
1.7207502840697268e+16
1.7227348216560482e+16
1.7247210754127066e+16
1.726709046328866e+16
1.728698735393976e+16
1.730690143597771e+16
1.7326832719302708e+16
1.7346781213817798e+16
1.7366746929428874e+16
1.7386729876044666e+16
1.7406730063576786e+16
1.7426747501939678e+16
1.7446782201050622e+16
1.7466834170829774e+16
1.7486903421200124e+16
1.7506989962087522e+16
1.752709380342066e+16
1.7547214955131074e+16
1.7567353427153164e+16
