130341660.31228954
128905843.35403922
122789246.85154526
115735694.6005628
107960391.96690883
100368649.3155456
92889237.44772273
85790065.2157537
78951550.46646412
72748573.28715333
66728846.13135823
61110236.95305965
56072511.97039118
51349741.715656325
46979261.322983086
42954233.61248976
39258954.68004535
35891304.15100216
32914204.12285435
29943267.846493386
27104388.96079218
24470546.85984451
22100585.816643126
19859055.44293519
17826312.540309306
16024220.930397961
14380293.738410188
12856030.316868342
11338578.900492547
9976297.956798663
8734374.855481936
7603125.320751457
6635437.651452726
5765987.374976348
4958798.929663984
4223043.602718946
3606055.3301294083
3064343.0888235793
2589410.094818912
2186544.3249863014
1830472.16705192
1523950.6080220956
1247878.862687406
1026382.5217432522
836454.4251577598
655220.1185130033
504339.3866950604
394805.2180753657
298646.47155566694
225078.60041173952
174468.14091648857
134912.74763703076
102386.50511918945
79188.08694278839
59960.416965603574
43789.81821297113
32690.650891349887
25294.232709980006
19714.419355853584
15656.03841958644
12407.85496573095
10038.255572631697
7761.5288477624645
6597.172703309075
5625.406090982867
4788.604187099264
4200.547575541317
3882.198447652915
3531.37202252511
3241.7306896050263
2897.396851674546
2712.6105508884175
2475.517137589188
2265.764196804005
2134.0054216141916
2050.4396954353197
1955.4842096242166
1818.0498080201012
1710.1799927721129
1605.0494361190968
1532.982930430102
1460.8908121802901
1386.663047406098
1312.1420419246786
1263.1565643244965
1191.115473279715
1103.3388647544368
1062.742678414383
1026.712243068003
992.4368565667857
959.9931104361098
927.1273518638164
908.0545291643873
881.6160715295782
861.7501168284427
837.8388940926077
819.2861819193265
799.686476379878
782.8778516273011
761.1944521570849
743.7934809833541
736.8032457232064
717.2929109969388
701.6554268173438
680.2993515978474
670.8466091245161
657.723387664154
642.9237992805413
628.6286505485738
622.8545639590901
616.8816783921302
606.8396228433436
593.2777983960159
583.5903337098125
574.287336279714
567.7693196226755
564.2711309666232
551.5586197852085
549.7031828589376
541.3122646896321
534.9483991691343
530.15653493088
525.667273267911
520.0968192126408
515.6593868428469
510.0128632520753
507.68978708880616
500.68395124929805
500.7170597182307
493.1372867185876
489.67896845107504
485.69040181179673
482.6669003674866
476.7141406740499
477.2501086294686
470.1930908391256
468.3999682649935
463.56151924263816
467.0615808583551
458.99932283951046
461.81975516583407
451.00513146958576
459.3041655474759
447.1198194413657
453.7320086023079
443.62373859768087
447.47409633495806
438.6736840910144
444.36970457473956
432.94911354237126
440.42687088246714
431.4725788821444
435.727620934624
428.8843379964906
430.02149030969343
427.6081484705703
425.84508062204543
425.3515514710857
423.740281602586
423.3589645040509
426.48277480676774
421.8028301411897
423.3942217479387
418.18350191053617
423.2443086194569
418.04981951086563
420.4581814274482
416.558197750816
418.823827898792
414.82247570460265
419.0089513639849
413.44895169390634
419.0974083238804
414.90435831836567
418.28727807657685
412.24142126660814
421.915979632102
413.31651237714146
419.16415523355346
411.50324466404464
419.75779284220414
411.8028163619946
417.262144902134
411.6698931489316
417.1926399677762
410.6316580222655
413.69797756801535
410.63382030283503
416.57818308207436
408.7549412487913
408.2505218145987
410.785415995178
411.27396860881055
407.61281944879187
404.1618893736192
410.18507133134324
404.7547083019692
407.3693824585419
402.5679248975662
409.6211203134134
401.4534851025213
401.5269803339267
403.56718130478185
401.6856478944734
400.4517217103191
398.32138441030537
398.76326327542597
399.76436856717834
399.75329690452776
395.5819710148421
398.83741395263587
398.9907519625762
396.8316771323297
396.055122589909
399.5856528573082
401.56349784530926
397.734978826707
397.4678465893961
400.3813095498951
398.25154317446345
399.32497116443955
396.9115431469935
400.16912674901243
397.2512713703339
396.2901979047681
393.7221464605755
397.23233225545556
394.85888485918497
391.61485865141464
393.3493218385703
396.0520178485538
393.6468053738408
389.67263406897507
394.20731870862244
391.86766352036176
393.13183014449874
388.56293612937014
393.7377302488681
388.943648809543
389.3968349654603
390.73044443219175
393.3222955537949
392.2030983534135
386.55117486641194
390.735435107654
390.05745931944926
395.1803894678191
387.89911897447297
391.8684910387373
389.645632910356
395.53407186166703
386.4996168090978
391.53433584642585
390.515215275978
395.9400143187573
386.4378182188705
393.46743719812804
389.0275528336121
398.01141757486204
391.54622785959833
392.92991271933545
386.9124366036821
392.9464054897189
387.7990203684186
389.2908756128537
383.1287911034521
387.86648357761936
385.9537870718553
387.57957585006204
382.25865012745896
388.64848654112046
387.46211782913736
383.6300751245573
386.8671090720669
381.6094993078131
392.74534612145226
381.2422949825436
389.7566221410219
388.9226652977425
392.8084854275
384.00104500032126
384.18755141205554
392.24228511054315
384.0893873903608
389.596187728319
378.91966406276146
388.7472837832
381.40865603062497
389.72430853650945
378.31589128548217
383.1381200131813
381.8518037885809
383.57295512536245
379.2314823912434
384.05620730508616
385.1242864671749
384.0162699262186
383.194118270801
383.00092958307556
384.9950835126596
384.92058530633034
381.9502310912085
380.1793902902651
385.1225752855748
378.92199502478167
376.84364720995063
376.309587370807
383.8026374842418
378.2378181766535
379.8385350794321
375.7907603711285
383.61120313565146
378.9859062771619
383.2439711844286
377.211176345591
381.28282142424695
383.07924092445893
380.28959052787917
378.9210918972607
378.4705225938198
378.68138434926857
373.94589789692196
381.01219671637665
373.412933891953
378.1313951401315
372.4673691679389
381.1025605291588
375.5561247782214
382.3578773348192
378.2758574550225
381.34959498473717
374.3570909446392
384.3980935414827
380.1780661530237
383.6783029681291
376.86611797437826
382.88075021829167
379.87684204825524
387.4157704404959
380.7684374724196
380.6836280434294
381.55598187537197
380.3205956796916
376.51216367921137
378.5166391580492
380.87925611541004
377.16846577877317
378.718049108598
373.5095922459023
377.0189603370619
374.18708123113464
379.8822794902395
369.43027960332597
377.5612062834889
370.7810161431624
372.4372299466754
364.66424449542683
365.9200671562334
368.0730080812948
365.0663716194126
367.5032616669944
358.15916825787866
362.079108978228
362.85731076524166
367.1909774668677
356.41324882393553
361.61686925405587
367.0385609100086
360.5421037801411
356.882768276804
359.4382038769657
368.38541773990914
360.66447447039445
357.7275696127131
357.3103622154314
362.784191398681
362.0150389971749
361.99540403418644
355.33071557687293
360.19443085641836
355.08619665413727
355.94009773130136
354.96483031160926
355.9444264551913
352.1550780008506
356.1449832981406
353.1620130851653
353.34507516723176
345.00648391074606
351.9915632478115
347.84086733243925
349.95979362643885
346.0505417733041
347.7465624387646
347.90416426867534
345.7490719848701
343.0660188183263
331.9483046916985
339.8669181800261
326.86437144632777
337.95552564145714
324.3801454973468
339.86950026476177
322.5795579717696
338.8974557297302
324.8240015566297
331.8335202700124
322.1156179952515
332.7732443324768
331.02616347219043
329.36302280378135
320.9599216942273
331.44274871846073
327.584685518193
325.592186753604
324.7166851525553
321.9326305502394
326.1253958180177
319.59151028571773
323.30209379986803
313.56885711373974
323.8243920147705
309.09066561136825
318.66794548473365
305.4102769408523
320.78375799564714
302.90053362096603
311.69687549289847
299.8515367898559
315.42649646562273
301.4905588074184
304.32443897400697
298.58997958257845
309.1196820291265
302.45094767143115
302.62148695267507
301.4418946703997
300.9537774693014
298.8527207298864
293.9119750109677
301.9627194773954
292.43275540950066
300.6775708679963
289.3059394695193
299.3217302708969
289.268857476258
299.8378679226843
291.70318264178803
297.7658067854089
288.02775494880024
301.48022905813485
293.8749442461371
300.3975470664848
295.1252698896444
300.05498303549115
298.08777398538956
298.0372020394262
298.2918280448915
296.29600275031385
301.66630589671814
292.52925150449926
296.40473042031755
296.0951703492914
298.1833533310628
291.0494822920081
292.2291407345107
292.781050293906
295.9082204312422
288.12385756684625
290.37966186332505
291.46025830781156
295.11579894496487
289.4322459011089
290.49612674411225
292.92154992394876
291.2563703112253
284.90550039306976
275.35005870015016
279.3708792980119
271.2747414527014
274.46873577495415
266.991173750655
272.02880463293525
266.3230110091339
274.6963626365005
268.8847820672082
269.84583622094544
260.6626295959207
272.8440737911513
269.69920200539127
271.05594111771586
268.83735956483065
268.70064259506455
272.627483489148
270.53858257081515
275.52508105939114
266.17949056307657
277.9730412233155
263.50292053497776
275.1288227873049
262.4341126739488
281.5551945363287
261.0529459078091
274.11712994746085
259.09559776002953
279.2137957468426
262.01808342425915
270.391887320716
258.60924657952364
273.06251897916025
269.0640567007896
269.0454044660622
265.1545788362264
269.532266756592
269.7271574887844
260.5619013031601
270.24950169609906
260.0936713177696
270.15134059402635
254.69467569445436
271.1909337446386
259.7520952500428
272.460235367156
260.8746849444818
268.0210630967906
258.2136817896379
268.8114385747979
261.50133085930827
265.1541830838369
261.58597646397527
259.03705179209356
262.77352687566076
265.15011215279105
266.2763822099445
262.56741525269183
267.6719552108602
259.7776339653035
267.5919309674687
258.95214474586726
273.5482465588633
256.3267073417941
268.0233589519371
253.46638618242537
273.96006472571105
254.14374072005916
264.659090721803
251.47991288470095
268.4018860245068
261.7086683552745
265.0484280460928
256.89988334150667
267.21702361096
258.03851757078826
258.7009731357305
257.863826788928
259.3891725986936
256.9696881024812
248.70996005162277
257.4633407571178
254.52264157244895
258.3230811998575
256.2773200032602
257.9930381660152
254.4270745384359
259.58033577729526
259.63015214421716
260.44988769971815
256.5019775710859
256.1127095927577
260.10595505315473
263.5937328554623
262.05297347740105
251.38439492566766
266.30836391221567
254.62597372018163
269.4534631971848
249.4516692941935
274.7915583364955
251.86408864081312
275.1217869676826
250.07121436994387
273.37769656570396
249.5909088846016
267.1509690204193
248.30903277934752
260.65990750240206
253.04977824319505
253.99637227593087
257.2076668419684
257.9824085000418
258.7742690915403
250.47389462640822
262.8948392386064
255.3900824789563
258.7898571107959
243.48030621761876
259.6096100488414
250.88427761759306
255.6436835364537
252.00840297509032
257.1266441428626
250.7262208412492
250.13024602773623
256.36134055188376
251.57137644461426
252.02771395881817
248.35497717541324
253.52199802689088
253.33832227006056
259.1744194535158
244.57404105364907
257.2965447836905
252.0575223765844
262.4760559670421
245.01110514107393
264.43678450033025
250.51944392727142
265.6652029235955
248.07691381635513
267.32997542688673
247.77197994662114
261.8719500360726
244.13530346305495
264.5367382380271
249.11494385307176
260.5344125687276
246.59463407952566
263.79535056414295
251.3790386222765
256.8918353480665
248.82884433366456
262.53408972390326
249.57000367812472
249.2136135243773
249.89846792537614
255.82085052695723
250.857770589032
256.343857592741
250.1094893676301
251.921102778874
248.4690062662637
258.41505321563227
250.55749006671485
252.15460209085887
247.4005267599303
255.05621947235264
249.58691149696378
256.47326614775864
242.38933041373716
254.04855450070724
251.21694119833487
259.8686024176926
243.34819393708506
260.9315047332727
248.46940209229703
264.91505065904687
243.85656799705671
266.6110628446046
243.8683331096914
264.5995628275579
243.2705132228894
263.8555545185397
246.19928992349006
259.3531357092383
245.06138785378405
261.6025901311533
251.43525524946477
254.4021276372288
248.57022958320655
262.1198224114424
249.77120022150692
245.50097971715363
249.72737067760104
255.59624320120096
249.62124277994099
249.3737818848579
249.0750643720515
252.88984654587685
246.79091600924042
254.55884181654454
248.28935169876283
251.87525121564502
246.75719620266813
251.47251289060972
249.0648717278884
257.4865434392975
242.5725934469781
254.49935350657026
251.34980685283983
260.56187591732896
242.54622065435416
259.40163272553934
248.0298020530994
263.97307714012675
243.828047963311
266.5348823879392
244.68089700142332
265.2954526900059
243.11575780583112
264.0330659054916
245.38099390319084
259.9682654553982
243.47022479142674
257.1592853261074
252.05831765568664
255.0015242465858
249.38801320396632
258.3767329182514
250.22993919169076
246.78695259148554
251.6046699876888
253.18587517891493
249.5322953684691
247.4696714518686
250.4339607449997
251.1661250938149
247.89274913853404
254.17591370311348
249.89906732689678
249.7237684689412
248.88983401950173
252.53815884677155
249.78297244467709
255.78894909892728
245.10029961190145
255.85229806073548
254.2609527241354
261.5059625976002
245.5624228282582
259.4969537011428
251.79185967464406
264.42165011457973
247.15155825608912
266.9653589204405
249.13109277907347
267.2237835157395
246.64393296030815
267.9986303917355
247.38828434916928
264.1164539578174
244.45975549321068
261.84401695815524
255.54038224248288
259.2074449709858
250.3779725550934
262.88093744158033
253.40783300476747
253.45188468173808
252.00057923962225
259.17979845088956
251.6673040373503
250.03726651778328
250.06906924995513
257.48582698976577
250.43716813117595
256.98045276451717
250.91620405102665
254.44019093900746
251.5434256301522
254.88683732772202
250.37540778790307
257.7737143356473
246.1616260173769
254.44044317292443
254.75714820422348
262.1005163632728
246.27039494985885
256.7141056738566
253.7949931214171
264.9081316273775
249.2068569330584
264.40317852538857
251.0315948050801
264.3296643940783
247.44414382343732
265.15036013534325
247.76917004596518
260.70953150979454
244.33174191161183
257.73812395619234
254.70338335634042
256.67410166789614
249.73475928543382
257.8376848645424
253.91384404903692
254.08023266021294
253.6577412728148
258.6018963333213
251.4398074280873
249.47576924805918
251.89118895263013
256.5881152434082
251.5957302006904
258.29437848731527
250.61532692553777
254.2694030436005
251.65744469152295
259.1170493497533
250.00507436127964
256.99121620317476
247.73808433616205
256.74329435561674
254.10742596437365
262.2033929461714
247.94076075248103
261.65418646367607
255.96571801712156
265.6168394669029
251.93171686569826
267.07293820559556
252.48207869608888
266.828528254602
249.79105384886427
267.61019313743776
248.42807681719637
258.72190698551736
245.56560266913817
256.78109249128045
252.76465241329427
256.69818389048595
245.6163053163057
256.83057026023766
249.78533822601577
253.08396583805904
251.25122016547647
255.7365254284896
248.43626086153682
248.17151856996247
251.21168412771044
258.5853288691328
251.34585697562179
256.5637830380581
250.32998630925923
255.31987735637898
249.82759008022026
261.19735078665786
250.52761271831713
259.0137593800194
247.44883382214795
256.6074902792804
251.34855420128045
261.3680665573849
245.75788118972005
260.81000375723926
253.2164791155207
266.7113628432069
247.43391699871236
266.4853510260769
253.08407326857647
266.2555034076916
249.23010826901725
265.054463142715
247.87420108148743
265.2994144968529
247.3344413970458
261.6402427368031
251.06901542878592
258.8346231172174
244.76839409745588
256.2072933818704
249.5069224782645
251.81741434327645
250.68780028596368
254.08549115508038
247.90085485776171
245.41767107091263
252.42436908354162
255.88746502340777
250.21473018327208
253.99500873800696
249.25527858739284
256.3916415037227
251.15879828109468
259.78121061264824
249.88081792937845
258.6243440030289
249.736166208442
256.72508319582755
251.19639167325462
260.6993710321214
247.36358061553497
260.23071561452207
253.31758857056445
265.5871335267717
248.23203266551133
265.65114207134974
252.13769956136693
265.1803391153329
249.86513091409404
265.45757652198773
250.13314384321365
265.5712339325521
247.54148168860624
263.56408555765955
249.55592905855923
257.7117762886203
244.73547346113037
256.2807263086209
250.10321319727493
252.88864308941768
250.50448332848111
254.71306902734761
248.4546039000959
245.73003159560707
252.03970286352205
254.25659448544988
249.75327274065512
251.71358960577646
249.6445947265422
257.56430256678686
249.76172973027812
258.23632055459717
251.8446290822071
258.3588394285366
249.45249187904366
257.819004335022
250.9697334435567
260.4051184135621
248.0711089961028
260.4743818918022
253.351825145394
264.5471238524356
248.67936098386286
264.0904033630312
250.91666966430398
265.5069316625132
250.29628466811465
266.26760914399813
249.97542648712573
266.78968226877754
247.79845183285423
264.5720332080238
248.10195683020245
258.43042369269074
245.7895743649441
256.37623154536595
251.17887843828828
252.87071946702034
250.19347151296992
255.15680829877795
248.6410318484452
245.3426411041877
251.99346906643686
251.73103594056923
249.059175583271
248.36383556530814
249.5846351452271
255.3707410845672
250.5060367335844
257.2498434212596
249.3639392811075
256.1848947905039
249.74724450944166
258.16718391742063
248.19104140306396
259.628869066071
247.8540766495293
258.8641111168232
253.78973119746416
263.33178902784454
247.65818998282754
261.87041924718494
252.64978499602174
265.52082057980715
249.4975952309453
267.5379144122659
252.02860813105684
265.8402302593656
248.64875672090176
263.86029242264465
248.57636616101095
259.2990330591703
246.3248102700924
256.94007623176554
253.85697406144268
253.0946281231415
249.45934101274648
255.9158864698607
248.82770830535176
246.47925813641908
251.61733063760465
252.21377936562496
248.47174695184643
246.1502170730116
250.30433380926377
255.30310315925237
249.49527488732377
256.7842603000715
251.8546839157924
255.38951938517212
250.34897031454813
259.42000331928006
250.05748006911332
259.24527613119585
247.67664024918608
258.1341014476158
254.0317742101298
262.440104192545
247.77610468898573
260.7975375573426
252.72086917066866
265.69688780374247
249.17628145650605
267.16346302689186
250.69073075314714
267.0050046633206
250.3022871614347
264.42051078945974
247.44430787262502
261.54618893785545
248.70096175653376
257.80459244484257
253.64842734279475
254.03322565044147
248.95626331123202
255.75127843355207
249.59524806214512
248.18028040201136
251.8741552001861
251.7757649484793
247.8980966862943
244.61922204402592
250.87613258013627
252.93244656636747
250.90889059254548
256.7382093140659
248.44867887142166
252.7326713918974
250.63921776230262
260.53307889917295
247.61842280994986
257.43365429531
247.70759376615584
257.20066068120127
251.92052392953298
261.43394570258226
247.72136766358932
260.11034215350645
253.3205282299773
265.9390679216613
249.02309707754497
267.17875150789877
250.61789188058714
266.53219452734425
250.81151295671467
265.1602938311784
247.33322063072393
262.67282098549674
248.95760276553972
259.4532974061796
252.21217478354194
255.50971378850193
247.83535816554033
255.69133243477376
250.31655190528568
249.11335169539115
251.4508857487774
252.56442535712364
247.85849101197027
243.83545864540318
251.0249106151429
252.10620876884911
249.97610168400954
254.61552656337236
250.32221717089487
253.1049714877616
249.64198654147236
260.94276859750795
249.9722207492032
257.0362506448518
248.2504230509168
256.7825862744205
252.44869116116644
260.9467690607619
247.63303116289592
259.85903453716094
253.87686161378633
265.53061455333665
248.23508418744333
265.34899415433165
251.03549787084785
266.0449212739245
250.82196498871366
265.658466818131
247.7933081830714
265.1407529611805
249.6210630226679
261.21078549996395
251.0704924346628
256.58204852086584
247.0973463186583
255.88988835237694
251.11434148822343
250.27142145116798
250.98034612846357
252.46902957830903
248.14748602409492
243.84916146491767
251.07820756072127
251.43340333119806
249.6957512406683
251.94967788116287
250.07129078800276
253.19353441907322
250.5667841333651
259.1091022558368
250.1332660255727
256.68461452335515
249.13819673622083
256.784164809818
251.80304691042474
260.2616758349991
247.85614421613994
259.5317910159988
254.58315376455997
264.59929393160337
247.8610442885288
264.42850788120126
250.9158667985671
265.3862764881355
250.05472947544976
266.27871602827076
248.6794562112232
265.66703611482177
249.33072027339665
263.3647766852354
249.8942685355799
257.0192796522522
246.9198560994672
256.11071063389045
251.9454086027677
251.85541302512445
250.1319654549552
253.31379289999649
248.48263570061636
244.28433014034417
251.43129343259733
250.7018178872723
249.2882431008031
249.66095405242172
250.01307208824585
253.79735847190176
249.30657711737024
257.8424813980939
250.59353358278958
254.95653087983044
249.37558882718167
257.42250368506393
250.72926895744843
259.7701839678972
248.0627275767552
259.2942681001356
255.13275390811708
264.0391954107018
247.57019859793513
262.4733045501289
251.09064510095408
265.45205608645495
250.00647517610128
266.64266791579354
250.00499505293942
266.779771065618
249.77156661628013
264.56312893003786
248.78917368009758
258.33680170151484
247.2268064665002
256.193184984329
252.89719938172095
252.84358758564906
249.57405863057284
254.28213424058964
248.5258793445915
245.348765666956
251.45510122196316
250.54731280163605
248.81788126707363
247.5181389547697
250.15975592931727
253.83077031481795
250.4827198997909
257.1173514607661
250.6766204897654
253.89146081208173
249.79856891055982
258.4268120842939
249.95736523133382
258.65156681987594
247.64916733001098
258.5305672415054
254.56706539326697
263.00233603415205
247.65006931963902
261.217666241964
251.78541215839095
265.50673053153395
249.34279675606086
267.32149141001065
250.5195225559351
266.7333087610802
249.985275829628
264.6609698925262
247.86913665775856
259.6944442640462
247.73594879628558
256.8966895314488
253.81352356375905
253.30794333062303
249.03228478976465
255.47754021401866
248.93708526493913
247.12747895863154
251.50310717350743
250.9369075784727
248.19158400505572
245.63079520916273
250.2870625209574
253.46947168721724
249.52323797322111
256.83192258625945
250.23488167451762
252.94906525567285
250.40644476120968
259.7083468677747
249.51153661782496
257.9326808746366
247.59504812291746
257.6879731608576
253.79409193464258
262.02001552955636
247.80401813698563
260.28328958274693
252.57271541595406
265.67971013456213
249.15114933378385
266.9761366111078
250.3750011839207
266.9189729899067
250.46289612500559
264.8779697956391
247.27560015220573
261.82632658432465
248.70490108755638
258.0323046059496
253.2180104293183
254.34903760627998
248.48689858049948
255.66613622248335
249.73471547927073
248.387497822742
251.55584163587395
251.64346475293138
247.77232976693517
244.346500075437
250.80767778033342
252.88844984224065
250.90185142730078
256.39945329170223
250.2030604147532
252.6630285664066
250.38556504433376
260.94349726399923
249.61667451672128
257.16574611576624
247.75419121087612
257.0646941593141
252.9760395893131
261.12379492480045
247.6476948157373
260.0620576154653
253.28510796234315
265.5392337777394
248.87493169363253
266.8010514725566
250.6262702549174
266.52779297354704
250.79511854753423
265.2927039079656
247.34144320641178
262.96851598888975
248.9583732472875
259.7275742090732
251.78163561711554
255.7465091707077
247.57299388220855
255.64738872890558
250.50861078655547
249.23083495137573
251.27026680788003
251.98882141298947
247.89016612314876
243.78396125381263
250.9512636563982
252.07065643560648
249.77393540263864
253.88666452605594
250.20902415802888
253.01128592762385
249.5108219923079
260.093116033432
249.86031520177133
256.89066684519827
248.42706223346144
256.7306357577285
252.1243938769988
260.82811043994883
247.66595147192638
260.0357433348759
253.9379090763355
265.1381139587484
248.17955279412226
265.2964118711581
251.0443359863605
265.9832778639082
250.92546577573407
265.6758193442033
247.93350256618825
265.5991621211323
249.63483455556755
261.803236431292
250.827705036353
256.59229317811423
246.9671027635681
256.00980310578115
251.2790032015988
250.50951114114446
250.78647965180903
252.62400415119959
248.24211939419672
243.82702775790813
251.06105565140405
251.26204109277074
249.50259386180937
251.19776506595906
250.08354702391097
253.24472392826516
250.5139524069125
258.32552184081715
250.11512008546003
256.0443678350187
249.31442934004235
256.9327899545989
251.4322225385225
260.1917711488946
247.92500730524972
259.50892137317
254.6412122672272
264.5618057513467
247.68997336729984
264.1103798583108
250.95293995794717
265.49739260690677
249.7747521213133
266.2967742065358
248.93620891671634
266.0768528387101
249.3708690283585
263.8513102075703
249.54878931249988
257.1920314564399
246.9503142178284
256.13550346911677
252.2103630140342
252.1904573074538
249.88233586873724
253.46801386328417
248.65179547172662
244.46442742962418
251.52631944734594
250.6384304957027
249.1912497934123
249.0480304178174
250.02310414809116
253.77626120143552
249.20327450246518
257.1686899600831
250.7089855821403
254.51791233751385
249.47403911610064
257.6651788423992
250.33703818775703
259.3628562194218
247.94548566632812
259.2758172303888
254.89067339328506
263.6630163466669
247.52381165306267
262.39949813762536
251.27015434706277
265.59004231551387
249.73276780172353
266.75435423987483
250.15335573073207
267.02514020198976
249.90230015051927
264.55994963454503
248.52806309209828
258.692303965749
247.31571967330058
256.3028005780121
253.2448074409781
252.7568071326041
249.3939694282324
254.63654396031671
248.606348663334
245.8214038943942
251.36714473514473
250.6649050040075
248.6652466420312
246.78419612881942
250.16357803489285
253.85426051692144
250.50294493947294
256.50593146358494
250.39719870011922
253.4332199669623
250.09619966220055
258.6895283888188
249.60944938126835
258.39171655525524
247.61199591853102
258.51429212336285
254.22234383722162
262.8645141664808
247.73391977664625
261.1856600252929
252.02957285078276
265.6180972018071
249.2462030027505
267.1599514083794
250.58561080197464
266.7281972609253
250.1142341936792
264.567357825144
247.59225710446103
260.31939626034625
247.97750818115787
257.09643485009815
253.73235643327496
253.49884237480063
248.90554081002674
255.77584570893077
249.15446812198243
247.72011300291499
251.60266240143025
251.17233038352913
247.9968047081323
245.0361556548523
250.334363836066
253.41148199624175
249.59013650273567
256.3009629805433
250.1535572843121
252.61595184085303
250.3849753539599
259.8688957744832
249.39434793394793
257.6847590183581
247.6152284255802
257.532284089176
253.54170707820603
261.7750187942959
247.82105912108273
260.3638642418219
252.94135301833572
265.79494959247614
249.1020087296203
266.8965790172827
250.49705353018737
266.8902658393025
250.75447606824767
264.9092975441817
247.1908902983981
262.3320363219295
249.05164711146162
258.4016511834058
252.77840561349248
254.7172793822602
248.21125433744396
255.6280934409778
249.98431981133353
248.61740509911198
251.48627178165776
251.7365416685128
247.75071102740122
243.96806696092153
250.80696432696436
252.7399258220383
250.81903171421985
255.5375959986121
250.19709605557998
252.62747178819492
250.46973836234264
260.9364239008792
249.61461207208802
257.03078652995646
247.93945594432847
256.86252943091506
252.64415778410935
261.0711035814574
247.66240540252502
259.8426027798934
253.49161683714615
265.7687679040551
248.64037634727052
266.35964299350064
250.84269342896295
266.14040510616036
250.7560950691162
265.431239544292
247.46936928363706
263.77314096712877
249.02492655175683
260.19337725844883
251.43129701942777
256.04260177734295
247.39186617806564
255.66262306490484
250.72911869306745
249.77319264306863
251.1201537509146
252.17189967968022
247.96726944524684
243.64608972151726
250.94185903325783
251.9036848264403
249.59295621300305
252.87828702082479
250.0828228307696
252.99567081210714
249.68853053468345
259.6544883484669
249.8245928490328
256.87045888652875
248.77343153393585
256.66707918725535
251.86504435111132
260.90770152998175
247.76588550234501
259.9538650448662
254.15135277594993
265.14699380270685
248.14025363634732
264.62921972285847
251.0193932194264
265.7142191513835
250.78774671744577
265.8398624034973
248.1928147841853
265.74634418541905
249.7853783703644
262.3446159257986
250.52101596280053
256.83725877492344
246.98251409348111
256.0473503802324
251.5114533384912
251.2003521980197
250.4938733135732
252.89430204899259
248.29345592064092
243.96965273612489
251.1497613482164
251.03991202514683
249.37954888767055
250.36696101577215
250.02468716024717
253.3679377221059
250.4523033639295
258.08491049240985
250.12986347225575
255.49142340940662
249.41353097069535
257.07004803588785
251.007240459806
259.93514220315984
248.03772539571486
259.1973603360041
254.85268085889012
264.28040315398397
247.69588699759655
263.58615918976346
250.97708361061328
265.37552980547747
249.69600381480672
266.4394175051005
249.30088406311478
266.2443797459894
249.53865473541714
264.06048382150345
249.21396798253417
257.54843647666536
247.09624042648633
256.1802915002658
252.50423752193387
252.528405353276
249.74594776678043
253.74003613844562
248.56587201959823
244.81524317180964
251.48165060362152
250.57341236880254
249.0405636667143
248.26593346333976
250.02512122162852
253.8514496615382
249.18021362188674
257.1778277170321
250.53806009608658
254.1434606068488
249.55270187426876
257.92709697764707
250.03061549411194
258.98777234563164
247.82914734364462
258.9282615552148
254.68859246325732
263.40082101680593
247.65016144719615
261.88063793298386
251.43895575576087
265.4510446381141
249.66832029917276
267.0144243975559
250.2235221421568
267.01003078959576
250.1084532843995
264.5766155305421
248.26538022320273
259.2003508078192
247.43376680700894
256.4370198335087
253.61290084356526
252.91210712697085
249.3354313836079
254.9169604770464
248.69708345202574
246.2891317064422
251.40390948682682
250.73315537371536
248.4921903056287
246.28141449580255
250.19117401755256
253.9187489964407
250.53480496115412
256.62521921305466
250.29591036646534
253.19035832220536
250.34482252151
259.1453710539223
249.50812344158166
258.1967002580902
247.58536450359512
258.19842081281774
254.0024393728877
262.54841264785716
247.81987901040597
260.7911657458989
252.2151476940902
265.6208616715265
249.24371940938076
267.1289897739901
250.46979023039194
266.6868781539577
250.20335846680953
264.6450521319869
247.39319027963637
260.8359674478056
248.21007570849247
257.42173204833006
253.7035992578251
253.79647085690607
248.80871811238674
255.71784438659378
249.42484635113507
248.11973601834865
251.67612698873248
251.35068205647744
247.85925965454248
244.68960983248917
250.380488196383
253.23668424041705
249.72008002632106
256.5921668231088
250.1818353157224
252.559056342252
250.11864180743314
260.30218305019804
249.42611859694358
257.41146809782316
247.63863600111506
257.2355439164622
253.2814706272764
261.4763549092147
247.75677261173325
260.08939402507724
253.1515712153063
265.85972629737284
249.10213828176109
266.7248949234131
250.48607239002658
266.8365821522993
251.00859014017544
265.0329740635838
247.19390148780775
262.7848242281632
249.34667729650636
258.9089731727421
252.33132637847254
255.19169304297782
247.9573800657122
255.59775293493732
250.17591456430134
248.90150570169453
251.4311047241934
251.7716598544082
247.77104268727192
243.82504034397354
250.86744749842856
252.44509180536426
250.58527457426095
254.7672004678381
250.27067559304976
252.86734102757376
250.46778252083766
260.979104020269
249.68874312933423
256.95110334814393
248.1121986725867
256.80879691934547
252.3815106096058
260.9104694559738
247.7087876793011
259.8606156607131
253.6530017518756
265.49549977575356
248.4790903393835
266.07402006902464
250.83066445103202
265.9026206866333
250.8335202130574
265.5161671351223
247.63226277717638
264.4261300053506
249.1367826716665
260.80937623765385
251.1419237536482
256.17483779104737
247.24488360975505
255.77593950872998
250.97650242538455
250.15725271677672
251.03068390021485
252.29002958293887
248.0841656504884
243.7232559162433
250.96147988698928
251.58388418330617
249.4603545215574
252.1904851231832
250.02878076176702
253.08069491632344
249.73599373942375
259.15625749908537
249.91008594353494
256.7772005464544
249.0186202168052
256.7611522200067
251.72355296780168
260.9237682966092
247.83655316123372
259.9473730555217
254.37974632776286
264.90036404501546
248.0261615399494
264.25474245654436
250.89652136089276
265.6115323234199
250.66730911492633
266.0333682947491
248.47625426112165
265.9537385710379
249.73679717779245
263.0157558640408
250.07148708180466
257.03446039518957
247.00621395515884
256.0949856236935
251.81617921205944
251.70101876031367
250.24452729080778
253.1207459218816
248.42455453742178
244.19444301520141
251.28442597961268
250.7672746726263
249.2934370083242
249.80875327806353
249.97387306563743
253.7080725673709
250.41266246448725
257.7590023380229
250.32984423292874
255.06277485579812
249.33283835518557
257.31202475731146
250.72211007023
259.7785169124131
248.0737234469793
259.04620941614655
255.07719066989984
264.16258577129514
247.67592717049664
262.9984418681475
251.00168199087108
265.3452017851744
249.6249208165342
266.6175906834794
249.7401509821989
266.42034548147194
249.67638109198643
264.3066782955471
248.8735247873127
257.8392360343265
247.19214162515752
256.2813986537029
252.83448548730266
252.72514601651372
249.647874744423
254.03630594305187
248.56705222642603
245.20080722300008
251.41434342158092
250.5035816309352
248.86727172041736
247.67599686405782
250.0829424382594
253.83642603346004
249.1863613374304
256.9656581469265
250.44487770331995
253.9257769717138
249.65424601920515
258.2611942642148
249.8722711364385
258.65367437202605
247.69214663921792
258.7110300047787
254.5769649160716
263.0523860385442
247.7117601164107
261.5734506078519
251.6074545921338
265.4518342005658
249.554724533668
267.04302454979785
250.36881782404694
267.11436170113
250.1034810852826
264.58146281865197
247.92564380608033
259.7276168558687
247.64618391381646
256.6609784748484
253.79744556523377
253.12527254520606
249.12341168665185
255.2567591950059
248.87186129789708
246.8666983184646
251.44740685279308
250.91819006972543
248.24580125009058
245.74599219269683
250.29686108945637
253.70586613559502
250.55447500707467
256.5955180086244
250.25286018426073
253.02344233678366
250.54055437909034
259.53331506898013
249.46104590857456
257.9707771023498
247.55548144852614
257.8752806931859
253.90389472854767
262.12496861578995
247.79334362546777
260.57289296995737
252.49839316580287
265.6160589883424
249.13265321739715
267.1414005661603
250.44563046749897
266.67396077125824
250.29625909635834
264.7523728058873
247.25618556229028
261.27154152417154
248.38590016316246
257.76627091597555
253.36522269164078
254.13460561148054
248.6496186653054
255.65363106282626
249.6602879188365
248.3364395935436
251.59560865221349
251.65299863341644
247.77249505517074
244.3588830120639
250.4712612509515
253.089245202453
249.79079977636582
256.54122184740004
250.1977009177453
252.6203095825926
249.85714043517876
260.6924292301392
249.4959296740181
257.2181274144306
247.6628635615077
257.04468083808405
253.13124364233167
261.1853250694171
247.6656623152302
259.998960428861
253.28095643727903
265.6725590698482
248.92955673650192
266.573015542171
250.65905547967597
266.711764880945
251.04205642375186
265.1762129777386
247.240230577401
263.3476128183532
249.53135405208178
259.3791715633675
251.9222912922264
255.7052400838841
247.6988630687387
255.59282507076608
250.44756514149202
249.19841429264568
251.3697352021881
251.96050365377118
247.88571434002102
243.7055748820404
250.938029733655
252.28372793697383
250.2387285609122
254.01162707893383
250.23732351480834
253.081533004961
250.50550996861475
260.4681950485985
249.72676702877996
256.90058028170455
248.2945739533657
256.73153680632765
252.22227627837202
260.8203709953742
247.68120939215257
259.919777067622
253.9064569992551
265.3149061504894
248.27661214814984
265.70905507671887
250.98320101642028
265.66446688660704
250.80201999132137
265.6695456109847
247.78614241162313
265.0275488953629
249.23128316261398
261.3351716385712
250.8907374737762
256.3794975744866
247.0856811472424
255.92373344691168
251.22233718077587
250.50136684976997
250.93469812195164
252.44969061888503
248.2305003940943
243.82463902413625
251.00828683289
251.42276579725814
249.3643100777621
251.42544505122555
250.05306102356988
253.23065513953918
249.45555899505044
258.69806196534466
249.93541801205635
256.3571498454386
249.16812157830486
256.87504736982476
251.54032354303018
260.59168417703034
247.9039064697158
259.8298038308189
254.60133272786032
264.73144761330076
247.84088079780832
263.85625756734095
250.93530908245893
265.5233742333924
250.45148818455925
266.12924527508403
248.7278490308732
266.1299448173173
249.64250438913768
263.4695563892364
249.73607852201232
257.2947234595758
247.00193245605158
256.0609521227827
252.12167094790425
252.12800984948632
249.99292095334192
253.2511937793757
248.66717644402996
244.44075075256004
251.44239722426298
250.7038017327169
249.23467617679688
249.2457812316206
249.99193454312316
253.91607715465454
250.32789482231036
257.49995478028524
250.45991439802836
254.69596293674658
249.3229288516287
257.5721014370361
250.42099532741457
259.46870013428406
248.00604929652462
258.92110182658894
255.05956269965557
263.83309333318795
247.61339791667467
262.481962641382
251.1780110838297
265.3395488957127
249.4605965202519
266.82433602930803
250.0404865970506
266.4446922429499
249.75099305372106
264.31894305323857
248.61018725056948
258.21896132262424
247.3039209469589
256.3176070172122
253.1387179538059
252.76657174168386
249.49765547320806
254.25395944983725
248.6221786529419
245.60973221961737
251.3711082741611
250.6111635578985
248.6943070327546
247.077772726933
250.13105934572224
253.90587233474196
249.1969214405139
256.7923610476445
250.3289852711181
253.6336347337955
249.78971912910055
258.59289042196224
249.65271479231248
258.4202029259813
247.62245240589323
258.48825649842206
254.3822797441046
262.88993462852756
247.80224521249852
261.1935757276721
251.9191491869967
265.5494062988405
249.49629575525606
266.92790623108397
250.48478270595308
267.0142788600139
250.23034754548672
264.5927746726089
247.6547472874582
260.27206826111507
247.89210338268103
256.84587915890677
253.72263207511963
253.36676260644296
249.01446822341413
255.40868736794326
249.10718313134856
247.42376834569762
251.5751434698785
251.11011047795918
248.0630130512658
245.29095296309157
250.42886048565256
253.63188332238178
250.5809545203962
256.561424790131
250.18068344018022
252.77172778300996
250.70083527522178
259.8267833802331
249.3441413261399
257.8059971491268
247.5799903322169
257.55678042457396
253.7219357608851
261.8471725706426
247.91330077217347
260.3174830771888
252.85953961234972
265.72992224177636
249.18261302522865
267.1469583212252
250.51586269262305
266.58970106894327
250.5761487340106
264.9160738785315
247.16863212181562
261.65734717089595
248.61763330397744
258.0885006584963
252.98322511753008
254.49937667113733
248.38685324951948
255.63356164197404
249.9247331401513
248.4464199437191
251.5493822270571
251.69298008262228
247.76625220943268
244.10112739955176
250.5918306225827
252.98360269585845
249.82680053328298
256.01776449635406
250.19593394129942
252.6639491964351
249.73181550930764
260.9388403113656
249.49795385011237
257.07471219013536
247.81420767827123
256.8773106029555
252.8104500493177
261.05023444768443
247.7194657919586
259.8308491534856
253.4775018287094
265.7079528098118
248.78243407349555
266.13939717379924
250.78945439926576
266.45618659706895
251.12388721044428
265.36973755718924
247.35722089431238
263.8763591895916
249.56452186396325
259.80925203526544
251.55853920596806
255.99249320015062
247.5730541098408
255.61910995750586
250.69383982548442
249.4659238000412
251.2264717872771
252.04097238624777
247.96027396513344
243.6588669570454
250.93574619956945
252.06164524723246
249.97627426389542
253.3273492583764
250.11069144896695
253.10262534081667
250.56818386688474
259.9661779259237
249.7259225456634
256.8676737092075
248.58371176754034
256.6847614509791
251.9812544887188
260.64002786071893
247.77384237620436
259.8688442321533
254.11817503841135
265.1670225872191
248.2305684613476
265.20745636849693
251.06331586462753
265.5190818503655
250.6751941453943
265.8459929770095
248.02984806584766
265.23999398489724
249.38486687607835
261.92212991168896
250.69427913351475
256.5398225557161
247.0958913567081
255.99094324319643
251.46976938005668
250.84281659434095
250.66108132750398
252.70526383291474
248.31098464591935
243.96606956681305
251.09804135189077
251.18567735090875
249.33097100867028
250.78954756858943
250.04855016847765
253.4042992105173
249.3361354897125
258.34972483087205
249.95717937623738
255.79740974755802
249.2694749023842
257.0280420228349
251.16623365477102
260.2179036708725
248.0467791678507
259.70549518378317
254.81014477883537
264.570471574515
247.84313762675436
263.352779859172
250.95189949033346
265.5124450854205
250.43341763352686
266.24562023218147
249.08010266368055
266.4345532341441
249.77101353709065
263.84485322649994
249.35518105139369
257.58193268816274
247.1225457048604
256.0473346676192
252.42504005039513
252.42406703250987
249.85202612198924
253.50746513281626
248.65033205777024
244.71754696637296
251.51923442451374
250.60098088826734
249.09710800440948
248.70773715248941
249.97371718072262
253.88749699490452
250.34695184130305
257.34848395900286
250.37026728219453
254.3143677968014
249.39196891556756
257.87558002429216
250.1170597118331
259.1012015181931
247.90957581678305
258.8412947243347
254.85234644509129
263.5248598267221
247.75864739566913
262.0247596147137
251.33779935724817
265.39752560385244
249.54073184090024
267.04780553772406
250.11311542193926
266.5920274082608
249.95360900068826
264.3506253902251
248.36687747815364
258.6103732125066
247.43835736384534
256.4138024830179
253.503842817801
252.86632551551804
249.44656822261518
254.62906987769554
248.70836435220934
246.0756273494813
251.44135501406961
250.70970737988307
248.56872891871137
246.61730306823117
250.14890114657217
253.9312009989551
249.30219813209152
256.74724745193424
250.21017968585977
253.32123952306344
249.91841434653628
259.0157867918036
249.50986761019388
258.23615242168853
247.5809976203495
258.28491106885616
254.16881750093157
262.6987007474254
247.91558479162842
260.8813707271851
252.18643839632088
265.6022809012343
249.40103829523002
266.84652828968217
250.5837386802095
266.96382511662955
250.28239486747916
264.62841437536673
247.43140578002374
260.8234539865943
248.1957690482402
257.14185901886685
253.69051548631816
253.676938844332
248.91146316371288
255.6490061025724
249.36119370233556
247.9704356080807
251.73200900335382
251.32230099840152
247.91594710472873
244.90952747913815
250.5667642512784
253.45496823137225
250.7100495401108
256.6742999398597
250.19845062211735
252.6291021812829
250.48563568393462
260.213438620641
249.32716891814235
257.50491437821915
247.58543654350876
257.29499497444186
253.46061781024187
261.56623315969455
247.87433213649328
260.1393360639629
253.19142001760295
265.85400949288896
249.21157303100435
267.09239467882225
250.54692848028697
266.5436452064601
250.76852061944018
265.0284353062608
247.1441055803744
262.0719970567018
248.87776687735166
258.5377815285231
252.5027621271846
254.9177959368044
248.12408574088462
255.63788878932624
250.15670334344395
248.71291867305263
251.54725368496932
251.76907643467015
247.7779623752636
243.9231021681765
250.759445023889
252.69355048016928
249.9040704205204
255.2609518047459
250.28575138269034
252.8154630370349
249.5951886152066
261.09046293460256
249.55799250421433
256.9751600622078
247.96724974038355
256.8034083538634
252.53711246375784
260.92272823241484
247.7583203092884
259.87019450356115
253.66923025810897
265.57516505422166
248.61282615943657
265.8366675775898
250.8779059815853
266.19870992736435
251.20600209062115
265.42420710979167
247.5175413310931
264.4597558731973
249.59367522387987
260.3611671342786
251.24039287172693
256.1931484152663
247.40453804050603
255.71184397021705
250.93555746649238
249.8788347319575
251.18462694455621
252.22395596823702
248.1018002348132
243.70061197530788
250.9556528510102
251.84381779359117
249.7512184704934
252.6350784863096
250.02084533901692
253.12936144881357
250.63403584702692
259.4639616045506
249.74401715672712
256.88912196320314
248.8548742018369
256.7523412473591
251.81235681565812
260.4797157105011
247.83294249215544
259.7969744471156
254.36154719060815
264.97515268638773
248.15369860620115
264.797106716125
250.97783045198142
265.4153250707723
250.47112572751138
266.02020208834836
248.30828154216695
265.46260756443235
249.49673572784715
262.5271414742683
250.30176978521618
256.7297393121977
247.10088260459634
256.0647421239342
251.74814230897616
251.36623506992726
250.40804947992734
252.98001634312732
248.42594457682478
244.15887159837533
251.24277410229783
250.94917047246142
249.3313156115116
250.163549273914
249.9683613919311
253.65135024342925
249.26360737391866
257.9955756240592
250.08343639238606
255.3082128288804
249.25618068599982
257.2485597532545
250.84459781433685
259.87377706236344
248.09919618044384
259.5862759091346
255.04343278616003
264.32445440364774
247.80397847526893
262.94688078521585
251.00817680330525
265.4958390071601
250.38215521724703
266.3671772925234
249.47994142475494
266.6566750214666
249.84322866652252
264.0873887705015
248.9900765614951
257.8957561206134
247.19475120195398
256.04903704666316
252.7593054713924
252.74557008343842
249.7458686826366
253.77819914774847
248.62323582987477
245.07286929680393
251.47247168757102
250.56109504129302
248.9164526231403
248.0361816874267
250.033354597034
253.8628054755216
250.3395424407682
257.13404545724654
250.25511475667557
254.0365224096865
249.47255647264336
258.17485818851907
249.91011393912575
258.7543921901845
247.75416061407694
258.7370866147484
254.74165597953188
263.1861840445697
247.80765271131875
261.644235938212
251.53756993059338
265.45012994930323
249.4968392043263
267.26368658437417
250.224966012941
266.72598550563174
250.0722850752145
264.37953360779215
248.02760810698774
259.0898342645542
247.60062210784204
256.5570966410328
253.8232852198646
253.0444404884222
249.30647113023173
254.92082240690382
248.85847113221982
246.64051613578815
251.48477682270615
250.8636446667795
248.3406177212343
246.05135788089217
250.19879722962042
253.9183743526254
249.34270781955505
256.7140859251288
250.12229112531364
253.13322299155018
250.06002659056534
259.4434688047903
249.42203834580496
258.03344336772494
247.56721553520245
257.97308674747364
254.03080069609888
262.288194666054
247.93186494004536
260.6177582296237
252.44436761294818
265.63701226031736
249.29520537785973
266.8350919445722
250.54754147617416
266.9752763182348
250.41341825840038
264.7022388535105
247.26047750429157
261.33021847030767
248.47212942910818
257.48246735706107
253.5123004127294
253.99052814609402
248.8147130731175
255.71571095233182
249.63025596263282
248.20244734021213
251.7340467651896
251.58314340712542
247.81512915257252
244.5563972697924
250.71809015964686
253.34403332191522
250.75429844865428
256.7003259864472
250.19720684212734
252.62216909635788
250.30863930114216
260.6125057942083
249.33484974417306
257.2777558735753
247.6457263247747
257.0877276989261
253.24568347755098
261.28760822330736
247.79536187178368
259.99946582382
253.32226540021495
265.7465615721129
249.09205496828847
266.92475357290306
250.61557374151204
266.55584092401256
251.0490214954122
265.16202620217376
247.17664512307306
262.58672772806796
249.0030746299039
259.02458910615997
252.06177920159143
255.42664594702464
247.95577473306497
255.59930367030236
250.3912091962278
248.95683417657668
251.55383293573615
251.87735006891134
247.84019188291552
243.76472464560018
250.94285933054528
252.47364657470985
249.81086812876538
254.47960091733927
250.23867458873994
253.079902763069
249.49664194792192
260.81387806485776
249.55701101234607
256.91917648161376
248.1726664612901
256.7613343369706
252.31001372214396
260.8187337156691
247.77489359515963
259.86790570218386
253.87039400172876
265.350465336533
248.428688899027
265.42929125406386
250.93828298532034
266.0100565633151
251.25441477576024
265.54029831507654
247.67811065194988
265.09191173362814
249.64252563655484
260.9471344223246
250.964990055779
256.3932980226844
247.34523051887757
255.85228739241802
251.17379015330073
250.18255131736393
251.1479942794605
252.3990202300779
248.1815324064926
243.76458505949893
251.01972907701403
251.6091655083851
249.57497466863575
251.85355246990358
250.00529404249957
253.25411095059505
250.47097869426358
258.9867107391553
249.739878913683
256.62589073969787
249.11529520461954
256.8507279234876
251.60973804007304
260.3114953040817
247.93352028599875
259.51170265013
254.57202149685986
264.7951812038252
248.02717039066468
264.3375746781746
250.92880007400117
265.38130053873573
250.22385333551568
266.18776394161387
248.58412717483995
265.7093190980794
249.5292793778679
263.099472137927
249.87666829484442
256.9327767100591
247.20505660460958
256.0405059284714
252.03953774977094
251.72144852053475
250.2175416954203
253.02921195494636
248.57844226594526
244.36060193285832
251.42599550935586
250.80932834915083
249.21702875356942
249.5818820051816
249.9591534677435
254.00625265477404
249.20592212433365
257.73113859314185
250.18857799047825
254.90571409498685
249.2456038395728
257.496523736605
250.49508064312434
259.5628907844831
248.12282620771413
259.3091865754746
255.18535238806768
263.905151471998
247.77869872470535
262.5933740872119
251.10690904928947
265.4582912226146
250.14474838891084
266.563888732069
249.93582481470165
266.82099064205494
249.95775414667418
264.1176997512777
248.67391144776687
258.2493428206736
247.3937077411967
256.0958207328349
253.05890476531525
252.78331653750774
249.71247613233
253.91837369769928
248.64162971044212
245.4276035159049
251.4612378691957
250.59347315551145
248.75457038700765
247.41569147149198
250.13593112655428
254.00982536367695
250.39671640507493
256.9589692281438
250.15207089600446
253.85293529483718
249.6414638150989
258.50084679315023
249.68527580560493
258.47411921734073
247.68756183281937
258.56120712258945
254.5383616272433
262.8882324592307
247.85464806213005
261.35550912517476
251.73388351166338
265.5261275247032
249.4724745159037
267.1933155963694
250.39830787886982
266.8045433369589
250.09556264446607
264.37137741800854
247.7206158578624
259.6152562995491
247.94310600301088
256.7774443405495
253.73807827061052
253.27283942214945
249.21213532679087
255.01330162189427
249.05103496764127
247.20545047218445
251.63358188156687
251.00223014277276
248.13290681333115
245.62099719142898
250.2624015728467
253.7908265510462
249.4350048196896
256.6900743492338
250.0608905918648
252.9515189898996
250.19118414349649
259.7907380495385
249.35518457782436
257.8553858670651
247.59829399879803
257.69296935303834
253.83304552286052
261.89475850210897
247.96461177580676
260.44088357300205
252.69898000863938
265.6992603313531
249.25043008730833
266.8519069860898
250.47391661716227
266.9660628121351
250.5916928713849
264.8269743933313
247.1560533029237
261.7125831998691
248.92467876827476
257.90160357750915
253.118438353985
254.34187103495074
248.64951739188592
255.63513677237842
249.8576180715635
248.25645403718423
251.7050198730172
251.64123535735374
247.76616982271116
244.30655226450477
250.81782949400358
253.1589751944612
250.80408487200418
256.3261457131738
250.20315100883974
252.74745452215936
250.20453264650178
260.942256999442
249.42603010485496
257.1134898814515
247.74084033032517
256.95222856103084
252.9776139971712
261.0318822246533
247.7749212213603
259.93966026802315
253.42459425710206
265.59645334353934
248.92057528308865
266.7112133032098
250.68082028937587
266.3788730537347
251.08490714786078
265.3517940381434
247.27205363331902
263.12559155591737
249.02864805508253
259.54779961439687
251.6717803163614
255.78467567341264
247.76319089349062
255.6132863354227
250.6315876738063
249.14174993700559
251.4487579097384
251.90048762314314
247.90733771996233
243.72005773974414
250.97384408992232
252.2134791271481
249.6944924088221
253.87881707088277
250.10449753639733
253.23408823689627
249.4920301628072
260.27339605352006
249.63574093175828
256.88028451827455
248.43160874978383
256.7402736728815
252.07480960711618
260.7407688137976
247.8138621173087
259.94657152048103
254.04773631915558
265.1178767874379
248.30593023895452
265.05404428540606
250.994690217122
265.8330994507712
251.23397867094897
265.6692674999683
247.9005105458242
265.4240855226505
249.72391476246
261.6305821600661
250.74068462021918
256.59984726011356
247.28054801046594
255.9843265178338
251.37654284435803
250.40488000272572
250.90976664228182
252.48021869793052
248.26998273090763
243.91474255781787
251.10599763897153
251.296613616021
249.44069347252722
251.29957551644887
250.01981191343782
253.5219917900552
250.34529118426494
258.59831058050065
249.846904301645
256.0588537831324
249.1958177515852
257.0173957337254
251.32236496881717
260.07202204700076
248.048709927143
259.30218414222026
254.7337107405559
264.5128783553106
247.93780430587054
263.87451075502
250.87885672273265
265.3612544170964
250.0661357264123
266.2958070546588
248.9173618230811
265.96566000379914
249.56538147377495
263.65156604442103
249.47329538556667
257.18510223029057
247.27140453880452
256.07866249904873
252.3111846019959
252.03663162813885
250.03886617945406
253.22154978302044
248.651526695753
244.62656781749635
251.58785797503822
250.62415538131674
249.14145411066
249.1324717414859
249.97824772678297
253.9806112949172
249.11991805253436
257.53405589768045
250.23194746992905
254.4862547297354
249.29030419700894
257.81289992431664
250.20600597907477
259.2056480434946
248.04635295779545
259.08075021237096
254.95911122345433
263.56161772246577
247.80778605995263
262.21563410479575
251.20309287256043
265.43852832697655
249.99293135724375
266.78010023929204
250.08450607058197
266.92989140706993
250.02247640080927
264.1438238372287
248.3987728253005
258.6499293815308
247.52049757003064
256.21896946759733
253.3561111517615
252.85502370721704
249.5789400153087
254.23534060196846
248.6858527971621
245.82802781727815
251.47238504534602
250.6109291124989
248.6137572122396
246.96926104739427
250.1498001023604
254.01822481345033
250.49579718305748
256.86147940747117
250.0480455303993
253.5079417265504
249.870348504821
258.90103609203436
249.53133175674026
258.2697491391315
247.63787137789436
258.36882837379574
254.28185928875902
262.7131349530324
247.94027677170183
261.02069458507924
252.01842293119634
265.62457638488667
249.3914661398969
267.1479576237006
250.564485586671
266.7387609084529
250.14493040380106
264.3941614690336
247.474768660805
260.1802179518697
248.21691820397126
257.0274382399907
253.68651240275722
253.56488388871585
249.05287476403814
255.26780986435105
249.26304284849104
247.73625429960688
251.74499872642878
251.17943322318575
247.96399107142483
245.160957313248
250.35967412610168
253.58177868334045
249.58464042567635
256.74738476821915
250.0371139011943
252.77687088650796
250.01888014352662
260.1273912838847
249.30268297161672
257.59047031550347
247.59820992058835
257.3620850548384
253.57458216395645
261.6113727447059
247.97238690617598
260.14166550378525
253.03758112499105
265.8028588023873
249.21723935836738
266.9038517744525
250.48284294711513
266.89186580530435
250.80400256255461
264.946612523235
247.11034168891217
262.1269490999743
249.30476543942208
258.32463822574897
252.66631399933195
254.76415969615795
248.33067478738658
255.66730017907216
250.09359518454607
248.46989917969003
251.63522825160425
251.68536249617594
247.7519415559796
244.05277811965254
250.86693736108492
252.8586435178837
250.76270591679634
255.80610442610998
250.24040820613192
252.8881784819731
250.14968556666742
261.18164229087506
249.4792735746036
256.9946798230584
247.8921068372175
256.8025506307248
252.66374391110017
260.8970261975274
247.79132926406896
259.81075665535496
253.60305077297838
265.59101183113125
248.6962568885548
266.3473562289896
250.81414829928897
266.1114704724713
251.0375764380687
265.4344460052804
247.42686733348705
263.70327711511885
249.0983180728154
260.0734324378293
251.33142518086328
256.0012995397571
247.59640136549126
255.68535850258013
250.82429437796048
249.5309771839501
251.30081508169496
252.060998521351
248.01062028082777
243.69192484523913
250.97373500213274
251.96464857042363
249.5476825434524
253.17189365508764
250.04010294848155
253.29877245253684
249.509595024488
259.83691123379396
249.6508954104309
256.8933874249329
248.71935511406258
256.74912702139335
251.86419198691848
260.7722546979681
247.86072304874514
259.96328361073313
254.27891792100783
264.96458768461946
248.18414723352228
264.5567591076393
250.9562215630505
265.6804579410598
250.9988870197346
265.8634406392666
248.1789665974633
265.55647222319936
249.84723582513755
262.22446108095363
250.4645711587063
256.82941271178373
247.2308289540627
256.0438157205727
251.61244135053678
250.90626568271026
250.59815699865445
252.74265578682912
248.3494031327762
244.08350968805848
251.21855754080897
251.04809894537334
249.33704719460988
250.59380437476705
249.99272813514344
253.76237171281238
250.2599360707453
258.33210314989947
249.93562478047605
255.55298455301488
249.27247464829097
257.2048191160583
250.95254805899046
259.9242081424215
248.10639198920268
259.05238619605325
254.95830694238074
264.39733374423383
247.8647197044245
263.2938994811632
250.9184430935054
265.34688356083115
249.89216198663408
266.466012027908
249.30041030110092
266.1759544612346
249.65231191445716
263.89770943289017
249.09138424828404
257.5127623538432
247.3041811536566
256.1464935483012
252.61343025763946
252.59552103399025
249.87663225405237
253.483593398321
248.64274716711842
244.9242717263689
251.54541619598163
250.5498401325205
248.995369310816
248.45457386569555
250.0251442522258
253.97742452112914
249.07531546485467
257.40514009616635
250.1159647735728
254.16366277196883
249.37026584943072
258.11033620009806
249.95878914071275
258.8587223215373
247.8865196103253
258.80695910768395
254.78664943868242
263.29544209367793
247.85671986383875
261.7622559864593
251.38706064511734
265.42802245172123
249.83656871299743
267.0585151859098
250.17325988154624
267.00651674789754
250.14592656654145
264.18617271257665
248.1256498167895
259.1346094225057
247.66316280007655
256.38825775664134
253.7304418661707
253.01059386959605
249.46105105491839
254.56730513330297
248.79459983177622
246.35249949372906
251.50679028834054
250.73290373493663
248.44323909482048
246.37068827495696
250.2211722669659
254.03662528258874
250.52561682117582
256.9370860376
249.9467777019014
253.2615610698505
250.12470915043795
259.36111877919996
249.40793546202957
258.09766838150404
247.61729345970602
258.06850080518024
254.08518557553992
262.4125008400382
247.99604494645092
260.6795142381822
252.33498021507174
265.5923936020127
249.3454387657598
267.1487366742526
250.5104127310165
266.70040049756994
250.24450350474837
264.4480906149917
247.28761486991726
260.72712488840153
248.41117403029412
257.34820384962404
253.64411376464125
253.8832775796747
248.94067525466178
255.4243375655894
249.54141075205584
248.06807335178397
251.80390152129146
251.41087709808502
247.8428675999084
244.75357713902997
250.4292368954557
253.44575502494612
249.71127239055318
256.95283380561114
250.05227479988187
252.7047946944555
249.76475950187296
260.5548586813906
249.30281800900335
257.3326546001072
247.62976298514292
257.1393869722042
253.3305551775846
261.34835591714454
247.89630003947636
260.0049686497161
253.25873185320782
265.79795598639896
249.15933095902048
266.73618720485877
250.53468854522202
266.835602983683
251.0704672571398
265.03965185944577
247.1236278604495
262.6307899276706
249.52193268372483
258.82054310906494
252.2101474430591
255.27735036721333
248.05664630541526
255.64300587973375
250.2765938999282
248.75530490912595
251.57771083221513
251.77264410937275
247.7885332144143
243.8585308064132
250.9428852084796
252.6072730961421
250.5122690695025
254.94482048161007
250.2444753017032
253.10534209763483
250.12613482153435
261.1621553276694
249.50291280170902
256.9197763057718
248.0742067289812
256.7435492508943
252.41016068663532
260.8026273959146
247.8347570326737
259.8131538940945
253.80692322643725
265.40279745418917
248.50735932401594
265.9871185554326
250.85826724501945
265.86873525267254
251.02574322313555
265.54666500365863
247.58348675574464
264.37056191402354
249.20398329988538
260.67208360173413
251.04026498413927
256.17319709517403
247.43150535276746
255.81674344019814
251.03555785134185
249.91035896875715
251.20016959485235
252.2288808470814
248.1127270670671
243.7283430314781
251.00670642265092
251.6858956500191
249.44183769320256
252.34468748010488
250.01783323140424
253.34976065096097
249.38851606720922
259.3477128866556
249.6639864604815
256.75301424443
248.98033566568645
256.8349829999639
251.6775189279832
260.84154462473987
247.945305676645
259.8239673337233
254.53149477524263
264.8110167592273
248.09818263145365
264.1454796456221
250.89299307430664
265.58965838104496
250.8012641522527
266.07060870483434
248.4498274446952
265.7463059788468
249.8264767068822
262.84388679042667
250.0171162473768
257.02960566923525
247.22711653490134
256.0732482451359
251.87548519493407
251.37687552746758
250.3307887915957
252.9656979321464
248.47562058342282
244.27246407510117
251.3649532542449
250.82938493244896
249.27133850817512
249.9710787119848
249.973839050257
253.95821341416544
250.22264582508134
258.0330188850888
250.05734458477568
255.09199064877726
249.22274059076472
257.4378723343691
250.61863861873763
259.67514185714606
248.14783697417653
258.91822831021716
255.20902942411308
264.03833229155606
247.82625873056952
262.839792343561
251.00068487654076
265.3280177219633
249.75139477605234
266.6655148963869
249.7359747171972
266.3250429023012
249.75363106836468
263.966614836172
248.7634045748181
257.8165567219975
247.38564508012539
256.2415605333531
252.88481980041976
252.82705907064283
249.7592150455035
253.78815150139437
248.62937686955
245.27699219170196
251.48644184905694
250.5305692017141
248.83178739122266
247.79627121878784
250.1133406814099
253.9673018490341
249.07938919347708
257.2024064340548
250.02126657846532
253.9647285735099
249.5047162467924
258.43367184864957
249.74818949053318
258.5549636468358
247.76720537404296
258.5705631422863
254.63768762688179
262.9845008877536
247.89614618398625
261.4304410260053
251.6128095431971
265.4691688632823
249.71844412019018
267.05331830390634
250.31805553097072
267.08332141816123
250.16527211678124
264.1823652473722
247.79927982843768
259.63814180812767
247.8608897455879
256.592307639379
253.75902306676514
253.21168787147474
249.2659958063728
254.886148402939
248.9546004431071
246.93144369650713
251.58103832285255
250.91089219697568
248.21190821343632
245.82216067522756
250.33919476593115
253.9105082205927
250.57610281619958
256.90916379295516
249.88232212171803
253.08686408519688
250.36189177096108
259.7389494716308
249.32144579522918
257.8990824035273
247.6376918474671
257.75365698067833
253.91500118575624
262.0182376855369
248.0139896402148
260.4564628947805
252.61654595286362
265.63239958365943
249.2707769829179
267.17208134082614
250.48368926225396
266.70850148863195
250.38779915536105
264.55625812668393
247.1600893924322
261.1253775543615
248.5997470715725
257.7017358971065
253.2406291588802
254.21252168749837
248.77638930478943
255.57650600690462
249.73978438133963
248.26796384820193
251.73192303451515
251.65730498625112
247.76823151080276
244.41514328478988
250.53648418077148
253.27566954267652
249.81056234230576
256.53195708209284
250.03489534856715
252.77278060317542
249.55928142065608
260.9613088802263
249.33973166371308
257.1480307453144
247.70568718212442
256.96702578960435
253.10739442010603
261.0874308816023
247.8547830384123
259.91663669479965
253.38534971605176
265.6339788691787
249.01251682815845
266.51566759666986
250.63008378725613
266.76595059708325
251.28191042814223
265.17517711527756
247.19664921607878
263.1460540427024
249.65461453508024
259.3066864804462
251.80246730388325
255.75055623763492
247.82009972288427
255.64056504868054
250.4964362893771
249.07189154849934
251.51141955106726
251.90022080001273
247.84741023465045
243.73749418078174
250.99444139635668
252.34867882025642
