200.55553749813183
200.36699169480812
198.820786313425
196.13239020478483
193.66465470743353
192.43011464612187
191.515380065925
189.73163706344954
188.65421994830743
187.15981721882736
186.0517644465659
184.7548288521624
184.38725090075158
183.0325505887517
182.2501560356124
181.97410284552748
181.18387533400812
180.31590586326828
179.6720875577002
179.13831615187482
178.7969984244777
177.5069937035005
177.7322895846858
178.2231210842597
177.10677308571923
176.88157045310626
176.31408012682112
176.68834344829318
176.0519221289238
174.87344257903004
174.54199683833397
174.4588726246793
174.17641271463077
174.41091768249828
173.5649136469742
172.5483987737708
171.61988879586286
172.48733738011742
171.63026083995575
171.2163860859291
169.94956235712564
170.19114879811735
169.96787188541938
168.98054306445312
168.34759797992268
168.541989054079
167.9155955343756
167.12873869935953
166.00395993247798
166.15766312096457
165.47243647521776
164.96469156259894
164.44185237661347
164.03767096460064
163.19058103953185
162.75291981174524
161.8322982193151
161.73772712893808
161.58439659963034
161.16743546791707
159.65060410431522
159.00270788052075
158.69410913866523
159.0498944646033
158.78577231319758
157.85050686068644
157.6142774539569
156.93808355395265
157.53037575676186
155.9614117870256
154.4205825210686
156.03888333829744
155.18293657620416
154.92210892722522
154.0484230129452
153.82600799638735
153.3796029154608
153.23610633076336
151.68361192951497
152.04412866781928
151.09401983482198
151.45763227812557
149.96287281159414
149.02883675880685
149.17245140850073
147.62383568807127
147.4886139075072
147.11872771257302
146.37881011847495
145.96804927869127
145.1865008172566
145.13584143039077
144.52323071613353
144.16694114989915
143.48834829899494
142.95600259743827
141.53438392363307
140.99131747480212
141.27125522972455
141.04878000641867
140.08474946624497
139.64999624520675
138.77499462473622
138.63489676118434
137.15412344238393
137.5382761399333
136.39300182038218
134.7997854163104
133.71362396499663
134.4450538069666
134.34753816772795
132.28503291798913
131.3842164111311
131.21942390422797
131.20568838323203
130.20855650019985
130.0007657032444
129.16264486910038
128.55263968404796
128.09342798365827
128.07334895396423
127.33971118276317
126.39133601444178
125.88686950341932
124.7907969354304
123.43364257742938
123.82341110904483
122.78860151290512
121.76584744887458
120.55794290667595
121.3895765867866
121.06554309334373
119.65371945494694
119.207002802679
119.15578293479984
117.97321086183183
117.21926326503592
117.83260121482022
116.49196428166915
116.4511779209782
115.40393541061658
115.30244308860536
113.37004337402712
113.6912579340829
113.13507997077082
113.66683687764727
111.5332700844383
110.48481728641755
111.64936455059814
111.31760818904247
109.61995093750814
109.93164551119085
109.65681558713466
109.02309556565051
108.34792848256639
106.86827605958366
107.04418958024664
105.64429621035246
106.0583916110761
104.01510532272222
104.20460453190609
104.39584048211346
103.34866223804234
103.38107042185803
101.58582180852359
101.68125455069762
100.6319672458887
99.52643755773285
98.4662279604129
98.14087381742536
98.29919688736251
97.27675463917406
95.48315242260699
96.06721562863933
95.67869391588144
95.47298354076472
93.85721726409572
94.70198052521866
93.85812824644425
93.4656439502449
92.74505899957205
93.31080233679319
91.0229654127595
90.82797307917959
89.69017889954804
90.03987182226066
88.12992660362669
89.4723128819659
87.48976744688967
87.54985006980088
86.58507088162314
86.61882360422825
86.13203179855135
84.45968960688205
85.60771577621816
83.68502669607203
83.78329709004261
83.0150120731636
83.55817270224595
81.79029364033025
82.4957079070827
81.55351159816348
81.47423965718812
80.0944281514014
79.89900576652663
80.0039277723795
80.05077892514427
78.82740364193533
79.38232080302674
78.64373323078742
79.22181199759923
77.86546674244028
77.88617779158125
77.13410732323794
76.7587969415684
76.45980938957364
75.8113572663685
75.53492295838058
75.14213243280722
75.26423841764779
74.41553010535532
75.50865938199341
74.24165725155946
75.25067412406406
74.21169487207733
74.49349816542083
74.17274659520179
74.3321983975426
73.59046744469063
73.59906141386425
73.06474971410796
73.42884884125657
72.05193688389436
73.09731245952172
72.00091700360724
72.47653207362914
70.8965216390488
72.25563791105036
70.8394036530202
71.53709010866558
70.41965501968443
71.48816596114072
70.47620102751169
71.02074711139943
70.02273238135444
70.7917101131172
69.84622111400866
70.40761530397734
69.86600131221579
70.29105406964614
69.36338076696131
69.65217021315893
69.36531284205992
69.4659529316165
68.89080362388209
69.58078826523108
68.92139304908189
69.32762075016687
68.9083687604462
69.01700064436774
68.52993476558882
68.77007348545546
68.26088739050252
69.07089101864626
68.04311594928454
68.80638738525872
67.80826544572828
68.64273117498682
67.88492208275522
68.36408913075365
67.6752765952436
68.30939924298937
67.82023656827751
68.02032941233249
67.533213367168
68.245855059829
67.54472424089774
68.06632402971051
67.40020731153545
68.25698553578056
67.4057960737043
68.15384672051606
67.29941647242298
68.32305771516391
67.37969409318026
68.15331805792877
67.32601547080097
68.39631401342882
67.32287150645016
68.1113601416492
67.2645688414851
68.22162222080347
67.25630229162967
68.06710324594502
67.35516860739044
68.16012218765218
67.34374134686314
68.07790863304508
67.38503330084814
68.28307639574629
67.28561818647024
68.13211658695411
67.2552029320663
68.36303334404668
67.10613636628402
68.21410982821155
67.32234562109434
68.4259755953566
67.1707449140842
68.28348266729542
67.52277217449935
68.50822948201048
67.31615112439563
68.26434522773364
67.7215799871928
68.59194696053918
67.44991104396372
68.35648421323631
67.85334853425098
68.66706114172065
67.54693255392115
68.43030416795766
67.95202421586346
68.54456542111731
67.58437974078016
68.40548995722584
68.04926599783894
68.67006930765557
67.619498278704
68.57248489529393
68.09163417122124
68.76900186984807
67.66015097028844
68.67210514216595
68.13895576109658
68.85012637695519
67.69642104110052
68.79941413029795
68.173210821501
68.94685922934717
67.72241892478281
68.89134131693287
68.20131323738858
68.98130670536489
67.74804047869931
68.97097212503651
68.09728394486096
69.02492480014132
67.63139679776455
69.03195078530433
67.99048230762214
69.0560083961514
67.63077394809663
69.09277182361073
67.98362218046736
69.06967414307765
67.6481938800433
69.11773070692979
68.00063044494769
68.96431970565236
67.65789473075426
69.12985569894711
67.96597322990516
68.98471049356294
67.68668080005055
69.1083733715985
67.98364096645449
69.02698726842746
67.71077081910165
69.1248652756304
67.97813992928839
69.08645911285694
67.79919448277931
69.11876282458603
67.92658616570462
69.12327925867451
67.81084308716888
69.12385850595821
67.92403740461096
69.15421518169586
67.86015926165918
69.12382272080303
67.91267410642915
69.07573739523254
67.90542386708303
69.04282803993901
67.95436267296884
68.96956072397019
67.95303537436223
69.07743781347531
67.99585940817673
68.96100784337723
68.01690006513239
69.08980683807262
67.94927927937093
68.9669867579865
68.01202588894282
69.11058993578457
68.0552593937874
68.9811836537629
68.06559050228728
69.1219164023985
68.15048187875907
69.01043528391583
68.0695929460348
69.12754038078906
68.2044928849442
69.04972455583211
68.06823135079603
69.13571452987564
68.25490021552123
69.08185274993406
68.06828801155746
69.14621422067852
68.28709553731386
69.1186076242969
68.07024683490059
69.14862194374724
68.32146190971322
69.14674531663064
68.06879463985412
69.16251612984027
68.33081700683167
69.16945805371849
68.07079140727977
69.16751142696516
68.33791974714585
69.18886540437961
68.08416613648716
69.18566146071659
68.33882430776485
69.2022281121934
68.09723398199714
69.20053004424342
68.35329177888882
69.21125351239807
68.11298330804766
69.21111679380348
68.37170837528126
69.21599381698147
68.1319571264139
69.21602544547368
68.41317540771159
69.21382454029475
68.15488373887125
69.21790355445052
68.4484492604833
69.20759373109343
68.18244493517912
69.22343128404849
68.46840101665786
69.19596079302653
68.21308478470254
69.23612983586068
68.48751980842002
69.1889703381688
68.2423458963737
69.24863984031029
68.51288549536753
69.18471253869087
68.27029105837049
69.25990515756004
68.5388607629154
69.1815290497154
68.29774073304253
69.26736748135806
68.56641951684479
69.17899733330675
68.32572551905741
69.27576744202759
68.59571145010611
69.17737676752873
68.33423613992585
69.2838267121063
68.62723682610493
69.17603090144851
68.33758339362092
69.29100243857853
68.60057999291182
69.17410055685724
68.33345211313343
69.29748551928323
68.70049296860194
69.17222775717818
68.35702987854154
69.30356392942532
68.74114627578189
69.17078600451529
68.37900530209298
69.30861715982468
68.77776406395621
69.16955538578671
68.4136873995156
69.31328274750979
68.73956957605458
69.16859848575241
68.24141485847456
69.31591550109762
68.64706599822499
69.16785386495985
68.18484073880434
69.32295669100564
68.62929775421084
69.17287467822959
68.2285829690742
69.32961543923606
68.64265141962419
69.17524189416086
68.27701277501973
69.33034845802274
68.65700558212022
69.17602378451583
68.32091250714346
69.33051532428206
68.67874455065262
69.1736791939706
68.36076822868439
69.3311717777751
68.70626058094113
69.17338652984735
68.39627564640728
69.32579128764363
68.73226491468614
69.16586316038963
68.4408481312071
69.31715394044542
68.76211863726944
69.15909132787613
68.4649098156372
69.31654705077027
68.80166750616156
69.15795631321971
68.53337535089925
69.31635881353945
68.8433972164447
69.15773477828215
68.57816284098985
69.31624918365385
68.88085727644884
69.15965240448942
68.62042076018896
69.31699544505513
68.91399757868267
69.16216070528583
68.65902571849618
69.31766822443426
68.93019906477991
69.165206254535
68.69412020127572
69.31821589681647
68.94141509045068
69.16811186829717
68.7233620297982
69.31881262435937
68.95275562766047
69.16681591098288
68.74810891104542
69.31948342731567
68.96433990013094
69.14266818510485
68.76630051452578
69.32024151672677
68.97588703362383
69.05055649824502
68.7782420180898
69.31064045716037
68.98597168288903
69.01023189111186
68.78909904459638
69.29620116204562
68.99556657503885
69.01259327409103
68.79733750201908
69.27208114018899
69.00525053239438
69.01041711672586
68.80368911312114
69.269373785994
69.0116892814748
68.99846728994262
68.80511348454608
69.21928866192415
69.01804338301872
68.96194115310169
68.81217170375248
69.21861929509492
69.01423651803698
68.96855491763336
68.81494021575625
69.21750721531697
69.01234034385443
68.96913592313295
68.81194914537016
69.21964620794847
68.98319684160542
68.97050777518177
68.81011333722483
69.21922451620962
68.80847066786858
68.97180688356733
68.66443578471974
69.2179892174365
68.80167712969369
68.97297370415154
68.66361423570852
69.21889175677457
68.7926831880869
68.97486396969173
68.67178358548985
69.22178478168811
68.79923061506581
68.95559785607716
68.68396251120572
69.21945086668481
68.81275931694519
68.95321476482154
68.69945216823623
69.21972918802426
68.83137374130283
68.95133285094835
68.71776994863565
69.20844903434204
68.85480357175575
68.94942548615077
68.7400271137646
69.18942240288632
68.8814522553885
68.94747700830986
68.76359109869668
69.17318818101883
68.90846556114809
68.94598261515739
68.78493359717976
69.15923534030134
68.93573982129685
68.94457823473697
68.8057640664272
69.14783416399534
68.9625740717083
68.94362975778762
68.82518574323471
69.13822986953215
68.98891327723656
68.94247247446856
68.8451929910241
69.13057857198761
69.0139755537677
68.938989900495
68.86432428965864
69.12431960250647
69.03819393254997
68.9361810732899
68.8826947661072
69.11937755974044
69.06131549672972
68.93390704714336
68.90077237545495
69.11549489016579
69.08325779847173
68.93206747795233
68.91749113333253
69.11259755957975
69.0975146904505
68.93055890637068
68.93245338225286
69.1103434366797
69.10345117161987
68.92917540450722
68.9370883381902
69.10897693127919
69.10889891035767
68.92799990385014
68.94110052438322
69.10799139919273
69.11387494034545
68.92713241596503
68.94432211669847
69.10765562521831
69.1184294856552
68.92644047778083
68.94701806505448
69.10800849868885
69.12261375710044
68.92591811464932
68.94914405566229
69.10870342869295
69.126503946652
68.9255231451372
68.95084771251928
69.1097159564366
69.13014220146486
68.92524231262064
68.95210272722537
69.11095572019539
69.13354019193217
68.9250846622297
68.95315184026265
69.11243949902918
69.13679179404237
68.92498796643066
68.9539278636133
69.114127617834
69.13985850449022
68.92500789651844
68.95462820978476
69.11601088924928
69.14286749311076
68.92491182060971
68.95521416003167
69.1180200127216
69.14578238674858
68.92490669871249
68.95576602172821
69.1201691929691
69.14860519039512
68.92498412728894
68.95630780689234
69.12241414764152
69.15137537561567
68.92515972126547
68.95683947509656
69.12460874369728
69.15413871711611
68.9244710257131
68.95741363265745
69.1247908552101
69.1568364609611
68.92318033977074
68.95766670546053
69.12498034069408
69.15942905297285
68.9219656325706
68.95763694556402
69.12524519251357
69.16187172153042
68.92084044100108
68.95771531880983
69.12557500020162
69.16439388462153
68.91968468252146
68.9578253281876
69.12594900399577
69.16680908459153
68.91864466461632
68.95805797997318
69.12640714439964
69.16932894714368
68.91759723674379
68.95830174464835
69.12685776656613
69.17181041997162
68.91663182879007
68.9586007474337
69.12736010314198
69.17437225203963
68.91562224103704
68.95895285909728
69.12787355475433
69.17671509435165
68.91469023250983
68.95936455426315
69.12843254417531
69.17828480240742
68.91375201349334
68.95979553562013
69.1289739633103
69.17993096320555
68.91286617087448
68.96029052858098
69.12955052757425
69.18170047865483
68.91197888567403
68.96080930338691
69.13011044226661
69.18357976720705
68.91110253651722
68.96136550859997
69.13069712247365
69.18551104908859
68.91025667570972
68.9619408224175
69.13129739025443
69.18754472441199
68.90937147790248
68.96255207694468
69.13189802111248
69.18964861174423
68.9084729322796
68.96317082878579
69.1324961055854
69.19181094499442
68.90757923433881
68.96378763265228
69.1330639776936
69.19395895826119
68.90670808219309
68.96439700364215
69.1336440778237
69.19629882994592
68.90581232344589
68.96512455693693
69.13414958339598
69.19857730199121
68.90482830298814
68.96567269776935
69.13466273526772
69.20077098324158
68.90396070902544
68.96634854717918
69.13521160677858
69.20313386244193
68.9031051019956
68.96702703176906
69.13574327694404
69.205530865608
68.9022637504695
68.96773028386583
69.13626985616712
69.20797485315283
68.90146962573539
68.96843665964754
69.13669988331073
69.21046447634083
68.90046287361541
68.96899756113844
69.1371303269414
69.21274869929567
68.8996556542701
68.96970854650732
69.13760709973609
69.21522034391447
68.89882150755038
68.9704409196054
69.13789471632124
69.21773200779043
68.89797781141692
68.97111112902564
69.13808359889116
69.22019383035324
68.89717125660222
68.97182980332136
69.13826863928679
69.22270818568548
68.89635121434657
68.97255502591624
69.13840726017035
69.22524864786986
68.8955894623698
68.9732032196727
69.13852010783738
69.22778606019943
68.89471250521983
68.97391161449787
69.13863789597175
69.2302845620733
68.89393216083612
68.9746429632289
69.13866547210279
69.23284971595722
68.89305408186041
68.97524627240423
69.13854470306508
69.23525643718399
68.8922907736475
68.9759601478596
69.1384263962636
69.2377925566715
68.8915082102561
68.97668578418183
69.13826951838708
69.24031963442324
68.8907560536996
68.9773731334997
69.13797211997895
69.242805552068
68.88993077207124
68.97793034610022
69.13744037704727
69.24525247643405
68.88925205834421
68.9784006277913
69.13693000538517
69.247805224019
68.88842743992798
68.97890245799724
69.13636531562665
69.25023054730379
68.88771391624064
68.97941675433485
69.13578361929538
69.25269709207649
68.8869662829595
68.97986237806519
69.13510830704696
69.2551157873253
68.8862259864411
68.98032508066862
69.13443617893992
69.25752019055524
68.88550271676485
68.93619099286144
69.13372102244097
69.17273804506783
68.88480118073478
68.87212967924503
69.13290857831896
69.20340194598492
68.88404250603361
68.89650952120961
69.13211272112304
69.20676431742402
68.88333443044328
68.89699517560886
69.1312760184997
69.21018233148587
68.88263076990805
68.897619008891
69.13042279832361
69.21364176915702
68.88195233489357
68.89835358338975
69.1294897326473
69.21711556189382
68.88125949042731
68.89924915425651
69.1285490691429
69.22063305806486
68.88060354444038
68.90025722829594
69.12753425949887
69.2241311730385
68.8799342166466
68.90141295750186
69.12652452054236
69.22756954201394
68.87922243672602
68.90270844479798
69.12540492139296
69.23099366937772
68.87861548059375
68.9040479253824
69.12432649435955
69.23435458749448
68.87801726614752
68.90562610123351
69.123226276917
69.23768926115072
68.87743035598677
68.90731271674032
69.01969537926215
69.24096948370372
68.96425188779882
68.90913600946799
69.09671069906823
69.24417608003915
68.96374183840133
68.91102581780238
69.04747364045626
69.24730998958586
68.96325828558058
68.91303625582549
69.04597384311612
69.25035971719176
68.96278613946306
68.91516499840192
69.04445884421727
69.2533400428016
68.96227649360826
68.91733669559899
69.04286904802846
69.25622284965579
68.96179819523313
68.91959228462086
69.04133147442259
69.25908681647361
68.96110611839697
68.92195521303968
69.03974066856304
69.26189136278282
68.9604065142993
68.92433713573628
69.03817427728032
69.26462956538019
68.95971638367398
68.92677620221241
69.03657122388937
69.26726463556393
68.95894503572322
68.92929229621761
69.0348997985135
69.26986012304342
68.95821205140061
68.93180414664018
69.03324411264073
69.27237575766516
68.95743911696871
68.9344371028585
69.03162406433376
69.2748760489245
68.95666968601081
68.93710084407387
69.0299385641178
69.27727068541643
68.95585670872437
68.93976778264293
69.02826051411193
69.27962109844549
68.95507484857146
68.94243736369792
69.02653671759775
69.28190189315525
68.93886665785003
68.94516963509197
68.82382032153349
69.28418639183208
68.74236590459925
68.94746097007794
68.78038829393269
69.28630239941894
68.74022936843888
68.94927978027748
68.77791628293393
69.2880382387845
68.73814884297256
68.9510280809141
68.77558560738271
69.28971456981233
68.73604713839597
68.95277372398806
68.77321403198748
69.29117374032751
68.73396024817005
68.95453995775007
68.77094497575487
69.2926002899113
68.73189816526758
68.95639313126136
68.76876389109037
69.29402627902496
68.72994060496704
68.95829779559773
68.76679237040645
69.29544950465763
68.72803062300261
68.9601247591683
68.76480696447604
69.29677184212763
68.7261731658438
68.96196085719023
68.76287133887026
69.29803406645145
68.72436326283966
68.96374475379119
68.70436652639673
69.29847791433424
68.65545093591494
68.96563502847233
68.68007992281842
69.29805552995371
68.64714897900143
68.9674864259564
68.75707460495931
69.29751301750669
68.7160006249529
68.96930642823077
68.7130533375013
69.29684249374648
68.67358971578831
68.97099397383747
68.71124956567503
69.29608844456287
68.67257444706668
68.97274920917789
68.70954751956975
69.29530259954326
68.67165686839141
68.97244592975503
68.7077405676377
69.2944937186612
68.67089331469428
68.97509348576946
68.70403050442455
69.29369974799873
68.67017658284979
68.97347546369794
68.70194813492768
69.29315211253358
68.66961394184895
68.97213313610604
68.70009926095778
69.29225838367016
68.66908746769614
68.97084266935917
68.69824402735188
69.2908811160179
68.66865838670856
68.96999439034914
68.69637772764256
69.18758459231674
68.66833500991147
68.82584106840918
68.6943009241635
69.21771232898763
68.66739379631636
68.8137876080869
68.69228324377231
69.15887407248582
68.69241594974437
68.80197581789294
68.6347223350601
69.15695923667093
68.67078427488883
68.80066696305056
68.66063681453134
69.1547165754029
68.67042862196026
68.7995145260249
68.65245112159062
69.15242748243841
68.67022029695079
68.7985326904862
68.65162233886238
69.15012715217924
68.66999419282853
68.79745496553048
68.65088271104142
69.14773911868129
68.6697924704559
68.79631589190332
68.65023675893117
69.14525021038432
68.66964624610915
68.79510234239008
68.64962536848577
69.14286051609399
68.66960881286407
68.79397659800756
68.64911135374881
69.14054095254848
68.66959309959226
68.79288948053168
68.64874668475463
69.13818420110745
68.66963778070247
68.79187247910068
68.64841781199873
69.13582257526012
68.66977924663718
68.7908863581636
68.64816811083132
69.13334291119371
68.66994845589493
68.7898873803049
68.64796104408381
69.13091986207226
68.67024800365692
68.78901565601052
68.6472564091953
69.12850904865596
68.67005516784201
68.78813396810017
68.64647045278397
69.12594651255893
68.67002484600086
68.78733432589775
68.64581900611729
69.12343320782662
68.6700986802677
68.78658822437389
68.64516291442652
69.1208359315945
68.6702196086173
68.78573821257363
68.64453351156804
69.11821355469401
68.67040416465818
68.78482694581547
68.64395478982503
69.1156080386199
68.67063461298305
68.78393568133151
68.6434485179667
69.11302017484986
68.6706000537067
68.7828907223791
68.64281787074651
69.11035939356597
68.67055354889659
68.7816978285664
68.64197686125961
69.10777833975757
68.67059353712928
68.78038282852998
68.6412114487417
69.10448677896491
68.6670951293077
68.77968795907852
68.64049145028528
69.10184666750173
68.66736486690574
68.77802812076757
68.63856781759871
69.09904034727694
68.66782780176598
68.77640841979894
68.63720117903307
69.09578879920886
68.66842653182911
68.77488590801246
68.63543392427263
69.09231442089931
68.66881235212553
68.77364171693797
68.63314101873203
69.08885866429888
68.66884173054773
68.77264516876893
68.63111824898881
69.08532260130328
68.66848954017152
68.77183582549071
68.6296848501614
69.08188383686942
68.6678231741929
68.77085568717519
68.62844209965061
69.07833365308511
68.66704293251762
68.76979393401655
68.62655992770821
69.07488942536472
68.6666000690274
68.76864626282159
68.6238824559386
69.0715853246677
68.66631943447553
68.76753113062517
68.62078474427956
69.06845055240923
68.66640582693009
68.76642322278222
68.61787382326646
69.06538333021817
68.66655662718908
68.76540501543063
68.61551523157165
69.06234029343763
68.66655290825952
68.76492134694459
68.61383240392449
69.05886785866679
68.66638565212524
68.7647578255027
68.612419203929
69.05532778623444
68.66581743168125
68.7645367150332
68.6109214075657
69.05172137784287
68.6649958359769
68.7639420979406
68.60913383789374
69.04821663413956
68.66401103807695
68.76290894816722
68.60700766779718
69.04480712619954
68.6630615481952
68.76159528504289
68.60457413994443
69.041504833793
68.66228788571054
68.76024655361093
68.60198046181675
69.03821484574006
68.66176052608483
68.7592249398433
68.59945924452867
69.03491045613457
68.66168416859846
68.75875371618535
68.59717187606984
69.03172211196063
68.66193678025085
68.75890483402277
68.59536949998466
69.02860209557649
68.66234153633108
68.75943032669349
68.59374492640639
69.02564471869685
68.6629689678298
68.76028257257131
68.59205673023648
69.02277131928531
68.66359823457401
68.76106613668637
68.59046844764542
69.02005443857345
68.66414911411599
68.76176645365632
68.58894803839725
69.017354955315
68.66441974185548
68.76196105350834
68.58716682813483
69.01474397866812
68.66443926824792
68.76200079506222
68.58557265825232
69.01264747353721
68.66403632117606
68.76183842987442
68.58354304547294
69.01049848827914
68.66293601251517
68.76171102856634
68.58118033065129
69.00836058653685
68.66175653064273
68.76180974942031
68.57856455587341
69.00617762903941
68.66063197683405
68.76194618666193
68.57586641448255
69.00393173285656
68.65964223503278
68.71993395219408
68.57317358769676
68.96088808966249
68.65890835411933
68.69369627236286
68.57070727315912
68.95150026101301
68.65845615860674
68.67562375150133
68.5683654386675
68.91092897320664
68.60915221519805
68.61777026182746
68.56635155834945
68.83838929731866
68.65120174702017
68.56539481676886
68.56069927120865
68.81711061393396
68.65272373631511
68.5675653339849
68.55961379563632
68.81432072106051
68.65432781095791
68.5698887842683
68.55880262483552
68.8111933948746
68.6558473879083
68.57228763042606
68.55810281375132
68.80790229932761
68.65716080948602
68.57467649773399
68.5574018987223
68.80433279386286
68.65817281429949
68.57704347746412
68.5565506751718
68.80069052437328
68.65886784726868
68.57886416064352
68.55551291437166
68.79610787475538
68.65920282502869
68.58053833085383
68.55432686272566
68.79130531141921
68.65952779752702
68.58206669582349
68.5530915959879
68.7857917335369
68.65973417493757
68.5835580619852
68.55165961137111
68.78002938446626
68.65979204587346
68.58510308419413
68.55008553765695
68.77414614355415
68.65976112917673
68.58654605980644
68.54841199509603
68.76830799359358
68.65985912793681
68.58822295061765
68.54683156301118
68.76254472141513
68.65967490132842
68.59004684495382
68.54537591606228
68.75684487905612
68.65954279531582
68.59204086270373
68.54411966119977
68.75128300956236
68.6598500023412
68.59433625715256
68.5431780162884
68.74591223883534
68.66065522956568
68.59604439255126
68.54258617996302
68.74073649739259
68.66195315755377
68.59755716865878
68.54232525342263
68.73589900898075
68.66378501102824
68.5995563425974
68.54252138798981
68.73145340336161
68.66608632729728
68.60189033743727
68.54305821353931
68.72733343614632
68.66832903071096
68.60448661801779
68.54350811971301
68.72356998334709
68.67018858223345
68.60730902697976
68.5438969527051
68.72020516114917
68.67154822752413
68.61038529311973
68.54389586558364
68.71717116756794
68.67376622237337
68.61359330946831
68.54399795501614
68.71441318320093
68.67603590512594
68.61672479999578
68.54407727772929
68.71197435111529
68.67829953530416
68.61961339127748
68.54405568785968
68.71009837506402
68.68050249749118
68.62281314667428
68.54381550479599
68.55784225742093
68.67209999145417
68.42522405034528
68.54072901543825
68.5550773384669
68.59312496165721
68.42701164805061
68.39315906540345
68.55244485364163
68.56593373136732
68.4286388811009
68.37971199193194
68.54976875014478
68.56686149181294
68.42975280304981
68.37847451582347
68.54665072965251
68.56721166569895
68.42988531654622
68.37655456946756
68.54334747035884
68.56678114029596
68.43042574089326
68.37478470838434
68.53956030044893
68.56548409530758
68.43134442349911
68.37345463221445
68.62562882417754
68.56443494655278
68.43225488456704
68.37144991864965
68.62294510116699
68.56365553860341
68.43362575104082
68.36977429166915
68.6204784391099
68.56323272165389
68.4349131374302
68.36801561978204
68.6173073681352
68.55071948946016
68.43681289620487
68.18136869650608
68.61435709384237
68.35927479436864
68.43862235804086
68.17845137371417
68.61206299596171
68.35811197821413
68.44090015003641
68.17587162293084
68.61068126048976
68.35713567257571
68.44321235136893
68.17337338994447
68.60934612362409
68.35556913610245
68.44600718388584
68.17139417706024
68.6086936287193
68.35403736211612
68.44896179344629
68.16841905371973
68.60819498904713
68.35292157382897
68.45224681364712
68.16580326099579
68.60789230191304
68.35220115340931
68.45587765918229
68.16355725945719
68.60757887967347
68.35184059267182
68.45981126247923
68.1615000913021
68.5194511436332
68.35160758962348
68.43425647697937
68.1594042441099
68.50838637485836
68.35175965454597
68.3866239196592
68.15766621739922
68.44635452270234
68.35203364727467
68.45302532599422
68.1560870619791
68.4423933647607
68.35245532424133
68.45657666602939
68.1545671902167
68.43805236164397
68.35295460816567
68.4603068068528
68.15313205576557
68.43416868836572
68.26942368595957
68.46421641467406
68.09816255324426
68.43090868563755
68.3288466868134
68.46833586056685
68.09669358112183
68.42661822526811
68.33034898051058
68.47249101220578
68.09521716436483
68.42187650689382
68.33082223053748
68.47672287566738
68.09379362166817
68.4171481487896
68.3312958492244
68.48098194770898
68.09237209970009
68.41213891582011
68.33177517537482
68.48527641424641
68.09097392512535
68.40682475633213
68.3322058918872
68.48957487387075
68.08960647559228
68.40152917230056
68.33255164401855
68.49394202648968
68.08834459440105
68.39649944958728
68.33309159609962
68.49833027721097
68.0871806423924
68.39166954412369
68.3336896470659
68.50229249858033
68.08613941159786
68.38673269044956
68.33434825299713
68.50456696476566
68.08529894552616
68.38169344292906
68.33510784320549
68.50690870105525
68.08466703410402
68.37650527127218
68.21303103986939
68.50888382765177
68.08430449601589
68.37192881916494
68.3276864277613
68.51040299423133
68.08299445194314
68.36755602808887
68.32657238470202
68.5119470136437
68.08121442743489
68.36406011465216
68.32810207723905
68.41423252846778
68.08104111178785
68.31892621416765
68.32974518970737
68.4162193849829
68.08103256355433
68.31678162360949
68.33152135574144
68.4182953447217
68.08147178318954
68.31476380590775
68.33357396559931
68.42053225205021
67.96114587961628
68.31298434631867
68.23027689287188
68.42308884147526
67.92426263810121
68.31067686230016
68.23275718769074
68.42558690553555
67.92711847252222
68.30801043496233
68.23554926311428
68.42818992250359
67.92989557780335
68.30530574185295
68.23787242817038
68.43093376902031
67.93365279026878
68.30277659283524
68.24070510567094
68.43310330614837
67.93775116525973
68.30074667195008
68.24374609843673
68.43443718271953
67.94210485678491
68.29902053538957
68.2470976893275
68.43640797218968
67.94677232300987
68.29827865651987
68.2504507870351
68.43853499765653
67.95210507503062
68.2982694005138
68.25346417123114
68.44017842658657
67.95785419492609
68.29885318102488
68.25582733848768
68.44187372342955
67.96399871595473
68.29984996341562
68.25754357276078
68.44365977382431
67.97047510672607
68.30109789727625
68.25946598379346
68.44552658108499
67.97722572951585
68.30245355222121
68.26157411619955
68.44648677881152
67.98409395121192
68.30343630132886
68.26384728214613
68.44730303731147
67.99100427068608
68.30290058608688
68.26539707895033
68.44823325212027
67.99766536381706
68.30232033478666
68.26753911569185
68.44928114165103
68.00472806112083
68.30175779079698
68.26976458822939
68.45041956953486
68.01185491298824
68.30116205817139
68.27208068096343
68.45154375585106
68.01898672321398
68.30070140199307
68.27445765387625
68.45280451042156
68.02612048907723
68.30043251049163
68.27703767089574
68.45436245558405
68.033260801268
68.30034731983325
68.27965952118439
68.45489316198221
68.04019596334746
68.30051624274462
68.28229535405771
68.4017875967156
68.045767500457
68.18208936179873
68.28495007992706
68.32929826785602
68.05120281652626
68.16511743055473
68.2873304206887
68.3307222941542
68.05653138998002
68.16599840807832
68.28940844563463
68.26972912296563
68.0620056731084
68.09104746380024
68.29157893994793
68.2490290382808
68.06747148267496
68.02525167485557
68.2937191425569
68.2098221507756
68.07217125037162
68.02723622296573
68.29601466440906
68.21002092780178
68.07632710982477
68.02985446614522
68.29871319456717
68.2108091898729
68.08064637899906
68.03281117756929
68.30125573522065
68.21185691879982
68.08678528339297
68.03625756803271
68.30341354703327
68.15721869722016
68.09331065262761
68.04010823089467
68.30521473887646
68.21395894480615
68.1000807148406
68.04411891869522
68.30699745914215
68.21535122802896
68.10714157938715
68.04826767780202
68.30863880817188
68.21611133953468
68.112701635019
68.05046504411162
68.31065372591529
68.21731879840834
68.11821914114452
68.05385421730576
68.31218527978014
68.218509111111
68.12400403468259
68.05722016563179
68.31352284424612
68.22030149241442
68.13024714378948
68.06071120504274
68.31476935722473
68.22199557809928
68.13702343683273
68.06438948132532
68.31614168286505
68.22386549344606
68.14414816322106
68.06795426858977
68.3175129914705
68.22589332379486
67.90246812072371
68.07144325412496
68.14765045740313
68.22798621213573
67.89178477294784
68.07469127327228
68.14860715402666
68.2301161255941
67.8961877384366
68.07779704803227
68.14969763086084
68.22737038775946
67.89914567922929
68.07713891601642
68.1509634530379
68.22944103563084
67.90199396094917
68.079201370803
68.1525325080196
68.23167522865943
67.90463726477357
68.08204301346419
68.15444424461343
68.23400037723675
67.90699743065403
68.08490744578235
68.15726203247837
68.23628336485008
67.90876229078171
68.08777110596245
68.15988558368011
68.2387706981927
67.91022983710157
68.09116334371365
68.16249793137783
68.2413599542723
67.91120707424926
68.09406695489571
68.16531332377514
68.24435282487147
67.91229139917608
68.09739875728552
68.1683564874235
68.24749587881163
67.91348674408236
68.10076041961472
68.17161997485374
68.25067088865508
67.91509984856097
68.10428248798009
68.17513512950056
68.25378065645322
67.91711551909759
68.10796568691265
68.17898641532412
68.25704463282962
67.89045574616406
68.11166065071458
68.04774503573088
68.26045668035574
67.80313654377987
68.11501936857802
68.04430157635831
68.2643242227143
67.81007942084277
68.11857627186603
68.04917137622856
68.26845962231393
67.81744917118937
68.12230609076305
68.05429117193259
68.27276121156493
67.825146768753
68.12616710043343
68.05963822721856
68.27715223083166
67.8330253707601
68.13036721818487
68.065328012835
68.2814766978158
67.77476670809384
68.13465669577182
68.06947280823758
68.28591991111506
67.72074869952148
68.13899184420202
68.0272109784838
68.29044519131725
67.72747099617244
68.14324216938004
68.03386054676534
68.29492026968417
67.73403177918513
68.14751191066263
68.0408343532756
68.29886309046447
67.74043133338715
68.1517526406139
68.04812406477865
68.16927519238907
67.74669338988357
68.05525148716819
68.05568484780449
68.15489013829978
67.75289007479256
68.060170799534
68.06359689575139
68.1592584847911
67.7590665942902
68.06505827210681
68.07178228076717
68.16397986452296
67.76544176331497
68.06110162078203
68.07919218242803
68.16750267557582
67.77166838668083
68.0657325180469
68.08766941101432
68.17287705717786
67.77891461960608
68.07059308097496
68.09640607230189
68.17844615250681
67.78648417248583
68.07558331727651
68.10546143367934
68.18368285407519
67.79445727083683
68.08063001894703
68.11338745378089
68.1885686987207
67.80266575426835
68.08573532158793
68.12046634240741
68.19369972934888
67.81111666546798
68.0910133617226
68.1277620216554
68.19903671455118
67.81975513021492
68.09646099694753
68.13525838611248
68.20449790349309
67.82844392417869
68.10208097712157
68.14296626887511
68.21017543003317
67.83722654958584
68.10787855505606
68.15086400744224
68.21599232243703
67.84600478298029
68.11380018417618
68.15887071539507
68.2220433988668
67.85483785285001
68.11909487372017
68.16707872006336
68.22819140457808
67.86366772163856
68.12448563702883
68.17545044940323
68.23453196806685
67.87260986494462
68.13007497205689
68.18403177638392
68.24097465605759
67.88161005101868
68.13588703566113
68.19280492057004
68.24754748077359
67.89081345190823
68.14194280336345
68.20173726885645
68.25416207000883
67.90017491955344
68.14816321332526
68.21089153185673
68.26086346211002
67.90900616199704
68.15466635715092
68.22021756823794
68.16034790926287
67.9173350189065
68.04340918530016
68.2295993898009
68.16623162542334
67.807842440966
68.04926578400521
68.01653291194621
68.17207639063874
67.74611806337558
68.05527202827223
68.02484113878965
68.17782072309393
67.75418284577142
68.06151455809457
68.03334285437094
68.18346203608765
67.76224449431291
68.06794502803909
68.04207495197362
68.18914997862797
67.77025817301379
68.07468206792495
68.05094249067257
68.19484833619535
67.77812314253843
68.08166944111782
68.0600132075201
68.20043224264822
67.78568189558113
68.08894809796467
68.06923226985019
68.20604566498235
67.72253729320585
68.09651675379426
68.03332228754832
68.21161959463028
67.73945196369215
68.1043565123271
68.04161909887088
68.21724992034238
67.74582103419318
68.11245437881655
68.0500115307376
68.22276952641676
67.7521689528325
68.12079476056138
68.05842596776955
68.22827012273255
67.75840754792299
68.12931716153693
68.065793313119
68.23380824159308
67.76490658906029
68.13815809675961
68.07302799922991
68.23937875176033
67.77173321894456
68.1471752172222
68.0802497498157
68.24497635043704
67.77890739812855
68.15646879447183
68.08748303314891
68.25059819840311
67.78644574060647
68.16594926136638
68.09479695827797
68.25625054937564
67.79442538038069
68.17561903967734
68.10217149333359
68.2619082222704
67.80278355269164
68.18548543868701
68.10960178799964
68.26765899428518
67.81147768070018
68.1954969457311
68.11711191926214
68.27345680730832
67.82047941569279
68.20512550472033
68.12467079827475
68.2793462893547
67.82965774025699
68.21478409876305
68.13228807914635
68.28531867946118
67.83893841184364
68.22458265617652
68.13995839220306
68.29141301277623
67.8471765610151
68.23448625446905
68.14768509512673
68.29762358975057
67.85540266472822
68.24450139416305
68.15546395243108
68.30398167007158
67.86356481788734
68.25459347324662
68.16329899224249
68.31048078308007
67.87165175429305
68.26476986489494
68.17118717881951
68.31714988602444
67.87964857649344
68.2749965238383
68.17890943354159
68.3239814149543
67.88758106405487
68.28500184551375
68.18632019670329
68.33100074758048
67.8954657332383
68.29488887856915
68.19378936629326
68.33819775747223
67.90335615423318
68.30461660429988
68.20131716847962
68.34559294403311
67.91128809867482
68.31331190847617
68.20890696287329
68.35317362038883
67.91932990758772
68.32203143595308
68.2165182013579
68.36095435599334
67.92752089604485
68.3307436518337
68.22414551043485
68.36891931204062
67.93586817591795
68.33946753189637
68.23184840368816
68.37707639576492
67.94397401744081
68.34729617819312
68.23962835261577
68.38489980605036
67.95226818492986
68.35507719920919
68.24749210536537
68.39060367119482
67.96088427425052
68.36283757953525
68.25545143419737
68.3964588455363
67.96984600779481
68.37058981730411
68.26348270307011
68.40210914264745
67.97917941421532
68.37833721087922
68.27161346527795
68.40788338965858
67.9888878815209
68.38608590333018
68.27985555586909
68.41379160516288
67.99897577942713
68.30447480090795
68.2882098759856
68.35055759302733
68.00916813844461
68.31181745426719
68.29668097404303
68.35624003790532
68.01945246483413
68.31906603904537
68.30527332726379
68.36193657606911
68.03002349696935
68.32633589329221
68.3139911048645
68.36772784925132
68.04081617695049
68.33363367703974
68.32283840672902
68.37359881287425
68.05187850087354
68.34096658193147
68.33181921122862
68.37953472255606
68.0628203244072
68.34834187782764
68.34093744812262
68.3855217865349
68.07384819048801
68.35576748348987
68.35019684870956
68.3915476853764
68.08502597550408
68.36325154809906
68.35960087530117
68.39760221495781
68.09632157326578
68.37080237439129
68.36915273266433
68.40367705388815
68.10770484194697
68.37842791753576
68.37796291582198
68.40976645175346
68.1191483334696
68.38613612008895
68.3863028210161
68.41586753738893
68.13108442670595
68.39394232582305
68.39477986907605
68.42198051483017
68.14302922117284
68.40184567214553
68.40339410057175
68.38368744144606
68.15384163148147
68.3882064410997
68.41213821694143
68.38891168516088
68.1643097896568
68.39648806044005
68.42102483463194
68.39434394003402
68.1747519729849
68.40488260491692
68.43004760789752
68.39982576865192
68.18516187079403
68.41339327398461
68.43920590967572
68.40537300131857
68.19553644166449
68.42202217029843
68.44849873094552
68.41100366746554
68.20587562541955
68.43026577632939
68.45792478732213
68.41673793155448
68.21618197136591
68.43843418656319
68.46748259619753
68.42259728342415
68.22646024190531
68.44672183893205
68.4771704441968
68.42860385764219
68.2367170593326
68.45512600689804
68.48698636666771
68.43477962732814
68.24696052451357
68.46364244777808
68.49692819004947
68.44114556160848
68.25719984521623
68.47223066945837
68.50699351946025
68.44765008366598
68.26744498260162
68.48077330803247
68.51717974143045
68.38309051973933
68.27759552228571
68.4176718140304
68.52731588778477
68.38883844106063
68.28756018306983
68.42516030040714
68.53744916533981
68.394855886417
68.29695014827303
68.43274264106832
68.547695159409
68.40114919488623
68.30641931866158
68.440409478552
68.55805051536406
68.40772020698893
68.31597822383527
68.44815102534271
68.56851170779102
68.41456597402137
68.32563662801034
68.45566944742417
68.57907505276575
68.42167877023275
68.33540340797236
68.46290324439964
68.5897367142551
68.42904597668831
68.34528636955781
68.47016468888248
68.60049270366365
68.43665082253415
68.35529232512981
68.47744585206846
68.61133893674433
68.44447312096418
68.36542707755983
68.48473969350721
68.62227122925435
68.45249000305483
68.37569536395321
68.4920402440817
68.63328531090988
68.46067677136723
68.38610087288745
68.49934280900541
68.64437682357917
68.4690078222828
68.39664627751236
68.50664404576479
68.65554135732148
68.47745759299264
68.4073331405988
68.51394202554216
68.66677443001504
68.48600148691833
68.41816214557174
68.52093714439229
68.67807121169768
68.49461654503783
68.42913292787435
68.52768755287927
68.68917381239929
68.50328236437474
68.44024463340011
68.53443964132707
68.69966994838474
68.51198191722132
68.45149587646927
68.54119915583442
68.71022509585312
68.52070178224798
68.46279672400284
68.54800122589127
68.7210379676107
68.52943244981974
68.4742195502736
68.55482789231326
68.63739002965166
68.53816834904062
68.35580158661357
68.52952297393789
68.53872702024954
68.59971429711143
68.36652770316216
68.51491690459113
68.54879752811814
68.60843906898181
68.37635303651065
68.5197785723798
68.55852867623908
68.61718185864052
68.38479131261369
68.52473683386852
68.56820157991861
68.62594821467813
68.39268661159085
68.52980917006322
68.5779612752395
68.6347464651392
68.40071517446648
68.4932577993701
68.58780322403996
68.54132547932996
68.40887391471617
68.47978262837633
68.59772334415615
68.53871127745033
68.41716004160192
68.54220965641399
68.60771747279246
68.54656875876876
68.42557074818046
68.5485297503499
68.43345725118073
68.55343980667458
68.26958907720383
68.55486708132528
68.44326982882983
68.56027740674405
68.27790184402515
68.56101096606486
68.45315183575211
68.52258516821507
68.28586312635065
68.50706142490526
68.46254878109615
68.52905639804325
68.2938311766204
68.51369018621878
68.47187367681047
68.5344741932803
68.30192072548229
68.5205482459019
68.48125103613768
68.54010146606869
68.31012938728433
68.5276358138488
68.49072771501197
68.54603317196874
68.31845527882108
68.5349534680467
68.5002543552511
68.55217486690472
68.32689656471204
68.5425016723005
68.50982844158696
68.55852413445969
68.33545155401369
68.55027997795482
68.51944763546508
68.56507639692845
68.34396604755261
68.55799554632588
68.52910948556885
68.5718268479703
68.3519880768494
68.56581207344453
68.53881937000216
68.57877002704774
68.32097236155089
68.51206742038597
68.5200238066094
68.58590487680854
68.32936318002564
68.51877771659535
68.52970920186392
68.59365300384489
68.33786899577416
68.5257294388395
68.53943469521393
68.60154385583756
68.34648583247439
68.51940373462872
68.54919922265091
68.5941456313754
68.35520950017228
68.50900406561993
68.55900190125271
68.54829478588363
68.36403559070028
68.48259824128338
68.56879969777306
68.55382099836868
68.3726714799431
68.48968293179875
68.57861285763443
68.5611510733883
68.38169015346745
68.49709444972598
68.58846336683911
68.5686399289666
68.39079727724635
68.50477940983225
68.5983510526454
68.57627926088968
68.39998822999164
68.51261487882645
68.60806273883578
68.58406069886267
68.40925889823517
68.52044402035688
68.61765225136669
68.5919753773207
68.41860472634724
68.52851314152375
68.62727097852853
68.60001447164449
68.42802116514513
68.53683223769565
68.63692083438295
68.60816861491305
68.43750379610388
68.5453925288356
68.64660405888289
68.61642848836432
68.44704832127795
68.55418353258042
68.65632306008993
68.62478482410432
68.45665058312268
68.56319748515084
68.66607978837143
68.6332283043841
68.46630658143704
68.57242459912177
68.67587648923873
68.64174933098096
68.47601248725951
68.58185434680811
68.6853845429182
68.6503384212457
68.48576465459969
68.59147556615237
68.69449094365582
68.65898607148735
68.49555962914128
68.60127581982273
68.70364927839324
68.66768273102726
68.50539415456463
68.59591529547315
68.71286259970941
68.67641853214403
68.51526517642762
68.5455156008348
68.72213361365088
68.62623929986727
68.52516951847325
68.48299825038389
68.7312664459248
68.53558540176059
68.53499594181669
68.45226581707314
68.73983661765116
68.54365553118238
68.54478974142134
68.44778732210338
68.74849105533158
68.54006070502334
68.55469292654548
68.45646209381133
68.7575586169888
68.54791284602808
68.56463355723865
68.46524182425546
68.76571603698804
68.55565874768048
68.57460938830168
68.47411512107205
68.77397769123274
68.56241716240943
68.584735319286
68.48306273954852
68.78209300491062
68.56862985067534
68.59477792488794
68.49208040499056
68.79030142088388
68.57448698551256
68.60372864548089
68.5011614567392
68.79860388712599
68.57925866625453
68.61228849922037
68.5102973004174
68.80700127876997
68.58463176029679
68.62089290227937
68.51981182935288
68.81549411510821
68.58995835278826
68.62952624890963
68.52936119032142
68.82408294070525
68.59523333880259
68.63818612474772
68.5389391705219
68.8327679882909
68.60045247622054
68.64687105653675
68.54854048055512
68.84154875451105
68.60561247673024
68.655583384079
68.55816042620357
68.85042442503207
68.61019550148231
68.66432271137657
68.5667352193374
68.85814488104522
68.61449628445058
68.67308898985416
68.57515228237962
68.8657665849083
68.61873518822271
68.68188181353906
68.58356999229028
68.8734821613463
68.62290707386555
68.69070114437552
68.59198871204015
68.881291467778
68.62702105172103
68.69954672718058
68.57483739209624
68.88932518952946
68.59935087842254
68.70841829094242
68.58237124764469
68.8975433574632
68.60234160073347
68.71731510387978
68.58991773977948
68.90585629359312
68.60529370752707
68.72623659007567
68.59747886317817
68.91426296953613
68.60655509737781
68.73518249590181
68.60333534109215
68.92278490969893
68.60921683882347
68.74415306622153
68.61033915556347
68.93142509658142
68.61181634213993
68.75314900486923
68.61723537388845
68.94016125887288
68.6144039151506
68.76217071808432
68.54091049507257
68.94895688440765
68.55875562709781
68.77121823809946
68.54591388590043
68.95778288186472
68.56087260230316
68.78029132683562
68.55095187565738
68.96649582722037
68.56302398316242
68.78939048651841
68.5560254459165
68.97493511317768
68.56493307035798
68.798135946608
68.56113511475354
68.97594600879563
68.55220549319186
68.80029543324159
68.56628238015955
68.98414199727004
68.55390942842189
68.8081525933882
68.57145336600458
68.99268205519435
68.555772583191
68.81609278920911
68.57664692284038
69.00121458082204
68.55773151375861
68.82406582156334
68.58186183584733
69.00871448673773
68.55978949023554
68.83207231434652
68.5870968171268
69.01555735498451
68.56124232058224
68.83888625496563
68.59235027720958
69.02246161493355
68.56278199461494
68.845257902167
68.59762017214145
69.02976779759057
68.56443276813282
68.85166552608874
68.60290437241193
69.03712663461192
68.566193889601
68.858110437193
68.6082009717343
69.04453526327791
68.56806742246225
68.86459371185242
68.61350818644405
69.05199041883762
68.57005506190941
68.87111642037544
68.61882378118591
69.05948896957182
68.5721582079205
68.87728064259846
68.62414519225409
68.79789638159832
68.57437774572
68.67766396842075
68.62947016513846
68.7988099607923
68.5769545609257
68.68240380474924
68.63479583276904
68.80551337517993
68.57990582786836
68.68648479544471
68.64011917380657
68.81226045741313
68.58248521264542
68.69050935098966
68.64543766735052
68.81904843940909
68.58518158943144
68.69431931254702
68.65074856216418
68.82587406321748
68.58799469704574
68.69764386138971
68.65604918671454
68.83273370601964
68.59092395179424
68.5594629346712
68.66112898242822
68.77065213346854
68.59375972902093
68.56157732784528
68.66561317799977
68.77577233111433
68.59612532238832
68.56389896334849
68.67021846044551
68.78119789280535
68.59874379177373
68.5662951506047
68.67480904994272
68.78637243929984
68.60147982448358
68.56876772306506
68.67938392823542
68.7912046061596
68.60433252850711
68.57131885749477
68.68394183847377
68.79608364117973
68.60730057974096
68.57358818144209
68.68848162643178
68.80100805550185
68.61038245133106
68.57546757341176
68.69300221659357
68.80597609001441
68.6135764110015
68.57743356261821
68.69750285431911
68.81098575299023
68.6168809255373
68.57948874727668
68.70198371787829
68.81593908338363
68.62029464107246
68.5816362931096
68.70644621129802
68.82069833708528
68.62332812310028
68.5838798319333
68.71089171150982
68.82519278694778
68.62642083409332
68.58622294992009
68.71485564420206
68.8295751529908
68.62957910445367
68.58866916797967
68.71816607091756
68.83399434059477
68.63250090864229
68.5912225022855
68.72115770334511
68.83844978236402
68.63531868939717
68.59388682160613
68.72414402758041
68.84294106054222
68.63819130846115
68.59666596844639
68.72712840469872
68.84746755098004
68.64111594424566
68.59956363342339
68.73011476091189
68.85202864443963
68.64408987294732
68.6025830917005
68.73310681741685
68.85662371243282
68.64711038381995
68.60572691476916
68.73610888403924
68.86094266699112
68.64967687121894
68.6089969515468
68.73911542767243
68.86469041098638
68.65208880874212
68.61239378230526
68.74150610921669
68.8684121620122
68.65453167087023
68.61591541652223
68.74388715161118
68.87211094793709
68.65700846231937
68.61956365495689
68.7463086218665
68.87578657269748
68.65951697484253
68.62323191094256
68.74876244995612
68.87943927739612
68.66205611321814
68.62649642676602
68.75102994330548
68.88306964233749
68.6646249833276
68.62988310082412
68.7523685327152
68.88667849650044
68.66722301380405
68.63338931835206
68.75376032158981
68.89026683475515
68.66984985536874
68.63701175752954
68.75521149261829
68.89383544745301
68.67227098015368
68.64074622170605
68.7565337155929
68.89720789107304
68.6738569845841
68.64458759870507
68.75782501820153
68.90062633612982
68.67554079663705
68.64846124826579
68.75887489455033
68.90409032111081
68.67731720254221
68.65241185290803
68.76001703371806
68.90755018748365
68.6791376728676
68.65645539460033
68.76125711570839
68.91100806146923
68.68100354318517
68.66056994760814
68.76178131929515
68.91446617532762
68.68291659763062
68.66475469138197
68.76079905546112
68.8776946767913
68.68392468062797
68.62592927997807
68.75965244594401
68.92148703983402
68.68474763545484
68.62960986923623
68.75863054113586
68.92501720121224
68.68517703852785
68.63335432348313
68.75771811725082
68.92853796428314
68.68555743782366
68.63715369277055
68.75692959878414
68.93206258934252
68.68598766284327
68.64100027451434
68.75626892311693
68.9355942142417
68.68647089442608
68.6448868398408
68.7557397883985
68.93913612131325
68.68701076284613
68.6488066866234
68.75534556245827
68.94269170073217
68.68761115794686
68.65275358583959
68.75417895991316
68.94626443838004
68.6882760939394
68.65672182803753
68.7530601699072
68.94985790285195
68.68900966899699
68.66028640595722
68.75208266899192
68.95347573167746
68.6898160138521
68.66290775587147
68.75124848512732
68.95625294604794
68.69069902844937
68.66554164810807
68.75055887189248
68.9575402223261
68.69166208047004
68.66779260506453
68.75001487852288
68.9582604638245
68.69270898651558
68.66982247233827
68.74961731591138
68.93997805202133
68.69332520623303
68.67140239868263
68.74938747306479
68.94022249997987
68.69430153522453
68.67343863167528
68.74930475635243
68.9405276975662
68.69538746458325
68.67546737503939
68.74934776232614
68.94086019272953
68.69656806433716
68.67749065038078
68.74952647449705
68.94043264232485
68.69785517376829
68.67951123788644
68.74983847697398
68.93965124018699
68.69925014459226
68.68153258125001
68.74991955386774
68.93858820884044
68.70069937522011
68.6833374261211
68.74961865178115
68.9365787492733
68.70199788804447
68.6843171043532
68.74945066047778
68.93434647029918
68.70340826076462
68.68532383960085
68.74941352869939
68.93225096708312
68.70493081832204
68.68636334038572
68.74950495333225
68.93030160962591
68.70590868497649
68.68744142548208
68.74972225316577
68.92850645010866
68.70683264164617
68.68856446184361
68.7500626709853
68.92680279845457
68.70787131128645
68.68973850465422
68.75052284373618
68.92438208564585
68.70902233895836
68.69096833737959
68.75110872253525
68.92214930108473
68.71029078494729
68.6922617404259
68.75179705940232
68.92008999380359
68.71165626099008
68.69362438531338
68.6157641255165
68.91821863354552
68.59083125648115
68.6939078137878
68.61692748002785
68.9165381546724
68.59256957909749
68.69386220139134
68.61812554224166
68.91505047382779
68.5944092151576
68.69389681365723
68.6194207100769
68.9137562618132
68.59632885453684
68.69403091141517
68.6208130094398
68.91264551903097
68.59834106560146
68.69426167395649
68.62229948591045
68.91173672205437
68.60041855598386
68.69459332375305
68.62386708780659
68.91100333987548
68.60256610137459
68.69503299683562
68.62551950156069
68.91046084984599
68.60478087663229
68.69538248266554
68.62724369218307
68.91010030741104
68.60704353491627
68.69539087829044
68.62903938795345
68.90925687108337
68.60935753693104
68.69541515473459
68.63090050517772
68.90807303416621
68.61170054760068
68.69553851405917
68.63245817563202
68.90704349418945
68.6140808885573
68.69512490327065
68.63313921666611
68.90617153966024
68.61622365166174
68.69455196419378
68.6328262204172
68.90543963250067
68.61837175646852
68.69372678762143
68.63250161334062
68.90484392572282
68.62051050796583
68.69209131231756
68.6322766121136
68.90303635395557
68.62261377675321
68.69052369665907
68.63207559105307
68.90115648637115
68.62417122507411
68.68903004697624
68.63195808788691
68.89937381707095
68.62495011667659
68.68759210533553
68.63187890292855
68.8976692937376
68.62569772759429
68.68621555660843
68.63122130657105
68.89604056644886
68.62610018497894
68.6848949397911
68.62994837453289
68.89446826379458
68.62580864571257
68.6827327916675
68.62873323602523
68.89294922583464
68.62546898870487
68.67925907712119
68.6275923576679
68.89146419128048
68.6250974705484
68.6758427498161
68.62631923603043
68.8901074832913
68.62465980518053
68.6727057633759
68.62480605780607
68.88866684218642
68.62417943590387
68.66959912850601
68.62286441764938
68.88722833582784
68.62365227980993
68.66653368709136
68.62097133182053
68.88578927503578
68.62306889307654
68.6635101864775
68.61850326828025
68.88429703015481
68.62243644507893
68.66050783787523
68.61513335337109
68.88216039738965
68.62175431868575
68.6573052225066
68.6118062958703
68.87999470544993
68.62088842101664
68.65386524415632
68.60853304852627
68.87694361103699
68.61839429331381
68.65043905856025
68.60499007757443
68.87385276154318
68.61585614798223
68.64702729760295
68.60142842754186
68.87072023992036
68.613303475675
68.64361837905827
68.5978621426066
68.86753402489597
68.61028371627484
68.64022503591659
68.59426518498368
68.86387564990288
68.60704253109739
68.63682950702999
68.59066328373909
68.85937923432616
68.60378178109393
68.63344614541109
68.5866213087789
68.85483270750649
68.60051650503223
68.6300571132944
68.58194049581418
68.85022892017282
68.59724574455491
68.57449007636929
68.57726729454652
68.70665055999153
68.593978978633
68.51064131992874
68.57260937443375
68.69879584584262
68.48170176017544
68.50675800206913
68.51021903633666
68.6928237989423
68.48816949667336
68.5029083167202
68.50594914590715
68.68630269301899
68.4844642008117
68.49910948112311
68.50165882727421
68.679803281574
68.48080253153267
68.49534594244928
68.497346283959
68.67333118787575
68.4771858879869
68.49163235590488
68.49301175646865
68.66689341561779
68.47363488558764
68.48795326219565
68.48865699788733
68.65941274110568
68.47015977658342
68.48431974108782
68.484290388328
68.65173768302883
68.46658866594983
68.48072899065694
68.47991875527862
68.64410864806679
68.46282480007423
68.47648739945384
68.47549528718481
68.63638909105245
68.45915204299745
68.47213380915345
68.4705357211176
68.6283658970023
68.45560131141514
68.46779784603689
68.46546847071278
68.62041203267054
68.3570620412267
68.46348839884686
68.40041013600772
68.6128022446617
68.35354414336616
68.45883642352607
68.39539890385687
68.60555652599436
68.35015280393804
68.45397022569543
68.3903996371996
68.59837036210119
68.34693552829627
68.44912260680204
68.3854412037654
68.59125273115633
68.34388977425704
68.44429183551799
68.38051510852209
68.5841957616537
68.34104031076684
68.43946859122134
68.37562992658138
68.57720301088767
68.33837126702258
68.4345005880087
68.3707961004989
68.57026624629074
68.33590466368264
68.42914066854313
68.36599917450557
68.56337657084953
68.3336417255423
68.423792886797
68.3612618799714
68.55655154528594
68.33158758212129
68.41844986917947
68.35659291300986
68.54977469759814
68.32974049836938
68.41313805742915
68.35197918452296
68.54251769356888
68.3281022481488
68.40779386644394
68.34743881623153
68.53530712507656
68.32608612987491
68.4024464263071
68.34297304575624
68.52813426591003
68.32362723247701
68.39709444738814
68.33858179097781
68.52098945408343
68.32136556179677
68.3917372816294
68.3342736829718
68.51373772460065
68.31929411223851
68.386353456261
68.1267364084495
68.50623663731943
68.18226543828699
68.3804417104609
68.12964394344604
68.46848124472545
68.18162036602385
68.29321259906006
68.12470487400783
68.3247404066307
68.18087435070879
68.24420288654606
68.1198785630494
68.31678834117014
68.18004282031457
68.23771384921818
68.11516799268203
68.30880932309202
68.17937438220467
68.23124292800678
68.11057621248611
68.30079157992651
68.17885432695681
68.22479441600561
68.10610591882863
68.29272355104746
68.17846712610893
68.21837320242804
68.10175936232247
68.28459409114403
68.17819659193538
68.21198468809747
68.09753848906219
68.27639267889917
68.17802605935103
68.20563468512528
68.09344484869894
68.26810962746478
68.17793859211731
68.19932930274122
68.08947955863776
68.2597362930584
68.17791718902498
68.19307479472128
68.08564328551299
68.25126527504503
68.17794499601116
68.18687739088423
68.08193622958913
68.24247363673285
68.14545549886039
68.18074329919544
68.0698574890664
68.21920854518106
68.14428240710298
68.17474867739637
68.06706431931212
68.20773672640209
68.14292879396999
68.16882534119165
68.06439757811276
68.196203407675
68.14156752672372
68.1607627140974
68.06185464245391
68.18461429664735
68.14018540747674
68.15273027387033
68.0594324173974
68.17297655255928
68.13877052627505
68.14477587691721
68.05712734477514
68.16129876308624
68.13711836504181
68.13690071652708
68.05493541630509
68.14959077419172
68.1341135203361
68.129105783993
68.01635896781754
68.13786356718737
68.12965262602714
68.12139146639738
68.05087281866042
68.12612959334065
68.12513129177854
68.11375774587295
68.04899206433971
68.1130683021279
68.1205461220288
68.10620419692324
68.04720434234372
68.09909400897469
68.11589563643626
68.0987299661865
68.04385757929569
68.08515654485892
68.11118028516799
68.0913110156214
68.04020881272706
68.07127197766235
68.10614311124982
68.0838887080791
68.03662858052215
68.05745682556021
68.10077648003428
68.07654218603186
68.03311307076581
68.0437279573627
68.09535278188073
68.0692705803291
68.0296585813017
68.03010229317097
68.08988081724807
68.0620320574881
68.0263283128863
68.01661738695859
68.08430096530441
68.05486163905617
68.02305647291395
68.00327564368784
68.07869925775296
68.04777002282665
68.01983871835958
67.99009989526684
68.07308708090298
68.04075824790262
68.01667101886505
67.97711175979752
68.06747676445933
68.03382774861547
68.01345244691065
67.96433134812776
68.06188136405889
68.0269802929625
68.01022821721375
67.95177695225716
68.0563144180442
67.94657096195688
68.00701245394245
67.91368190770173
68.05080414927173
67.93947975165686
68.00377123297602
67.90206788088798
68.04534883244857
67.93248662978255
68.00057185314374
67.8900825340413
68.02303400346362
67.92559462020566
67.8993159558519
67.87756828932818
67.92247853426028
67.91880582083238
67.89710947744842
67.86570648190127
67.91813266490765
67.91212513510831
67.89494819035158
67.8541148581112
67.91389932763849
67.90555596527791
67.8928328293356
67.84279337643177
67.9097892763865
67.89910159816036
67.89076482984977
67.83173936499298
67.90581222891431
67.89276505031053
67.8887462861485
67.82094763378176
67.90197667819996
67.88654889652013
67.88677994164235
67.81041065709931
67.89776752022071
67.8804550863055
67.88486916972886
67.80011879960716
67.8930680139162
67.87448475412272
67.8830179447221
67.79006057982353
67.88852748133311
67.86863803014992
67.88123080260927
67.7805543429923
67.88415843741701
67.86291351348267
67.87951282159433
67.77124584254467
67.87966014194764
67.85730880453684
67.8778694516898
67.76211988837794
67.87527550224887
67.85182001749368
67.87630614068824
67.75299935488498
67.87105744767591
67.84616217144053
67.87456396438755
67.74363821402683
67.86700481985024
67.83989184975307
67.87203020624577
67.73439437356038
67.8631155565363
67.83371529222893
67.86959300815441
67.72459831353036
67.859386818909
67.82762231338977
67.86725897462912
67.7147291039468
67.85581512778965
67.82160127819762
67.86503457429964
67.70493414263308
67.85239652471729
67.81563931036581
67.86292597195664
67.69520185766022
67.84912656259061
67.80972257972648
67.86077149654264
67.68552200965556
67.84600052119545
67.80383666908506
67.85775391469367
67.67588581797035
67.8430135002061
67.79796701125412
67.85487418040111
67.66628604483068
67.84016048229054
67.79209906837997
67.85213638196001
67.65671703844443
67.83743639311469
67.78621950464246
67.84942483348615
67.64717473735203
67.83483614243664
67.78031664859063
67.90132153836137
67.5668683168533
67.79928684756234
67.77432441562719
67.89725104280225
67.557867476812
67.7967540312066
67.76829503919315
67.8929846598597
67.54889049501415
67.79432423445732
67.7622254443024
67.88871766998453
67.53993913475136
67.79199248816262
67.75611658456482
67.88467867661427
67.53101633888826
67.78975377151383
67.7499739090617
67.84342702225673
67.52212609957971
67.78111008539915
67.74293296966486
67.83924521869913
67.51305660191817
67.77917611464876
67.73578265749937
67.83521179050638
67.50375315100797
67.77732461055275
67.72867757253938
67.83136028512781
67.49450211529451
67.7754306323054
67.72164504291074
67.82767980132893
67.48531010570021
67.77269222623829
67.71471572635777
67.82366477409778
67.47618414907129
67.76999756669291
67.7079229236869
67.81941610295912
67.46713159968287
67.76735516643716
67.70130156630051
67.81533266153902
67.45816006549563
