203.02729043354236
202.8666945239376
198.86475926807043
196.19776695924978
195.10076084082993
193.75765823405544
192.8832564436658
191.71578199721085
191.27492204432744
191.14851424283628
190.32452593455594
190.25637167919547
190.41606341355538
190.06756415064265
188.1125506801465
187.37592943699718
187.64709529129777
186.78774538033846
186.13869405339923
184.79070317882116
184.70558233541854
183.92540956997414
183.97104570482043
182.1465409632367
183.18972603115748
182.00391249153503
182.7177397308033
181.0931208412101
181.39488855564585
180.4533623341013
180.6547274652703
178.25440259801394
177.7699260708108
177.35702169113657
177.85481457103214
176.43804670057634
175.77066573203507
174.63040399331584
175.31463476764787
173.90632159543534
174.28900718783734
172.66945084793798
172.73881215108932
171.11082006177713
172.4554662528994
170.8717755992489
171.74246182001065
169.98782662231042
170.2402095650219
169.37651830057285
170.14211388529407
167.88676629176518
168.48759739959132
167.51909202942733
168.01073966125725
166.47123639437814
166.4570277117476
165.14593481166423
165.45402702941473
164.8873911255203
163.96131037797204
162.18346251264828
163.12741075814156
162.83851041606366
162.32729448994613
159.88557978254119
159.79643688271858
159.0589497592983
159.0559595897507
157.87509896624468
158.20528368727645
156.88901756298316
157.9198514828871
156.92727768373214
156.9405503628523
156.21900927392196
155.45764218724963
154.1234984135029
153.23756455927352
151.68263264228364
151.10161975588068
151.09356387981254
151.22240317656284
150.24589597453806
150.25970038145167
149.78694921274885
149.3300187406235
149.20577206656333
148.3685946112276
147.92693648856826
148.17048139952186
146.2936962546556
145.80946087510696
144.8444522726747
144.8426689800877
144.4373736337074
144.74010821128883
143.0138023906497
142.78143865680164
142.37754925842913
142.51348557685407
141.6795726285737
140.86267838659035
141.506762603267
140.70477428311398
140.93383650818657
139.59114740788917
139.0946972070559
138.12333528984647
137.906527709307
136.82468320013615
136.53615508821068
135.14701858543557
136.0072146382979
134.70558712824536
135.0053390444594
132.89831852130388
132.36469859278915
131.02224764784708
130.63489754065208
130.03172234465524
128.8840202171672
129.9922315971241
128.35375482885036
128.22969489331663
125.85220067320691
127.20576438392254
125.61871863753215
126.0704590970438
125.03792276572689
124.11703258623844
123.55761777244712
122.99305395482183
123.21087360518518
122.35890983345264
121.10602398700587
120.67273638606838
120.92000123874286
120.74080485690192
119.08855307641764
118.83108704584458
117.54675909264098
118.39564964906774
116.80770004183636
116.85518817284381
114.91055704439626
115.61471109246072
114.1234421428407
113.70902003478065
113.49371232875899
111.91060461506355
111.06367332422296
111.38985178901298
109.41599054840752
110.66520067237703
107.94387098546385
110.03350575473571
106.9758661264698
108.03689249876594
105.95319554266736
107.02720974373693
104.35656869262894
104.22529046811772
103.82192524299961
103.93696752331354
102.54655627187383
102.68064703719124
100.80782880680616
100.72531938928698
98.45599654352804
99.76549095321941
97.91405939434348
98.92193953065492
96.86522718402193
97.33272187229858
96.37752899495932
95.89446044388063
95.51763184975114
95.75101897312729
94.36362400090773
94.20818176220182
92.89251341729664
93.69792079467747
92.50655141562048
91.35202372100935
89.84043364280802
90.40870966630388
89.09834178354703
88.14962124708767
87.86344502485646
87.91665203153616
86.39465467525119
85.79504196985629
85.66231969189165
85.66648447954876
83.94616895242969
84.00276534078387
82.56853257872264
84.49279003315813
82.38568399711956
81.6763907422085
80.99899453666858
82.00993031017963
80.14485270105823
80.08035779871973
80.18800866031671
79.17601708803056
79.11671161498559
77.8398913637574
78.9754856863714
77.7409241356245
78.2939668523534
76.70482340913154
77.1784740670355
77.04345076889344
76.17575772421105
75.97678966556552
75.42530691782704
75.49692773635255
74.97101878206662
74.75745140173262
74.12380565322728
74.6384615917613
73.20293356284901
74.60075576247054
72.9299725408446
73.51147186499917
72.67729429736212
73.37786201607938
71.93820168594402
72.61146460710822
71.66324541867459
71.94822613178356
71.08019940622094
71.31579636795541
70.51139485539478
71.23887708661184
70.36349072756516
70.60170102911204
69.66141992612381
70.09477459816992
69.72278107852998
69.32690035829427
69.21459762508752
69.02980269820077
69.31933956852197
68.72925195149932
68.6985219522637
68.19509432316431
68.60699768456807
68.1724392976087
68.1230942598429
68.09616551922907
67.95122113552495
67.94995589616673
67.62978616794332
67.8332658156389
67.44344352572574
67.30203803704268
67.38226358265763
67.01513585731985
67.15832125016742
66.91293571077439
66.8486438095293
66.66934078070459
66.94407586566815
66.48992078056719
66.79793514896969
66.42966418730538
66.81564830149205
66.64912660519693
66.55000487560055
66.53986632396114
66.59654217876752
66.48622914051485
66.33914365466475
66.30128443223829
66.48902990268404
66.32049465346948
66.61755232471415
66.20542261141576
66.32059635338403
66.11178324018043
66.45135056113325
66.03103088299336
66.08091841804288
65.600467956648
66.24097074386536
65.60642643843356
66.23545182856874
65.47388476654628
66.00960666568295
65.55438191983464
65.93571252628375
65.4505125135813
66.20130274264487
65.47363430400672
66.00404895996475
65.34097572769113
65.95011428861864
65.6197393306611
65.60399714819168
65.55173687516277
65.50757590576154
65.20316274124082
65.61053807140254
65.22221573410512
65.64220390885316
65.26065298829934
65.74321422965949
65.36069773147764
65.5433323629011
65.39875829227543
65.49578707919613
65.53958468397384
65.5736869679976
65.24239771376641
65.50011416602791
65.38972646890572
65.48245270043051
65.28416294575483
65.30963227622837
65.33798191270242
65.28319010622522
65.14556710959495
65.47132437856511
65.14939513101375
65.39983566288029
65.18590290648669
65.35862892338722
65.23737033572887
65.34359939622439
65.25150016000349
65.34898089014754
65.18479076420839
65.44648741812607
65.33292252188399
65.45299697926835
65.09504569022639
65.0867433934318
65.15384505155251
65.16987575218153
65.33510953755254
64.92516454698533
64.93838510054785
64.99209875036448
65.08873774741674
65.20272251033981
65.05966465912987
65.16121484496371
65.021565025029
65.20969452583371
65.01953826806788
65.34230829783642
65.09424804947598
65.23690740959624
64.88922361455421
65.06267307089034
64.9134522956205
65.14391858794274
65.10950909323991
64.85992468247889
64.87332496298824
64.99139040512613
65.04708945533201
65.04547352061512
64.68011556786179
65.16363209264648
64.79090526884885
65.20112632566234
64.7842190874896
65.2563255621393
64.75585769758483
65.25900382025574
64.65811307064148
65.17085820688857
64.70106261657436
65.08280443668768
64.53866179324228
64.81664717509618
64.69908528538146
65.01401333912256
64.94047733105309
65.1815586726712
64.68124650334211
65.22403579464144
64.84528662090482
65.25856349680703
64.704020682322
65.21195951108317
64.76749624548899
65.17748644249735
64.56234598102574
65.16573242381416
64.61213282566793
65.03817695062766
64.47956280172467
64.81375436143266
64.55362319176955
64.84195140235855
64.60210532025424
64.79793044724406
64.56127134186066
64.8421944466569
64.7661115215643
64.97889319739994
64.53365280801391
64.91552312138037
64.76703988627872
65.00269566773552
64.66301686288693
64.97600845366188
64.79230252124532
64.90813578474679
64.54901471241931
64.8416917575029
64.51073691936409
64.78988338079756
64.57710759056243
64.72631122122732
64.5299189813886
64.79894199452053
64.99888280064914
64.96612011404567
64.57901620847505
64.9259287815305
64.76004384772905
64.90292462626698
64.75550191906537
64.891565694277
64.73197113378288
64.88329671074187
64.61587960022337
65.00507434601418
64.75929822922677
64.70596369571946
64.4174311790542
64.67508809443687
64.60245849676087
64.7388317368005
64.62204870953303
64.94424550820628
64.59348367910805
64.8240610182145
64.77640956459753
64.87984690612468
64.55751028433892
64.60589531604114
64.69419554299344
64.8542396666059
64.57880492795952
64.9683330572814
64.77434283458399
64.76807199720702
64.4980474137832
64.63389700339607
64.56293258247786
64.69173473574213
64.55387544785931
64.76752225913538
64.50664766136134
64.83532953126173
64.77125045886822
64.91960644168712
64.46199256107242
64.67043390574989
64.6284533265352
64.86018882120149
64.56252161496573
64.82682215422713
64.76383952983213
64.82378299582962
64.48144586394503
64.64390123096916
64.70110438074919
64.63676610231053
64.44352004502585
64.63853559672563
64.50019460247533
64.74624375549982
64.78513154904797
64.86615539053298
64.4460472088265
64.71092939444723
64.63920787999596
64.90558091480594
64.42049222163155
64.7259620621848
64.64245395278625
64.85254268557614
64.43583385402412
64.80890769758348
64.65845149993606
64.61018941512334
64.46316205877325
64.61182778410931
64.51971572000429
64.67634571364192
64.58179390764913
64.81221294816861
64.49518179885592
64.70745732008794
64.55434096626365
64.90499445851393
64.48237348033364
64.64917388201725
64.57099186868624
64.8192336495299
64.4569104325327
64.92993813823796
64.70206944130513
64.74405041600185
64.38094389607618
64.63293326145346
64.53688418297115
64.6970925389047
64.41853771377356
64.7312257162088
64.46408614477295
64.73678908013115
64.57529500874645
64.80009384394877
64.36445950483257
64.63655808533358
64.60465168842092
64.76952458351946
64.38612470674764
64.88807813126427
64.67729850761174
64.85638051450495
64.37196867538816
64.6617982674726
64.47867494133301
64.69571654136483
64.34181378780873
64.67232854515623
64.5326155971837
64.8016656447562
64.60093597359612
64.82057251429765
64.34392771896276
64.63753227258997
64.62982212099116
64.80885132683854
64.63915688527068
64.78671680215743
64.67856397101465
64.79668460263339
64.44852501532178
64.66628955319594
64.62142732300319
64.63880807657887
64.30453420695814
64.62111308139107
64.48162792349092
64.7012917120534
64.64476256228167
64.89441719071095
64.5289671392403
64.69428979656591
64.64990492328744
64.79113612386352
64.51790712542252
64.6546988234923
64.67317116645154
64.87548853293778
64.52635356816477
64.89938351636738
64.69169039008786
64.69474636017698
64.3650904436102
64.6032128933312
64.42359509731322
64.70268020505195
64.50494488237621
64.77690408117624
64.50429887537452
64.73999233576203
64.66820978185065
64.84735250416801
64.53005533461744
64.61507565511242
64.6030866248077
64.76883547134364
64.50069638840536
64.9151918399893
64.75458592521166
64.83761385972576
64.40900449049605
64.66030669002794
64.47506587804662
64.71031867486825
64.35655498644424
64.6633969675953
64.4971961689991
64.82390371936386
64.65522038683474
64.88204106889152
64.41918559707472
64.67800955236383
64.59878556477305
64.7947568205452
64.50361076821248
64.81745688408989
64.6956205535504
64.84161460981926
64.45014843206121
64.68535420056403
64.53595248648422
64.65619881405463
64.31110711100031
64.61786825227571
64.4153440366166
64.71924063475682
64.62327662053201
64.94087743051399
64.5027597674772
64.71530103289984
64.63573689043926
64.82643350406794
64.6160095821195
64.67457927353728
64.65160486282038
64.81875997097902
64.52906884522532
64.80221012637179
64.68538593099001
64.64793206327832
64.36279074745914
64.58718388720729
64.39710688865883
64.6687015439724
64.51422888841087
64.84121099568613
64.4797270224431
64.72017716376712
64.60812087628665
64.8211252676456
64.4464278409904
64.62215069281606
64.59113376814284
64.7777663443234
64.49471598669872
64.88872744818036
64.77513863872981
64.78353032105852
64.39983958961545
64.62659214752205
64.48184656677456
64.70595724038726
64.37007083980109
64.67715886558801
64.45946497420253
64.78196264843437
64.61288520192325
64.89414662620096
64.4080748338609
64.66458612022046
64.55756820698551
64.79120949778519
64.55741325531253
64.82446998856642
64.72469038172488
64.81353363923593
64.43912062830627
64.62918829167631
64.51574842754661
64.6456746504717
64.32562585109933
64.62640001773428
64.42561969765057
64.73897483090286
64.6116643453354
64.94629649556641
64.42197977671829
64.71754431725192
64.60051905961805
64.83778480061326
64.52121033274221
64.72425602898808
64.64600312571115
64.78661867095518
64.50124335694169
64.75401589967933
64.68325241335695
64.62402745890513
64.36377989134913
64.5579518948739
64.4091904131526
64.68266274182714
64.54302424290073
64.88962608970415
64.49350824787963
64.73728454667939
64.58541198389096
64.84485480323573
64.53568917618682
64.64747702183703
64.62483395427049
64.80132135330378
64.51733070908809
64.89724366880378
64.75568622567204
64.75179691920202
64.41558880643373
64.60898486670891
64.48698214759035
64.6958541186964
64.41759746789273
64.70099435039893
64.42232709765716
64.80240066780758
64.61661344223248
64.90821767490317
64.39702512591914
64.69970537583603
64.54040386707267
64.7925062909557
64.46088677517015
64.85091111736968
64.74859811507731
64.83736522791263
64.44313787895028
64.61827988996858
64.50765177029052
64.66416724333716
64.3489556977173
64.63567920920957
64.45460247317261
64.7765310920314
64.62495452633678
64.91376136802047
64.40148780260716
64.71167857828154
64.58377802954972
64.85079517482907
64.61810414781877
64.76045824044157
64.6774017924097
64.75336416339351
64.49546199917066
64.7134103415949
64.64407675181948
64.6198358480779
64.39433816609039
64.55326371257003
64.42633853658708
64.68946415446895
64.57577534951106
64.93540076529504
64.52106416424333
64.72923602365802
64.58516684936355
64.82401404545973
64.45350272258375
64.6802497401747
64.57367042001441
64.85809018732542
64.56004349962464
64.95041569400063
64.70431455725517
64.73647345713387
64.38734710760069
64.60187951318638
64.48780386848185
64.67715301142327
64.46756050979623
64.69550202665235
64.43878351362336
64.79009053361695
64.65917059095104
64.86435569935345
64.44671588588265
64.68133584461948
64.52533341704887
64.79108713426764
64.45504343829305
64.84469867464554
64.75590797999148
64.82926789422245
64.4049864809814
64.61281269997492
64.44789831559586
64.66796668333367
64.31480464707438
64.59472497887316
64.4163885989252
64.75853219237788
64.6068587889278
64.84159300283014
64.36457617187104
64.64455034784665
64.54558789164632
64.77055561024034
64.46761131294552
64.7178496687788
64.66964239947697
64.72717434125552
64.39854639312892
64.65931292407738
64.54720416881302
64.60098797989382
64.30327856747176
64.53477772424992
64.37497905148089
64.66156424786641
64.50016215518615
64.8751898458819
64.44764015285263
64.64838813483422
64.56729459814639
64.74963477949134
64.54153445573822
64.56246325939992
64.57214928198523
64.73862249164044
64.48660561830239
64.82538056357113
64.65334524507362
64.66646559916306
64.28131131616415
64.55015034748467
64.35212332862775
64.6034796506449
64.3330224815934
64.74945029075202
64.3536533127338
64.6614163918282
64.5769719138213
64.7891986352174
64.37388734388043
64.56073961765786
64.49223253905433
64.66816589895194
64.41370067547349
64.80202560726357
64.70196612378062
64.7557597304547
64.32749874611666
64.58920393296688
64.41120134907759
64.64507491450439
64.21749013763748
64.59884617929042
64.38200660272727
64.72275699857511
64.55353577084989
64.82020643181646
64.33886257362951
64.58816361278109
64.51946201253912
64.72264126211195
64.5141818126051
64.69887730439063
64.66405574500949
64.71915860484832
64.35562161989994
64.63145481491017
64.48074852882593
64.58817218910245
64.24454256433461
64.51019740076092
64.32935478144104
64.67247878289044
64.51052142117595
64.88028674940061
64.4442519113644
64.63277159890514
64.56858222140531
64.74623657166912
64.41560457681517
64.59095301800375
64.57611867084266
64.76479191009032
64.45374551763308
64.76282767563885
64.64762281562875
64.62617050564289
64.28978949449082
64.53183808421902
64.34224460742522
64.60242521961699
64.403790126736
64.79511409661134
64.39762212696942
64.6389589953285
64.56707943549269
64.79053317866199
64.45815332284805
64.54810558034002
64.49604542410049
64.70364777753502
64.43407494747836
64.81119144603524
64.71017566086371
64.75847297541196
64.32686789841294
64.59244186649977
64.43136698764414
64.6383319793835
64.25152242938802
64.63415659657613
64.39031225193025
64.7338427260619
64.54667887526449
64.84797900506763
64.33251672516661
64.61380897955829
64.50794690721453
64.71229713369009
64.4041952187391
64.74551602214669
64.6824051345382
64.77115153001635
64.35860156654176
64.60070831963422
64.46747299603585
64.59543570202743
64.22764295881653
64.52261627590134
64.3403575056151
64.67055834214767
64.52690405730726
64.88954675057705
64.41341884040354
64.63933130020291
64.55791920190934
64.82529392574546
64.52240919818155
64.63143542430592
64.61464236959435
64.7331935779931
64.43268961479225
64.72416707098455
64.6644892768833
64.59380351785637
64.30363671773242
64.50727075735189
64.34970151607207
64.60708310965028
64.43748701500809
64.8410254214923
64.426949730992
64.63190159189372
64.54914562851188
64.7867279461731
64.37204050252745
64.5619697581883
64.5271962080458
64.71801532549657
64.43273424096712
64.82222626050329
64.73944011975374
64.74493976035399
64.32377873709004
64.5722698408026
64.4707563535517
64.61934169980174
64.29975088992057
64.66322430563861
64.36919446487917
64.71420604187422
64.5501126976485
64.88265081308236
64.36664190134624
64.60959928654202
64.47758215162213
64.75155658176044
64.46327783721038
64.76096177027569
64.70071384984298
64.77046201943946
64.33795556925455
64.58315963477008
64.46952381375921
64.5940758775129
64.22038865107137
64.56724411888403
64.37176773468886
64.68363055286304
64.53748818994434
64.89833151428512
64.3821155323506
64.62071008318628
64.5385537745651
64.81991218898297
64.4193658064544
64.66983651256118
64.60799957571919
64.71594868566702
64.40605875468502
64.69618231252605
64.62697328414204
64.58930205347944
64.29703898423459
64.47986904549089
64.36111620279992
64.63041367183625
64.46220969601535
64.86895108051223
64.45477955828801
64.6189131418669
64.54094909385707
64.7836954204392
64.47347125679222
64.57024739930296
64.54533911452022
64.74714925920594
64.455231362967
64.83087175880698
64.69205867462888
64.72382932832542
64.30704121833647
64.56508124243993
64.43491368653726
64.60839195657339
64.32896586296006
64.68163744697986
64.34158753394753
64.68884537662844
64.57480471672336
64.85154256180289
64.35493907042887
64.61707441805295
64.45761886474206
64.7282059664262
64.40193715981961
64.78043279834426
64.71536036053612
64.80720943113859
64.3298605345146
64.58733702520169
64.43492438871837
64.61325619053926
64.23179630062181
64.57163828318265
64.39090602897323
64.71982024181506
64.54546077767866
64.86001705097793
64.36139320604599
64.60516893240577
64.52964832862249
64.81121990805379
64.51732411519875
64.68695747788233
64.65485611572868
64.68857301935051
64.3825035086615
64.6755688697475
64.56902230516262
64.59346320658045
64.30788008854299
64.48957534728939
64.36626563867212
64.65665955092504
64.49011360617673
64.90491698050499
64.47253202118951
64.6307705438189
64.55413857190489
64.74772970097092
64.38488726534169
64.57553143301625
64.55337858414497
64.76279832640985
64.47430078089006
64.8144227049468
64.67605993732955
64.69426995069375
64.29278881941204
64.56082437355245
64.4189747732535
64.60186752265592
64.34157345396115
64.73846092605744
64.34113251708771
64.67109304596026
64.57934846466053
64.82421283441658
64.42875828499221
64.60731393680516
64.46843700329552
64.7319746830939
64.4484856948228
64.79274123918343
64.72252829283813
64.76715037725127
64.3385478269845
64.59237339453674
64.42977647420206
64.62268142821985
64.23211793932386
64.59169437769772
64.40131537900061
64.736699249822
64.55359203692585
64.86012263584155
64.34900972863164
64.5998373897584
64.5235808374348
64.76262249557668
64.40402124478598
64.7007092059782
64.65433243174816
64.72302655749696
64.36831007241017
64.65542187330003
64.50933770534809
64.59258887114073
64.26392797741721
64.49952964299531
64.34527562688393
64.67142144842022
64.50934263542241
64.91522775484528
64.44291517116551
64.63231084305156
64.55737050737524
64.76690824946571
64.4831755408941
64.58260399484028
64.5698387360051
64.76713019288295
64.45094621489952
64.7886197447813
64.66664294045172
64.64988660875214
64.2891794859483
64.53191809606214
64.36761121238669
64.59326040843825
64.37937902316129
64.77408979674216
64.36978447213829
64.64491517273375
64.58471892673829
64.79179054555895
64.36291126505019
64.56168620908917
64.47472762976385
64.7072590966212
64.42620903791145
64.81159039611357
64.7215524430331
64.7717536853472
64.32458707549615
64.59059559838099
64.4308234501069
64.61896355985559
64.24108146547658
64.60975352010513
64.39638778099855
64.7376343669312
64.54340451089695
64.86104187477227
64.342340696256
64.60586832769572
64.49466594837179
64.75399614051159
64.48645981967834
64.73288381653813
64.67573882520936
64.73957490042831
64.3499245872232
64.62741636346841
64.47778301654718
64.58221389497267
64.22166433576999
64.5123368469857
64.35062131850171
64.67146833664177
64.52057129677307
64.9027380531268
64.44054639991147
64.62758127470482
64.55970093198987
64.78045068630524
64.4088489480276
64.60372601468106
64.57496238911591
64.76618122026355
64.4402710595741
64.74612846485262
64.65762640739733
64.61182353147014
64.2937064579175
64.51667439832488
64.35447249414729
64.60249649354046
64.41891073908552
64.82511687611299
64.40461918046573
64.64165239872385
64.55466176422051
64.7894937566443
64.44606443070747
64.54970473617927
64.48851251227062
64.72879920960295
64.43467443042306
64.8156984550713
64.72997380298415
64.75695023301641
64.32417607120911
64.5759743081437
64.46128509749245
64.62856392703881
64.27598054546554
64.63996618607663
64.38761125988252
64.73204171177115
64.5398804003237
64.8749971372786
64.34093918875884
64.61548844647162
64.47459697578775
64.74019464374115
64.39818313788889
64.75573701001147
64.68616520044687
64.78507662514455
64.35202470734733
64.58982360426538
64.46692370746167
64.58396903379177
64.21648602074308
64.54687670036724
64.35705955631582
64.68075636461775
64.52561467662365
64.91074380621727
64.39955332849847
64.63882820132798
64.54325671770412
64.82210275389198
64.51348623922036
64.65974005068536
64.61363682671333
64.72768691195178
64.42227730904946
64.71236519984922
64.6429074369089
64.602396575912
64.29891900833195
64.4849945478186
64.35946981781908
64.6276677703514
64.44946785059639
64.84716618426162
64.43762374073418
64.63132031444385
64.54432644241265
64.77363735859909
64.36193715843115
64.55567570853033
64.52990659274347
64.73919515324442
64.44397041900937
64.8362423680871
64.70988908229113
64.74380608657509
64.31762072269936
64.57273101455579
64.45373547340853
64.61410641874716
64.31468767286752
64.6632518374747
64.3505371223461
64.71274376327938
64.56260401807626
64.86695115437281
64.38689761456313
64.61878259400636
64.4494352269323
64.76132588916902
64.46430263716775
64.76944299191888
64.70124500624482
64.78248938117454
64.33444815620346
64.5799791186404
64.44775830166479
64.59897927760922
64.21716848008955
64.56452547588479
64.38405982359173
64.70965956260137
64.5431844912395
64.8673644420925
64.37176531560792
64.61649756657441
64.53060683166952
64.8066542608408
64.4206804545133
64.6827142376478
64.60462484316064
64.71544529955173
64.39670383534329
64.68969284125197
64.5924739499387
64.59623848666376
64.30655095701763
64.47155809669623
64.36502124435077
64.65120021965971
64.47461754680309
64.88012220528844
64.46768087879995
64.6263936295686
64.54348800302371
64.76455671818267
64.47179486110606
64.57265087882516
64.53556112964515
64.76242256724669
64.47272182570997
64.8251753534978
64.67349423112772
64.71848352130583
64.30299031944766
64.56537881870034
64.43123060722056
64.60665338710527
64.33757681628755
64.70388058203561
64.33123001047385
64.67905571226342
64.58044244940066
64.83857626447156
64.36351349192681
64.61888028576482
64.45227687097824
64.72649479890532
64.4092626028704
64.78286526615983
64.71659881813571
64.81006540699511
64.33629670832188
64.59069159609673
64.42888062869771
64.61960534586038
64.21856372739946
64.57202568661637
64.39561999001158
64.73643068053144
64.54621153665266
64.85190870838645
64.35705855902715
64.59757003418801
64.52335401248219
64.79623128411949
64.51244753038293
64.69310925588996
64.65283087658942
64.69952479660165
64.37360217885377
64.66603723565039
64.53422889104581
64.59541585465799
64.29410596630511
64.48822546401414
64.35080421269441
64.6705485728363
64.49375358105645
64.89886774029422
64.45696489818376
64.63452470608496
64.55244299963422
64.74593804785911
64.38604249945348
64.57889068571714
64.54366652574703
64.76959853444559
64.45991644847892
64.80833580066701
64.66662050690906
64.6750786269979
64.28562188122397
64.55023725637366
64.39349474768319
64.59713057198746
64.35231560304611
64.7470582652075
64.34729058318177
64.66013041508151
64.58171018589965
64.81278234000216
64.43640008404168
64.58047070880284
64.45772751166106
64.71964040630681
64.44045935115074
64.80198049827445
64.7192008234612
64.76008314107312
64.33093017819131
64.59115230587776
64.42824026369476
64.61929742543823
64.23511942819235
64.59046422184215
64.39618414777938
64.72948443861966
64.55049548337612
64.85692463662504
64.34506050552083
64.5983921991459
64.49938218108231
64.7399211511316
64.3934718323258
64.71435802969766
64.65580427323087
64.74407211756596
64.35197499390814
64.6487814292521
64.49005502640985
64.58662290509758
64.23858562820593
64.50231431356694
64.3337532192271
64.66775554675888
64.51556407325423
64.90297021904564
64.43945883980619
64.6268428137284
64.55700102712437
64.77140916565475
64.49230883381831
64.58629313940801
64.57314019309088
64.76861830811514
64.4420879134552
64.77324657577729
64.6636882285087
64.62939501796659
64.2910127999845
64.51820282885802
64.3572021864004
64.59487619627973
64.39782912980395
64.79486362499465
64.3761221527044
64.63763431159082
64.57178923246661
64.78613583780118
64.36220831614385
64.54683586826843
64.47031516097904
64.71596591104469
64.42199646339525
64.81433418142107
64.71391349011259
64.77595366848948
64.32266326365102
64.58753815856089
64.43965323849926
64.62938527658174
64.25130996335962
64.6239392531807
64.38570274389194
64.7369666882462
64.54277017407715
64.8652000170132
64.34151314197658
64.61041512982807
64.48453254330556
64.74419701955429
64.47347367755862
64.74562429373222
64.68079006144251
64.75373121836311
64.34921694047091
64.60737900756585
64.46827788641006
64.58791740734678
64.2106128749027
64.51883564604015
64.3443323561684
64.67127248439712
64.5238890768554
64.90545810100016
64.4209821605097
64.63242060499454
64.5506957054606
64.79580445156465
64.42202831388674
64.62387614138625
64.57695004088929
64.75782799818802
64.42938230727187
64.72513331696034
64.65504341989194
64.60647392163168
64.29844215538081
64.5019054208405
64.35555442524826
64.6172874049662
64.43200409379988
64.82844784990549
64.41589478382116
64.63994823932379
64.54255466563869
64.78862031279566
64.4525358408516
64.55211900917043
64.50519811814682
64.73245314564866
64.43462441415588
64.81936655162579
64.72570557729226
64.7496954792591
64.32847234707646
64.56966252303468
64.45942785212114
64.62619530320478
64.2999836091884
64.65049315629852
64.36494997142499
64.7270452404085
64.54607922873711
64.87670538966589
64.34232353355213
64.61527432998598
64.45985701396363
64.7412563813656
64.39894943791667
64.75827066110772
64.68487734691121
64.79801434225453
64.34528842104757
64.58197123947424
64.46058237668758
64.59695565539195
64.21282625366194
64.55818374354537
64.36762609508429
64.69281131406511
64.53046600243461
64.88718583122817
64.38302223429386
64.62907348937811
64.5323741255942
64.82375994291868
64.50857242345707
64.66807351254224
64.61085222206329
64.71485398355586
64.41211501462357
64.6978616032753
64.6197257055967
64.5985207812306
64.30183875991416
64.4733983099245
64.36150442622993
64.64105998971473
64.45394960003982
64.86073893946339
64.44672525840556
64.6239305077628
64.53235416213101
64.76360582507952
64.37211073620098
64.55651438306805
64.5298113304472
64.75360331588023
64.45621291414965
64.8343635793705
64.68485480199118
64.7365386238059
64.30639974677449
64.5677569897285
64.44918740966148
64.61549648492996
64.32246425130701
64.67584528571379
64.33766104882815
64.69585618137175
64.56780925302533
64.85544898581337
64.397040429438
64.61611433890279
64.43695459386828
64.75491840125781
64.45470300867849
64.77262671018539
64.70274211541783
64.79308530962737
64.32974333843238
64.58099578232257
64.43574249449688
64.6155727266899
64.22125228150352
64.56303184885293
64.39002969624698
64.72692160919044
64.53854074196336
64.85300294937285
64.36192192606624
64.60305559612945
64.52150268018951
64.79205192040612
64.41833424591786
64.68510189239069
64.61683918503061
64.70894497024227
64.37919642736045
64.67644428841112
64.5670231211848
64.59665214963236
64.30239782072988
64.47966377918537
64.35594950846824
64.66014441158643
64.47911508495106
64.89105457179865
64.4722498503612
64.629685943965
64.54560746253799
64.75782038282543
64.4784494129812
64.56377942742125
64.5403859652706
64.76665206137272
64.47150378336227
64.81563857817385
64.66573727443169
64.70355513840593
64.28739793424415
64.56288074335896
64.4156137321667
64.60873151549886
64.33723009450611
64.7260724293065
64.3283480538424
64.6689729569686
64.57767486582458
64.81920888978254
64.3649556831398
64.60585709389193
64.4515278680364
64.72310576001345
64.41503210274882
64.78702899185043
64.70879607559827
64.78947310308511
64.33368102471766
64.59035056944016
64.4259270483204
64.63224710578474
64.22586064282261
64.58250948824916
64.39168980744513
64.73454340368512
64.54910165293431
64.85410586275124
64.34583901716513
64.59265195402293
64.51368322733654
64.7759549292167
64.50376277721368
64.6956932340802
64.65329571073275
64.7131919334149
64.3661400862432
64.65723894350992
64.51064881702294
64.60185989554616
64.2620096583488
64.49480710289188
64.3330068628855
64.67598735567482
64.50095097411113
64.90758272938173
64.44107283587883
64.63146874305663
64.54944436032187
64.74812957928434
64.38858958029991
64.57635315249502
64.5456438381734
64.77344465025344
64.44660341216778
64.79480469736453
64.66173292918194
64.65722029717556
64.28501542751788
64.53184699153266
64.36355123955967
64.59900675119698
64.36917450790249
64.76631696458738
64.35709366740687
64.64650468454178
64.58047318642093
64.80154838031702
64.44122125344079
64.56038080164006
64.46567488512035
64.71562047166995
64.43804026686587
64.80825443000722
64.71159282346322
64.76355955652014
64.32266505695476
64.58865390901477
64.42513060720191
64.62531846765569
64.23527113085281
64.60570891189086
64.38488436463005
64.73685471110082
64.54425466658665
64.85812110673382
64.33723720087644
64.6019521053525
64.48530261062949
64.7271734691329
64.39024160432926
64.7267685069269
64.66673366990857
64.75579262535629
64.34629385936287
64.6320249390907
64.47630041738898
64.59209326791827
64.21574092669317
64.50991417368442
64.33289198171038
64.67597587512616
64.51513602910836
64.8936195987928
64.43975832182173
64.62935690985712
64.55363432321565
64.78342275481435
64.50391086095533
64.59662560431453
64.58433049403071
64.75493395395284
64.43695634266844
64.75285276614824
64.65404284774672
64.6189049515234
64.29132894355692
64.51298079569077
64.34928555926433
64.60679064882804
64.41142353476909
64.81511526945069
64.39225889566733
64.64068931566018
64.55281902772786
64.77578612543952
64.36064978308252
64.5383042668696
64.47881743743264
64.72312079594231
64.43214584635213
64.81328418015653
64.71775545234284
64.77040736838114
64.3234555475463
64.57574984967246
64.44675541757604
64.63627454801099
64.2644989112617
64.63612488325764
64.3776496253928
64.73231759832169
64.53681703225088
64.87072284099648
64.35242441982278
64.61304384234612
64.46996720607827
64.74388404389906
64.47219019807201
64.75072967173598
64.67722832263647
64.76618573567401
64.34905914135527
64.59223717642773
64.46086163462019
64.59048288705486
64.21093154232749
64.54102051179045
64.34971240148188
64.68226266791471
64.52121941705443
64.90391854445151
64.39882009060636
64.63906370599884
64.53833698023331
64.80363580547419
64.41542908139999
64.65227670691398
64.58288718359992
64.73978667702805
64.42199054780906
64.7098021091536
64.64162484078669
64.60322838413217
64.29439178171025
64.48681490771398
64.35406278933542
64.62694302069899
64.4373644068653
64.83600200909922
64.43018856493615
64.62847975895956
64.5356756971455
64.78132940651713
64.44707118764029
64.54720576061372
64.52089435289184
64.73726387400936
64.443885098553
64.82644861205206
64.70396737659921
64.74572545164892
64.31455204663654
64.56608809303188
64.4547545957555
64.61945850176012
64.30719507614901
64.66218270242516
64.34426394004153
64.71160474850797
64.55690915543776
64.86472622207467
64.34334147228866
64.60721115061051
64.43881325501147
64.74189212718957
64.39820883669499
64.76289514312809
64.6943995360549
64.80173183776043
64.327769786508
64.5805228020489
64.4463780429348
64.60067367686437
64.20802724442693
64.56696212091866
64.37169961124403
64.7129229383267
64.53920409595835
64.86515232198015
64.36855490973203
64.61159765766764
64.52598387268583
64.82358617013026
64.50798649785592
64.67469895005789
64.62260603624459
64.70418119686113
64.39188135934516
64.69246367967172
64.59299433131797
64.59917414746081
64.2986313145739
64.46582772231605
64.3554600083008
64.64853461226954
64.46791770349463
64.87413180949866
64.45964676885087
64.62122069212191
64.53726386258161
64.75248473526064
64.37461559116237
64.56359183473866
64.53165294681506
64.75754121628358
64.47045194500474
64.82956949209675
64.66833125862047
64.72308735974443
64.29937445861212
64.56684054310415
64.427712004007
64.60940550577277
64.33078634731972
64.70123716521543
64.32657986137035
64.6776977773531
64.57566669626978
64.84176725685919
64.40647173167775
64.61042478146204
64.43958146560007
64.7396605628838
64.44465287887587
64.77892234480971
64.70813271276145
64.79557227856336
64.3283248916469
64.58807700217487
64.43036128461543
64.62128271132352
64.21315650318205
64.5731848240301
64.39029966623932
64.73357940454086
64.54564440586407
64.84875096288276
64.35419305081867
64.59172775219096
64.51700216146783
64.77445369214334
64.4095625632797
64.6859251651107
64.63428305342313
64.70893349769099
64.3700233751778
64.66860562496919
64.53449104966121
64.60194473909473
64.29143200933197
64.48655809997106
64.3399525912535
64.67562959896708
64.48842104430199
64.89116678188485
64.45368456643953
64.62901153765021
64.54794778780312
64.76108697755404
64.47501405015882
64.56966994110995
64.54986104495514
64.76982687249028
64.4541458127753
64.81250560097894
64.65844613579605
64.68442307618932
64.27779275003378
64.54759444676642
64.39130429283934
64.60167251173544
64.34317148932398
64.74480248993247
64.3365093569781
64.65939209807806
64.57729635238586
64.80244540388735
64.36459642714594
64.57648129569588
64.45252914326781
64.71144355728904
64.41861466821015
64.79614337381639
64.71018279860114
64.77440146129658
64.32761790664246
64.5899400751075
64.4245610804949
64.62474912694377
64.22780866280569
64.59108337528308
64.39013467559282
64.72844237420901
64.54662350197036
64.85039400509176
64.34204094428351
64.58876322671954
64.49041620877823
64.7557456624421
64.49314122075627
64.70585739756667
64.65652243286081
64.72810558175522
64.34778465011118
64.65115610692158
64.48817350665084
64.59310489346122
64.23587369386686
64.50144638101578
64.32313771044831
64.67705524008352
64.50947158399664
64.89699612412421
64.43728757282751
64.62592552139361
64.55154910788795
64.74918574293841
64.38857930897136
64.57809408182679
64.55460160523062
64.77395286688676
64.43952748881777
64.7772360404684
64.65713948869124
64.63963250013337
64.28214957690948
64.51412854426776
64.34795948809943
64.60083488806549
64.38794028094051
64.78776351081348
64.37207425218541
64.63779213098199
64.57057134049927
64.79019573557466
64.43930221384808
64.53838229704253
64.46577919543935
64.71691129083264
64.4342283118163
64.81060453893569
64.70571350943943
64.77113126622723
64.31846009783305
64.58794476002639
64.429357297112
64.63397564160242
64.24096928411332
64.62389763128552
64.37833421685033
64.73489667388343
64.53849764772093
64.85870508475742
64.32991727643291
64.60199180509639
64.47529495593619
64.72645763235963
64.38909958726917
64.73810683294222
64.67373903391174
64.77185210505513
64.3459278729395
64.61177797946294
64.460945603792
64.58854688317997
64.20300448624967
64.51816210449633
64.33854523222246
64.67877365719491
64.5175077770071
64.8985391879064
64.42325682984779
64.62895366160996
64.54752188739135
64.79965117169762
64.50791969339336
64.61289546092951
64.5932423978979
64.74750512216416
64.42406959822462
64.7306096032592
64.64913877252852
64.61206527830278
64.28973255737861
64.49990765703461
64.34299063874786
64.61927400117882
64.42335749102476
64.82052448234587
64.40744817202881
64.63203573955737
64.5408764239374
64.76900357630849
64.35142548811326
64.53988091628025
64.49929237485556
64.72420175617431
64.43324680149809
64.81665519965648
64.72033356913138
64.75754200966905
64.31896287779725
64.57207478728374
64.45216122512446
64.62797609585493
64.28889379906285
64.64451065977703
64.36149058284724
64.72435164621844
64.5417748817062
64.86991158738034
64.36228541996935
64.6043868322943
64.45099149910072
64.74893251537647
64.4634559717271
64.75155215975622
64.6757717351649
64.77581495127906
64.33418698287099
64.58526947533169
64.45174630255151
64.59110927137978
64.20401320229291
64.56067728227828
64.35475792491926
64.69570226282057
64.52735809197902
64.88466485625783
64.38353870163729
64.62298764299084
64.53459872017146
64.80581429928078
64.4103615426679
64.6582664457444
64.58312094810742
64.72480936066292
64.4054469735914
64.70126281981025
64.61506852892987
64.60338304609253
64.29081806822289
64.47072964374027
64.353979549239
64.64100179657908
64.44676906639928
64.85483009792065
64.44093680898642
64.61831388356121
64.53141886403229
64.77050156606555
64.44797910915914
64.54678027384143
64.52281864505733
64.7465163895937
64.45736058637243
64.83546536202927
64.68107873933575
64.7392287594062
64.30118835714664
64.56903049786254
64.44694144267488
64.61600838943711
64.31628180851621
64.67363842723125
64.33378142440196
64.6945298264379
64.56527100580257
64.84993222679948
64.3500256766268
64.60770387803943
64.43205314613735
64.73571591517653
64.39974996673786
64.76937281979771
64.69606557088679
64.81209746080667
64.3215092461712
64.57993119413703
64.43261054828827
64.61105875468581
64.2137584200045
64.55941697419783
64.38079288250577
64.72688217778256
64.53912124114693
64.85095466941058
64.35808342169528
64.59754704280677
64.52169887392007
64.80510190257793
64.5053634916854
64.6793320148371
64.63697293069198
64.69842758531163
64.37491365553525
64.68109836735809
64.56464895656072
64.60167325904393
64.29425677023741
64.47470013650981
64.3511203539342
64.66214694653705
64.47632237916568
64.88458223746855
64.4682674380486
64.6220862299665
64.54040059811015
64.74337972344803
64.37427613886294
64.55650401850768
64.530443165842
64.76472702104954
64.46646320482049
64.82156798862972
64.65798196975784
64.71200716580118
64.28043044054337
64.56506847394868
64.40534179892846
64.6068205040887
64.33112035446989
64.72470828782443
64.3232355413829
64.66735914541795
64.577519240963
64.81776207287714
64.41930761878012
64.59979232864269
64.44729525754022
64.72389040486671
64.44848814165829
64.78379354417446
64.69784832189121
64.77918399740184
64.3243046130194
64.59011750816252
64.42187185174471
64.62853599292336
64.2165277454405
64.57919508378151
64.3889570607157
64.72999170791337
64.54933534523617
64.84627509079587
64.34785310800439
64.58449034106395
64.51013101015307
64.75721221277229
64.39997035504192
64.68934783428617
64.63808351333452
64.72106403364702
64.35868003379781
64.65814828793748
64.50330257567418
64.60223554558463
64.25821792122939
64.49363513769238
64.32983415477007
64.67750634786117
64.49647987137982
64.90039851975689
64.44033417106287
64.6261287888826
64.54757109209295
64.75806708348534
64.47705713499033
64.56995691156123
64.55163717141734
64.76882008541494
64.43993818172163
64.79973310165938
64.65530957978179
64.66323575055401
64.27562686367605
64.53319741756302
64.36684112526837
64.59933113517235
64.36084809377198
64.7623001857698
64.35285412201893
64.64168674399247
64.57828646708829
64.79276705017033
64.35792333210959
64.55560169227057
64.46036192873869
64.70066966879155
64.42076107135763
64.80589714282263
64.70562363726975
64.77381005463901
64.31736329638417
64.58991921337238
64.41957125048394
64.62420265815385
64.22970807966949
64.60167690970661
64.38208586532886
64.73061294002815
64.54486133960656
64.85223550919001
64.33910366159327
64.59195648957999
64.4796343868587
64.73890110909004
64.4847399746415
64.71975743174573
64.66072058278631
64.74039489300625
64.3392029922612
64.6363914439017
64.47004226526897
64.59004624074002
64.2110389255906
64.50831145888313
64.32457254872247
64.67742155786694
64.5141790164412
64.8904378713989
64.43890991093116
64.6231720563403
64.55507852070524
64.75938724459091
64.40251649646574
64.5855948223666
64.56227144934057
64.76755729936973
64.42921052292016
64.7592642285806
64.64812833844714
64.62363131731759
64.28200766207767
64.51144369275659
64.34248611603263
64.60797045311857
64.40495406228192
64.80838347266823
64.3883448096369
64.63232506045658
64.55683765170268
64.77860435595552
64.44010733758363
64.52783357644608
64.47545497023583
64.72379271263661
64.43054776515706
64.81220289778962
64.71115255076889
64.76486646159692
64.31244199163037
64.58138906273861
64.43736853090203
64.63604309856495
64.2540720516809
64.63209280870566
64.37670043335459
64.72328756459693
64.53763320560621
64.86429986808704
64.3318961567264
64.5999712007085
64.46889892766411
64.72426007609266
64.39238470812447
64.74420741104987
64.6704085483641
64.78259043805441
64.3370478940583
64.59561367840757
64.4522029158259
64.58812208283877
64.20054019506615
64.53827077868685
64.34358941358803
64.68208643248093
64.5196567174932
64.90197007262432
64.40153175646407
64.62819391330603
64.54259798064867
64.8121319708827
64.50485948469343
64.64076799143476
64.59628443545847
64.73218417653517
64.41297101908651
64.7133470773135
64.63505985135677
64.60742499201274
64.28491075955773
64.48683746458045
64.34697154976197
64.62689998045914
64.4310476468211
64.8285685729999
64.42698865052415
64.62317638163043
64.53669784402976
64.76304611290429
64.35300085888467
64.54009629460906
64.51813255075277
64.72908873667393
64.44123746415059
64.82415163170226
64.70018578726521
64.74973476483349
64.30787025683084
64.56937953466135
64.44962222444441
64.61905879280211
64.29986129584886
64.65601231043092
64.34598829161001
64.70998935396442
64.55228054154564
64.86007894008114
64.37593825090654
64.60057923167061
64.43823849916943
64.75145529942291
64.45931323716721
64.7570475836896
64.68627785419005
64.78225915304333
64.32064700102319
64.58024523085427
64.4392364914565
64.59681557192405
64.20088916998256
64.56166000454988
64.36691214433426
64.7109565370915
64.53573034364827
64.86298252648008
64.37196919244363
64.60499253811895
64.52757427915267
64.80342028909061
64.41325589257853
64.66757846765097
64.5937474653216
64.71858186607876
64.38781123140332
64.69355938393468
64.5889946755572
64.60228860136237
64.29103225365296
64.46552207166384
64.3521614168163
64.64819426265753
64.46171632233708
64.8664019999045
64.45881193208201
64.61422859790744
64.5343410660795
64.75947348664296
64.46084013901364
64.55512601573302
64.52324535329039
64.75645049073574
64.46450649120722
64.83024880836885
64.66079474718991
64.72817049681109
64.29096310195305
64.56911084458746
64.42402634786556
64.60917563992517
64.32371077766581
64.69469985107085
64.3276212559982
64.67610729788662
64.57845859040546
64.8304162862396
64.35802421310542
64.60212016619703
64.43672455728303
64.72407656891315
64.40360359139065
64.77874846297841
64.69421860796064
64.81560254677483
64.31970374158782
64.58972677428439
64.42079541600978
64.61861741754451
64.20718946690772
64.5660957118391
64.3869444390328
64.72932545437135
64.5478940499737
64.83979061412077
64.35716580748186
64.58388675998579
64.52134041980105
64.78625016686372
64.50486415184632
64.67958401071473
64.64547485966185
64.6966982787668
64.36437472272908
64.67550697938391
64.5269553905782
64.60290206622514
64.28613859118742
64.48706226388775
64.33577220837836
64.67773895464856
64.48902300611418
64.88093109620407
64.45797061364338
64.62256934001968
64.55175499074437
64.73808785734607
64.37831773392733
64.56097415785574
64.53565719903852
64.76733730891641
64.45293265771917
64.81966674214644
64.65090171733911
64.69184598278238
64.27150693323756
64.55550172922075
64.38976798096343
64.60203030356344
64.33716019526248
64.73902147738578
64.33386740937347
64.65668727037286
64.5820712203774
64.8027795613735
64.43226740693528
64.57314804905629
64.45282066305803
64.71809926128172
64.4425049714611
64.7970792669548
64.7010964864717
64.76371029989473
64.32006837945093
64.59516604459652
64.41858157414708
64.6258661280045
64.22127733558082
64.58549239746154
64.3889409027378
64.72261813003246
64.55411913793424
64.84383830569521
64.34324850374259
64.58257935447676
64.49774294854105
64.73993941834199
64.39044340264196
64.6986221358003
64.64196768966336
64.74085177930203
64.3425285775144
64.65804901054729
64.48236833775812
64.5956029720803
64.23276067775174
64.50025819984668
64.31921107303313
64.67664138244872
64.51148855671862
64.89157255052301
64.43697175519495
64.6205308932665
64.55591686920852
64.75894058768957
64.48276882329992
64.57043166065671
64.56089810950952
64.7662344071456
64.43403451251477
64.78824996628478
64.64811136275978
64.64437402037744
64.2757369984263
64.51904811559437
64.34500141597792
64.59974183880269
64.38037291613996
64.77856551531248
64.36992347113681
64.62973349956896
64.578965717967
64.7755786132683
64.35531265712603
64.53339389621843
64.4641566923489
64.70544112726984
64.42447398665051
64.81397733523248
64.69638558339149
64.78117103297802
64.30916524384656
64.59495943149379
64.42153148602574
64.63097317716667
64.23111175776161
64.61731415612999
64.37975904668491
64.725947282669
64.54620667939417
64.84940270872518
64.34081424576485
64.59111743368625
64.47848456422207
64.7371795274823
64.47720519503113
64.73094071286681
64.66338371284337
64.75436884987238
64.3352046058295
64.62297656189972
64.453802430349
64.58775219658068
64.19422234342562
64.51811871356225
64.33382526963464
64.67520776728509
64.52245676269168
64.893397768027
64.4296988036781
64.61994374272702
64.55656980779077
64.77746802438132
64.41469560899063
64.60279392027923
64.56705611237732
64.7597680392469
64.41452608428774
64.74127298396176
64.6414064753071
64.61430430162297
64.27909114558588
64.50533908870764
64.33644228236534
64.61515705519506
64.41693169551235
64.81444239565143
64.40700305111316
64.6272315633935
64.54925554453447
64.77489679821267
64.44374682900589
64.5327876244362
64.49346907204863
64.72562439988485
64.43027243947415
64.82061907428202
64.71469638767101
64.7554779315447
64.31071099117787
64.57799118243766
64.44586448343225
64.63142242651145
64.28057789221411
64.64216073865367
64.3638731938222
64.71706228960612
64.54743049032511
64.86420509321778
64.33894448885799
64.59774079947276
64.45552406617023
64.7286793498151
64.39244449526053
64.75127107169793
64.66617503492412
64.7958560815605
64.3275930229864
64.59372821951472
64.44634534472742
64.59348464544082
64.19893683597152
64.55781635445682
64.35070735736284
64.69051593104881
64.5309021571434
64.8828408057519
64.38883624647018
64.61852152980278
64.54056519149816
64.81568192891027
64.50247363942623
64.6527455859548
64.60141795069255
64.71411619266047
64.39980248593703
64.70966090001167
64.61089885726423
64.60516136298412
64.28359152225646
64.47291659061457
64.34797070814359
64.63630649960291
64.44714841512189
64.84669309797097
64.44166641620228
64.61293672215437
64.53878519276284
64.75476858860382
64.36055833725571
64.53990641117144
64.52182121481479
64.74056328798443
64.45097994940532
64.83926148595877
64.6742079877607
64.74411846325035
64.29449216598867
64.57277832272547
64.43889535050715
64.61443039292091
64.30980483453143
64.67007195231719
64.33448084019787
64.69139781801107
64.57058386883844
64.84534123766537
64.39267075395334
64.60015857401476
64.4314933418546
64.74239647277557
64.44936242772498
64.77118118981541
64.68501441062254
64.7932436395063
64.31333012173758
64.58625832356306
64.42520421455814
64.6119096389908
64.20729188001704
64.5594837056467
64.37711327871477
64.7172007163254
64.54396966299655
64.84452093079895
64.36308311839687
64.5917669297538
64.52555642606544
64.78380573835672
64.41107199876225
64.67457471787442
64.60916335462822
64.71028097034966
64.36893283257672
64.69047712181667
64.55874829129242
64.60589197502037
64.28852827864182
64.47349907930081
64.34982266635136
64.65617886125786
64.47822821133208
64.87566374078041
64.47095144835671
64.61491498096676
64.54539810256748
64.7489774508023
64.46747444753413
64.55248001698149
64.53139923912894
64.7634265311112
64.46017137157324
64.82796204842332
64.65176535160818
64.71646595363107
64.27523960364131
64.56838076368491
64.40619161360061
64.6019249316264
64.32729161648471
64.72230325490048
64.32416348833846
64.66268478398696
64.58520158289697
64.81034262280268
64.36531732671013
64.59555567586477
64.44748075369971
64.71444795055488
64.41154496623378
64.78621176551425
64.69049588032675
64.79966434656092
64.31657885492088
64.59636560992116
64.41557083513419
64.62735867766612
64.21004784704134
64.57950104528473
64.38865287398106
64.7222899250779
64.55388333663059
64.84088459302177
64.351803277586
64.57784458600067
64.513555935368
64.77342407823316
64.49996753517556
64.68453362163638
64.64954592233373
64.70561268539477
64.3528857427242
64.66704064239852
64.5001241499746
64.60593471257253
64.25721822648691
64.49430368615253
64.33007006686725
64.67378767771518
64.49907393900324
64.89458265614661
64.44548884333014
64.61977316763412
64.55398864246428
64.737666423551
64.38277374608191
64.56407649920347
64.53945969345499
64.77091003052126
64.43364470617131
64.80887719874433
64.64932277431542
64.66810158068287
64.2684023085445
64.53838857213127
64.36698851292618
64.59687087200071
64.35393704450996
64.75619183729019
64.35097017839614
64.63529052590218
64.58659272938085
64.79459051628746
64.4364839988911
64.55019861447322
64.45965153372715
64.70865035113735
64.43567337318653
64.80842721023217
64.69914430769754
64.76381524108905
64.30741190317147
64.59707150623697
64.41371072685615
64.62441089243761
64.22254058925138
64.6009865785096
64.38384672511776
64.7189011014677
64.55225996290476
64.8467067488129
64.3385019773576
64.58154773077942
64.48430002671276
64.72216308458654
64.38598191095154
64.71304395718917
64.65362740971403
64.75404443659923
64.3287435862721
64.64738078758342
64.4637687907229
64.59259661095116
64.2069000196453
64.5086287196094
64.32401784195481
64.674111755543
64.51854497773937
64.88498606267945
64.44199493382078
64.61385430145911
64.56181247130934
64.76776011914349
64.49500023762073
64.57705728946199
64.57690608877478
64.75913421345504
64.42039523791667
64.76973457927896
64.64168469157197
64.62650924858194
64.27214180093874
64.51437093347681
64.34126511833756
64.60367073751405
64.39851368893243
64.80223778733757
64.38585379673265
64.6264059770787
64.56739338391952
64.7649306912004
64.35656813058282
64.52288924405055
64.47445415409739
64.71597435039605
64.42655286027917
64.81759279970612
64.70187908341073
64.77671916281109
64.30522726572568
64.58940101185358
64.4336650083226
64.63615811451109
64.24837846727873
64.63232385170667
64.37808532510554
64.71742686446528
64.54438033725694
64.85714902666443
64.34766714650318
64.5932102063361
64.47267553872086
64.73483357325769
64.46988011807439
64.74118722264781
64.66553575348141
64.76464874855645
64.33065675588442
64.6051288575969
64.44691932559631
64.58994431569947
64.19582334413356
64.53667872593344
64.3409378326514
64.67907062534427
64.52470996060451
64.89781083336004
64.40632306543418
64.62146329424792
64.54892568083707
64.79278370648275
64.41471618609256
64.63307837206698
64.5742576885818
64.7472052280847
64.40719469728373
64.72252766396662
64.63056219012248
64.6092414888494
64.27966619070071
64.49051615258192
64.34343404180238
64.62339172560225
64.43111724917003
64.82196941053017
64.42544658151228
64.61865328007791
64.54451401485713
64.77019722310416
64.44217934617535
64.53576345813411
64.5165114303245
64.73237310322799
64.43727372778632
64.82799076103984
64.69340513054459
64.75169580209278
64.3025748953044
64.57460795839253
64.4441868273978
64.62007561800056
64.29551699142029
64.65568261158869
64.34793716356442
64.70606291913089
64.55679797690968
64.85248345696809
64.34396675355363
64.59434781109434
64.44120435783366
64.7327690918701
64.39492273694046
64.75945379341974
64.67668149462482
64.80407550183641
64.31449603069552
64.58789338245687
64.43281602460581
64.59733128851163
64.1959096393372
64.56389382942746
64.3649608171916
64.70258338857656
64.5398554353332
64.85737422813222
64.37636856197727
64.59978805548735
64.53264534888241
64.81312535374788
64.5018071599186
64.662497786427
64.61369184442935
64.70737979042198
64.38311146681633
64.7017340407941
64.58311042079464
64.60397398078311
64.28498576322842
64.46731401133317
64.34809436521107
64.64381000890391
64.46340163501145
64.85801844441433
64.45770220934645
64.60809420735622
64.53998691615912
64.74051693492233
64.36962552991058
64.54945110348626
64.52300073866753
64.75273753480856
64.4561470001533
64.83691102791886
64.65569748889291
64.73198474273303
64.28566661823567
64.57495278254535
64.42374014833001
64.6082043635852
64.32082667310843
64.69468582707034
64.32837989905421
64.67223265585349
64.57903296569818
64.83156348726642
64.40741153345553
64.59719256126488
64.43483788872102
64.7380113159472
64.44404436722847
64.77769683927933
64.69039451263477
64.79990442249549
64.3114430993004
64.5907701988825
64.41463640248837
64.61700274522845
64.20497728488071
64.56742540900984
64.38541673960815
64.72127875894648
64.54742942685958
64.83694289346491
64.35839097100607
64.57784053626007
64.52065101193423
64.77027654624025
64.40435084580933
64.67735293364575
64.62693509443122
64.70866626868887
64.35730317263429
64.67916885782489
64.52617885537425
64.60606351086099
64.28216086842927
64.48691066029879
64.33611672688272
64.67358035495917
64.48767632095748
64.87718422239999
64.46177493876132
64.61552041195016
64.5525812030881
64.7451584167803
64.47063607593817
64.55483033425423
64.54381998516506
64.76548627535858
64.44676276609339
64.82126854312622
64.64654946395484
64.69675855973057
64.26493804701032
64.55681646619222
64.38963746679606
64.60199345124583
64.33373240581375
64.73995963939403
64.33101340198834
64.64940477361061
64.5844431939932
64.79309887355667
64.36732116901342
64.56956974669524
64.4521836797345
64.70859011927557
64.41353759005979
64.79550733135436
64.69452898561947
64.78020186919649
64.30957353439268
64.59852630784276
64.4106605148449
64.62706824887839
64.21399996238384
64.5877039653959
64.38786228907682
64.71254332799926
64.55640344751022
64.84018259838447
64.34413175049654
64.57253776164728
64.4993935620068
64.75338225629311
64.4911753262501
64.69373930350172
64.64573798249654
64.72393216621454
64.33413108753071
64.66201913933634
64.47702614426892
64.59835398092741
64.22880178879954
64.50108706091801
64.31784212954746
64.67451741887072
64.51002903291048
64.8898215224815
64.43805130084749
64.61137380589018
64.55765910752362
64.73684931663307
64.38594578725521
64.56399268660807
64.54703989049123
64.77223863329073
64.424033729326
64.79345069776471
64.64398989845503
64.64782421233764
64.26576047385174
64.52249657519019
64.34370015150829
64.59746988737105
64.37527103275693
64.77439552885845
64.36696759551685
64.62401375642996
64.58061091545966
64.78017178455556
64.43834936841523
64.53102589339129
64.46338743109659
64.71173106821526
64.43201641343204
64.81455180828318
64.691730464702
64.77243682646306
64.30216643000905
64.59830967994638
64.41482410911523
64.62833786546496
64.22697953334402
64.61825965785948
64.38040160664492
64.71858909719442
64.54815868473065
64.84622083492222
64.33249267238556
64.58349593595243
64.47920206491614
64.72017917851275
64.38573810637627
64.72845775799266
64.65948595011105
64.76815981351221
64.32737036268003
64.62790564058305
64.44961940821254
64.5894510572904
64.19018355328343
64.51886342923117
64.33229410651907
64.67529709079574
64.52190077148515
64.88608880804914
64.43334348666663
64.61346051344638
64.55962711848457
64.78604955676936
64.50578384310083
64.59737215230702
64.58647992962514
64.75094492223464
64.41016013217546
64.7448593389403
64.63405577123925
64.61542403582578
64.27200276107762
64.50758534394323
64.33429979378043
64.61284731285002
64.41443023020219
64.81143331412873
64.40445279736328
64.62284094620455
64.55081967359402
64.75873066012727
64.35289766650905
64.5270363783142
64.49132962415297
64.71863125604564
64.42974461311873
64.81995998357812
64.70544547400192
64.76432144692411
64.30285223499071
64.58002887740253
64.43980700403162
64.63319290572545
64.27396234129532
64.64350589190613
64.36772278844981
64.71225750602098
64.54544309646948
64.85650185333618
64.36085992448169
64.59177520260077
64.45723806198575
64.73867134235982
64.46399696794721
64.74948309161967
64.6587136028623
64.77519245156911
64.32237227757669
64.59536682722265
64.43730075499825
64.5915632292932
64.19503269169576
64.5592184659758
64.3483465534333
64.68818873392654
64.5294408615552
64.87786094746792
64.39189345841748
64.6132369616375
64.54226912145906
64.79437864910088
64.41077452476829
64.64889432771952
64.58095714137923
64.72824381114818
64.39596686024949
64.71010254381078
64.60489346057491
64.60594860427976
64.27697692781172
64.47624892483417
64.34389036964933
64.63425697510766
64.44424692215995
64.83859320886516
64.44024970078476
64.60874114750688
64.53935660803194
64.75929754143313
64.44638696177468
64.53449779987139
64.52309172410494
64.74211994416589
64.44548634450639
64.83769933154375
64.67032833626861
64.746215268852
64.28854912343722
64.57409654025265
64.43608296937721
64.61345994720259
64.30536966640743
64.67038967097294
64.33711648386603
64.6894930417092
64.56742044413186
64.83929658163467
64.35026051419837
64.5940187013293
64.43379681681647
64.73044022730362
64.39621258829526
64.7693971854742
64.68005244456238
64.81222805326149
64.30767463150119
64.58744760914372
64.4197223931018
64.60793640133888
64.20231936531191
64.56208005907831
64.37648645571568
64.71128100620278
64.54318785702459
64.84026654000938
64.3644764765942
64.58588582056049
64.52741674475585
64.80065170134809
64.50384674403465
64.67132061858155
64.63039266588069
64.70041916885657
64.36539409927407
64.691220753335
64.55556563604166
64.60499437215475
64.28312736561239
64.473334739825
64.34895169041218
64.65460586848648
64.47483323151074
64.86995601602956
64.470495478545
64.60935022900799
64.54537706137788
64.72962732584182
64.37332436395552
64.54948853362957
64.52988310627651
64.76135565518891
64.45704729192951
64.82865576733501
64.64548162001782
64.71984291117992
64.27040062781153
64.56963467768341
64.40550198849996
64.60261786099456
64.32463492004399
64.720536195846
64.3249824924364
64.65659209197523
64.58394036167196
64.8109996744762
64.4179510310476
64.58869076430778
64.44772299813602
64.72513034533782
64.44556616206522
64.78326391838175
64.6850115171791
64.78796038750323
64.30810394400787
64.59835123380377
64.40815170819147
64.62502853523584
64.20229056412846
64.58007002254625
64.38774205368001
64.71602906537254
64.55260457749571
64.83437568788993
64.35319761351009
64.5683385037844
64.5158838417135
64.75733151116795
64.40217744092584
64.68070381145044
64.63447978109217
64.71686953693572
64.3460347460735
64.66798639852834
64.49561219608877
64.60330328382352
64.25444444192811
64.49397788963392
64.33005091309914
64.67409369579414
64.4959956823024
64.88743169001984
64.4472355660114
64.61177134411219
64.55615362394298
64.7448143924946
64.4758953015548
64.55669661512778
64.55062338960171
64.76792825275892
64.42831542448934
64.81200517970704
64.64207017506642
64.67215447691105
64.25923535735211
64.54297498772112
64.36645145265463
64.59707534852318
64.34819361191367
64.75116869704678
64.34887787157247
64.6330482335121
64.58472744328863
64.78089534048566
64.3613347403411
64.5473083453438
64.4591962789828
64.69883237212612
64.41753686692235
64.80591857300914
64.69371309430375
64.77495509002657
64.3023115452805
64.59857018000405
64.40747709125841
64.62331851411051
64.21903855687765
64.60102918192844
64.38455091424576
64.71356216293147
64.55306896478965
64.8400791266379
64.34124773425364
64.57395170562954
64.48591752079848
64.73638972764678
64.48530827384397
64.70988331825355
64.64930352410066
64.73807743369461
64.32339359102994
64.64793919718953
64.45785438267437
64.59146681577516
64.2051752991085
64.50879663311264
64.32184671968376
64.67495425123688
64.51723075467514
64.8803544007521
64.44194961342149
64.60905556244363
64.56358563687327
64.74453466500665
64.39491269759125
64.5727592857435
64.55963787640351
64.77182409349956
64.41715190713877
64.77402452832419
64.63507002498895
64.6296134222766
64.26602154674451
64.51593867621266
64.33916838537533
64.60224955350549
64.39530657803222
64.79514680765399
64.38405709498548
64.62171153851747
64.56890079405471
64.76870362244122
64.44229883995715
64.51790657227151
64.47378751445618
64.72080889495409
64.42980582167534
64.81632107755908
64.69139360427674
64.77137596761858
64.29870884877116
64.59308898527628
64.42355990720594
64.6353640688646
64.24334012342474
64.63296995640047
64.37891649305858
64.71319662784856
64.54348411237137
64.84653544922506
64.3324462271401
64.58618289989731
64.4729247377728
64.7166152940506
64.38858507884655
64.7391805223333
64.65913802263067
64.78170294815318
64.32527237423871
64.60680168983443
64.43774871046134
64.58851580193911
64.19022513836138
64.53610140903291
64.3379972215636
64.67887712395603
64.52438679037256
64.88957165294545
64.41105092167466
64.61493205521636
64.5510586858083
64.80084315638373
64.50831866331391
64.62568403641308
64.59424708942717
64.73973353428035
64.40267726512255
64.7239434377857
64.62286847219913
64.61073388559751
64.2741369598375
64.49316345156673
64.33899214086478
64.62183449917876
64.42831998379405
64.81388092642092
64.42317434846957
64.61480903447743
64.54494725112757
64.7506576573742
64.35200204973638
64.53104853354051
64.51554565157132
64.72512257960904
64.43329675837532
64.826890771434
64.69024927972578
64.75542526600682
64.29742216147172
64.57683973185591
64.44090190570937
64.62159255686689
64.29157195866894
64.65701680456876
