201.81505727740932
201.16471018078727
199.64068714970134
197.41821389655118
195.86890589205393
194.33952827655625
193.09247237156208
192.31874492829965
191.04619944729734
190.44043826634316
188.93199402353173
187.40606016670495
186.14536339960358
185.8363595936084
185.16110594549846
185.5980222539067
184.06215267242965
183.53737410223354
182.76258381118478
182.2504437374564
181.52046526224615
181.21884188669864
181.16074586328907
180.34373858810525
180.0845792988247
179.4825169151407
179.3299993969589
178.3521980460979
178.3046032333679
178.4409635637593
178.83517487297777
177.943198334545
177.5515371192477
177.08160705794876
177.62644635422845
177.15390119739695
177.4752191694457
176.55626884415867
176.33023943143297
176.41695056316536
176.27560151538884
175.68938058337454
176.37039193991833
175.86501825249184
175.7883154655495
174.9854940454789
175.55425247496805
174.4171748496351
174.73270342270501
174.4089986375113
175.5303467019899
174.0664951464567
173.9167009463504
173.75794341563497
174.35655244522147
173.33508002165325
173.01684119101452
172.9698439064038
174.04896105180708
172.1184191001999
171.83855555219682
171.06236250356577
171.9625847247514
171.74840697263247
172.24324664906644
171.438943068859
172.1352155333659
170.60933623753232
170.76076296496623
170.20992175359882
170.9837371873971
170.4285570863754
170.4517493838589
169.42583836238515
169.8443571481326
169.0574252110316
169.73327452040226
168.99976414971627
169.61408210753376
168.88632236232831
169.31949130336815
168.32067848256324
168.9076605780663
168.97875388833032
169.15210481019668
167.42892097231694
167.9959759095099
168.14034484168093
168.60840164556296
167.55871880016153
167.27473158584124
166.1093600150797
166.80991502643695
165.8495622159288
166.95191296629073
165.8078037458154
166.12943474705705
164.5668752605014
165.6374957551379
164.88113572874664
165.7254973643079
164.49348821921208
165.4315555206734
164.3493444949055
164.52448522407533
163.53240674961143
163.32611823376286
162.634166593063
163.46319410887767
163.04981748868826
164.07549814041812
162.31402060738296
162.31903142744943
162.45645924563036
163.21094947953762
162.30267312912136
162.09437544815324
162.1384400451056
162.92661522182865
161.76172591410142
161.7420790243092
161.35621555041376
161.70378325408348
161.0386814260481
161.05711359885774
160.89837647549624
161.26091833510975
160.33523717968876
160.54290655904987
160.51942674678506
160.5161887253927
159.8316652956438
160.7991369244592
160.78760822892392
160.07290754531058
159.25698823533375
160.17046173168615
160.0225320379311
158.9971770635918
158.40942226777628
159.92946649073244
159.9697359587822
159.83537785894237
158.74901626342725
158.82869139745705
157.68017391228534
157.71204905907777
157.6076769161042
158.70371096870653
158.71152360175896
158.46538729202936
157.4311889686078
158.08090912811215
157.3537052467964
157.60893615602347
157.07589137830263
157.57585833900788
157.34552933576924
157.76028212067726
157.21693413918055
157.15620426004247
156.70497345216754
157.144169500785
157.12860992740517
156.54650364772803
155.7852870690694
156.52728428710202
156.37633526915266
156.70224516730298
156.62998808316206
157.10486284693243
156.58665351753905
156.1447213960822
155.58822821349398
155.99590333925403
155.33572447121315
155.65177128961443
155.70247892495337
156.74297071406957
155.78253456608113
155.31466462652176
154.92777070469518
155.7649563368088
155.56016885036672
155.8689160218245
155.45428862250128
156.16216151123442
155.36590340287296
155.03242958284721
154.67189609492095
155.75705516129062
155.51767499910068
155.33732674544208
154.43679171363732
155.48418907522137
154.28799028099058
154.16746887070997
153.91573111265075
155.1745370676488
154.17292833763815
153.982657434269
153.53082184771208
155.02833323354386
153.20476669070382
153.69286846968606
153.24975611319215
154.82720766136498
153.35773400822822
153.76313051561783
152.99948842078962
154.48948239868724
152.62497729160407
153.20734148865404
153.23438563811632
154.44536341493009
152.6009753282316
152.72439167744068
152.197411526694
153.53451153068403
152.31805779467518
152.31527244898763
152.36119143466775
153.29270106084815
151.29323551235996
151.57949318764008
151.68874131714435
152.76204095472292
150.81128715198122
151.3357281160096
151.50489155358602
152.6864335735973
150.3855915796991
151.1868978847455
151.14659643867424
152.01881826248749
150.7736774584019
151.22078406947662
150.61687016060247
151.14505319931118
149.77559343067873
150.60208462971136
150.80398024347917
151.20218222574476
149.6448405046506
150.1430252050901
149.64908806653133
149.9639292043933
149.51929147308326
150.19733167392073
150.0091077831762
149.98393877244993
148.69487549772353
149.3889584875758
148.90052973361074
149.44035444619237
148.55412846340985
148.9496389848971
148.86703618229043
149.63105065267402
148.4391662176594
148.5658782627606
148.32852867600684
148.63554767114928
147.68230412901872
147.8228313666803
147.63042005722284
149.09867184823258
148.55075572444687
148.08245545783555
147.550660347334
148.0932044942608
147.92149494026222
147.74515718998015
146.93623111298584
147.40223427080983
147.71756326612947
147.50683867479864
146.3580957082406
147.37503166687964
146.8937392907501
146.16872340269796
145.86463716127017
146.45026744409296
147.0848199903684
146.696406880825
145.4181921404011
146.53209669082304
145.93641271429746
145.27273315669885
145.12378900908877
145.84228827931034
146.30682586500046
145.6173546052866
145.01732761348197
145.65458595445435
145.42679604030323
144.2600236600444
144.44056179098922
145.06833067987125
145.76468117911358
144.80517551520637
143.99670747809512
144.8555951548745
144.77786725305484
143.76161145617792
143.6361480050001
144.67584802709348
144.641142716704
144.1827027019282
143.67109645190254
144.99397271328075
143.97350706905954
143.75619158947106
142.69009855095086
143.776678206077
142.6382977812676
142.44417714519005
142.21594986719265
143.00926663603187
142.93493925222518
142.1598730460295
141.64443548443245
142.98788241716892
142.09970914924645
141.68296444776763
141.20337143530884
142.39487380393504
142.17089180575846
141.48520729721827
140.80727484685326
141.39441121864022
141.01739973861834
141.21037769462055
141.19812698207517
141.65633121343686
141.66075430007783
141.213596924582
140.40311409464238
141.00758202467765
141.21384646185098
141.9658223871546
141.14874677347274
140.57783752377716
140.66408657754033
141.31823956583884
141.17265211222798
140.4208098076683
140.63109266994107
141.64697699933964
141.58021719937946
140.47418737370376
140.40913981890276
140.5613446210039
140.82468530049698
140.22303620524247
140.0960343698371
140.1506637999214
139.75768578298317
139.68502605436646
139.4439379190469
140.11518592840073
140.06760716187108
139.41124278259616
139.53070091918022
139.59552222652124
139.3832088086529
139.01243773621397
139.02919414298913
139.34736772849996
139.4775765445391
139.39886485982117
139.1217239458758
139.06310426762354
139.09708665669592
138.85044594255035
138.60135747867
138.6793570367295
138.86388441169623
138.67493014799447
138.5970665431158
138.73360230902128
138.5828227564332
138.54096498628655
137.99297855189835
138.2472193170678
138.14727403749848
138.17549680381347
138.2579896034004
138.52402354974876
138.2903826393014
137.92788799492487
137.5400875454384
137.70580741631872
138.21154925521637
137.67116246326466
138.00492515076738
138.2029601962422
137.96296845861454
137.32211729228732
137.48829805284458
138.17700219555084
138.31885726330785
137.63056219455274
137.42859133959578
137.79295643977116
138.1053637852111
137.32300596970495
137.48340190987304
137.36581836031633
137.35727425392597
137.0884297002277
137.5556614875691
137.78598492357463
137.53540950368225
136.69533362154849
136.72794082360195
137.17717642209902
136.97566957145213
136.35731403842587
136.94286286621264
137.12890666793535
136.48868859677714
136.02798778943358
135.99186868802886
136.642842748282
137.17558624362505
136.59651723964706
136.19922597548734
136.25988441368142
136.36952918580795
135.8901225957607
136.06127948148117
136.12852888035826
136.83595817980142
136.13544970135743
135.87396507332986
135.91631244335395
136.11073696715098
135.39897869191157
135.55657475725212
136.2715464493568
136.39045490223714
135.2840381892043
135.2054088957877
136.07356304755717
136.04750405077874
135.45648805516785
135.44348348693498
136.07573947711057
135.4923352077946
134.3978323328075
134.7730541285127
135.78240951031296
135.65791154779365
134.5961442874869
134.9536017749244
135.61575178699343
135.31624500691632
134.199737242576
134.39463121197804
134.5834700489707
134.8708258654387
134.42612213146325
134.810207050625
134.40262665153247
134.1738350395817
133.2303222680081
134.20319291326132
134.52442326662535
134.6301496496274
133.26536626720326
133.81133620985787
133.90641515261382
134.14676671964352
133.4836692350655
134.11357961321335
134.06237276202793
133.9294858193137
133.21514798819686
133.78062201077535
134.05512055852697
133.79900932243405
133.3594902384046
133.96552028530283
134.1755688817856
133.87758369246845
133.31085114861958
133.6499314397741
134.1767567756557
133.64915871434428
133.14010323599842
133.6136531263449
134.00677900691454
133.5693498814063
133.16171009608004
133.61427660841306
134.04060584016963
133.66624811636757
133.19024680125932
133.64105038053427
133.93100149231697
133.79095966389337
133.35953176538357
133.65138601416362
133.83118096805737
133.64674303435422
132.86344302187206
133.37324535131694
133.78060110145776
133.87022905448396
133.26951666772834
133.7467464675514
133.83592167438607
133.6277773827911
132.81469371684318
133.4496422348338
134.30810270056082
133.89433634214134
132.84416783043625
133.36406393037763
133.83132425400458
133.66843419534462
132.72019523925172
133.50425143096246
134.26475293343418
133.75093494023437
132.64492387391195
133.20082883636516
133.63437609874734
133.48621743963042
132.89369675351415
133.3947273625741
133.99193868441026
133.4936740705249
132.90866813827003
133.30138809255794
133.930370186086
133.56740212074098
133.0802480002933
133.10881994199607
133.76021246529297
133.32390199938027
133.17438839980815
133.11586004550182
133.90975301610746
133.30290805844967
132.9635025393598
132.8179928856033
133.9955428340023
133.34937546263478
132.96182376557866
133.0136807679898
133.64564559507588
133.31320634789475
133.00770608143455
132.8472627907306
133.79598149450922
133.32822600486347
133.0301924647774
133.0672996204303
133.6382737327736
133.2467772023508
133.0091672442107
132.9424182915068
133.59853135665153
133.15008488388472
132.9376373477684
133.06118106698975
133.4501635403448
133.1813773152807
133.0070624428878
132.93673296039515
133.4586244623537
132.98939457257248
132.82366827101677
132.95970709915667
133.66091618917193
133.22401472594873
132.67416164668688
132.9503662131113
133.67077415698998
133.09307584317807
132.75974564734452
132.39891361818906
133.0677143511357
132.64194055658083
132.41921579413375
132.346301378217
133.0230655258275
132.7746519275275
132.5418772956783
132.24899568429802
132.94732184322845
132.43576740959907
131.95513825921446
132.37636288061108
133.22793733552783
132.5802204166603
132.08611214925233
132.33321064302763
132.7538924796428
132.0883692025247
132.0889492333197
132.21327457847147
132.98259878998687
132.31796735158838
132.07184141441647
131.82576041479538
132.36125350518827
131.76477908711564
131.97492568445276
131.9588468733785
132.4137555151054
131.66111794941415
131.25828386133074
131.57226592869947
132.08648950165673
131.46806503127362
131.43690353186662
131.36459264158935
132.1875748324383
131.5186919158749
130.81190884088252
131.42137616504786
131.93054105957822
131.49115940870627
131.04072042043117
131.20634059043388
131.50959815799644
131.32266499681785
130.83171136731005
131.17616392827057
131.64832722864531
131.176904370964
131.1233176152721
131.1067650589253
131.44341462834294
131.28325142513054
131.09439635268893
131.1838493298724
131.6414841607926
131.032240502022
131.1011846244809
130.84195768696944
131.150697777551
130.90317811788108
130.95841540251433
130.8357041662191
131.3033279999089
130.85998274741507
131.15762664784043
130.87471826255873
131.1329470897149
130.91556665504075
131.08553110492804
130.6685612516541
131.03158235452682
130.54042815412063
131.1635681531253
131.166376756482
131.2579406306797
130.89621131321965
130.70512993967108
130.53910947824286
130.70624055605302
130.62752240262503
131.0379832881495
130.99110546474773
130.99837717688789
130.879929490697
130.48469867934077
130.45840075971174
130.47330206578874
130.57141970283152
130.79982275579337
130.7302144034574
130.81540167407687
130.80086846852396
130.60052291602423
130.22752832378504
130.15260720107543
130.5090795379308
130.68742960131163
130.45999751237923
130.59376064124413
130.8621646504728
130.46404712125798
130.11550002156886
130.2811719373582
130.7888953197232
130.73430239382046
130.42446554922364
130.6015740445102
130.76267056990844
130.29264416954084
130.03481875521683
130.2938277095387
130.664301983514
130.7142187362498
130.3713032957198
130.52054756428063
130.58126787937513
130.2586354117272
130.02878620348184
130.36599327066457
130.57272552800563
130.7426306754476
130.4304062270537
130.5229627613252
130.43113890754023
130.11356229886786
130.03277401540487
130.46797189881448
130.48162200594328
130.6637351413179
130.34110709314155
130.6055354157601
130.45660855337877
130.09659582800683
130.0115413710157
130.48972988889713
130.5557924062585
130.60606674807843
130.31584886846088
130.56748400528
130.57290914817722
130.29244941422868
130.07792517585406
130.65882410979256
130.56349362423515
130.67439343059874
130.2215309916863
130.39553348028198
130.52908516216087
130.40860001043188
130.14527511648328
130.5965504063084
130.57169897647643
130.71487101804698
130.1776375179926
130.40383752082514
130.50589324200826
130.4087429068883
130.12101085254537
130.4858171660233
130.55199039521892
130.56272983974773
130.25128059835205
130.4903429769128
130.50795747127296
130.47366326048294
130.08608045759377
130.5366132765299
130.52853503816388
130.752002710848
130.2853355547916
130.4919422625772
130.4013563715794
130.4366664969643
130.10543390958753
130.49537600818866
130.51282984151433
130.6578831379631
130.1770652979779
130.21719623865127
130.4821696217029
130.35051449411168
130.0112543967027
130.18537716588145
130.56068901699865
130.69117018242727
130.12884934047761
130.18157151629129
130.53577863348283
130.31336361564536
130.00862475999628
130.21940796243754
130.57617626625716
130.6013704865421
130.0837336123968
130.11577634204
130.61158573738842
130.16836034223206
129.937752370147
130.2423138189258
130.38386303306734
130.30201611412633
129.93191512258787
130.26363028190877
130.49966281977032
130.14512796800838
129.90864848105747
130.3112771109501
130.27480772772324
130.25390153894026
130.00861016944663
130.36579994456127
130.58787441054403
130.21916540182335
129.96609487211845
130.3355024469734
130.18012952469272
130.16440881404836
129.93625572886947
130.436334521866
130.52856980352217
130.2239059354994
129.97337160143
130.33347829356583
130.11920785049233
130.14963669573527
129.97576201619074
130.37639930387616
130.3286844170745
130.108394322302
130.0160188411438
130.3382355102721
130.1530182945451
130.11364043694832
130.0152748745055
130.41606564233163
130.40887212653047
130.09637101525468
130.00350651819616
130.32060231554607
130.14111368903136
130.18756760617262
129.96088770202365
130.34970782865983
130.43495582038452
130.07694637491383
129.92017410102952
130.30220469271956
130.1330865164771
130.150195770357
129.90396966753562
130.3369817604343
130.40375645718171
130.10173681656684
129.87282968580098
130.31726289737685
130.19891106422907
130.3341902052469
130.01161831615445
130.26637954592866
130.33302004664114
130.1676064516478
129.90538278187358
130.2739430880083
130.16181264817928
130.31368933381725
129.99792776528733
130.2256083756
130.32649112064829
130.2298095742515
129.9556183398393
130.32213707572018
130.18280677062714
130.22251814672816
129.95806643077742
130.26533037228722
130.4661237620201
130.2500580519428
130.00297730330524
130.2815723103959
130.21701795202492
130.1719979776662
129.9327619092085
130.14194207108406
130.48278785285825
130.13774423067315
129.91544244002176
130.0612885282309
130.17868331493082
130.1973317452318
129.91631640070435
129.98947814281715
130.44709822044734
130.11479863288764
129.95250081318125
130.03955154341085
130.22874218335556
129.88450365584336
129.79414362437316
130.11819781079632
130.21277524883817
129.7355420215879
129.7674631348526
130.28931245783954
130.20557714845432
129.87057582203124
129.76787332828434
130.31049919025037
130.19346634139956
129.7411540217886
129.75456790142837
130.36326769495327
130.17135541671917
129.8877167741209
129.806815732303
130.3967613115938
130.06582916803075
129.73713411342123
129.72121585627204
130.32330431290438
130.066128914054
129.86792771356713
129.75857861402082
130.34148236198158
130.05851294247014
129.78281608618212
129.75513884789436
130.3326542328653
130.12715979194707
129.96701200872354
129.8557350526148
130.3367388621863
130.08521744410896
129.77801332486408
129.70615368821714
130.32230041725032
130.15153968411514
129.87560609588166
129.80885973139274
130.32680359170055
130.03164358452247
129.74810621463806
129.71205489011874
130.37549231765283
130.14016443902116
129.90212996552296
129.77699370640542
130.3212810827507
130.04830698940208
129.79180822473242
129.6969665653796
130.3057639274394
130.10379047765554
129.87934097275513
129.70561319748995
130.2805015818709
130.09774229045902
129.884324796974
129.69704658795453
130.29557191347465
130.1177420015651
129.87485983269926
129.74004334576367
130.26906043065088
130.12621544954447
129.8891826416525
129.7495484209646
130.26428185758883
130.10094580575813
129.89961207209444
129.76393584493033
130.2792992686708
130.14026005606752
129.9162768912627
129.77678132754846
130.31342394240352
130.1591173988581
129.89539828308048
129.7988265324651
130.28289195813767
130.12702448183563
129.88529474358492
129.79067749866795
130.31021301216083
130.1670122335985
129.92361516280047
129.82552101606368
130.31394790610227
130.19530280764045
129.8668241725658
129.8345918111786
130.28097903230585
130.17754649542255
129.8352863541184
129.83087188959763
130.25015325842446
130.20770205310075
129.86034871817833
129.82906369828004
130.2313381086899
130.21775805779848
129.7961990015189
129.8023399939998
130.21783407584394
130.22488910813556
129.8009937990635
129.76437754349598
130.2111808765329
130.19471864852713
129.7855539433373
129.74754643366185
130.2363800461963
130.1807853975238
129.78853012556849
129.7366968358775
130.28586813841255
130.12829283767286
129.7779344510786
129.78189479499923
130.29346400125968
130.07638503020394
129.80315151185766
129.763097790655
130.32337713702492
130.05434071557625
129.80656267246925
129.7541147414269
130.35317519477965
130.0774828955776
129.84829353410294
129.782271527213
130.37341428567757
130.04880603791833
129.8216716211214
129.73574442168228
130.31054062477943
130.01150247126176
129.84846490247543
129.71857941472103
130.29089921343706
130.0264033742423
129.86436674606395
129.7389537675908
130.33379924424668
130.0314867986811
129.84563940441987
129.74397211684462
130.36341496622052
130.05592222979809
129.84644506229114
129.75488880031122
130.35636935066677
130.06238395725757
129.85574995463847
129.7516393079093
130.3358557032398
130.04476728239396
129.8288413186473
129.76106240529853
130.37856526552795
130.06850235390127
129.82730497199782
129.78975577592254
130.41827497073223
130.12028862946542
129.86559184278002
129.77755995725485
130.35350967201092
130.08005756190428
129.91328710349384
129.77218086150995
130.37576646323527
130.09673792870484
129.91812007840227
129.79167015240043
130.34456354010516
130.07953784662368
129.88692447251302
129.79612709642993
130.366186090704
130.11106662100076
129.91252614586142
129.8241837828361
130.3338122995888
130.12500974059876
129.89717808815004
129.86423572443687
130.34425399119982
130.16003425098734
129.83850610523817
129.85996078531258
130.2769142136919
130.1774188119583
129.80699347965788
129.86853513970277
130.2451535236857
130.21726149634208
129.80910919173675
129.8983928358634
130.26178379476124
130.2362064332398
129.79074958621558
129.87408944025677
130.18910849233208
130.24991331400594
129.8145113484208
129.80604342086895
130.18272411496753
130.2459772574302
129.81139521513603
129.76347775993327
130.2508466950694
130.1939646128405
129.78018998193684
129.71325727381148
130.29603790485854
130.15400994181888
129.7919210151558
129.69780914665185
130.31871702976767
130.1229060318786
129.75935842039874
129.72338950606013
130.33173106804765
130.0794703261785
129.75378160559072
129.771561644974
130.33075865344054
130.07652666149406
129.8089431017929
129.79177969864526
130.3206764778749
130.03834936614285
129.82650966183033
129.79678353417287
130.34152044634305
130.0860552370333
129.8432137392936
129.77143697999693
130.37345889448002
130.09317603059014
129.8328027906266
129.7967751428445
130.3914812611064
130.13018951439258
129.79243568743115
129.77274748518363
130.35259521209636
130.1498103280515
129.79353501788052
129.77371706497627
130.35564392719837
130.14469152365822
129.79823620267396
129.7722782710303
130.32020647058678
130.09705592725075
129.80871033000093
129.77156834550507
130.33200077589007
130.1032081660449
129.8266736426131
129.77285045801085
130.31013038093343
130.12975111696474
129.8770423677701
129.77840851706807
130.33308153009347
130.1333542629792
129.89588208906815
129.77059010642685
130.32524994077062
130.1236948129284
129.87607914962558
129.76077750275508
130.37917326273225
130.10240723401446
129.8716951185576
129.77272900383645
130.32816585051359
130.082051192497
129.86455353469088
129.77640005725294
130.2745290098491
130.09678976574492
129.90698076963483
129.79844335845166
130.30552463920685
130.12690442065306
129.89251203698657
129.8282204168841
130.3136063092449
130.1663228523791
129.86374677250893
129.82271671107532
130.27487603659566
130.21784086306155
129.85312578521427
129.84463538853595
130.24254984088944
130.24553951032422
129.81690822291247
129.8189089592309
130.24681161209747
130.26797876296345
129.79486779923667
129.7986736488797
130.27490650584144
130.24591258663784
129.77857286587783
129.8066612250865
130.2253317869029
130.23707220776117
129.81279422226618
129.83360368485532
130.25830326093902
130.22543002078396
129.7917097883542
129.784834421032
130.33550015963854
130.17800920189694
129.80038822042908
129.78827226726455
130.3621499187998
130.15139054759638
129.78668049827792
129.75835281597645
130.37151987726753
130.1176481315277
129.7775672754292
129.7465116036615
130.32178164773515
130.0972776932141
129.7855824237816
129.80088831744746
130.37567485633537
130.10467135253907
129.77284012068301
129.8105462785319
130.3611743217294
130.15687261366807
129.81731457883134
129.81336742061544
130.3898474760605
130.1303477073369
129.7995525001033
129.77891980717152
130.3156088046648
130.07342558536163
129.754557459304
129.7348854207518
130.35316489644848
130.0987821016363
129.74430841587673
129.7294044642428
130.32292305456147
130.1189573619938
129.7713699539421
129.717879269418
130.34761874803038
130.13212272543433
129.80945432720887
129.7471063424287
130.3464598843031
130.13536309735133
129.81360332000955
129.75960373730877
130.38216318307397
130.12771994375154
129.81407919261432
129.74184464647493
130.35560693955938
130.09479253743277
129.80007052877255
129.72946658464934
130.35399611235087
130.06380388808137
129.84598237902858
129.74599071541985
130.33021523812923
130.1164971012387
129.88788333882235
129.7833591171019
130.32957018427157
130.11979003502663
129.8973511169949
129.78765278576122
130.3009527429003
130.1151089550311
129.88658056205287
129.80768112342005
130.27704435580256
130.1378310437646
129.87250283626864
129.8507915820145
130.26733518870103
130.19277693386604
129.83551902807
129.869788300866
130.278845895961
130.22115831466232
129.85096063815104
129.84991060339533
130.280741425636
130.21860737373223
129.7717218101543
129.80802810136436
130.24849179520882
130.23692856890116
129.72813214956335
129.8114036083257
130.25084433849517
130.29530424747134
129.74172333696688
129.79425307579467
130.2366843758713
130.28967875868508
129.75824830513983
129.79021928643027
130.2497590603819
130.25042712231388
129.75741073585414
129.74416324068144
130.27275656909475
130.18053830831417
129.76300438916104
129.7500936616229
130.28451633052367
130.1642401564437
129.79198157682333
129.76487380098652
130.33113278606976
130.14387513031554
129.77328838528567
129.7547191523585
130.3241501138802
130.1027837849879
129.73077144945265
129.77163597714912
130.33197597530287
130.11371280599604
129.72289655540277
129.78219929326326
130.2999331907857
130.0789837963848
129.74184233825008
129.7912056550123
130.2970569308901
130.1139983954844
129.73722975747
129.7730869980376
130.28427134306116
130.12714902344166
129.74949353923438
129.73527583863682
130.32527056973547
130.14400034752984
129.75662350040795
129.72743772866605
130.38265497040905
130.13944030798257
129.7518155601318
129.75328239032137
130.38854138654554
130.10716984058058
129.76312780948624
129.77070643116363
130.3798637054995
130.1126489055489
129.80749536226753
129.77055437638813
130.31673108239147
130.13486753268808
129.90966315071316
129.80874025064122
130.328663061646
130.13266370667372
129.89988675164855
129.7573297224323
130.32805341982876
130.10340627531863
129.8917272473293
129.74990181058695
130.31176816599765
130.11245375467246
129.8936396150998
129.76853438515846
130.33087114484655
130.12635057916177
129.8993465663306
129.79081357135064
130.35731189330355
130.14882109965913
129.88981503177047
129.81226860637005
130.35142773910346
130.18211260374406
129.87782969657013
129.8134910699472
130.37158783804418
130.17087857080776
129.80919218598513
129.8214818698087
130.35320282140293
130.18830910519952
129.78772955402331
129.82916395622567
130.318010431087
130.22111999571212
129.77307351524695
129.80690847589273
130.22293015025522
130.2358765158371
129.76298949869465
129.80774719788283
130.19803769255995
130.2345797066069
129.76268936654674
129.77963076350756
130.18372969402904
130.22140209117532
129.7153322803002
129.76013308235054
130.28374204523553
130.19463472866454
129.73868189858544
129.76662993601985
130.2919123305687
130.21123983477946
129.8026461908498
129.77327177408355
130.33979087696162
130.18510086231908
129.83926283012667
129.8051141681627
130.34546119030873
130.15459794231478
129.84806969511797
129.79640834516402
130.32029531906
130.12369439610393
129.80666721827717
129.81812967293206
130.3206372738503
130.13306662942122
129.83291330806102
129.83726704874957
130.26145079006739
130.15950889880597
129.90422135623677
129.8580194835079
130.28265789753726
130.15165684538042
129.8279690996743
129.7817159406233
130.3096237040746
130.1367773512457
129.81615609223317
129.81017659732555
130.3160651335491
130.17314037671122
129.8139111457924
129.7793691541089
130.29109813916753
130.1525728574561
129.75707641932266
129.71775403189028
130.28106161430733
130.1406355404251
129.80827209769808
129.73239721058698
130.29758061067344
130.1383254284625
129.82328581332848
129.729555443802
130.27826789498948
130.0968135891832
129.8539311531098
129.74222887746876
130.3067457000883
130.07687446751626
129.87479498761792
129.7388443859742
130.30443037654544
130.07274157048244
129.769588855312
129.56519457409536
130.41633440890809
129.9378770723577
129.58772584176322
129.5265588549914
130.53746712761892
130.12797176443476
129.70912321834155
129.52706209217234
130.43794619434547
129.9795553659823
129.61957216284435
129.4940932808814
130.38935697692577
130.15458181540905
129.71320049441016
129.56070291352881
130.2985932517943
129.9850615331295
129.65589398343963
129.5941731127563
130.25717258804627
130.17125828347207
129.7214662557879
129.58817896928537
130.23641190192453
130.00575921986564
129.60737816561686
129.5527357908793
130.21716002042248
130.19783565130209
129.70033212097073
129.54223888198868
130.11749584984221
130.00379576640174
129.533757239936
129.5099868192816
130.18598669405117
130.12865427759428
129.62170038016535
129.50928984484312
130.17070395462997
130.00514452639834
129.54782300899885
129.5030373331259
130.29739686836865
130.1269554513919
129.6770388337203
129.51654959751565
130.24264658742862
129.94049219156625
129.54467824005675
129.49471426391855
130.36546131007833
130.0819274379552
129.66770740113284
129.50099312105232
130.14542178515956
129.7873176298851
129.5641654560728
129.67060328746763
130.24937821139386
129.89686941624356
129.62046983128306
129.63659307653285
130.17293122516386
129.74766363153884
129.50500112392876
129.64470243591273
130.27196862698912
129.8860304892193
129.55394856233238
129.6575225838398
130.24110705364507
129.72861732669526
129.55704895647472
129.62020502885542
130.30463723305692
129.78016824333122
129.47460087876948
129.69215617779952
130.2508010006294
129.7823953611351
129.51750204212297
129.5406765277878
130.2902168093243
129.8430770713312
129.48089757126954
129.6515499731103
130.1863656412198
129.86073688167664
129.56359838622913
129.5509327548552
130.2356530482276
129.8058913211081
129.53834907416046
129.60107162458812
130.26335948247868
129.81658455576732
129.5322593142847
129.53767596483812
130.21716405643485
129.76521316397603
129.49913155432566
129.5528802942421
130.21466581764224
129.74299718828217
129.48512798094887
129.55255693666277
130.2512791170557
129.7748527495998
129.50421731566928
129.58483521258833
130.17542284545763
129.76911888916234
129.5247675016643
129.63160615138142
130.1895913068108
129.80281218255496
129.4906632396017
129.64416521731496
130.14539771558708
129.82179619683976
129.50081289200267
129.65945082995205
130.12781607470032
129.85772119773918
129.47075530017875
129.64990994249203
130.12557106285246
129.9023744985346
129.4184280595406
129.6449149837531
130.1172732088119
129.95467041155527
129.40778372001898
129.6118721923816
130.0970963810184
129.9037276905363
129.4319112246739
129.62872016818125
130.08299518183856
129.8752721097442
129.4218617953547
129.58772969700235
130.1293259568412
129.86444480587875
129.41983241622145
129.57592681398808
130.16302695861
129.8320348158677
129.43477600098706
129.58214211550194
130.1871510462198
129.8091636518817
129.4108632562365
129.5770746493752
130.1670790865284
129.78113516050723
129.44240859223098
129.59464449322388
130.1582388018228
129.76680402227095
129.48501191063818
129.62011288591336
130.14841474102582
129.7303880935132
129.46394506599853
129.61620982321676
130.16023491923025
129.7317825080445
129.4386429349022
129.60195352895659
130.14567652951024
129.76622614482642
129.502950353432
129.621507162145
130.19213031781047
129.78994662879012
129.48743620045678
129.62621634622806
130.215308897127
129.80733862988916
129.47870582277577
129.573140014493
130.30997093031672
129.83784441119676
129.50763793653195
129.60179813250465
130.31162146759812
129.83213575649495
129.4824358734743
129.52049134466574
130.19316637986637
129.76806497151912
129.47358465565972
129.4933600099523
130.15083170375615
129.73100005457556
129.5138000023834
129.45751215163887
130.1557495364467
129.71155172082652
129.53272005546367
129.4685324518199
130.13345745913847
129.70464389874326
129.5303263789172
129.50962359979263
130.1777302863901
129.72923763395107
129.53928545073302
129.5452175590607
130.16760913501045
129.7544994365232
129.49352189282445
129.55021610299323
130.1911194288027
129.79825667794987
129.48693317492126
129.61069144579963
130.1649304492561
129.8140120446081
129.49516472148193
129.64246044914782
130.10699693083603
129.8390817903876
129.49264926864515
129.62824421825965
130.09334635265182
129.8149985555525
129.46057759087427
129.5929066137932
130.03669237202095
129.84896956855496
129.49833628742022
129.60830062211318
130.06106209768836
129.89264363085093
129.47779901997774
129.59921749147838
130.06018373560985
129.88646550482665
129.44993326885532
129.60152888280808
130.09453204137492
129.88194392045807
129.4383800094135
129.62829477757634
130.1315343263965
129.83332742122917
129.45207589108102
129.6188306323354
130.1604191108136
129.8006345415608
129.40620658769447
129.62775796076502
130.15485141725622
129.7856748209233
129.4374912285185
129.6284184219334
130.12372499042618
129.75063251456126
129.47856823412235
129.6286476740937
130.117928894733
129.70769477521208
129.5000224151553
129.61386068865303
130.13460572547544
129.71069623071256
129.50080119361402
129.61571533506256
130.1195830113774
129.74467321139346
129.49043784987765
129.61711132134027
130.15702654682946
129.78395956711867
129.4739498158556
129.54515588157753
130.16043994782095
129.80070263166564
129.40690160611229
129.56090220650768
130.13700303097536
129.78373751447404
129.43918830573287
129.56784797568955
130.17373806870395
129.79390026853238
129.4345233614572
129.56241843434714
130.16330180047268
129.78946538340114
129.43844634242825
129.53495112018476
130.19178613752382
129.7703552636621
129.45369081319524
129.53369870461663
130.19228340425195
129.761844209748
129.4698806003061
129.52698670693044
130.23384545295264
129.7732515762237
129.49719388878006
129.54518119438745
130.24796711745805
129.8031106435455
129.5516389160556
129.609555458105
130.2726160129572
129.80738487076698
129.5510935399137
129.61203325468537
130.285331401235
129.80433814196263
129.57517534704945
129.64028759477142
130.28932147608376
129.82059666035576
129.5549398178149
129.69080480356627
130.2538588811304
129.8607528532926
129.5217035933392
129.64205293712212
130.21742482893197
129.86036520037726
129.45795479161
129.6390928208752
130.1247745411903
129.8785923123527
129.475024538381
129.66264166932095
130.08085440796015
129.9017602949012
129.45655539965
129.64538218846138
130.06691051541043
129.8869159588228
129.41004989543276
129.6320825173419
130.10681859764873
129.91763456788033
129.4215660478855
129.61549043369564
130.15323091265964
129.898711198515
129.43340955691932
129.59682063679776
130.10642850518252
129.86321863747932
129.47283517367822
129.57452623655902
130.1282061625621
129.84049154678166
129.46632793769896
129.57118114968773
130.17291005253813
129.83086647351408
129.47148891886215
129.59721374793233
130.18297542494568
129.8029731460731
129.48449068467258
129.58947154336033
130.22397275393277
129.7961021569524
129.4690545249536
129.57820759842465
130.20350070838802
129.77691713201594
129.4965822892587
129.57226012352183
130.19914611400534
129.76008998127068
129.48092132285262
129.57044137083352
130.21768816589125
129.79375658081256
129.46731776308337
129.6162291202958
130.2414567528092
129.84340306484165
129.43896176948235
129.64574859935254
130.24340612645454
129.8365199959154
129.43190997584304
129.6221831771351
130.27977239604436
129.84842617795698
129.4603247460154
129.61448974583186
130.28231128122414
129.84804301662717
129.4899953294146
129.607280526852
130.2592145913619
129.79503645145545
129.5024963649535
129.54220334728276
130.2793807742286
129.72563660182828
129.51664048305423
129.55064812530495
130.25864907871502
129.74598304245563
129.57041624337742
129.55123498658233
130.26593226569685
129.72822182726836
129.537966178363
129.57316325172226
130.30883863689186
129.74380402933127
129.51706546887132
129.55576436702256
130.25130876963797
129.73501519441453
129.5161086858575
129.56482092465708
130.20815602595553
129.7790071492732
129.50242976040184
129.5840432211981
130.2035787092684
129.79179482864123
129.54690246373937
129.64036060047442
130.20546499221183
129.8287181031926
129.50898918660522
129.63647921320052
130.153716010985
129.87677280770006
129.4802740543731
129.64960122349274
130.13590193365246
129.89127541926732
129.46561955485865
129.63950649266235
130.13926383393414
129.90713856672033
129.4520830712553
129.6175433583097
130.15966175273365
129.9213503184629
129.42834819752343
129.59390264736973
130.10220954673514
129.88402155945698
129.4355245132606
129.56132799802094
130.15184679084615
129.83655815189007
129.4402369524096
129.55237746748568
130.13319516213593
129.8256126348817
129.41354732758117
129.56529823510266
130.1576223533481
129.80621329028122
129.4485710286901
129.56767186507702
130.1786158776507
129.77237379099384
129.45831451584883
129.54752476130275
130.1429111017495
129.72556564538775
129.46972329398966
129.56432476906426
130.1873492664549
129.7193864188473
129.48950947287344
129.59306152495077
130.21383714549847
129.75233198325697
129.46896242681976
129.61916713878892
130.21209165896474
129.76317106848828
129.462422200061
129.636739357828
130.1993536765833
129.79639648403918
129.42609358274396
129.634683680706
130.21362711472966
129.81512507030604
129.4021273780172
129.6081763857514
130.2183160211428
129.8244648972923
129.39322233554716
129.5780893389663
130.13942140625355
129.75253806329394
129.49110942799638
129.5704215474708
130.17450914154196
129.72328004040273
129.49186536919095
129.58334839516797
130.16815636363316
129.70704895296436
129.50731096883354
129.54647342971035
130.24791994796868
129.6853906468366
129.52070758514304
129.56321070998766
130.29578586821452
129.7412287484691
129.51624032842105
129.5224645904085
130.24893131069058
129.76096078449154
129.48317911745283
129.5679217102209
130.2301789487501
129.78445458218488
129.47179479060983
129.6033149838739
130.24537981947952
129.77514614665645
129.49377252310543
129.6368405986052
130.2379508456961
129.78786806649322
129.43989139008426
129.6218013759478
130.21640421791415
129.82252319615685
129.40886019840028
129.62982412047973
130.20318067906015
129.8589400798915
129.39662195482805
129.63127235986437
130.13682234024648
129.88858671608637
129.39014145171245
129.6451776923038
130.08794034904966
129.898437495525
129.40533126852625
129.62496791908364
130.11577096199161
129.89558990519745
129.39254665139111
129.5945575158047
130.1501590572773
129.88711429031912
129.3851725370474
129.55602256934418
130.2161203889108
129.8755413128775
129.37579983865754
129.586644614083
130.24409478656938
129.88255118112085
129.4127720391202
129.57097562430522
130.2225573074724
129.82085613306398
129.442260690581
129.55352887450957
130.22561208376365
129.7689260321972
129.44787583692914
129.60359947535326
130.2223087317917
129.74777349243237
129.4866697372355
129.61864835121966
130.1702232810057
129.68412104938577
129.49352588182586
129.63384234223764
130.16839834910135
129.73118053544113
129.4732797431706
129.61713834511394
130.16760842081365
129.7358411135454
129.44060480431523
129.59849083759542
130.23649184406082
129.777542573475
129.4771913020228
129.55858952691793
130.22296362541243
129.78147766007118
129.44466896267178
129.5545354771284
130.27011860138862
129.81019821700534
129.43578020572633
129.5625459837684
130.25834128354276
129.81247992813812
129.45706281331516
129.5889673801172
130.23329358652046
129.7991908914615
129.4615851349071
129.5741964826214
130.20435192398602
129.79168544241406
129.52456231872745
129.57128110037388
130.1951897042337
129.7552181755951
129.53767127190758
129.57914288179734
130.1897031091821
129.7544299676635
129.55493689692784
129.60575888316666
130.22344286188533
129.75983453508033
129.5274330256513
129.63539411727973
130.2493224469718
129.77769663721077
129.5381528721225
129.66492236119447
130.22915665534353
129.80686772463162
129.5374570943752
129.65124302910465
130.17273287949473
129.8246630476674
129.49252825853333
129.6734889136904
130.17786078848263
129.8630599597294
129.45096376968598
129.65762668552725
130.106146600308
129.90389654502926
129.45918373339487
129.6688830122546
130.1204443947718
129.95465786280622
129.46283457750735
129.64780439752883
130.11079458942066
129.91348761316996
129.42757449016761
129.61324832255693
130.1158157827924
129.8964405334505
129.41082941287382
129.62043538538163
130.17532917044758
129.83894303726984
129.38236717590038
129.57526783396756
130.16652057954948
129.85120155159336
129.40973518923366
129.6117604732899
130.23618578617044
129.84220252402005
129.44184507494657
129.62678389730596
130.22396557688654
129.83425374975093
129.40141776265222
129.61459185920205
130.19396549899986
129.77455570020055
129.4107993283883
129.6136814131317
130.1772228214964
129.74546735819646
129.44775369787652
129.6063397541325
130.22275018419543
129.74503716106088
129.47393877720808
129.59460974383285
130.22701907968835
129.77478329901686
129.4302217895019
129.57576911201812
130.2513262551776
129.78092413115525
129.44153336250622
129.59162957862137
130.27646119959547
129.81195014603685
129.41751207574052
129.6107156188927
130.29826239027597
129.7991021935
129.43792543456357
129.58859948603734
130.28871102009214
129.80768276619798
129.43595464324534
129.60003832882234
130.27470182409866
129.81983538516894
129.49840911002283
129.5808413551711
130.29489142918797
129.83051255567318
129.49509361913192
129.55877837326847
130.294216189798
129.81954527342808
129.5052168521597
129.58178535722385
130.29744541434076
129.8148753564647
129.4907514526361
129.58278914286635
130.3038014180861
129.77962839537378
129.50920430682277
129.59833534487362
130.2380509728928
129.76413460490153
129.58781335460583
129.62087703650744
130.23695230062947
129.78275759852608
129.54310900017174
129.6259753330767
130.2520440556452
129.82829282186663
129.5022739831995
129.6855096299716
130.25260613383196
129.89599006338258
129.45745235276
129.64740582827096
130.23574291898902
129.90731609454477
129.42021969493246
129.64570662664852
130.13656152259352
129.86207526889058
129.47260049853878
129.64937216241094
130.1009494028608
129.8633590984282
129.39131247360967
129.6176192102296
130.11692525510904
129.8852806878705
129.40937921145604
129.59560775022354
130.1038300123146
129.89098454988317
129.39239051942337
129.64792983128393
130.13381999593605
129.89018097328392
129.4053608514871
129.63428134638326
130.19788837541833
129.89441127042323
129.4602752193941
129.63057957141928
130.21372229656058
129.85798158505165
129.4464920656914
129.60803228286946
130.20318746478898
129.83985310584157
129.40742685094386
129.5843997138344
130.2046209945193
129.7934630494413
129.43729115957328
129.58924586700192
130.19265369431952
129.72839319541475
129.47679357724815
129.62390054075274
130.19077055137103
129.72625431456606
129.47156662055338
129.62925324180898
130.2242735992538
129.7283049846824
129.45446539573084
129.5877796839486
130.23066295679138
129.76134673236044
129.4408229787096
129.58772922890458
130.23939941904192
129.79763851839215
129.4559874623566
129.6075467591365
130.25544106539152
129.82630776889758
129.48311056668092
129.62565058028136
130.261495175707
129.83397297995003
129.46446645241775
129.60932489507604
130.25499970962895
129.79465288250782
129.4714531402705
129.59908718877418
130.25175747158886
129.76106946102354
129.49235307867562
129.55866284260563
130.20346456144136
129.73641838507103
129.5364291265279
129.5428631371138
130.25854020150774
129.76467729220485
129.5443977142605
129.57215682955805
130.2762331024951
129.80401312269856
129.57530184587569
129.5848827001986
130.24962554731314
129.79848490953034
129.5263136664378
129.59594353426795
130.22801046382884
129.75082069729012
129.528215375856
129.64520733596032
130.19654160421553
129.7704016250046
129.50777588638692
129.66000919272022
130.1761146748758
129.77098933666264
129.45383728385036
129.65210303448055
130.12980559847898
129.80620814742986
129.4306821088863
129.65158207007894
130.14278836782037
129.84108561788665
129.40137476635707
129.64139419744032
130.12245828532704
129.85544396502146
129.35681702451194
129.6056476532136
130.1178626031974
129.88354823698546
129.34317224025253
129.6012702785059
130.09664619832083
129.88660865933642
129.37746235195243
129.580800022942
130.07676936388626
129.84421511002125
129.36569604159425
129.53749147712102
130.11140639035014
129.8032982377399
129.37354418316698
129.5452432128017
130.23568620100247
129.7959805046795
129.39571621642335
129.5355893837939
130.20732246780065
129.79226530355336
129.48032480343787
129.52361550529946
130.17565847209514
129.7499085201144
129.48325908130883
129.5434380631605
130.21532733291738
129.75715368725903
129.48008412778043
129.54055288600756
130.1501394911232
129.72296673801526
129.45554767071852
129.55837587786846
130.1607464277844
129.75393269399265
129.43427280770666
129.55258952351863
130.19848914481233
129.76104730924007
129.4104915741031
129.58052016795497
130.2198981417682
129.76056006749687
129.41975665435785
129.6221684527474
130.23177612244478
129.76410215727554
129.41809656126443
129.6093327009583
130.23883182827433
129.75512616724382
129.40209999057134
129.6073589990955
130.23358906990265
129.77078871429103
129.4355815736915
129.59309744228852
130.2208405203904
129.74436609790993
129.51036937254608
129.56643303827497
130.19873551419585
129.71512689236144
129.53189904121635
129.54462951721018
130.19177670634198
129.7222944582599
129.52632507037225
129.5214809456633
130.16571142063913
129.72620523933
129.51183613880002
129.54352964445408
130.17696487866627
129.7342135990865
129.47950186604925
129.54116662542836
130.17780785061055
129.76526195559728
129.47208777666162
129.6382396392146
130.22052960794292
129.77539866930857
129.4552328557591
129.62579901047937
130.244735286967
129.80604991998663
129.43228005668115
129.6517231804112
130.17402697999256
129.83725825787752
129.43143512257464
129.622384111324
130.1353191887443
129.86375626156385
129.42429387961556
129.6676512340207
130.097103812376
129.90651817174177
129.42704476251407
129.60620973224366
130.05567712912702
129.83490571300533
129.3855059255262
129.57344957061383
130.14040483171158
129.83758591690756
129.35602258268034
129.51161890654495
130.14104365179844
129.78673937377152
129.31515911003711
129.49382440623046
130.18795465032065
129.7455250379074
129.3500166919765
129.45670673705132
130.1771699968971
129.7120409043999
129.40230517434304
129.50038792179961
130.1592619790218
129.67222083701702
129.4321304666855
129.52555847505818
130.14457730717092
129.6884723923105
129.44639179019296
129.54098325878235
130.17253763314565
129.68585295441923
129.44178424805125
129.5424491028101
130.14004975002516
129.698860565352
129.4559900724626
129.5691333191992
130.15586625275628
129.74987830566837
129.43477754694652
129.56443603516192
130.11905720026002
129.75542717025223
129.39601381047663
129.56052647331035
130.13702597350758
129.74329721487095
129.39234854712785
129.52188594184608
130.12737965695197
129.76201922803935
129.38278574545564
129.52087747764563
130.1058182052475
129.7682108653437
129.4008751273626
129.5083283268864
130.11867208087025
129.73478388775885
129.43716109768806
129.54868790203844
130.1361485602769
129.7256115153406
129.43244686734334
129.54632445483992
130.13888778767034
129.7229601705707
129.45851809916954
129.51982083531564
130.15333772259032
129.73121358392834
129.46817198670476
129.5471712686781
130.19509392649607
129.76704918260802
129.46365400410102
129.55678187620998
130.2168055742541
129.75934605103348
129.45898356457405
129.55275668101797
130.21375513894142
129.78162172959892
129.42342122436796
129.56455556521377
130.1302724057233
129.7670775910038
129.4451191881969
129.60860875718686
130.10485495480052
129.7778783926151
129.41451019028347
129.61199663203166
130.10093944172195
129.7989943319883
129.4274530810486
129.6089688531274
130.0577786717965
129.819902528685
129.41819238786965
129.59297250699123
130.01877186193363
129.82726190825815
129.3777168710083
129.59279426580767
130.04241536820686
129.87255765622643
129.39707233630833
129.5828910725585
130.032995177992
129.83178837776032
129.37093666159092
129.5855025889435
130.00315722542035
129.79398201948948
129.36448047753143
129.54792015499655
130.11055811039128
129.75947668734443
129.390119332576
129.52973777276762
130.1268844201778
129.74458868073748
129.4408331315898
129.52614863280093
130.1277893882889
129.7489342663646
129.44710628974585
129.51480507176376
130.1413791948161
129.73249573749462
129.4774709653456
129.50894189758833
130.11769463178814
129.7100609720018
129.4743356319995
129.53738369054307
130.07982488746993
129.70802499646513
129.43822900208562
129.58052903214144
130.13517040461818
129.73451889565072
129.45362271306738
129.55758103371704
130.13555847510239
129.73554540427506
129.42009572358864
129.57329645233955
130.17728781552646
129.76797058819716
129.4297461184232
129.5651951902017
130.13804382228017
129.74008722180048
129.42906041394818
129.4985475031867
130.15077482592366
129.71952340504615
129.43434371327552
129.50388103311894
130.18424844180146
129.70500183590315
129.4606474885987
129.5232075048176
130.1722955809117
129.72153498839666
129.50256158210232
129.51607498099608
130.16836275666287
129.72520471212832
129.49404045836076
129.5018692966194
130.18614002398962
129.7251181735296
129.50596309754977
129.5275795920359
130.15582310861373
129.73364639668821
129.5099242170821
129.54857974867627
130.18570725717794
129.77265938350394
129.51841916161192
129.56085191500406
130.17092496146185
129.7655741785245
129.49336414018626
129.55332062044866
130.15289175297553
129.76962524948894
129.44579090938348
129.55136713309403
130.14667904811373
129.82995288359925
129.44991470470546
129.55693936508567
130.12958910750856
129.856240496491
129.43430234386648
129.5872294061139
130.05399204371776
129.83533495674416
129.38916809006275
129.56833472858747
130.04707087933093
129.86335229230386
129.35877860755886
129.55380081731107
130.0426530299046
129.83360601088086
129.3491950199858
129.5764162329102
129.9596108069207
129.80459809500553
129.4184804268028
129.53780261071202
129.97046923369638
129.77126572229287
129.40413736196848
129.55386455013456
130.0074524395751
129.78537702878015
129.43519859413686
129.54593020050544
130.02991396001886
129.75723536280358
129.45740835648454
129.54963531333735
130.0623259730519
129.76985721429543
129.45918657640547
129.5609392879316
130.10110557798396
129.7811132370135
129.47986563069813
129.57103804103127
130.12245288173818
129.77375286790613
129.48552965834298
129.5353020550808
130.0914438763266
129.67811397588363
129.477167074129
129.53071187060203
130.08416435884328
129.6716085080446
129.45042880416955
129.57054978122474
130.14987713592635
129.71142736911324
129.44454448627727
129.57703164998256
130.16232875896324
129.7283034790942
129.4144005244838
129.54974996901342
130.1857997475107
129.76116159516417
129.40183876241957
129.54715777981656
130.16275469215557
129.75590328543728
129.42761604686513
129.5533615898666
130.13343352273523
129.75933877129097
129.4900888763376
129.5675951797059
130.14071986094763
129.70652739026366
129.4825044903039
129.53966851257985
130.13102532033986
129.7196184120507
129.56850104064566
129.52586876347812
130.1262465526838
129.69998858529118
129.5100870023137
129.49535266365783
130.13090005972938
129.73775623415528
129.56869868686303
129.55012316129037
130.13660280311564
129.74738285621663
129.53803490635846
129.56696540965302
130.1458812297226
129.81016709554635
129.590903510419
129.61095990838564
130.15770040537603
129.80044312313396
129.47326755075892
129.56842697669939
130.14112862937773
129.85498773661823
129.53546345022542
129.62931176311824
130.12297076366121
129.85993131883023
129.43434366840748
129.5592442671799
130.10559259249416
129.88880861552906
129.47925538925958
129.60591098607875
130.07827820035845
129.88915254817957
129.4007228639027
129.5364923726724
130.0805583318743
129.89433379684334
129.44443763437786
129.53852509210697
130.0179236774618
129.8430431587052
129.40164493728088
129.47388288905344
130.0791079288828
129.7840670482356
129.46136259606064
129.48615296692685
130.06463258729843
129.74770768033778
129.41802349381865
129.46449416308704
130.15091826334844
129.74782594425264
129.4919365699009
129.53718878196736
130.1760724965377
129.72669087471283
129.44478390847019
129.50746636019576
130.17852193632294
129.74175984968295
129.51420674193673
129.55118521071867
130.19358402313915
129.7197958180631
129.42723351995468
129.53359274798336
130.14298776359394
129.74418715876556
129.49863064013172
129.60567783139882
130.16778760649095
129.71626526920028
129.4301511588927
129.55476617200623
130.20104452436843
129.7546057275904
129.47900979503214
129.55250390511543
130.17478210161607
129.72953889672186
129.40021263945616
129.44619449002758
130.12715730120198
129.73415489301317
129.4811888487927
129.50240391489385
130.14175274410502
129.70101998858604
129.4254993673228
129.50395878887778
130.18443345023792
129.74609257351935
129.47787515909783
129.55793495374374
130.1440008877824
129.73327380475666
129.4623128402472
129.49357324165067
130.16906886809775
129.74285287764147
129.5600911168077
129.54322792571568
130.18976507920559
129.72487587482
129.54651810071633
129.47474815964858
130.18553899372645
129.7673749287147
129.5199180202603
129.51742487670683
130.18539616741418
129.78768884541793
129.5021139817257
129.50633577192673
130.15825549508952
129.81741663883025
129.51722691997173
129.57093517004677
130.1167328735115
129.8040649012956
129.45213499913945
129.54989315381687
130.1187486679338
129.80229199264298
129.4951097348663
129.57123025173678
130.08885884258441
129.79958851150786
129.41906150426897
129.53484533704116
130.0456816945769
129.83654767967562
129.44882945499387
129.53985909957288
130.00289373551044
129.81910442766198
129.42316400653218
129.51800684003874
130.02569022836533
129.8574177490087
129.47306967529624
129.53212198107863
130.03004035787123
129.8428626898609
129.39125820628914
129.4774990725965
130.05368850055055
129.83507493211468
129.41144460138963
129.48478017699549
130.05596799043533
129.74765163188545
129.3887066273974
129.4775991316116
130.08126454814737
129.76791697992996
129.4938399305275
129.51286712336554
130.11082712950864
129.7276435180871
129.41871324378437
129.49610092493464
130.14147522714742
129.7357293900836
129.47245393318408
129.57256098002054
130.16133073589518
129.71528416003304
129.4192277871547
129.60229883390122
130.13950081947914
129.71169312078547
129.50092650332232
129.59564947056668
130.09886386839628
129.6855475741749
129.45944072940125
129.5579418139579
130.12404452916715
129.71338844459405
129.48696768446274
129.59043684989274
130.14748878601034
129.70341411841332
129.44424379392237
129.52459922383449
130.12981118145765
129.7281265331283
129.47606430099538
129.52377853019883
130.1211001953367
129.74028493323078
129.44025370857636
129.4786503157668
130.1296866302447
129.75500780834543
129.50442718276267
129.50862516409504
130.1513664127177
129.75087564639293
129.49159112329488
129.47745382083264
130.09564544731427
129.71268066805243
129.5593078667486
129.5440843186566
130.11046051964848
129.70922219413396
129.55097780545935
129.534057191726
130.14281553634646
129.72886323095665
129.56947280513262
129.58625476579323
130.13592130962726
129.74439122267248
129.52810234677685
129.57924354818095
130.1273472688368
129.7748605103893
129.5329644475769
129.6014926282235
130.10846582278984
129.7587866712759
129.4462624091154
129.60035792929375
130.08036360858964
129.76059219709379
129.50352470857663
129.59884100682913
130.04688305062766
129.7856396640942
129.44710136462334
129.59080849843946
130.04034846107376
129.83340094789992
129.4383419992954
129.59271992903007
129.9971879110569
129.81994596858073
129.41833022845475
129.54036676936332
130.01021386888587
129.82703116456858
129.4621784383286
129.56420496742328
130.07710946321706
129.8112946777565
129.39890649636754
129.5180491773684
130.1223866230999
129.7852081559498
129.45414950877412
129.52931612453222
130.12701388789503
129.76640938590856
129.4124257497176
129.51967848562714
130.09424343012935
129.73367653594104
129.48957815423202
129.54139616817812
130.10273001020508
129.72749665117803
129.4526460023061
129.53547983909237
130.09426942874632
129.69547784994714
129.47580567906115
129.55783429035
130.1385677400657
129.6846556757751
129.44018119033666
129.54807339435953
130.13028307890067
129.68614799594374
129.47737990118907
129.5790899345797
130.12665386893622
129.71411716350832
129.42575429601771
129.5791362495751
130.19206876045217
129.72337688148573
129.46223230435044
129.56106736025424
130.19702239165167
129.7000364839329
129.41392366703036
129.54474147155338
130.1837027017716
129.72346878307334
129.462093983475
129.55847668452924
130.16752181084956
129.69178843610754
129.4484707868565
129.53133174620518
130.15106491803454
129.68940429201047
129.487014471327
129.5429607253212
130.14336544148043
129.6537928474131
129.5174854300197
129.50824454099265
130.27685545977786
129.76485445691455
129.6995810414546
129.53807557651967
130.15804524013495
129.70141228583043
129.55101883747733
129.5343684136631
130.2901848295234
129.72060452362504
129.67925966728342
129.59946057381484
130.17530585912542
129.76079150907523
129.50397182218475
129.63759276984405
130.2118804723113
129.79536371765764
129.54172237950954
129.66908940145134
130.16064719850573
129.79836753429262
129.4456692282672
129.70163272189356
130.1664446337063
129.8377559540118
129.4459856772582
129.7397751586466
130.11619477007665
129.85861866883926
129.4152722992166
129.67110540264554
130.0649144783511
129.8664391386013
129.46446405676573
129.67076310318387
130.03584165577067
129.82007536689437
129.39794216456391
129.6069078551522
130.0453027750591
129.7713688404449
129.4121270656817
129.64863044084717
130.0639704568207
129.7715885244203
129.3700035970433
129.58740982302794
130.00874857698642
129.7823788877954
129.4328662498011
129.5969775491755
130.0842280250848
129.7817334692096
129.43641756370246
129.56651766988966
130.12013752008266
129.80882971967065
129.47285758732235
129.64322193406798
130.15825975688438
129.80132111357813
129.4677436125749
129.65802499302146
130.1899370044369
129.7833183756301
129.52190351196285
129.70354823342646
130.20961329066196
129.7621981698985
129.48356133210092
129.66699325362308
130.16766736000025
129.74426368351732
129.48930677754134
129.65363826018827
130.16009443821937
129.7395805041526
129.45325385033425
129.6549004344938
130.19121736988373
129.78898271160975
129.4544434882505
129.65889065695768
130.14799106137826
129.7669372130555
129.41453425896825
129.6530405897419
130.17371770561076
129.7785934638895
129.42510882027943
129.64676302014675
130.16252962617364
129.76239781246892
129.44815563505017
129.62875053666244
130.17647637891162
129.75150313748318
129.45012194023923
129.65662297465295
130.1507683990195
129.71914843887816
129.47989736445226
129.65233917062216
130.13727771833254
129.7413366475282
129.48922464240593
129.66095555778864
130.16869213837694
129.73049503160138
129.50583112471793
129.66497518719004
130.14986261846104
129.74003555495239
129.53211969933812
129.69256772289165
130.16021811110693
129.75688284460585
129.50544597022346
129.68108297112082
130.1514178053558
129.7939020390634
129.4829361608983
129.74281694578931
130.13519226719254
129.81732872501746
129.47581523732643
129.73298878176868
130.13884267726158
129.83430141042098
129.5038331544819
129.79064747218553
130.10523758710306
129.85165845536397
129.4714640327369
129.75723944207573
130.0736685666116
129.885906196347
129.47089385852166
129.72634816606683
130.0727450835756
129.8795468918995
129.41545938067503
129.66614963367599
130.0296217515568
129.8634847901886
129.447747109277
129.62864001736472
130.01891764878062
129.84381502892754
129.44735274058235
129.61282275741115
130.05645909919483
129.8193505604488
129.44016769707986
129.614997636089
130.11678577556773
129.81353247765333
129.4438022701835
129.596806586062
130.13463325579798
129.80513981665067
129.4843001485979
129.62219457457064
130.1340034595898
129.79021156644373
129.47070173444538
129.60845166776934
130.12462125413893
129.72060409697255
129.4778145324693
129.65091213457663
130.14447548621735
129.7112252984212
129.46923269256558
129.6489824634502
130.1184206993448
129.68218411492546
129.49216571296628
129.69264311972523
130.0916613065889
129.6945070624458
129.47315010213916
129.66810112251454
130.17428526113696
129.72608327019583
129.47665543176407
129.67523294327108
130.15536341994695
129.75456064950856
129.47456408286567
129.67821444525552
130.1829205197139
129.7615290690747
129.50303279887066
129.6854719727943
130.15046681278073
129.7427766868603
129.48881893280864
129.69014788693477
130.10687884826123
129.6954253749155
129.4807897415041
129.67042540620554
130.1106170634283
129.70894879819227
129.52134545326618
129.6442114167923
130.14669701958246
129.73203125271456
129.54806654927555
129.69101383142726
130.20167562867758
129.7212342307757
129.55765649108162
129.68274049206315
130.21643147146574
129.71013106034908
129.55275921000168
129.72423774369008
130.18254221584
129.7224717622289
129.5484446379352
129.72840632730322
130.1909323883826
129.79765161875727
129.52084812060698
129.75701815604745
130.16799158432147
129.8088365589429
129.50315318107903
129.74842102527643
130.13908938324883
129.85419437696223
129.49039492805818
129.73722390000304
130.05527964304108
129.87862196267005
129.43949909988862
129.70834121759344
130.03364290798606
129.8753127368563
129.4242068309723
129.68759448924402
130.0394107586971
129.87621236804674
129.41471670964216
129.6387339096609
130.0486745920124
129.85098510910294
129.4319190208819
129.62577291178718
130.0616966919109
129.85875342252407
129.43029324562661
129.607378655894
130.07112374717823
129.8264988335026
129.45079997124088
129.6448067860295
130.13201467511706
129.79333393981508
129.45593305986012
129.63505597449188
130.11102210004537
129.75839436649346
129.48182587778538
129.65821849054592
130.09766559397457
129.7592175232994
129.52435684199165
129.65364525099073
130.11549617464706
129.72234634931965
129.52963222008054
129.66417002218478
130.11845562509853
129.70986323388757
129.5274313555842
129.6641202403517
130.0991470123542
129.66963400107105
129.52256022118237
129.65328840980473
130.13021558076898
129.74655711041575
129.53977966904174
129.66627757106917
130.1939760659058
129.76972892161223
129.50256487883544
129.68656937240655
130.16340398361086
129.7569086622178
129.48899413385013
129.70545357066086
130.18432530607296
129.7489851470621
129.46454634304177
129.69085266215203
130.1753926861199
129.7655741247323
129.4976344601334
129.6556515126964
130.1381008322189
129.7208685918856
129.50407007553503
129.65190526988383
130.11285234331322
129.74452853351028
129.54574573967528
129.6579996839544
130.18206692482715
129.77489390931626
129.56406720751897
129.68467436338048
130.16687416354415
129.74310683170907
129.6085894462062
129.68604273048487
130.19295389417192
129.7244811313292
129.58509358178503
129.7017473458311
130.17265523713147
129.77143686346912
129.60408557839227
129.70851520493292
130.16500770570096
129.77187550262676
129.51474613839213
129.74440882414964
130.1255319845322
129.80924959665208
129.53399050532622
129.72969157608773
130.09274625302422
129.85995470333017
129.51299827538458
129.72523797815967
130.06226942266952
129.897562112045
129.491474372457
129.68131972389924
130.05343276569266
129.87172814034662
129.43400460956735
129.65343568959918
130.03028872660244
129.85862351621594
129.45795716066837
129.5987141997247
130.0570601301464
129.81243401913406
129.42889385556236
129.6043925516916
130.10377846407985
129.80203542245275
129.468801042969
129.60155563011367
130.0976795580798
129.76542742842628
129.44726214746333
129.61092328796917
130.15299184696966
129.8051430937862
129.47721389801958
129.62703260448717
130.15986062317523
129.78695019077878
129.4924646485925
129.64927843606392
130.1401956817155
129.78013106062315
129.51671821282275
129.64240369629795
130.07731034783276
129.7042347157758
129.46841764588146
129.62934991309038
130.09606451025795
129.688615752081
129.5322865652765
129.648158013804
130.14708525868306
129.71856259663434
129.52045649215992
129.65910667875505
130.16302846470856
129.76465192456834
129.51390216296866
129.64961669141223
130.21008008701173
129.73358586047763
129.48559385662247
129.66235607237797
130.17487051797508
129.790936048469
129.5483812150747
129.66488361470573
130.14689802216884
129.7247569545824
129.53415983596628
129.67147739187797
130.10713600262372
129.72483430658727
129.56593105514185
129.65532117933313
130.12792605433816
129.71294716090802
129.57106691073395
129.66180309052024
130.08771271059308
129.70065212075994
129.59248067980616
129.6117450272516
130.133424600257
129.6968407507042
129.58235128339743
129.62429983158657
130.09087975916648
129.70798602750367
129.59229278804574
129.64120335451886
130.15972560121597
129.71934630030472
129.56545732230276
129.65813221704798
130.17661392038082
129.76391525580658
129.55267155711005
129.68854502815807
130.1546737394784
129.7776499795675
129.5276416521994
129.71281698848895
130.14759519432562
129.82209910440494
129.50828482690423
129.69900445296037
130.09460368541517
129.79201717474896
129.48930098897634
129.70647303569856
130.0745311878915
129.8477596990693
129.46476880439837
129.68892255912553
130.07224343087356
129.85269362965434
129.44233918367496
129.67519631262158
130.01847832058462
129.86181880914526
129.4818742563589
129.6645242773541
130.05248452064242
129.88822370289532
129.47391751275933
129.63355537838217
130.07745771756186
129.85179775928438
129.4667887119635
129.60222846660096
130.12001501191818
129.80131580517923
129.4327128429645
129.59950089873345
130.12216319763522
129.74677870059315
129.49501959874456
129.64461560356497
130.1001670671385
129.73117509850482
129.5035146549978
129.64782882177286
130.1243739547562
129.73427083134476
129.53792386701326
129.66629648162956
