198.0701839562501
197.70876849397038
196.37488846156896
195.44491269023135
194.3984583108623
193.5736536817607
191.886418786268
190.5433303786769
188.87405797113362
188.69710147047235
188.16870939419059
187.20981312847772
185.76496892673183
187.01697340245224
185.79128496874517
185.34367577930618
184.16978799972216
184.93604357644935
184.1475629571204
183.86401658600613
182.48226887305762
182.38469761488216
181.00206868009744
180.09073862651414
179.09581539513388
179.75915635752847
178.39253185467192
177.88923959202836
176.90432722450032
176.9369346208491
176.90375228176714
176.13619932236972
175.2642079579136
175.7225720806918
174.8714314522976
174.98195833726518
174.2155877165858
174.36515703975584
173.50032088371387
173.501059440159
172.71855059461478
171.65651864137445
172.23366586130743
171.37094811278925
170.69941739036102
170.60142020726917
170.3198383654345
170.02602465778514
169.55881941183318
169.54072420884413
169.68305326217072
168.86037277132192
168.19461515091072
168.16110330058146
167.6648603603789
167.52097434256103
167.0237056789931
166.8660369311154
166.67138953668297
165.91794818036885
165.34996026180758
164.19943769145723
164.1105806063444
162.7529449725409
162.20461352844734
161.48213936429767
161.16175468409432
160.31135418378895
160.01297267867182
158.60014760769764
158.8782509656667
157.77638402075146
158.4740120509213
156.43921864792392
157.10619798231264
156.36326186347313
156.92131348537092
155.86091163871143
155.99501155678277
154.75587041055678
155.40684327156862
154.7512964780495
153.5381924107313
152.66366528019773
152.6796218177647
151.24361438400564
150.85579505122578
150.41233508858548
150.06223475486752
148.75078295209886
149.66490911841188
147.8658256021602
148.21577369772626
146.3821999358941
145.83558599235732
145.26571115084263
144.794179879205
143.49105408331158
141.56643356235588
141.12287219242972
140.1233592532819
140.32973563411844
139.86191937316022
140.0010940774028
138.03283466969313
138.30127828237738
138.09934590586423
138.2211505227254
136.87872708496513
136.62301151026756
135.31937377880368
134.7923016374213
134.35190874555272
133.8122944484064
133.65500757507868
132.60265186764093
132.01425947324165
131.92868448540466
129.99730325175054
130.15198176822182
128.79884785286444
129.1133325107835
128.3545453604417
128.60637443136133
127.36345864745431
126.49040771087736
125.27113365734375
124.48768793230806
123.98167522938236
123.91499944461266
122.71231866578559
123.16476773862952
122.07820952333941
122.33593158654632
120.83880130701294
122.31155265097169
119.43487043861671
120.46375545720029
119.09343904333839
118.80256247003211
117.17482122546623
116.45073716530808
115.2693805455731
115.35947227903247
113.91101333503464
113.44186959061268
113.02064182248337
111.82189125175506
111.73337918840458
109.82173869732742
110.4897547389864
109.18359295935808
110.0021250905559
109.28017311399222
108.4517473170237
108.39342749567278
108.13753401193098
106.11038291599114
106.48451346127344
105.32682143062011
105.64458122292882
104.06621321111908
103.65359715876325
103.97303535601053
101.80644391601602
101.54165475783167
101.03345600843298
101.08308030265965
98.96750034803682
99.1376345293035
97.83795248212675
96.96110315732662
96.37967902287551
96.30495741541294
95.56187291306314
95.55914254282193
94.55886447918378
93.37984790683475
93.5779225058549
92.4528485968766
92.36942332455106
91.14048218440706
91.49887256826223
88.97378778371693
90.38308198266509
88.25414385593736
88.01410274865933
87.8026030407705
88.66652873460706
87.01865660175831
86.93170008677193
85.37750080574885
86.02763494941375
84.15175059758838
84.47862262696357
83.1112799435718
83.72693397122228
82.90645706029206
82.40889786440643
81.71060111763252
82.17668488888918
81.0822343250236
81.2096574000233
80.12124762270608
81.1596301746296
79.79993389796677
79.92581686755692
78.62241826793473
78.4253022168628
77.91855561275423
78.00238628484604
76.86000470825974
77.34606757613086
76.64431804427537
76.4491740626374
75.68928939534173
75.95387735179297
74.91978502906596
75.67074034740742
75.08343360083144
75.16878592059427
74.42010508974666
74.76210460502234
73.84572785352819
74.18722404132133
73.58623273789449
73.67459730926022
73.21974596499355
72.73633450368735
73.50700285607137
72.20492086420631
73.18625635074432
72.34486724148591
72.52399819790382
71.64387706492913
72.27984464241463
71.48092394254965
71.56969651087402
70.99916573886028
70.80228313047603
70.86159736414663
70.40316445246464
70.28905202502484
70.0140174171463
70.00918810822614
70.04707458883495
69.92681947853305
69.40481474240437
69.36803506589226
69.14711752637365
69.33643850650483
68.83296885374747
68.9564587116727
68.62538918200028
68.67625496675691
68.55917270296285
68.67462297277655
68.31095267507953
68.51311102355251
68.17204876117404
68.46826110418391
67.9803684092088
68.17587285562212
67.86063671469108
68.30654337511453
67.7670218608856
68.03095419720417
67.8189787036345
68.0881910880538
67.65837883081399
67.93420918722882
67.55409547358119
68.05797152496505
67.55610994984032
67.88150698086304
67.43826806690767
67.83457396338898
67.44567502917401
67.69946651221703
67.1830594691011
67.63417188241054
67.13114332312395
67.42677841627297
67.04942177429459
67.36232519282476
67.17411883365855
67.14473329279483
67.05131396477455
67.2302064928038
67.02979777357363
67.17689083075743
66.90163768785486
67.21238296457636
67.12244398114939
67.02749187847208
67.0260332263502
67.04847516587928
67.13197325402074
67.03924257966945
66.9909575089395
67.11780602482311
67.00230620266592
66.95993541752348
66.86251049864792
66.79265516858844
66.84976347277423
66.71422368198512
66.76398027522004
66.74723738427876
66.75531963635608
66.6788444480354
66.80276583574908
66.79743315011011
66.65359018707272
66.75487335546329
66.88287961368376
66.76032062936919
66.70047469812195
66.85034153307551
66.6061836546268
66.7494088745785
66.50126895294265
66.69935786603162
66.41346035950772
66.62379169133915
66.37771931712099
66.71631074993013
66.25203627092404
66.61645047459251
66.32385375099514
66.82275177467587
66.28585682791004
66.67574647882482
66.32507211060458
66.92068885490835
66.39526313193079
66.69656350841093
66.3118195923185
66.91377573584495
66.32650799881696
66.73550764501748
66.14549320082075
66.8621246976911
66.17359722119555
66.65795440522672
66.17398698370654
66.8187184087804
66.2364354678263
66.62781724534062
66.2598283738322
66.74344067828724
66.30576899021528
66.62435489472192
66.20995229611503
66.73810800309889
66.33214760561413
66.61472119323028
66.26403852188203
66.66834090290803
66.36103367939671
66.60508817938238
66.2670770258099
66.77220978689874
66.07082082180344
66.72215737003891
65.9789209227438
66.87973981562648
66.09274920823056
66.64211095299895
66.0344360681471
66.71967110807869
66.1939008584671
66.66724874411081
65.92382383622233
66.72585504284802
66.07949033918871
66.71279291838444
65.87384855755869
66.71215024912354
65.93941698415865
66.71626703422346
65.7449370796603
66.75600647486982
65.81625002406508
66.7141471373087
65.64360147411607
66.73130929422689
65.84920714974626
66.72557023694507
65.66452063401788
66.6281777786761
65.95079697285256
66.6872751382073
65.75485897509883
66.62294487574779
65.86030334659256
66.69813832737296
65.67457064772663
66.60511400149578
65.93759026936745
66.79112615384682
65.73784047883339
66.63952737137834
65.94001751294624
66.94097045683615
65.76539940715719
66.61934731714335
65.88761780637408
66.7707643112172
65.76555078208384
66.67994401841692
65.811751867057
66.89751834540826
65.81150988342057
66.64782376981337
65.79794861597675
66.71682612064853
65.73425616301058
66.59974419652107
65.78617306858015
66.60134569872835
65.80523476444986
66.54085770645213
65.77788383977192
66.61548533726805
65.81558640285803
66.5420786587008
65.83038175477418
66.60249975620991
65.85134780156845
66.62638551676376
65.792419378061
66.53498817151029
65.85174002877118
66.55153059885757
65.81582786327414
66.5628540813616
65.87112196437802
66.75998369396447
65.83859556833613
66.69452472761995
65.92559269810944
66.89344059765577
65.78334967245952
66.78707727091235
65.86469335912608
66.96636504336188
65.71577236802894
66.81464111405501
65.7351934271754
66.92032706553022
65.62451536877549
66.90937465313372
65.59767994995383
66.93011369346216
65.62577335960655
67.00486357197539
65.62952056001424
66.79458000325046
65.55708359041505
66.9669645301746
65.69073774413548
66.54081599904121
65.66861781409602
66.88295004342376
65.8205954310954
66.39560626496905
65.63597468891781
66.79303766911693
65.83834232840755
66.41587291371101
65.62994997842101
66.69803249892956
65.82406540683554
66.55375392002499
65.63714115857117
66.56411887393583
65.77017854882126
66.62143974813202
65.62131540540499
66.60938293605321
65.69779594161874
66.58987803261752
65.63644255377987
66.5536577392267
65.63113561363443
66.46676883290235
65.5320738283823
66.35388583250635
65.48380553041008
66.28522042965959
65.4780943836884
66.13006592471466
65.42974526821921
66.28465804279462
65.47882701531884
66.09387652152061
65.39368396366858
66.35034943653181
65.57454256680188
66.16913596692028
65.43411492773224
66.41423586186743
65.5831684046644
66.24788153682151
65.50226475391918
66.54953418210403
65.565066065078
66.50831405911352
65.61428301899068
66.72084522325441
65.71355391989368
66.79267493718174
65.74261837402234
66.66852830366139
65.74857157137323
66.60894515627741
65.74867791550346
66.51263444386113
65.6702656435447
66.56831897956373
65.55475590398186
66.55711941093186
65.48039842756339
66.60018050043183
65.47265196782507
66.64418512249597
65.36694717250661
66.5916559370307
65.45868307933434
66.70618051510539
65.42053837774402
66.51465722828212
65.4445038938026
66.68049433613537
65.49929900700593
66.39028125320267
65.49778090341579
66.680870155701
65.57872293101912
66.42081451451956
65.38824198707965
66.54315287067901
65.50554321353752
66.64497648594343
65.31644916660343
66.58874280480951
65.57060806734093
66.81964938478085
65.27626373558024
66.75526545279482
65.47048441761335
66.84164529157943
65.2866515782362
66.66905074505985
65.48275893249999
66.75787782441535
65.41311883339748
66.42298533145569
65.52888530388893
66.62951373861482
65.48668086810069
66.07731201507337
65.611085656057
66.37912797003099
65.62352623430277
66.01029106520754
65.73326212187125
66.384985162473
65.7198623965047
66.02012707068441
65.74002092904955
66.39291150357741
65.7483870707489
66.15760732074524
65.7492631457759
66.44191873692843
65.69582878021234
66.36435638428033
65.73766979460707
66.55217086447986
65.71472763517146
66.5898105399477
65.727973060913
66.51906794255069
65.94036701080842
66.54703743362575
65.66982798128724
66.48808719421531
65.93091156724091
66.48347331116028
65.57292236717633
66.52343269289256
65.71328217718128
66.46399952045552
65.46591467610564
66.53784085725076
65.51401289719874
66.47627259424148
65.27996498429398
66.53137374833452
65.44133108915653
66.40309075781165
65.27248307762484
66.5099617624503
65.42643762755492
66.20846686355982
65.2885629070613
66.476867676967
65.53505703846287
66.12431752365649
65.25857291829637
66.38047915162828
65.584596637885
66.22881723944789
65.29737999829719
66.37444897654343
65.5434721839197
66.50198206555044
65.23017458461017
66.5876521393582
65.38628151870822
66.74208535570628
65.29456956044552
66.76443410333847
65.33899912012443
66.90353043281779
65.43982228354572
66.74303780337344
65.36360684036791
66.91657992859525
65.50152935303808
66.58711311440247
65.46273614403547
66.73840037675542
65.61448922356308
66.38154040811385
65.60070967744477
66.59746049933212
65.71070097138164
66.25223303042081
65.57655300471389
66.43386765517587
65.76038007200773
66.2214021368149
65.59531633739623
66.22692544711919
65.71185226989172
66.30130248158859
65.69841288513362
66.22518114505579
65.62584603716488
66.4576117716824
65.69358376636649
66.21586333094841
65.7982986169117
66.51920826289839
65.69532572633732
66.25310918879852
65.91353061354161
66.49526777819844
65.69117593015892
66.23622011800983
65.87149301006639
66.54580618344485
65.66095662017851
66.25805569839473
65.68961066564565
66.50367128851748
65.54472502825718
66.39116101543341
65.50735778278961
66.37050582970865
65.51665928573772
66.39775545822555
65.46588381115842
66.1390637233121
65.51113044934155
66.37357133501985
65.47778642751439
65.93194179736331
65.4526841909312
66.29581952248772
65.48120034915048
65.9854522050853
65.42407019163127
66.32922412113834
65.47243227147865
66.2558352530435
65.30241254493956
66.50930877723214
65.43844904783072
66.52373688510279
65.25880200253229
66.6773895997507
65.35181031213592
66.81908223258942
65.30681339187686
66.68597492463464
65.39916327519228
66.90950355453842
65.347609455726
66.56352975766542
65.39694416203602
66.85213293450647
65.50645629806489
66.4450462248781
65.45482623460202
66.72725193478054
65.62929776313382
66.34626854538169
65.50947854835513
66.61788463189505
65.73032520120502
66.21416053528492
65.50158418455294
66.42019664231418
65.69660454904904
66.21914046886432
65.56973093405936
66.36940836086413
65.58476731690322
66.34354955771448
65.62225393533956
66.36868208743864
65.65237153431983
66.50600494004439
65.60618987046664
66.39089417803757
65.79306593471541
66.47965169568025
65.58901900559594
66.40085722133045
65.78628429934155
66.55416260410509
65.51331025874866
66.37226676438341
65.68452847665621
66.54814087370481
65.50566440131158
66.42082661485493
65.60935288261761
66.47383587713321
65.52190825227277
66.43095147059174
65.56109237106884
66.27742400949458
65.57864942508132
66.2979621500992
65.57717299925747
65.98272781602421
65.52177093824884
66.25945604651916
65.55117556052593
65.95742469228769
65.475274615288
66.27441039164626
65.55931670157902
66.1233296863058
65.45036431154574
66.38591139840896
65.48139615083184
66.43454447490386
65.4037254115913
66.66936441304725
65.3902456954342
66.7265647202712
65.40879039600205
66.7618726978229
65.3995649292129
66.90237158640876
65.49403665726257
66.73618050715851
65.46108406639512
66.94234478640689
65.58451410620708
66.57848952049326
65.41895815604124
66.82073307184807
65.64386854662125
66.41911814265242
65.50484290669317
66.71572337410623
65.74406327890065
66.28454967944703
65.49995410852554
66.45315626129168
65.72391461551669
66.1756565904597
65.51646646350024
66.30548953124081
65.62328283380968
66.22653599613837
65.5335943808341
66.32811216141091
65.5887484031911
66.43015656975663
65.61074736543654
66.38534655179325
65.71098108813295
66.50624165066206
65.5965182851229
66.37998523011105
65.8140880530027
66.5092503066592
65.51729460079882
66.32730850242851
65.6991348086292
66.46509102148636
65.52097836856854
66.36777115131538
65.61087114222975
66.38595481654393
65.52840668904075
66.37531237317646
65.51678689707913
66.25697589462922
65.57349437749922
66.3205136418971
65.53625063977114
66.04944237389961
65.57593665378249
66.33070710892595
65.49786451856585
65.94613539008375
65.44885830737142
66.33243149910902
65.53458253258964
66.06786891051041
65.43978032267113
66.34844703359312
65.56636296425077
66.367241098241
65.3783413412322
66.5466800441175
65.51555879546186
66.65989793171464
65.34347925121835
66.65608378341247
65.45291316895998
66.84500929469554
65.35901803572101
66.61212169201269
65.43007795774271
66.93344739864493
65.37441780530644
66.4992653885336
65.41670330825026
66.8329289956145
65.47250978101505
66.3712247561141
65.4571604346311
66.69192198613636
65.59259085772908
66.25149238280983
65.43929534064154
66.53494689464512
65.65355796841934
66.17892568633116
65.44700471727387
66.2611845847752
65.61256259836507
66.20830440679903
65.4972381828231
66.29137427977906
65.57134277647629
66.36983464454684
65.55095487578717
66.36112775734576
65.6541585605769
66.51333877157997
65.57675240892577
66.34862565172676
65.77331722500708
66.43412621736816
65.54092607423033
66.2863274251216
65.69290029202108
66.42626901638815
65.51250890725912
66.2749232868319
65.56591975344449
66.4069298046628
65.46732681477806
66.34839952385622
65.46888982056191
66.4282183398024
65.4681717991198
66.36306319102658
65.44947604912153
66.2031014763256
65.53490524679246
66.31313951424202
65.47447389840593
66.02759592647558
65.44962264566334
66.27648934408914
65.52075239976071
66.07964591279747
65.48341688614587
66.30103617910312
65.56636030073585
66.33760428544015
65.48970007222727
66.5008791628905
65.52583426819426
66.61670700710326
65.44811410520293
66.72376679744688
65.41001027558771
66.74091455379053
65.42824122829438
66.67160845944402
65.35292852283041
66.79374101118401
65.3910144734966
66.57823565764816
65.3682570611936
66.78819855995323
65.4494731402013
66.41778119903199
65.4199239729321
66.64255149380324
65.53213299855436
66.25534910025097
65.43949759139628
66.52348890199357
65.61807698300804
66.1635150781934
65.38511995040106
66.29760651134971
65.60715837097226
66.15762419391918
65.42420132781568
66.20887860244869
65.52751662926912
66.24330264554492
65.47094900631743
66.26136257294355
65.61076040895922
66.4377990902138
65.58384881713708
66.30620454151935
65.76859978594015
66.40166026858006
65.5588459215761
66.28956318838867
65.76373862254773
66.39626733005429
65.49789309591176
66.25684502364406
65.62827144687287
66.40158680378687
65.44950473628374
66.3270282122479
65.52434850335037
66.36505839853156
65.41184185971576
66.37669443436829
65.45202596581302
66.24059126984189
65.46008299749103
66.31433399471854
65.48549078035623
66.03734352226502
65.42051884778613
66.25925662556247
65.4512529438955
65.98725807482886
65.34241741690914
66.27624964304134
65.52623658830491
66.17013963588869
65.34608632874827
66.38506115971396
65.56765112256761
66.46678916378625
65.30596360668991
66.59165110362062
65.55856864530857
66.73921685904332
65.30581790315276
66.59950635008747
65.48086343411578
66.80919286053958
65.31710861745347
66.54175117712265
65.44845145640856
66.86838700205996
65.3576324008941
66.39557233184361
65.41013469894418
66.67574377057404
65.43827680740716
66.25332740267777
65.42253102944325
66.56135612584508
65.54925890899088
66.17301802772309
65.40995541002867
66.36355188447106
65.59947414935996
66.15365708433846
65.41189102574067
66.20407808589717
65.54057221695273
66.22254112944096
65.4440985230982
66.24433213421032
65.54734649399896
66.40193620515375
65.5462502226219
66.27435216406845
65.67823187257139
66.47979759985365
65.59795962212502
66.30546091277216
65.73515420707723
66.44628207900553
65.49847861812827
66.24521342952602
65.5990848255454
66.43181814287153
65.46711935654773
66.26767467471367
65.49237001742016
66.39153760724164
65.42383103675073
66.33729196020866
65.39759027041399
66.37272358773231
65.46936635566958
66.31142850491663
65.44322855427066
66.12794431208113
65.52310059218027
66.27795102080435
65.47567419129625
65.98629559457953
65.4274105211943
66.24933995174166
65.56722879635473
66.08688110980889
65.44290700888232
66.29237674624794
65.54709897196847
66.36634112223331
65.40079857063952
66.49900968639832
65.50509117267394
66.6139035761693
65.38183789429955
66.65267055202705
65.4273345149467
66.72198321479752
65.3832494794875
66.5985746229112
65.40130184920112
66.77546752334499
65.354004747731
66.49008487366201
65.37592422162504
66.69661305862441
65.42173245534053
66.32074279300095
65.42035725780345
66.59189590487912
65.52765518264619
66.21973201419972
65.3972559495983
66.45035968588384
65.59962428676056
66.17498542065712
65.38262001638907
66.23102906052232
65.57117381487168
66.18960956752268
65.42391981903154
66.28528334352437
65.50569083331301
66.33869836413983
65.48235866277334
66.32900280252764
65.63456184511423
66.49195988756343
65.54728516353471
66.35026704089047
65.7705950050751
66.4207767065226
65.4923805493358
66.3078373654584
65.67912930594441
66.40995343907885
65.43905743403167
66.26753693111856
65.5402785263645
66.35304679781491
65.40851947313068
66.31093901498748
65.46605755714243
66.34982400462481
65.41202705736107
66.32690407490055
65.46773159925864
66.15479146961377
65.46619852006073
66.27122773127736
65.48709986762127
65.96854636070319
65.41239729138333
66.22052284886745
65.55370065920494
65.99549628129431
65.41316555763584
66.24791719311852
65.61662119055626
66.21538725695203
65.38599865252078
66.41528635571598
65.60270536284372
66.49088462901896
65.34995603597181
66.58428950558549
65.51001423530671
66.70621590472611
65.3230352854151
66.57051039471246
65.46448913611056
66.82330440093101
65.31528776510163
66.48870940147265
65.40474755899741
66.81202543528198
65.37138379271602
66.34640802679041
65.41626424837169
66.62821959086831
65.44811144477215
66.24959005795849
65.43145107881931
66.51170365140156
65.53982068037466
66.16207045932877
65.39312782225923
66.28118157563125
65.55810135678254
66.18576931473982
65.43290822361831
66.22853074386228
65.49687766960568
66.30461904419269
65.46894450487567
66.28702133923302
65.57034463452638
66.47469737447237
65.55362484342031
66.31722489388859
65.69564519395048
66.47555775292051
65.5648296408988
66.3183960739628
65.69014647194712
66.44307114020113
65.49808864171173
66.24090713333541
65.54899199132849
66.38372741657194
65.46083753970443
66.27333492141234
65.47072469533518
66.35706954517511
65.42866453605976
66.32477303136965
65.40618210602614
66.27190937071526
65.48101051885232
66.25424975064102
65.4542183126235
66.05687915299943
65.4920273802371
66.2242048432942
65.50559435098046
65.9657627964622
65.42735004585758
66.22140529618328
65.57855325096928
66.09819466690715
65.45476482358237
66.31013342470698
65.54970327424907
66.38764314131294
65.39410635664832
66.5503180104686
65.49016935879051
66.64119555522578
65.36723736393363
66.64313077981598
65.39566642534999
66.75926294989878
65.36411540088922
66.58028615687033
65.35768213282132
66.78784814342674
65.3510426084666
66.4382872106413
65.35582067486835
66.65965704566145
65.4313380205006
66.2700819222393
65.40396129537056
66.59481280585607
65.53194681421347
66.18606330304736
65.38169327570026
66.42844990783493
65.58000170682351
66.13644652638705
65.37349589691776
66.24707604897176
65.5222576105763
66.20927988607909
65.37364999150822
66.28833716527144
65.50406502836987
66.38952659459028
65.45636277851897
66.3301455241524
65.64801945288582
66.48084799217789
65.49696355063035
66.35646199668811
65.76459123340685
66.40517183429715
65.43039458474003
66.28126991957052
65.6308263894997
66.3754645773857
65.40584391788636
66.2740784908972
65.52857182070841
66.32977803179973
65.38400136651241
66.31579142740792
65.44267633311631
66.31247844445966
65.43789662605532
66.27520056161141
65.47398442880686
66.05908692608288
65.51522485287869
66.23957816679622
65.4759649136919
65.907683301656
65.42216643523474
66.20612183386002
65.55783438075323
65.96860651695098
65.40695998143151
66.23411079282009
65.60777223813224
66.2417909479861
65.34455567956556
66.434911449932
65.56516338865694
66.5208257228527
65.33140385170573
66.5872313201593
65.44984861840634
66.70390845789746
65.34038336516646
66.54683957939321
65.41704540837533
66.79457793555042
65.30668371862619
66.43554127494572
65.38207783868852
66.74756899465463
65.37819046501475
66.30320451749758
65.42867408866485
66.59397568434805
65.45831616169352
66.20816617544567
65.40453199350969
66.48481505750695
65.53546301826096
66.14132152921107
65.378677091179
66.23747956553379
65.52390787687517
66.18792905846551
65.40570926882319
66.2408847855476
65.45175956424461
66.3369760363177
65.44803609193703
66.2793430965395
65.56695891425092
66.49178890470633
65.52184694243309
66.3134060574023
65.70512017202593
66.43354065943105
65.52607443951477
66.2861454022404
65.6492913412422
66.414506348334
65.46403215563659
66.22385485012454
65.51977270620566
66.35613919538194
65.43776513307236
66.2668542279464
65.43259834902338
66.34196270737016
65.44588505920711
66.29003603228855
65.40897841786361
66.17046106812363
65.50326635106994
66.22710877169337
65.44539723336244
65.9884106197536
65.45600427653513
66.19281354307147
65.51703978559786
65.97117285202197
65.42933870389415
66.2100071297087
65.57772060372733
66.16843611858647
65.4291368818972
66.35393663087784
65.53398731624765
66.45801151355334
65.37918636807771
66.59748451461087
65.448648616321
66.67885516132137
65.35528222498681
66.62926774715143
65.38036145973423
66.76836086962649
65.32165004800851
66.56233866713417
65.35048308882739
66.77317574646128
65.36673941194681
66.39812402899425
65.35283423719109
66.62914467787716
65.44490101043296
66.25284104624481
65.3906133711808
66.53581512600071
65.53039540394697
66.1627931436299
65.3583531570407
66.33844860953856
65.56932340597699
66.1374659336791
65.35364900324737
66.26013875462078
65.49372519692675
66.24922222865025
65.37572407484741
66.30782690008843
65.55508296958678
66.41366658245788
65.46944502679831
66.34062847282304
65.68679526992437
66.42992931834965
65.52082746423677
66.34682330401785
65.73357441209778
66.39047254096837
65.45313459925879
66.247841427274
65.59860296534252
66.33615531111421
65.41688431928581
66.27334412205863
65.52240653366377
66.28896132507437
65.3896618685466
66.30994785503678
65.43266304218845
66.2289501746674
65.44266214551229
66.24093689605635
65.47999649236009
66.00578505210845
65.47658319892528
66.22049074422736
65.4780449828088
65.89866846177371
65.41498346603998
66.22001580675663
65.5829511268415
66.02045417829231
65.40494725170545
66.27654957569617
65.58314765821757
66.31635043902556
65.33007216377375
66.48667507047631
65.52419724691498
66.61612805434805
65.30763961681808
66.59739487344177
65.42278248592572
66.77738419733183
65.29840492779856
66.53051471033785
65.38613519148653
66.84183307933897
65.29851804874839
66.40873313858495
65.37347794751025
66.69665570969157
65.37774945689445
66.25974681848018
65.42434770827903
66.57420433208256
65.47512503809416
66.17754057729644
65.40442055485998
66.41490671618611
65.53246273607792
66.12276016752857
65.3858468902491
66.21291788344786
65.48787112059335
66.21819897584075
65.40180738849958
66.24540432581547
65.45744684226783
66.38935417139216
65.48428181884854
66.28589253205685
65.6002136927928
66.50654100805164
65.54736805955064
66.3118961737373
65.7256775631286
66.42076487283688
65.50057200556182
66.23887481216104
65.60296922407971
66.38511518826614
65.45680115618053
66.22634727140554
65.50250781839426
66.3373829516647
65.41979294354304
66.27506079256025
65.40956900363318
66.34467184557975
65.44372490368028
66.25082576445968
65.41293326170081
66.1099507606184
65.51463261919058
66.22595914270595
65.4431871972211
65.94092825760669
65.4294662078197
66.1844969959851
65.52620715864836
65.98183388704173
65.42067360244565
66.21289294562791
65.562848840853
66.2457467119024
65.3905059655418
66.41243743346205
65.51247597969522
66.53544807825604
65.37388316455082
66.62499789263529
65.41365938219326
66.6959528324386
65.36439466306156
66.60403651749155
65.36286228996144
66.76179655996808
65.32596583971227
66.51913167918589
65.32673141643278
66.73193905880774
65.39013426990472
66.3465966227542
65.36819107882667
66.6153742167867
65.4634279001299
66.22356248232018
65.37422098969273
66.50930082532159
65.55336289503848
66.15276268395165
65.33895840966393
66.2801642253857
65.55842499097763
66.14754962743199
65.3699483921975
66.27342929605585
65.4773183299496
66.28098314832437
65.39231229794754
66.3133953498953
65.59306569460199
66.44204076196382
65.47288959739214
66.3419489578957
65.72589477214328
66.39866758792128
65.50260243562722
66.3277094001825
65.69706446931804
66.36716750542462
65.43776884488551
66.2463969568149
65.56108458288364
66.31693469185413
65.40008027891507
66.27802717956118
65.4846379809743
66.28729703136493
65.3995330828338
66.30065267385358
65.4393575701832
66.14329094410708
65.46023952898635
66.23050314507769
65.46151262008618
65.95710840262798
65.45060366886555
66.2012337088414
65.49697531439071
65.9094316723562
65.40452013790397
66.21643418872934
65.5889069463052
66.09092746098175
65.3917987050923
66.34672918933411
65.56838621234178
66.38425118659202
65.3300681956004
66.5489416743763
65.49197332593164
66.680047352853
65.30538706862123
66.58464545253652
65.41177537589056
66.81259009264893
65.28139085389196
66.52396185811654
65.38929638119541
66.83151772995275
65.32802784759606
66.36874965432683
65.38285293645713
66.64934693934869
65.39367930326293
66.23785093660051
65.41978947359345
66.53809470458098
65.48519250574375
66.16138875999377
65.40978969905169
66.33411439493958
65.53767653610723
66.13756877496864
65.3966760423774
66.21045303737107
65.46175021430831
66.2675570437927
65.40483979461472
66.2560460297026
65.49260476718939
66.43713414226558
65.50027449936508
66.29143736167754
65.63901692395673
66.47961832193654
65.55685341719244
66.31139826198215
65.70380914154171
66.42876404791721
65.48904075599926
66.21348047108863
65.56586512483157
66.3784518308863
65.46460254031243
66.23302493123497
65.48629225426242
66.32852723496181
65.41992324284942
66.28448460133957
65.38038702121314
66.29785642020101
65.45701561405282
66.2274891140398
65.4245197576879
66.06396341043086
65.49072748226106
66.21216656792994
65.45652286337787
65.93784819940493
65.41298825362033
66.1975870170496
65.56162460715385
66.03362415822349
65.4226691093483
66.24694418985978
65.54376616901652
66.31919469049961
65.3693865351156
66.47305810686609
65.48824840150438
66.60173471098285
65.35954300002143
66.64326697309596
65.38791412844482
66.73134672828297
65.35963425871843
66.58274845792477
65.34810530160314
66.7942636793445
65.32933717902365
66.48660009978927
65.32878382068881
66.69057148731963
65.41118692311382
66.29856670745806
65.38190057672657
66.59012137846221
65.506167554125
66.1943281195623
65.3640131041496
66.45186809916027
65.5644979186552
66.13632860712605
65.35370359066532
66.25245581302451
65.539840464062
66.16719398421742
65.36313537160841
66.28437380684196
65.4809306089766
66.33313002128202
65.4260149636992
66.32050252848204
65.61596921421744
66.46617537652969
65.49105208816566
66.34854191103265
65.74491600799203
66.38685295033623
65.46786425578485
66.29096978412643
65.65301371023288
66.34964163222095
65.42206198788895
66.25650669532993
65.54695123813548
66.30273104624183
65.38893945040772
66.29372247966482
65.45418124058232
66.30252536872551
65.40726470268052
66.26959610177181
65.4443364847261
66.0880703496621
65.47091243627537
66.23722485671287
65.45764316039514
65.91269412797175
65.41270149280255
66.19470122368826
65.51660907028733
65.93298099682471
65.40430330049425
66.2123522109339
65.59023888199715
66.16707082013389
65.355784469957
66.39849562692422
65.55792998630467
66.45134940715516
65.32706907611694
66.56642358690131
65.46032166381303
66.7103163812831
65.30924897606353
66.56358255564768
65.40077287008727
66.81687767112093
65.29015556508782
66.48337963021778
65.37281838376519
66.79317512112964
65.34482813872063
66.32889958803653
65.4013187470616
66.61792089205622
65.42186502392794
66.22730053467049
65.42437663927313
66.51142888734827
65.50749851412883
66.14380901523229
65.38451097302756
66.27389229188587
65.52917058724998
66.15227447965528
65.40073917183561
66.2308960394855
65.44499646248295
66.3046372313507
65.42169706612599
66.27778936885292
65.53257452287858
66.46966953453665
65.5068466906867
66.30143119546375
65.67397930981137
66.4445272656774
65.54659190384243
66.30136473323655
65.67108084030497
66.40887184623412
65.48143601086548
66.20703872921682
65.5299589440519
66.35664977518024
65.4424060998565
66.2372146257499
65.46069600615267
66.32403391165259
65.42306110276206
66.29193379553666
65.39266735140228
66.21577976329377
65.48489647515586
66.21811731073585
65.43474241254556
66.02531740364961
65.48239693891786
66.20317339773011
65.47949138678868
65.95241637835572
65.41705812288093
66.21001598324851
65.5758177985893
66.10596715855371
65.43420791505264
66.31412843899065
65.52979669683343
66.40650321757089
65.37366368927802
66.55177177191592
65.45975982846156
66.65564840898213
65.3530214062972
66.63789698803014
65.36834916869932
66.77573337672948
65.33448477361671
66.58058611708775
65.34281878646166
66.78411429938454
65.34869723554289
66.43110308903123
65.3400134301038
66.65133544350311
65.41764601227729
66.25925564598262
65.3776352638095
66.57272908797015
65.51603012041043
66.17625675557254
65.3719985880456
66.38940429757601
65.56815902419737
66.12286953416879
65.35616168054268
66.24983123784378
65.51112397803514
66.21316100732034
65.3597790285728
66.28878286716146
65.5107736857073
66.38348017650489
65.45282969093996
66.32728688008052
65.64773716709261
66.4576139153555
65.51775255118011
66.34998849742863
65.75138125228645
66.38818404255919
65.45512674867464
66.25537294126298
65.61168687159916
66.34577595176768
65.42241824295022
66.26376330130589
65.52793091470302
66.2940899014679
65.37893596073218
66.30038262572133
65.4234940547166
66.27618456943115
65.41849647356112
66.24354386199413
65.46015659759952
66.03353517056738
65.4780239846026
66.22843964166663
65.46378932328565
65.89766954076734
65.40470537746593
66.21250009473147
65.55890432512403
65.96674997553097
65.39451640450703
66.24447033137642
65.58492818649964
66.24346085135566
65.32679204261063
66.44130287154438
65.53713323985448
66.54771231121333
65.31551104153522
66.5814430819863
65.43293846716678
66.74410747935939
65.30959005920553
66.53295133867587
65.3939618514634
66.83179408121009
65.29598942471789
66.4357981348086
65.36418633307515
66.73520930965951
65.37180140496372
66.28859381916757
65.41741449668935
66.58766907277659
65.45217404241725
66.19555292255721
65.400978525515
66.47099079843714
65.52951656325006
66.1364995125314
65.38808885471333
66.22839959186456
65.50952290787608
66.18909710493828
65.40099792708848
66.24519712117709
65.44094549775221
66.34882917197133
65.45669369059554
66.28025365403349
65.57017496087238
66.49704409988512
65.51782806886703
66.30709633163596
65.69972046927631
66.42842292920699
65.51503573100126
66.26830934106817
65.62690091717621
66.39285262171278
65.4580950276717
66.21409248828826
65.51066370389182
66.33935926855193
65.4308723369055
66.25493461740652
65.41960182656629
66.33349868473285
65.44199928634008
66.26373536739318
65.40289892188244
66.14653367353336
65.50310427285848
66.22370371752737
65.43949207807445
65.97145850358041
65.4381610118297
66.18962380443159
65.50673984613893
65.97060655397652
65.42018324153803
66.20266320078396
65.56670651121414
66.18214851510602
65.41042795445328
66.36795402072642
65.52338732552955
66.4672586718712
65.37480549428821
66.60534521868851
65.4315801030737
66.68438602977722
65.3573606867636
66.62477408081375
65.35979270966942
66.77110163255165
65.31914049230049
66.54617636769873
65.34156703214747
66.76177999260717
65.36909436209939
66.38542766070685
65.35699486476418
66.62843556834942
65.45189131366175
66.24156787069785
65.39025637749724
66.53257885552024
65.5341841638415
66.16034551384449
65.35424172771978
66.3253841482737
65.56790361721825
66.13321731916565
65.36031074058474
66.26565189528654
65.48859293416058
66.25934437222385
65.37723484584504
66.3114469478459
65.55702535520534
66.42303231582689
65.4715301103381
66.33852351807946
65.69697163987207
66.41516070306822
65.51768381407544
66.34428945051489
65.71906546866586
66.37710738225712
65.44606009078932
66.24195858955179
65.58030339433941
66.32601381281573
65.40755087235054
66.26765482746185
65.50582340486973
66.2823114740927
65.38615885010746
66.3011361992802
65.42807393552962
66.20503678902695
65.44794445422872
66.22628686128934
65.46557163827566
65.99766148908165
65.47386647255328
66.2174706528194
65.47480768745808
65.90183936331893
65.4074820477113
66.22387028366627
65.58155019375107
66.03640245849711
65.39694851108933
66.3005080444355
65.57899122924968
66.33583343626348
65.32441076717016
66.49900783452048
65.51304264944096
66.64040885133784
65.30372520301964
66.59583172933674
65.41737171464062
66.78969993322104
65.2924210314206
66.52923218535489
65.3842524929353
66.83878236682361
65.30465518797311
66.39807764116355
65.37124898681155
66.67960665052593
65.37829751488377
66.24913438634222
65.4222939445783
66.57673917753512
65.47438287858462
66.16773987654354
65.40576974263513
66.40431762027247
65.52891473477794
66.12080357787079
65.39302235502724
66.21252414273816
65.47939246085681
66.23179728267041
65.39691350093534
66.24616611775411
65.45730416367999
66.40733530368009
65.47759557202195
66.28381756372174
65.5943502379327
66.50798727674635
65.54483053257462
66.30950030325441
65.7125164971893
66.427492597434
65.48939818544413
66.22519791111144
65.58019939520456
66.38355717916141
65.4519979882717
66.22161708879617
65.49711998864133
66.33221837452908
65.4138358575994
66.26453459091555
65.39280132682492
66.33918801699737
65.44449608275542
66.22913433953977
65.40830786659633
66.09652991937037
65.51505412208641
66.22110367632125
65.4464846741928
65.95162191169538
65.41901596891427
66.201557408461
65.53295668743013
65.99698086523723
65.41816661970097
66.22398165346192
65.55593830290809
66.26891166286441
65.37781113875376
66.43541100003439
65.5005650177007
66.54732296943313
65.3679468185777
66.63392079318842
65.40144179537623
66.70570136901462
65.36324839153394
66.59986987461578
65.35283031971265
66.76997659177259
65.32707430918157
66.50565193916458
65.31608707764619
66.72200099099427
65.39724151099605
66.33229438123247
65.37277315380096
66.61404549668862
65.47082194118708
66.20925404102132
65.36562984381995
66.50476465407262
65.55765850483365
66.15657817014157
65.3409084722864
66.27443479845718
65.54671231725017
66.15017908111425
65.36746709446808
66.28275619472663
65.47180344975382
66.29625977964237
65.40326072159327
66.31437813084675
65.59219961445474
66.45376624431763
65.47335919834339
66.34256978192782
65.72662903643574
66.39201700056795
65.48753560830335
66.31393861682587
65.67835774791126
66.35637676590882
65.4288706766156
66.24072729552257
65.55509838650426
66.3069460733856
65.40007771148913
66.26861038703915
65.47190815786931
66.28250758325696
65.40397049593159
66.2740389221806
65.43846791738167
66.12564865089597
65.463361974072
66.21710121108694
65.45699011907382
65.94426200183071
65.43526355289787
66.20292202945308
65.5038688121046
65.91869844472404
65.40242956718308
66.22517504377645
65.58810077780473
66.11482596141468
65.38042194072071
66.36375957219018
65.56861646492096
66.40191209914089
65.32602077276857
66.55683677314175
65.4810514893952
66.69404658194794
65.30386691596601
66.58618906657723
65.40021195117095
66.81509589595254
65.2773437650336
66.51510855934764
65.38516363795294
66.8256932056848
65.32830682115977
66.35885492662133
65.38825365618571
66.63924805039983
65.40131270729788
66.23260986843707
65.42221862035926
66.53907633072774
65.48767387548087
66.15488679009036
65.40369543175349
66.33246694228878
65.53445660190796
66.13719646543008
65.39508955425292
66.2181017089008
65.45422728936306
66.27740200651763
65.40405424881277
66.2625225216555
65.50594420257865
66.44953239418362
65.50499463787965
66.29414527299159
65.63685116748275
66.4680058691865
65.55493563885982
66.30528585212349
65.68827699227404
66.42449517040744
65.4802158819215
66.20198244729698
65.5520465727281
66.3713119488662
65.44197504416938
66.22140825359388
65.47538561291137
66.32574354659133
65.41513900124184
66.27032719303699
65.3805422677412
66.2745217036956
65.47350352528936
66.20650246167794
65.426591651851
66.05894544362599
65.5016789847351
66.20957747966891
65.4582776822072
65.94439985312934
65.41849156258188
66.21812289187773
65.56122759062876
66.05470478338502
65.42186839128395
66.27250566817078
65.53911852271078
66.350251897731
65.36590761615041
66.50207597681467
65.47961199682688
66.62570512438823
65.35305863829967
66.65292137538113
65.37915002109511
66.74461728200589
65.35195324998364
66.58418990118764
65.34253138694822
66.78679368523827
65.32771242529537
66.46587920459912
65.32538243703226
66.67767652893035
65.40974456619003
66.28003514539499
65.38514677138546
66.59072552283806
65.50536279536153
66.18102079193854
65.36411711154672
66.44104833196218
65.5614954119446
66.12916808857486
65.35259863481241
66.25716010654028
65.52770012192204
66.18001469413282
65.35822729934151
66.28425628013248
65.48691391851041
66.35046178805612
65.42857786994614
66.31937026670725
65.6198769735515
66.47406729867468
65.4983140736978
66.34783603161793
65.74605335990599
66.38367087931651
65.46005470254792
66.27347813982401
65.63391300932354
66.34876845449294
65.41532609887784
66.25068493722732
65.53781832161626
66.30223748710009
65.37847846372678
66.28179473908024
65.44356031238723
66.3015598869368
65.40686168155226
66.24377405433458
65.44384017592147
66.07461492525564
65.47532157900083
66.23669895323566
65.4566491849495
65.9144770746047
65.40819673207582
66.20119473294372
65.5258980830892
65.94004611438045
65.39898656952631
66.22880455609656
65.58874846531799
66.19704831465802
65.34384961648153
66.41983216749476
65.54930623625086
66.48064091712186
65.32236798900563
66.5766726425786
65.45112988839084
66.7215526101683
65.30971785414572
66.55648485848627
65.3960959815493
66.81752686013371
65.29025028767434
66.46871830547553
65.36089244940608
66.78157740463455
65.35090133086713
66.31099074175397
65.40047042686882
66.61436630174495
65.42044193692796
66.21632854716184
65.41268787825047
66.50818698921367
65.51234520380947
66.14277818782728
65.37843239009295
66.26103503853453
65.52099853710244
66.1610057230433
65.40351978596985
66.23596942227309
65.43603939929923
66.3138806961
65.4252221719141
66.27288256133006
65.5393296843605
66.48313862743653
65.50622966149479
66.30179063208467
65.67898732470107
66.43936082441327
65.53866684874053
66.28710658658808
65.6564999546937
66.40210307314561
65.47164131913479
66.20088478576544
65.51824325113346
66.35062889428063
65.43491999459692
66.23127551716934
65.44868365923158
66.32126651862701
65.42795004860902
66.27176200153477
65.39452222342669
66.19671963221495
65.48762323119331
66.20574637673789
65.43289092221106
66.00899665605621
65.46810722796795
66.19968513948149
65.48450744795933
65.95777781351502
65.4140704955363
66.22085470369834
65.57228078453426
66.13471041260432
65.42811885770827
66.33595205508468
65.52654935099513
66.42646717578424
65.37328922426391
66.57880671711281
65.45017612860138
66.66835043326554
65.35169593372936
66.63648041367702
65.36345354907712
66.77506466398623
65.32407923855423
66.57617603275256
65.34407126549809
66.7836229128269
65.354560929973
66.41273457745936
65.33803616243937
66.64520435784412
65.4223501723343
66.24783215330467
65.37815968307922
66.5644128895025
65.5166205414708
66.16912759488746
65.37115362797492
66.37537425031151
65.56831911384272
66.12158534988939
65.35428282749423
66.25408752559055
65.50311199084483
66.22264822001381
65.3630568453838
66.29561729007561
65.52438799871224
66.3979444487222
65.46104960911332
66.32746754056753
65.65684441784772
66.446663083264
65.51938407439114
66.34575628665054
65.74020432063779
66.39125575177505
65.44621225111189
66.24387471277355
65.60174698268948
66.34335240195607
65.41248648429455
66.25685667774844
65.5207819294385
66.28834356376491
65.37628347687841
66.28761573237932
65.41970707396692
66.25472242515201
65.42964873574266
66.22201821050827
65.46210346742957
66.02479673434783
65.4809362391704
66.22367951164942
65.46065190815094
65.89600704904848
65.40737560790505
66.22041501863858
65.56270240615572
65.98751840597448
65.39060856051725
66.26289861634227
65.58278320680066
66.26908183471195
65.32080848101279
66.4619245749373
65.5303051478375
66.5798327839599
65.30809682592229
66.59241330764179
65.4301680054637
66.75699984146604
65.30375236943895
66.52944501463818
65.38966371817654
66.83523117061716
65.29312329795812
66.4283402043307
65.36650243963503
66.7201469381868
65.3713093005198
66.27655626176934
65.41710818353343
66.58614035375716
65.46321609145313
66.17856662964302
65.3997500087408
66.45446513071374
65.52654279034032
66.12980963557479
65.3883298654728
66.22330788666211
65.50288257766634
66.19973834529166
65.3985375374453
66.24686148496397
65.43902990353376
66.36503727480859
65.46129023963084
66.27735514512776
65.57391474181348
66.50694422750468
65.52606782387842
66.306490728485
65.70289925284133
66.43023358179366
65.50275912067137
66.2513514720641
65.61326814327353
66.39003526438354
65.45121715066813
66.21049773036596
65.50189782263313
66.33541536602199
65.41925877820586
66.25116314156936
65.41309611258994
66.33967855302502
65.44101224003727
66.24400721484976
65.40074483290027
66.13644472549933
65.50358160001704
66.22170808429459
65.43862160922315
65.96185127569251
65.42679674633101
66.18615270014557
65.51002607653594
65.97981837792335
65.41759919521328
66.21281899487919
65.56531146910622
66.210523251576
65.39764127675724
66.3947042866724
65.51591601389666
66.48833693131147
65.3715910048367
66.62001953398924
65.42054778619236
66.68802952334924
65.35731562397227
66.61860379465027
65.35904697649832
66.77106777483894
65.31897218538025
66.5374288815221
65.3318296032216
66.75677442706771
65.37174564852157
66.36554775719542
65.35657006033351
66.63225206415393
65.45296819254348
66.22964189616653
65.38283367204681
66.5267206816702
65.53679638457804
66.15712080677797
65.34376877980574
66.30895854116412
65.56231223550996
66.1356960305454
65.35792129512262
66.27130193765946
65.48041981653677
66.2658091830158
65.38113581940762
66.31163854954715
65.56383941186164
66.43428692228493
65.46933888440013
66.33669224527145
65.70653662064359
66.40998828953462
65.51146574491291
66.33622672507198
65.70817173770523
66.37286866682588
65.44184011863086
66.23596716256246
65.56941102311394
66.32020591720598
65.40621980550993
66.2591709320239
65.49833688351413
66.2787101684006
65.38517506004874
66.29010940266748
65.4319500154581
66.18119203257778
65.44959770312951
66.21270081482507
65.46111035904339
65.98677891405397
65.46762054009831
66.21467104129218
65.47994587857244
65.90820695494476
65.40227588757979
66.22804575020153
65.58624292236125
66.05851996921483
65.39201804134824
66.32721993654955
65.57182677417785
66.3584689493309
65.3237224659099
66.52167466443407
65.50327807005176
66.66014700339758
65.30011982988685
66.59404181191101
65.41140258255209
66.80467255346524
65.28392712798913
66.53092213667082
65.38262999639737
66.83801654734386
65.3103810949225
66.38665155269203
65.37639502224636
66.67118685324516
65.37726919258652
66.24122289987021
65.41438020788797
66.57043554526388
65.47614854921267
66.16141926343158
65.40812110646212
66.38343838200804
65.52976060002835
66.1223661116575
65.39177452397607
66.20990542262925
65.47345288657804
66.24251335718857
65.39549278921098
66.24811213852007
65.4669826060478
66.41919378902372
65.4883536666197
66.28536550114704
65.60394954695082
66.5012312095266
65.55241895843837
66.3080863181084
65.71213311182414
66.42987587484292
65.48472014987935
66.21526496351393
65.57149031066996
66.38323750971294
65.45090846341901
66.21977703391583
65.4875324016788
66.3280554925694
65.41304034813491
66.26619398200205
65.38448848120285
66.32017234511746
65.45081017709737
66.22174677777093
65.41410045145795
66.08240941155796
65.51469312396111
66.21838317582295
65.44911168251001
65.94392224709694
65.419021997889
66.2073504445548
65.54476103582093
66.00976843398917
65.4155173132401
66.24004670630401
65.55010081017605
66.28572127581033
65.37018798536243
66.45267791368667
65.49541706217074
66.57121431743428
65.36268845693766
66.64037232943853
65.39216788760264
66.71728851309149
65.36080545944998
66.59204339411122
65.3517140756909
66.7744377581589
65.32583395406562
66.49764793170293
65.31844743697768
66.70501830861193
65.40225904349367
66.31880353351882
65.37279606397793
66.6034428996887
65.48179624821124
66.19714423981112
65.35900445671788
66.48771798179536
65.56033923966777
66.1511832373954
65.34439048120237
66.26474505691168
65.54250179376575
66.15639983256915
65.36065744792505
66.28571647090861
65.47429217899287
66.3074525640319
65.41576267175915
66.31428006570624
65.6016681977925
66.46027695133544
65.47910471907056
66.3414887169891
65.73276934526548
66.39089955095852
65.4792079805355
66.30272964387046
65.66448282292131
66.35497091059297
65.42168559576804
66.24173390381422
65.54967970805467
66.3038460956876
65.39722671075725
66.26997902885266
65.4605962314329
66.28631374577442
65.40569223530377
66.26168647747937
65.4404384465435
66.10783282897111
65.4667477574416
66.22219802178816
65.4557993305583
65.9321903105748
65.42387427828497
66.20083167155542
65.50944919742811
65.92555770020499
65.40154711488226
66.21995391410137
65.58855221493164
66.13448685599835
65.36895705417963
66.38104903210827
65.56761759960662
66.42236695548814
65.32456878040631
66.56535332713162
65.47500827917075
66.70723646510024
65.30276807141331
66.5822330214857
65.399940489111
66.82017269306222
65.27919173491297
66.50495836361395
65.38131309090441
66.81814905152
65.33099806997922
66.3534635161336
65.39236673202096
66.63757085768196
65.40968541355889
66.23372573516005
65.42534965523105
66.53664198667964
65.49486241574414
66.15784160939648
65.39227925472056
66.32232879878231
65.53006642168505
66.1537172856269
65.39522324339922
66.24023188081023
65.45170419408859
66.303350587823
65.40959765479406
66.28629875589576
65.51389365080978
66.47466678383452
65.50594231320194
66.31869710029899
65.65118050806403
66.47206548631478
65.55235302802096
66.32488123866166
65.67898993835934
66.43365243876552
65.47874125772863
66.22089710063102
65.54116067635665
66.37852443955494
65.4395811250025
66.24210646778897
65.4647541923159
66.33534229989115
65.41645657047654
66.28907085857728
65.38388294641486
66.26549472646033
65.47732652346527
66.21734139413098
65.42805232808578
66.05414879898304
65.49453773631478
66.21696980722163
65.46373955063527
65.95173666220184
65.41536459352443
66.22886968510606
65.56583798200062
66.07877846065988
65.4261800902876
66.29521751902585
65.53433938530537
66.37714094509188
65.36656234228361
66.52461463922805
65.47084289446336
66.64174310200903
65.3504438156848
66.64873137024368
65.37555388891585
66.7568733946017
65.34568848390877
66.5848904417714
65.34123355863727
66.78826589311466
65.33165212618057
66.45410910546151
65.3248143508667
66.66772806208547
65.40959003669758
66.27102675527298
65.38107080731251
66.59385908464795
65.50755273127938
66.18175530558548
65.36313947564787
66.4319219413199
65.56216824009158
66.13150639655049
65.35156246719166
66.26713323406247
65.51419610374087
66.20245929336897
65.35579370664286
66.30129401491247
65.49060010356281
66.37686080920419
65.43600132139929
66.3404928882093
65.62851107187966
66.48709915451788
65.50558241175472
66.36686688364452
65.74843994689198
66.40331589583381
65.45287441350305
66.28366023781874
65.61975036323886
66.36260049201762
65.41452958152617
66.27458430470038
65.53460615482096
66.31417174548159
65.37728555389548
66.30115409462698
65.43367846698486
66.30585444690989
65.4069267050334
66.25115343560682
65.44733913114024
66.06494244974338
65.47656698082561
66.2433621763509
65.45707347021562
65.91467014625799
65.40323652514891
66.21723433364366
65.53509665622138
65.95177038637013
65.39512131473634
66.23556428248303
65.5869630569689
66.22078167788679
65.33305765854915
66.43145772189
65.54437251148265
66.51007654552592
65.31847634508884
66.57945368417464
65.44516554271117
66.72899073147131
65.30832638277346
66.54818838072246
65.39456075730124
66.82099761895121
65.29157466857623
66.45294048546003
65.3546675544829
66.76554953399783
65.35927042619683
66.30656116633645
65.40817762607314
66.6096445868992
65.42959585505649
66.20994665674533
65.40466359940469
66.5044350350611
65.52046690125938
66.14820638669936
65.3784617113861
66.25620204606669
65.50979917203996
66.18090431744372
65.40465578114485
66.25589657967724
65.43605018427732
66.34044663924915
65.43793824812508
66.29153118681586
65.55149014624752
66.50521214953831
65.50804053522285
66.32222351455019
65.68537727483424
66.44757921791404
65.5259338026232
66.2976731553579
65.64090460145093
66.41227421750055
65.4658589820282
66.22217373831
65.51507956135778
66.35897332212048
65.43291673289784
66.25343664733134
65.4335502711741
66.33406726186139
65.43498360805525
66.27886677196241
65.39527755740474
66.18111845472266
65.49099796538442
66.21720643413377
65.43307209626722
65.9975119863842
65.45046388453001
66.2032837747543
65.49386792969803
65.96594927865496
65.414027562034
66.22010206265811
65.56880105233932
66.15986887084946
65.42059073464604
66.35192427299411
65.52592267576232
66.444582879982
65.37164091788854
66.59393899938615
65.44033014200338
66.67597490892695
65.35317181111292
66.63221888337918
65.35789294353772
66.77669055630325
65.31760789654126
66.56626259738839
65.34257250928617
66.78243718579778
65.35876335837621
66.40193616850996
65.34218550971146
66.63997656223358
65.43302338265099
66.24681261584088
65.37940902218426
66.55716106601781
65.51926397676374
66.17068712863686
65.36440965732596
66.36584250164557
65.56864179062195
66.13498542067099
65.35405627053682
66.27218625444432
65.48961530241986
66.24888736626112
65.3655156042133
66.31858160004066
65.53898633279711
66.42179116048872
65.46983455600329
66.35121064962459
65.66990871034724
66.44652566598255
65.51878064663916
66.36371366204156
65.72778994764221
66.40048907552567
65.4461695608122
66.25945131063824
65.59281564555647
66.35068022193643
65.40895812738582
66.27515208925665
65.51435709224937
66.29743235680047
65.3789996351712
66.30303530142862
65.41937247339048
66.24344525099744
65.43598792620887
66.2301086944235
65.4619572153794
66.02404429767438
65.47472306107673
66.22972616265987
65.46326145146783
65.90293792719301
65.40760858283821
66.23063425506935
65.56857190888098
66.00618115684101
65.39043171404454
66.27927480726697
65.58003299855953
66.29835277912129
65.3187933715902
66.47785379998662
65.5229669299181
66.60665236907103
65.3027612509344
66.59821122873278
65.42114191056224
66.77133191926467
65.29731476297012
66.52786224644701
65.38460449295025
66.84241880557782
65.29269655415713
66.41512875067318
65.36500072055927
66.71039203680547
65.37209316347636
66.26710916279094
65.42136833524586
66.58761949724949
65.46744232641147
66.17818039722906
65.40139629811351
66.4447649741528
65.52533751365328
66.13641241621201
65.38931337725472
66.23379433347763
65.49151836039701
66.22687523046373
65.39536935185336
66.2642807816107
65.44766175654368
66.39953564576803
65.46639740301127
66.30396641250431
65.58025115108013
66.53337484199733
65.53215268507599
66.33635162306788
65.70517681793915
66.44813952243774
65.49602272450034
66.26883100724281
65.59733116622449
66.41363351047556
65.4506178144056
66.24579023584978
65.49823082147878
66.36490865921454
65.41315701947913
66.29048379847225
65.40432402910247
66.38209276707673
65.43864631246974
66.27498506558713
65.40150253689923
66.16955830180947
65.50371104969604
66.27293033531886
65.44099510692405
66.01430714555069
65.41733776896552
66.24290037560408
65.51683185715947
66.04669460926873
65.41660499169785
66.27912973668226
65.56191761030867
66.30471499334044
65.3880811090644
66.48419308501074
65.50999636444035
66.58181441735746
65.36976449360938
66.70618576690327
65.41154574702091
66.76647468454675
65.35972799549758
66.69518844170972
65.35503066211727
66.8391033774549
65.32068325588506
66.61446827690281
65.31974262858547
66.80861829861534
65.3799289105201
66.43669159512174
65.35578797665363
66.67745672738054
65.45397748656424
66.30665094547788
65.3732611851713
66.55951456069761
65.54343875279343
66.23367930999574
65.33822322931299
66.3212892507029
65.55584287687417
66.20732740027383
65.36000758624454
66.2954541294532
65.47092122800208
66.33489306939583
65.38553318148057
66.32403677899273
65.57290417423235
66.49731579979093
65.46792342864903
66.34682033751328
65.7134884604654
66.4479126555886
65.50412007560215
66.3359651022399
65.69622332075598
66.40548569977504
65.43852682862449
66.25458318212506
65.55756266459908
66.35388537661642
65.40114781329562
66.29535210917682
65.48980862297968
66.31894172558252
65.39005488063428
66.34162709549992
65.43266018485858
66.20315306998945
65.45065646048108
66.28877825984974
65.45746495022073
66.01298677630079
65.45076083586416
66.28927728863133
65.48681382843182
65.95788252857494
65.40015983482711
66.31971040533094
65.58786905345437
66.13743674459907
65.3883520123758
66.44806290803132
65.56916825598675
66.44247613848741
65.32462159157902
66.66812983244658
65.49170653526146
66.74818895958862
65.29902561889915
66.73547743637364
65.40317426295711
66.88605560676838
65.27763262162492
66.66853943319853
65.38280479809552
66.90184565136651
65.31780530348883
66.51704385481646
65.37735520120209
66.71530793045294
65.38238569188782
66.37524191862974
65.4150609646386
66.60315411262552
65.47945502384783
66.28628113900567
65.40942567161426
66.40304380114587
65.5312886817313
66.2328516135873
65.39047083651357
66.25350995353105
65.46618965572044
66.33371615703204
65.39623196887722
66.29029585388965
65.48296882846151
66.48167392499617
65.49756688610557
66.30710886379948
65.61585859138513
66.52141496580036
65.55445597997596
66.30535724252871
65.66536917722428
66.42447979759652
65.44012996507797
66.16022685792235
65.51624723301113
66.33777780783703
65.39401373372803
66.1655072469917
65.4307240833551
66.28070796531854
65.35049915537716
66.22194168878451
65.31884865708413
66.27330139339216
65.39883697904165
66.19081560469806
65.36018934517077
66.04769458792043
65.44787520302708
66.20903635477275
65.39180532435567
65.9126763189935
65.35747387367391
66.21084293884336
65.49396240466123
65.98862519943404
65.35629582821551
66.256431208042
65.48500897283787
66.26289969851611
65.30666076176232
66.4764717218397
65.42969300220655
66.54675604641717
65.29904036056722
66.65094535951103
65.32968221502152
66.68208727523376
65.29961868518329
66.58798237070259
65.29001409987337
66.739452518651
65.26749829393553
66.49094251691457
65.26572792700566
66.65070861367987
65.34815532950039
66.30886159882624
65.3177049700475
66.55280181282544
65.43856302890893
66.19663791847948
65.30240701923469
66.42503416502224
65.50461746860104
66.14714611954722
65.29092222424211
66.2225018519046
65.48053116652345
66.1670212383765
65.29954016780411
66.2649462057225
65.41787611952853
66.31734053475321
65.36895052793827
66.3027058296933
65.55459826794593
66.44370995366432
65.43053592453188
66.33166235180782
65.68349572495987
66.34917128511012
65.41242330811748
66.2739658140188
65.59756319645673
66.30453270230348
65.36073228013095
66.23122963236858
65.48342870322757
66.26919518136641
65.32919841099168
66.28209155780824
65.3966736891806
66.29301245520155
65.34698299896273
66.29610142479282
65.38199034413888
66.12159853938361
65.40811670129273
66.30426432089405
65.39491517412063
65.9553101957815
65.35269808447319
66.27264662368736
65.45328876664004
65.96228708735727
65.33957202109177
66.29722845549169
65.53011383813015
66.1796928954685
65.296282486785
66.47549787796152
65.49983613290287
66.45887423163148
65.26294895533097
66.65533459241895
65.40334669000347
66.72327066081486
65.24379798425899
66.66624467866899
65.33980611356841
66.82819020932571
65.22522609089218
66.59074345358017
65.3145462514805
66.80533395419847
65.27695988668118
66.42840361342535
65.33644758603961
66.62088116004645
65.3563435311142
66.31396775027808
65.3645401820758
66.50521270041186
65.44192604435847
66.22674833359933
65.32612340346219
66.27118162561618
65.46932623853853
66.21805553509513
65.33816445538226
66.21711665849628
65.38532835884341
66.34930547861195
65.36120192752009
66.26538082965322
65.4678929900746
66.4949450466777
65.44848923471683
66.29390951811324
65.60876430183993
66.44805236250596
65.4895627615305
66.29178566653573
65.61269362450066
66.39475293987546
65.42055641369676
66.19026744893782
65.47211623908453
66.34127699910191
65.38244714625006
66.22979743024514
65.39861855364916
66.3240004594292
65.35793326856285
66.31298718899025
65.32894516041488
66.25976422075139
65.420210246499
66.27525668093406
65.36853802254848
66.07481480099601
65.424852790539
66.2751833379446
65.40947967908626
65.9894954379578
65.35167948125691
66.27839879786373
65.51087685989135
66.12863137389473
65.36800170652563
66.37351592202927
65.47108471488144
66.42002569496134
65.30769185673427
66.61535121260872
65.40063850390497
66.67216932402246
65.28815258898945
66.72529892097599
65.30811169148521
66.78987576605768
65.27493410773336
66.67769024794427
65.27839770863453
66.80535992617907
65.27866260650745
66.53895117583365
65.27018737165571
66.66954746954295
65.34974601730421
66.36252574784609
65.311880557068
66.58819064653053
65.44949176977913
66.27385337657694
65.30649410911776
66.40454614411351
65.50193443462379
66.21981931623546
65.29111272582301
66.25547648525688
65.44587637288294
66.28677453407934
65.29556096525677
66.29607148112878
65.43900944076947
66.437586347461
65.38932583334692
66.33501390859199
65.57794175120843
66.49483331647983
65.45261001900384
66.35021370515166
65.68813114779897
66.39349820580412
65.39111433442982
66.25057187519027
65.55006576910213
66.34356829082499
65.3570786328049
66.2550442290531
65.46668358495315
66.30159129258261
65.31898594192232
66.30670253534943
65.36581810523124
66.30897114853863
65.35308334252282
66.28908292420851
65.39237544953667
66.08428128538942
65.41968971970454
66.29110805441019
65.39756223326206
65.94201684965512
65.34363758782193
66.27356937064255
65.4871447385039
65.9932511405137
65.33040905196496
66.30284005338048
65.52385632669753
66.25739710879013
65.2646600346727
66.50467690772044
65.47663916622386
66.55451648738251
65.25282441891495
66.65830404654812
65.37216020539763
66.75718971726634
65.24512825441302
66.62631924288667
65.3314436114132
66.84271003120494
65.2305048133773
66.54130972610025
65.29364549603508
66.757859960623
65.30308890813842
66.39475280964955
65.35022440704725
66.60464092637885
65.379664229939
66.29304821089826
65.33822176898144
66.48486494956934
65.46262944596967
66.2389906262147
65.32026116432202
66.23552699033075
65.44241873889268
66.27150703067389
65.33731616237569
66.25174912544611
65.37491755191223
66.40979463025285
65.38995801612344
66.28553118816437
65.501562505313
66.53845445865062
65.45148858756616
66.31106064292082
65.6312492804004
66.4439820095148
65.45468497107912
66.26691049863017
65.56629808606162
66.39330238070502
65.39830908586114
66.201501181733
65.44953077276938
66.34074281538082
65.37282223724554
66.25103783114413
65.35878068047602
66.34640563923834
65.37619062332487
66.29756668804879
65.3362475168173
66.19435397253238
65.43500615197921
66.27117760882209
65.37275670047474
66.02329972276168
65.37589880879926
66.24522089493573
65.44040310861776
66.00276846435787
65.35369043280501
66.26047115264993
65.5041265801019
66.19782817585322
65.3504104326313
66.41989957536995
65.46351919406546
66.4788424640292
65.30945726801565
66.67009191894971
65.37158044462342
66.70249000086508
65.29180622534524
66.70933860889906
65.29558925043854
66.79409337704844
65.25325632605399
66.64620292124631
65.2771490063296
66.78903433585033
65.30095990899173
66.49197803862408
65.28637285453298
66.64386088046628
65.38163810001512
66.33737764019658
65.32082356214605
66.54439353500479
65.46510621466064
