201.361549875818
200.3216894375186
198.4714068869146
196.70114480311975
194.58238455661768
192.8271244251512
191.44984758380454
191.25151432520383
190.09756968886308
188.7794362913864
187.63697045442643
186.79018683815224
186.11063325813075
185.2980445547369
184.44818908757543
183.81302118948102
183.18513012559447
182.46435189443588
181.98890436497146
182.03915538907003
180.75150626766742
180.55391299139424
179.80174029609165
179.58485538391278
179.38645199121538
179.15957766256201
177.49730819958944
177.68455388998157
177.80080723851796
177.1999466773443
175.98614095890898
174.91762500959757
175.35881617223097
174.46243773842835
173.75003520672905
173.37019516938545
173.55281708436982
173.37725898189592
172.60010174183893
172.53422876282502
173.0322720508802
171.8127158720754
171.52532762642394
171.61687867561866
171.56779850655158
170.70781078232213
170.3873140080525
170.33715315382784
169.75279117857625
168.48539935133212
167.35933620931883
167.2585512775813
167.5194861217301
165.95104807331492
165.85464016277348
166.0322865284339
165.96213888337
164.88581898599168
164.74772023708428
164.01184140294112
163.2602006620172
163.2481276993421
162.6813758711823
162.58598381612893
160.96203502482854
161.01402246599923
159.5947505793814
160.87334153897092
158.78276964608102
159.4427412609761
157.37981232990572
158.52054294889072
156.99683785164333
157.48929682647446
156.01678289868642
156.93360327017524
155.8975512566377
155.3386535084522
154.05714094161596
153.15380635531847
152.73819646911645
151.55800651218638
151.0923148530272
151.68424416671579
151.68399493394065
150.0317894468708
150.28746740554868
150.55330069364356
149.72414794372634
148.528672279469
147.9006371551281
147.31269827323746
146.96401326611766
145.84230108581045
145.13307951498206
144.7264744244037
143.68367424970046
142.72675870176244
141.3532451777789
142.02908573410122
140.184729227873
140.25971422892388
138.36560448676153
139.53351725032832
138.20573402942316
138.88872160837428
136.62171148397397
138.00946443074648
135.75107121417304
135.53318258967312
134.24003054094092
134.8659108606963
133.36365284958504
133.20863149478197
132.04958255137709
131.56544128878224
131.64688970025765
130.4706390188539
130.393245743812
129.9452540156766
128.16654241295626
127.29429384134869
126.71184541026271
125.5440164165937
125.58958311332485
124.23313346379129
124.79044938024921
123.29098717368663
124.9115438740093
123.19606796577568
123.63261745587006
121.87829454977236
121.4146840480033
119.61776546532019
121.17989260960573
118.36408049319358
120.41973473338744
117.42596549348778
118.44468542967746
116.34486792080176
118.01280547506626
115.83805569144455
115.23485684717083
114.27934227632646
115.3815646360471
112.97040710887843
114.03970295271992
112.59256849838127
113.01316719839001
110.42351122818465
110.54697921556112
109.82257122621493
109.89004960751464
109.55034574183485
109.16430161269956
108.92429369599434
107.53955025028313
106.85655133019183
106.33006254144085
106.49200806945885
104.99707720370648
105.04358642051268
103.26827016214595
102.37723128873411
101.32127193457606
101.94282925660555
100.00089458451637
100.67765642586494
97.88391691330995
99.38886224933741
96.88892634207349
97.59699112580061
95.57579419289812
96.65857863797976
93.68718669220699
94.50563580781414
92.79826365125197
93.84853858956757
91.385951838048
92.2257736029305
91.16629403341149
90.79739609186234
89.59506831355165
89.09049351138893
88.26084607745238
87.94476872242633
87.25940839678036
86.98435300015211
85.99251019937556
85.65230135303473
85.72748707168927
83.97242363212467
84.59971697392086
83.43147943471247
83.43390667659432
82.39048047426971
82.30338556229856
82.01043315604822
81.66991733105257
80.5201764069787
80.0664308518747
79.7821681981959
79.11914388441711
79.73311021351441
78.21923812510292
78.81101398329177
78.05231719540066
78.38530028352365
77.02229943151096
77.22798176187683
76.30647401733735
76.9389742827554
75.85821639046718
75.39016956685037
75.18432111396783
75.03327866387124
73.68191072690632
74.08585277869716
73.99032485441828
73.79715267963911
72.7727725418152
73.68271806702157
72.9587882809606
73.02511099504521
72.20022241894088
72.58069947088623
71.7494894690865
72.23594280553905
71.29361976219714
71.43162673823586
70.98772892572165
70.61169435231547
69.97220945044756
70.03449065744498
69.60792924505277
70.13634935961375
68.9971786197069
69.41446522112105
68.7118467626564
69.54516901792073
68.58802726370875
69.2328861089044
68.26061975060968
68.66569132648308
68.05903094402655
68.39687023907234
67.83292433005775
68.40337838987935
67.55349964476379
68.00953516062447
67.2359067074336
67.91882738403093
67.07768276669199
67.3231861936629
66.68853570355897
67.32852101937473
66.52343702651133
67.08672498065657
66.38623088092012
67.05318938836598
66.28239132156982
66.9151908869756
66.10726364547301
66.94146399656286
66.05962374175336
66.849920145589
65.94907470141841
66.65611802005368
65.8394119178668
66.59314074394801
65.83066635148039
66.4505421591436
65.72333288745484
66.2231993466869
65.67381390713832
66.32941645599709
65.69730779859091
66.1163492049659
65.55725087057897
66.27065992572881
65.65847234515533
66.02294434444403
65.55312621936429
66.2100989156568
65.60353345304631
66.1133825095269
65.5436609878036
66.16222396217394
65.56158260332163
65.94757041822301
65.55932106509557
66.08785923694869
65.56472059109832
65.84146356072073
65.43413202624566
66.00256240493282
65.45432062103555
65.88106397061813
65.32823374573688
65.67909702516198
65.38826618150446
65.69447720936772
65.16937061842599
65.66920397180111
65.30367637420206
65.62591456919468
65.17878067703555
65.63284874080027
65.35664964583883
65.7891793366304
65.24001576393715
65.49048982416394
65.26811340929645
65.49869237481572
65.18897691157679
65.31727738467745
65.2495718814271
65.43344092219881
65.14835866446579
65.22977903935396
65.31338631415181
65.4140531548489
65.21321897171921
65.30629600386293
65.23195296522064
65.39430193827341
65.06882294556829
65.32166704857701
65.11975527834339
65.46420370239306
64.96918646098456
65.22992601508946
65.10926472011914
65.4280574067606
64.91588338202631
65.184124971223
64.87178995370832
65.33019986024142
64.82014757195981
65.17418025298058
64.77605117452894
65.35058663451522
64.85553629926767
65.16340915922086
64.80853597583439
65.40133853603056
64.9624812485303
65.03754938245463
64.83923001345663
65.23443382117792
65.01883215934495
64.97415772657939
64.91750969180977
65.17389080967452
65.0388998658181
64.9258924076123
64.88878878229961
65.1914339300169
65.09303793289098
64.95082057102906
64.95199538056146
65.19364740960135
64.99883131251723
65.02297129875579
64.9511955316309
65.29855985843851
64.97965180024325
65.12892845869844
64.83677135537269
65.09352468464392
64.87040242286196
64.95984889589559
64.79867897249083
65.11433352584766
64.9967699746207
64.96985148821449
64.97489320072545
65.14384630455874
65.21770645215948
65.02384725370949
65.13156590343648
65.11810825855348
65.2147397641873
65.01262531756032
65.14851746209833
65.16841169824117
65.14108946420146
65.01765578344086
65.1749759854099
65.1048281111073
65.1002475613721
64.9977180909754
64.97850899852506
65.12667843017029
64.995039320467
65.06643189841024
64.94998001114746
65.13298882519575
64.83407206969024
65.15139758297904
64.96049921799496
65.24440039686917
64.69899958983456
65.23898875364378
64.9022666930485
65.30104870563873
64.63674836167849
65.29844498928082
64.88716686786769
65.27152624021025
64.54840781717937
65.25588433064077
64.97189415895397
65.18865921454756
64.64431799329863
65.25246217745277
65.06401042713136
65.16555225641487
64.79445536946533
65.22323291362156
65.10059152923473
65.15071121804225
64.86325169170654
65.04938379435052
65.1903739627946
65.0438181592044
65.02417313551224
64.99637797030161
65.38219178787806
64.94055385942124
65.26144099004915
65.0211952633296
65.49581078806344
64.8916367632611
65.40100898758831
65.04233196677697
65.5799232004606
64.89697497378869
65.34271811784141
65.01933723263507
65.50252373016158
64.91708013713126
65.2442412265368
64.98170914438889
65.38058457006954
64.90841361895042
65.29382791788565
65.04160495268411
65.40843486635889
65.03723468637699
65.32445683312879
65.1026962212334
65.36677129423144
65.12601200503534
65.12496339517642
65.1572260122597
65.27403760668626
65.15452475222955
65.04396111752285
65.26940238454408
65.14900477321171
65.20361652588521
64.98095755555906
65.31425725276534
65.00961330939658
65.29470517900045
64.87628651447802
65.28813332886047
64.86560961494986
65.28549298814588
64.83010985513754
65.32281171633008
64.80371888143507
65.30915532239332
64.81735363262712
65.22453838293283
64.77928183335025
65.26058246504671
64.79568986314112
65.13537687361585
64.693194948483
65.18064158922317
64.84956608729252
65.11130854084468
64.79391235783072
65.11186276401851
64.99561053284022
65.16295228176999
64.85005164567178
65.10476102680106
65.12350482813346
65.2163282856401
64.95164798306016
65.11353936186642
65.22415024236531
65.10114516269678
65.0878722148984
65.0505799322096
65.27800647824532
64.90051073944905
65.19545016003426
65.00440247473833
65.29614679441174
64.78105239577376
65.32457940895726
65.03185351053101
65.34182858940889
64.88319070272165
65.31723606286923
65.0878869248604
65.22257843008009
64.90217633832198
65.1333730152727
65.11679829820486
65.16987528489905
64.91909775913503
65.08449422291342
65.16241063773674
65.15882787259658
65.04750659181315
65.11860178405222
65.16200466940631
65.14572634642835
65.08799244713755
65.13158724485002
65.26285222583394
65.22946898839452
65.18601764273393
65.16301891400273
65.34550288185808
65.21015145398479
65.21912976453216
65.22411174476183
65.35307970870592
65.02531532793745
65.17485641322428
65.03221383138147
65.31568790241913
64.84620775246094
65.14736714183695
64.95687924843656
65.26384441615829
64.89014279795354
65.14401654183013
65.02002877343025
65.12086363929669
64.86701669435656
65.12672058517317
65.06159946496273
65.04610111324897
64.86023491075014
65.11811521377889
65.10476218983797
64.9274240743711
64.94601887177036
65.0591282561235
65.14996873411557
64.95376357702071
65.00020080396897
65.00220031941409
65.24489091455342
64.97677181590063
65.03006162409743
64.9657350516493
65.28329655158242
64.9477439538222
65.03602778054808
65.06982389664894
65.3665510390756
64.78450616253147
65.16622354612457
65.05627080864674
65.4702844645621
64.75075147490436
65.27682083371705
65.01258279328898
65.41013905045327
64.83755087516273
65.30295267670994
64.99927250576141
65.21655256317172
64.92947971533268
65.13939494300539
65.054097043323
65.11919656407457
64.91457014923094
65.1033103863124
65.06895101295142
65.16374477271731
64.97213735900988
65.16181207043047
65.06176343318978
65.14593639119651
64.97379351969454
65.07971209186611
65.09414095098874
65.18531245009187
64.92966746021395
65.11881008674196
65.02727590279318
65.22385929927768
64.96797542948572
65.21210632498351
65.10871680823625
65.08335987418583
65.01857557024007
65.07220490120459
65.1624923656938
64.93401942066731
65.06750303008097
64.91047978724379
65.12089062398522
64.96740979666033
65.15272712837411
64.93039046571484
65.02209293406104
64.99960219026809
65.1493141479046
64.9757742183594
64.93587729919972
64.97989323510357
65.08951994048326
65.00335644127928
64.81318542761484
65.09733457614118
65.03687046277211
65.12033630182715
64.82042723869779
65.20370518109846
64.99527614752888
65.32535113122506
64.88558759270421
65.27659275396324
64.9373044720783
65.26367787482367
64.85217267032237
65.19884511785229
64.9936252558917
65.3407975368026
64.70544839534008
65.33276038015607
65.02318703507827
65.48255096121126
64.69243303928288
65.38244602196845
64.96423624676869
65.43295391794548
64.71908780049024
65.45030012403956
64.95956014278089
65.30452620308837
64.80973794115064
65.40188102078204
64.95503921335495
65.22084974064862
64.79083411707703
65.28016094714135
65.05425655170444
65.21559358206014
64.8465490693817
65.19715856019386
65.04880886329477
65.24246557678225
64.83532017756556
65.2369745703669
65.09531061983672
65.37748121025074
64.9054906763167
65.27884453007256
65.10975002715726
65.37511526368058
65.01130124947501
65.4111846647639
65.15898316900953
65.22909056259363
65.05346069788705
65.28461152749769
65.19710210608855
65.06557064099643
65.10349652144365
65.18288144926471
65.16878527434105
65.04802811944298
65.20762815483283
65.22053657301826
65.10669175596014
65.14025900472494
65.20304166932706
65.24700859907153
65.04794279150104
65.199089398782
65.16241547024744
65.21777475135872
64.9575562218979
65.22545450485093
65.10346927570257
65.24743801585262
64.91636402036366
65.24266730806892
65.0173907376131
65.340781080478
64.88972490397525
65.234560934251
64.93769424679269
65.33767811332865
64.85616703234372
65.20997809945605
64.98460987422801
65.47959049678863
64.70941971617314
65.4195522240786
65.01077472616826
65.68525129032463
64.65461750888527
65.5816967705945
64.97570444116533
65.73138277450057
64.71754607446182
65.64627437322744
64.96166257698235
65.58878634868465
64.81094979182109
65.54821990653117
65.00728976089323
65.44270933829324
64.82655223974375
65.42026639318597
65.07368623074971
65.39284068888846
64.89386287103302
65.35485797540206
65.05339353399225
65.35361066459639
64.91005677477288
65.32798888990008
64.95038862246774
65.36910616441804
64.84202264968661
65.30618373726003
64.9007664170551
65.3582095504462
64.90865396368635
65.31728379834685
64.99715333609363
65.15916805178269
64.93659469710381
65.08821953127521
65.08262088646079
64.98446009536843
65.0050627070234
64.92005609456518
65.1354112866657
65.00135558497524
65.16264415953012
65.05832983842387
65.11287372947388
65.14689656040424
65.21935913116674
65.17510080505343
65.03076259503305
65.18527472818029
65.25627034174107
65.10998500648417
64.96953143471256
65.14294535137425
65.2356994271571
65.11163333488685
64.9532919252088
65.15710150079948
65.21201791360168
65.22624302059356
64.97532735709838
65.09202817726127
65.11928627920886
65.28294853311182
64.85171246759289
65.14883073393378
65.11203574030095
65.42001345297659
64.6641931018723
65.40927955982927
64.9176014559698
65.6278019465086
64.5667778673562
65.59770916525869
64.89794280055091
65.63385977411504
64.6205029780976
65.63383438682874
64.9762520626356
65.47380705562776
64.70731701233433
65.53193238731157
65.09362775705746
65.31690585261923
64.74350227376804
65.46961638994033
65.1807747515288
65.26907642913731
64.76844673980098
65.4401184623464
65.11209941398354
65.31237394850694
64.75776559280305
65.42996932015578
65.07190968125471
65.4205627977105
64.70096391329244
65.41175826012372
64.98430265963496
65.38578870572282
64.74975115114653
65.42161316411757
65.05197054937919
65.1670865983364
64.78671232592869
65.14586443835196
65.07157976140216
64.97095150346425
64.85623930798478
64.91676209900363
65.12449705406156
64.91059130502975
65.00599883381001
65.05105394286642
65.18625432371367
65.0533848465642
65.08436964395061
65.19179599797079
65.14239298435908
65.16092928822404
65.10460460016647
65.18310931249496
65.07234666040696
65.18145146798403
65.1527718924867
65.19866699071157
65.07196373672868
65.20615233899092
65.13193343457066
65.31980410281298
65.0873228733153
65.129456679426
65.03639951104292
65.38392619900424
64.96358590560821
65.16845834897727
64.98710754501529
65.60459734262263
64.71730793421851
65.38024543532968
64.90730398854996
65.8168285286397
64.65496555824517
65.5909148553488
64.87317255770714
65.84916571140263
64.76407565357782
65.7396945938298
64.91007126162772
65.64311651877617
64.88501028609217
65.68942774805518
65.01513907657193
65.44499034818794
64.89748006795297
65.60387434483916
65.11648054400808
65.36436896049479
64.85352530778448
65.58548867494682
65.08205027329912
65.3880241637094
64.82031327533684
65.52570743324276
65.09129036590117
65.41199696287207
64.73589357172148
65.42678438827888
65.02261113544773
65.34966079367751
64.85442341517054
65.39037545282066
65.07111557365519
65.14174386110925
64.90802636347664
65.13664745783043
65.10570312966843
64.98603109251393
64.97045130043182
64.93489127411932
65.13551626791293
64.94567299973698
65.09892002556938
65.02703684283362
65.1452766915092
65.05661427847548
65.14527744659256
65.16690197647577
65.09110855285516
65.17101384294796
65.1581366380779
65.16720737830805
65.01858572226718
65.20539307309602
65.19840791741251
65.1946104415902
65.03140720755897
65.21136648456417
65.16480471855735
65.33191508020715
65.00631878671363
65.16212370716649
65.07210976800408
65.3829454506461
64.91434265990463
65.22489859106128
65.03953466011106
65.56904132447292
64.69809789003216
65.4485689224766
64.9986305795497
65.71277495636842
64.67994281088421
65.62319573185052
64.993442643398
65.69984974629547
64.7642306405214
65.7491069013787
65.02631380937706
65.53401850226084
64.88514321986177
65.66365259378439
65.13808208963445
65.35738208712198
64.89115390763082
65.57755301305329
65.25877024234951
65.29901799147288
64.88112722334597
65.54101746226249
65.21838793369838
65.27872426214547
64.84637204878585
65.4733946030861
65.24301242359374
65.35480591396359
64.77546593373471
65.40769487089874
65.19039180261849
65.32152595761247
64.86333605523217
65.40670785761824
65.2151395739145
65.17463573729536
64.96502586735028
65.2098100156647
65.24934243761157
65.02549594683079
65.03226452195427
64.98951675452953
65.28154152902879
64.98763695317506
65.15980182473645
65.0883010839079
65.25162752080358
65.09019021106792
65.19269106484181
65.2247169922185
65.1979738149988
65.19278805865149
65.20434516000373
65.21067166878977
65.13628157144177
65.22920854859204
65.19560446621969
65.23642077268883
65.11250486561867
65.232549973742
65.12377630185894
65.37367200823967
65.04727918864255
65.20173141680752
65.06096324544683
65.42877951471601
64.98535714722672
65.20690562922545
65.08596798842206
65.63049219442199
64.81233234050838
65.39732317021948
65.10266794162283
65.84642606374899
64.77835983816699
65.59557870388761
65.08440545352069
65.83765187920079
64.88833677930164
65.76077938116805
65.11125090454533
65.64355178558354
65.02614911514648
65.66967539021367
65.18240898075317
65.43138369989015
65.03353462505824
65.57425559868948
65.23738723030725
65.3350174304362
65.01833781965253
65.49827471372207
65.19938562501477
65.31213281904145
64.93057372137234
65.44144572538956
65.20883788957146
65.38385326743175
64.8291429276041
65.38650806941764
65.14564927797565
65.31582479066135
64.90314179989936
65.3888025573059
65.19329467978167
65.183647155016
65.0048192539072
65.18913868123384
65.25564762970043
65.0308902075327
65.07984766752203
64.98439947001596
65.2629911562422
65.00377235217414
65.22352808452884
65.05708248517521
65.21939519581501
65.10617088721298
65.24684036157352
65.18827021061747
65.15252066776607
65.20170352377308
65.24130153302225
65.19936395814531
65.07032266994057
65.24158579455009
65.22610155821405
65.21787400582441
65.04505849415055
65.24392347817533
65.16761525853993
65.3567005965489
65.01598489218695
65.22433700146159
65.0697083919392
65.4045696358146
64.94338248209348
65.25163407410653
65.08188744752769
65.59208382096026
64.76671484116757
65.48040030664471
65.10605696261969
65.77517045278155
64.71676025324965
65.67620450039277
65.13080042811738
65.7668444249107
64.78384654351879
65.83179950196454
65.14903071821499
65.62496707664764
64.9166883225196
65.75429130289339
65.20647128915466
65.44757086458299
64.92107696054781
65.66655637306775
65.2787224696886
65.3489288876636
64.92749674721932
65.59041365330174
65.21971459461108
65.32137729166823
64.85132191675457
65.53689117562003
65.24452149638464
65.41779208748326
64.77971824236205
65.47558219150075
65.19664604233326
65.38424240183623
64.85062702779614
65.48359308630594
65.24176582519087
65.25455866716263
64.95774211132168
65.29696232657247
65.28954068592844
65.08523144987348
65.02969849565405
65.06513843941222
65.29907143679347
65.04617986513406
65.17192307163246
65.1430910103886
65.28409291015089
65.1401301848752
65.21974882369247
65.26944917267828
65.22783117442988
65.20929853252082
65.21415771681707
65.26074305572749
65.13843651611309
65.26137587542503
65.20653734537989
65.27665805839489
65.10575241263614
65.27746050877415
65.14659594184529
65.4311479240255
65.05320049089785
65.26757022712766
65.05921342961393
65.50228510834906
64.98426713156914
65.26145226475768
65.07838267813483
65.71543697134503
64.81205778376223
65.47515636075192
65.11035255736353
65.9709806790792
64.7734945922005
65.7280151619299
65.10191703046506
65.99798610401402
64.878498904879
65.89168925392354
65.12619524365799
65.7888967365088
65.01364231360625
65.78423082915107
65.18507589558868
65.52669058236229
65.01850173279986
65.6813341114637
65.23476245421566
65.39920225375431
65.007910058366
65.60233848287632
65.18711004686445
65.36770385497385
64.93824031278714
65.55137660242825
65.20406765700335
65.47289574376407
64.83076365891077
65.50634990291094
65.13533298724884
65.45151668335028
64.89346477967693
65.55450898366936
65.17381378852845
65.3468255236933
65.00177769617754
65.37646624878857
65.23008694024128
65.15242154054458
65.07689845041868
65.110425055986
65.26345927372688
65.09291976049772
65.19491775147216
65.15345216907316
65.22389349830615
65.16135723007663
65.25317189147637
65.26003898325332
65.15276574246872
65.2199524272584
65.24097227809744
65.25589725401095
65.06949722091119
65.26741423419574
65.2270561674116
65.26269261974298
65.04115330882743
65.28360402517819
65.17039134758558
65.40571066500925
65.01887282060191
65.28161045614632
65.07098342570127
65.45742110070485
64.93967648006333
65.2709474555844
65.0771533177216
65.64542249631252
64.76666143676712
65.50937205958154
65.10097212338958
65.86286862273049
64.7225836227448
65.75165605030298
65.07415712130855
65.88611827639257
64.79477174465406
65.89388689937668
65.10191970430432
65.7008376081091
64.87922795155363
65.7871590038599
65.10474308055366
65.46434234482987
64.89942451490631
65.68338744982803
65.19604478839202
65.35056271537374
64.87604943955908
65.60114798594641
65.15688084033687
65.31519746182491
64.80998871531344
65.55297465989416
65.16384924209304
65.42125012498079
64.78319828183234
65.50474657860528
65.17643165753877
65.4548142515819
64.85649850510944
65.56207216787072
65.23096250554376
65.38075735639687
64.95535734833153
65.4231764970478
65.26634171066837
65.2040083558699
65.03946571953153
65.17618933533068
65.29746299170303
65.17251988279936
65.1535952599892
65.26749398477342
65.28487985307612
65.2389018920328
65.2237238816991
65.36510836526253
65.22781648474223
65.29118669181571
65.21198923163321
65.30248684440711
65.14194485502898
65.3437736360012
65.20711376142242
65.27535545128715
65.09371811617392
65.3277566173335
65.15100652280557
65.36473989706545
65.03411301991179
65.24230646400376
65.05620097906655
65.43736504327904
64.95008271296977
65.20836955121706
65.07781349979876
65.67779641511638
64.774773315326
65.455503016556
65.07449328350326
65.94999211000375
64.72033035457082
65.71352987316861
65.04175160689775
66.01221808427066
64.80349269367984
65.88836677728976
65.09801957184219
65.78833212094382
64.94545234461476
65.79030381499071
65.18322096656458
65.51309880539485
64.982994856043
65.67856075455647
65.24299098974608
65.37673857327088
64.95835090919245
65.59491598245788
65.17118190818553
65.3304987062489
64.91713252015572
65.54290254634569
65.18382727771593
65.42144563904657
64.83442587408449
65.47806230683491
65.13770693241786
65.38541086871709
64.86289561432517
65.51795783298675
65.20416573152671
65.34721526562534
64.97702969110536
65.42600945850984
65.25062186848042
65.21853125980354
65.08501815944638
65.16328248946903
65.23311599593676
65.1802352691267
65.2140848109064
65.23194489337811
65.20639440164904
65.25958575726803
65.25414617091312
65.36629218219656
65.13107484927411
65.33796844606464
65.23503987082384
65.35920620035192
65.04761937028387
65.42076709224035
65.22338075081372
65.34066375281509
65.03181166681739
65.40053960086317
65.20757638531697
65.37773852109412
64.99666000105827
65.29964650338903
65.09256949415985
65.39253760681315
64.8908094137539
65.25081113628079
65.09404683311227
65.59617431156656
64.7399393120394
65.48253270376354
65.10978139956399
65.82350163116712
64.70807354964529
65.72772515792545
65.0566222986599
65.86024012694178
64.7867501543896
65.88272871242276
65.09677215334118
65.69600875620185
64.92481989002405
65.79347212623071
65.21647125749288
65.44640637070474
64.98303575957276
65.6731703231307
65.31487236800709
65.31926480968325
64.99446020285102
65.59588651427818
65.27284296760455
65.27439348047979
64.92856901632256
65.53737270625253
65.27463922713392
65.30880165229033
64.83884293041974
65.41738206561554
65.21731052621377
65.31254320436501
64.82848429200692
65.44950835969036
65.25590617299957
65.28899802211232
64.95757051411778
65.37030496915584
65.32254276384981
65.15405118513543
65.07798845851647
65.11719662949716
65.34096164865706
65.12275320376322
65.23268939632959
65.20437775343346
65.368651161262
65.20142897734708
65.31618915571445
65.3844410705962
65.30204635088157
65.293708688757
65.30724145213689
65.37490201769327
65.22367806683025
65.39144028706943
65.32182478532036
65.34949630481917
65.16581727866844
65.37687569435295
65.31505629697132
65.40177121540694
65.10901172708871
65.29789279113687
65.1866720134555
65.43270098398389
64.98527499749548
65.22597878994654
65.16312707863193
65.64420938894827
64.81446047854502
65.428662137479
65.14186968565284
65.92379486777246
64.748081682182
65.68498066945978
65.03628209690686
65.99425476955483
64.84802823326164
65.86815680923553
65.09988951960369
65.79256241998202
64.9666361907447
65.7856210484625
65.23798410030062
65.51197239120026
65.06761825244222
65.67463689945033
65.35290442230732
65.36823680245645
65.09052084291042
65.59403776231169
65.2794200044503
65.31580123825375
65.03997555033719
65.53787274482043
65.24417323539912
65.35741690692262
64.88473033685621
65.41560616377026
65.17363380579516
65.30962720455166
64.85678749061233
65.44255583551616
65.20947323938009
65.28587372096844
64.9869178128924
65.36969271136279
65.29427087303482
65.14308214060146
65.09815990196581
65.09990991653041
65.30076476723538
65.11495921572536
65.25167115081865
65.1641056440925
65.30266465845857
65.19215355237833
65.33230737823624
65.33202877113264
65.23595362942106
65.26796413628
65.35967488321451
65.34655741213864
65.18537253196642
65.37744505334862
65.38061405660251
65.319513330439
65.15431439856113
65.36631372476555
65.38077842697282
65.35853429119727
65.11061544002398
65.2897535751029
65.22608156862736
65.36938321573392
64.94821947948432
65.22592000593585
65.17644315808163
65.57082077526209
64.80163345326173
65.45835439893611
65.1433133636997
65.80581197867413
64.71905706669087
65.70624477317291
65.03045407030814
65.84763890539031
64.79345563831835
65.86852385821581
65.09066608315045
65.70085332050722
64.88994690461563
65.78430368691566
65.23293095563373
65.44790048511518
64.97954179375638
65.67448317898896
65.35268200372275
65.32219913677558
65.03454121375677
65.59178171088705
65.30875120281605
65.26886347102177
64.94950339140428
65.5408111114087
65.28297612231316
65.31099021699752
64.8231067612282
65.42037760806834
65.22472420407549
65.30519128925192
64.79396430423563
65.44576670096359
65.25836416729928
65.30756836694809
64.93097742588868
65.39532771322241
65.32078602481978
65.16843031039967
65.04637879657771
65.13912190224441
65.32889050732933
65.14472649216157
65.1985520641189
65.21803465923018
65.36479198185721
65.22663800056512
65.29225050178323
65.40042320852255
65.31827974682858
65.30352785106878
65.3190756051015
65.40539374236
65.26684861411778
65.41421442899063
65.32607272957108
65.36985202150618
65.2058709538988
65.40382356576508
65.31608858625623
65.41861162663827
65.1437453870876
65.32556067267814
65.16941154573989
65.44282216823748
64.98296321433246
65.23930468955807
65.15084956282091
65.64670637525758
64.8433548712805
65.43777675337867
65.14313296102198
65.92504481501555
64.76882732939245
65.68730127522507
65.01844408757543
65.99557556808722
64.85479658282104
65.87205046218781
65.07283985281947
65.80656887184828
64.94861694361248
65.79030660505455
65.20752589233481
65.51680430623658
65.05366812060007
65.67627775050164
65.32460707264619
65.37265011868053
65.09536090727038
65.58795761262326
65.26308305974639
65.3125541573642
65.0429284648217
65.53915924153101
65.23919123036164
65.36787687901432
64.88413375951716
65.41840595716536
65.1714721676957
65.31572207383243
64.83821102481765
65.43849739656883
65.20306819731518
65.31860817296575
64.97403357016893
65.4007473043754
65.28102060625913
65.17689875599488
65.07389531901151
65.13230878319845
65.28337822708497
65.15397695066451
65.22025542958401
65.1885323479229
65.29813679027663
65.24207260636234
65.31133230239305
65.37600915452417
65.23120184581255
65.3196759352251
65.33981014059414
65.38869209418702
65.18421869045255
65.44391847952369
65.35418343342981
65.3818156957064
65.11831631435953
65.45982895502763
65.34481258311764
65.41927972797446
65.0973897006835
65.35262676564166
65.19336889154796
65.40844157431555
64.93124361195771
65.24320547211858
65.15602467169334
65.60830474383395
64.79127891206643
65.4681450088932
65.14357532622002
65.88184882080598
64.70659298024992
65.77130128090654
65.03413695139015
65.94253056471028
64.7868270878631
65.95110311205704
65.08806085690559
65.83068663807225
64.89857981381351
65.88628657262161
65.1984364753917
65.55617956027783
64.98444183479998
65.78761358964024
65.31397777573392
65.42112733914438
65.0221392745233
65.67258819230848
65.28415155134606
65.34736723810627
64.95239546630812
65.60621967015211
65.26727219581895
65.38795046302324
64.82767551978858
65.47952287980374
65.21252719925286
65.36545858603917
64.78724845768906
65.50816212504546
65.24721467863152
65.37459311901961
64.91747734156245
65.49904787898005
65.30666801587196
65.24670791772671
65.0307207559833
65.23466456742754
65.30929026699813
65.23161780061196
65.17715317877573
65.27607198559643
65.3492715857591
65.32295145125894
65.27756736121808
65.46235039200316
65.30703709390974
65.40031269213034
65.30990484108492
65.45666767768198
65.26273610862567
65.47897535629514
65.3298860238354
65.41089923571411
65.17900392260721
65.46086547918604
65.3250977351531
65.43829342620447
65.13613639253526
65.3498044535239
65.17294199304688
65.44532627092705
64.97041236077177
65.22719858742327
65.16426287728298
65.65389068723874
64.83381927313958
65.41935507169903
65.14930683590546
65.97718857061032
64.7493730370722
65.72850067030264
65.03684937434946
66.08394206072639
64.83164617138411
65.93920098143836
65.0945755565633
65.93671512316209
64.93201876586966
65.88740839914115
65.20065541067257
65.6299559982077
65.03431425718112
65.78974219836654
65.31635591420081
65.47510501573247
65.07376693242608
65.67303433132533
65.26126295519904
65.39277421258791
65.04716948126055
65.60798771553267
65.230804499499
65.4443358778559
64.89161137269996
65.47964490566088
65.16605424721554
65.3763817767337
64.83572815289055
65.5043682521143
65.19418473220394
65.37765927403281
64.97296434023511
65.50640565236442
65.27843644770087
65.24948984605035
65.08058931454283
65.23288723874094
65.2789776338474
65.23252752806857
65.22270362937654
65.25546881674651
65.29805225698595
65.32236165992995
65.32194728350521
65.42996017550898
65.23349797185675
65.40302679373237
65.34547247716011
65.43377973764078
65.19294118275224
65.47844764773696
65.35639621754386
65.39271233333938
65.11662133595463
65.47182182471515
65.34314363756893
65.41742949659226
65.10452399628747
65.38471464455989
65.19492250679006
65.41539003328421
64.93106391654686
65.28661212812248
65.14954778445137
65.60584814213314
64.79912366563384
65.48912110996051
65.15199258551635
65.86515052410213
64.70607829621436
65.75766023849975
65.03550929286025
65.92836295660153
64.78039569928761
65.94365249214972
65.09090068470607
65.84056058102807
64.8931331688756
65.88950211187789
65.18950071720785
65.56066621680752
64.98864090348488
65.7929398566143
65.3061503510685
65.42110119012428
65.03178393619706
65.67295994201949
65.29300776706556
65.33770007798209
64.96483995265393
65.609721953107
65.27229104002934
65.3841514392267
64.83933609506451
65.4800130867506
65.21506129386412
65.34972964187236
64.79122750761273
65.49962657349018
65.23463978186874
65.37018744774109
64.93148714408214
65.51347881899973
65.3229310989621
65.24556895658773
65.04942803834406
65.24756754122222
65.33135016791745
65.22724526852461
65.19053085996079
65.27909765261697
65.35791993444447
65.32030970174931
65.29085244999833
65.4618246788733
65.32442791906709
65.40454488471025
65.33468858424241
65.45775660411728
65.30926897924138
65.47829176740996
65.385037439682
65.40999998169875
65.23651941928783
65.47671971224572
65.38800207572443
65.4454370210057
65.21318289203151
65.38585297820921
65.24837757510109
65.45925217320077
65.02553088227926
65.2748381395955
65.24279168324954
65.63990540210794
64.91904020266487
65.44149207659295
65.25280191830208
65.96029575540946
64.85789682283917
65.70966415980392
65.13572957722627
66.07525062972587
64.93592959416605
65.92670828162223
65.19088674686768
65.94985398282157
65.03652192382107
65.88994175641382
65.28521868177712
65.63747561157126
65.14841526238826
65.7887214580805
65.40409854096004
65.47460785685517
65.18330485943281
65.66552996866146
65.3532081469657
65.38244286279983
65.13598139118115
65.60516690452195
65.30289030150378
65.4383006763192
64.95916676897039
65.47489302547747
65.21871800479057
65.35957505220216
64.8836818462354
65.48928562001564
65.22100513768947
65.36930976240757
65.0180101480201
65.51672442898834
65.33077857283095
65.24373945838344
65.11481223264182
65.24381612143519
65.30040390301065
65.22179197997666
65.22181613478264
65.25106443153467
65.3015974903293
65.31707355656258
65.32209478076082
65.41683618588276
65.24301253145155
65.40132767584164
65.3609929745488
65.43542998722675
65.22867105722672
65.47779350840891
65.40235906270064
65.39191018130657
65.19276647267486
65.48134050907969
65.4394141615064
65.41511475245657
65.17350402633129
65.38973668510619
65.31066663205311
65.40152150293517
64.98309721797915
65.27961511395739
65.25693777150049
65.56965822914437
64.8795789032193
65.4661955564245
65.27042334027752
65.8533275650511
64.7965333725022
65.74029361627429
65.13949453635419
65.91996742361319
64.86491837946141
65.93140870427982
65.19254038525789
65.85221439537881
64.97962452966472
65.89243098974248
65.29299344477823
65.57078547960782
65.07840764317706
65.79168703423692
65.40891018543635
65.42363389502938
65.12883359009183
65.66642395084568
65.38293948992631
65.33161357068401
65.0467232854182
65.60928044366005
65.34178471516688
65.38009784281778
64.90048083436373
65.47764020253737
65.26663127523126
65.33788127031801
64.83227530669117
65.48598788271231
65.27392377669815
65.3674520317094
64.96563399835568
65.52543551070022
65.36277957339296
65.24353784939038
65.06881090879789
65.25782150862473
65.33567710668052
65.21941774912634
65.17393757907706
65.27333116956443
65.35525085876083
65.3138759053251
65.2836987956727
65.44487864715188
65.32283657198414
65.39443338005262
65.3267611940097
65.46279145541708
65.30512134517343
65.47601796021122
65.36875864327841
65.41052953688659
65.25274608664083
65.4844432335023
65.4125003705718
65.44397382102225
65.21588332738543
65.3942970919863
65.27557965072478
65.44694855020299
65.02191451376238
65.27278771274564
65.25364525053926
65.62022193037147
64.91963042986619
65.42517096873928
65.26867086011505
65.94587877949691
64.85968718388783
65.69521378182604
65.13957283217862
66.06949627795703
64.92378169641667
65.91469184677628
65.18993390661164
65.9657627852104
65.02523978065467
65.89518812173203
65.27113099267221
65.65402185458346
65.13562493064494
65.79460349859282
65.40114765072623
65.48314799200429
65.19925116857875
65.66754601233254
65.35847303582639
65.38218521639794
65.16125778211538
65.6129962246323
65.30217232765801
65.43684570575456
64.98630570429266
65.48036421263893
65.21493685372162
65.35783925165389
64.89483777856756
65.4818804070427
65.21217902184574
65.37117676447033
65.02086829323605
65.53156752347077
65.3236972054251
65.24608701685804
65.12517130492334
65.25809911549467
65.30017928267664
65.21816128820653
65.23341008540862
65.24573442409519
65.30155223241701
65.31056252089546
65.35917268226048
65.39863620680765
65.24091933891098
65.38899952627663
65.42477489186544
65.44103393866273
65.22653111727345
65.47651369182763
65.48424033026242
65.39252693592648
65.18507780591189
65.48933341153626
65.52256326250065
65.41339707881752
65.17170050345545
65.39923965387914
65.38978882669066
65.39376107164922
64.9817017692805
65.27711245353584
65.29253044354344
65.55153247863231
64.8819769087654
65.44687805333658
65.29951482020445
65.83496233496041
64.79626182909595
65.72628046874154
65.15067430301893
65.91001776010971
64.85318212012146
65.89218884573445
65.19084530473194
65.86249986009138
64.96912328160155
65.84386855035362
65.27657775133319
65.58159368140635
65.066224266196
65.73559100787153
65.41042386665612
65.42511208194598
65.1595444878306
65.63652316414367
65.39953108287506
65.32731041613539
65.1408256930343
65.59759673514547
65.33915562335383
65.3747078700836
65.02439105401383
65.45456354615918
65.26551950897276
65.3305081947324
64.92138601526459
65.4780611581016
65.26793070147723
65.36451177454937
65.00409128633667
65.53797548421457
65.35323218821324
65.24291369415953
65.11442918504096
65.27010894148368
65.3314569710992
65.21855373730656
65.21823404241972
65.26376910131776
65.35407499037504
65.3062580982406
65.33496977686681
65.42485483755885
65.32188964792579
65.38426852721796
65.37370296164727
65.46987029549683
65.30026970318015
65.4753174282693
65.43896880142003
65.41202199326626
65.24499198198592
65.49338796221465
65.49004152602886
65.44192908436968
65.21706092652806
65.40085237322836
65.33429538483333
65.44340407073207
65.02110886130065
65.26469978400189
65.29297759163586
65.60550146049762
64.92296312257147
65.40705989162159
65.29851091229574
65.92723140480861
64.85612809496651
65.67551679720424
65.14291286610877
66.06131231693833
64.91277285317796
65.87589045460057
65.17795947538093
65.98229299171099
65.01673007372545
65.85565625652234
65.25686755729421
65.67245690574825
65.12616840563138
65.7500107759983
65.3976143252881
65.48954356396452
65.21257294989209
65.64805697649439
65.3756754099513
65.38370528591841
65.22991244089434
65.60821943021894
65.3013127017448
65.43590429718152
65.09225283196642
65.46071454591622
65.21759093538395
65.35826831375756
64.96439279459861
65.47469403837096
65.20749156733265
65.37400555554169
65.04543542803617
65.54462772280972
65.31466916723407
65.24899339902693
65.15105563545025
65.2714007100464
65.29942349934507
65.2193874322823
65.25125426652872
65.23795801083594
65.30251572945599
65.30232463123257
65.36744767651541
65.3790439742549
65.24037941503575
65.38239205379632
65.39907004185443
65.44372362491028
65.22166373395802
65.47435940584596
65.45612455602947
65.39267327236638
65.1785401893855
65.49787874488752
65.50631371027781
65.41108708941552
65.17056621093538
65.40409921954365
65.36997821577444
65.39147750009614
64.98265167291005
65.26881010971651
65.2908335741638
65.53820204353985
64.88731846071686
65.42782040592438
65.30792280665524
65.81896110867059
64.79368175210605
65.70866485373958
65.14789561410831
65.9049906350774
64.84384537927522
65.88449918545977
65.17836068891356
65.87357681310424
64.96069378023445
65.8596467266265
65.26533512258217
65.59650930188656
65.06198961986001
65.75303045491185
65.40240107719043
65.43009741147792
65.15769950768096
65.64871732239945
65.40204589340684
65.32793856339896
65.14734779158294
65.61264434206207
65.33740474915177
65.37299031050459
65.03090721396995
65.46422966158431
65.26871038372616
65.32794243349215
64.91571367083722
65.47236979189799
65.26753022004611
65.36856557780757
64.99387418964014
65.54949882469238
65.34688637226412
65.24546277017654
65.1056863403953
65.28233692892609
65.3333509525495
65.21997696926384
65.20663479739433
65.25905857933398
65.35539257030084
65.29923020699667
65.33117612480802
65.4062994061792
65.32206262632498
65.38065722902482
65.36613183062039
65.47130838683887
65.30032160448077
65.4737639144114
65.42908667842035
65.41143442778346
65.24278534996009
65.50264850127674
65.48765695416705
65.437737601495
65.22183162763889
65.40781528911205
65.34162190803087
65.4413323210952
65.02550108983192
65.26587660724573
65.294000806557
65.59160140360673
64.93154287338018
65.39027929794955
65.3055188483007
65.90980902726078
64.85550089646493
65.66111901740166
65.15043416732672
66.05692215604674
64.90504629894963
65.86662346793015
65.17605099027058
65.99531637822591
65.0131554892054
65.8637233144366
65.2472391222846
65.68900349625899
65.1218944366918
65.75599265540673
65.38905162115464
65.49707134970102
65.21215589722651
65.64979898982925
65.37675665406482
65.38576351719871
65.23271961776993
65.61588094753861
65.299566975059
65.43339365902843
65.10260505588997
65.46797685103263
65.22138495944787
65.36009256058819
64.96605850386935
65.47038388179003
65.20653272938026
65.38007426961971
65.03592075139636
65.55290939574719
65.30811598646399
65.25235590105196
65.1432525004878
65.2852061093487
65.3027606213349
65.21967357296465
65.24046119350362
65.23228156500083
65.30472618785747
65.29700710053748
65.36395210936145
65.36336481683567
65.2423005360708
65.37584351749778
65.3923497434534
65.44706751789579
65.22428049429413
65.47353330749327
65.45075446278258
65.3916421323646
65.17858433196595
65.5065149618425
65.50496421994663
65.4068399191726
65.17218021145467
65.41192146353134
65.37968285740733
65.390342317254
64.98934514029808
65.26960902321828
65.29236348598813
65.52510056583002
64.89804305564952
65.40937305169659
65.31354903876219
65.80306953125451
64.79378289238043
65.69537854296009
65.15633581313415
65.90260218087286
64.8369917427772
65.87663299695035
65.17516570150605
65.88289835500214
64.95620966555613
65.8671246561108
65.25508394349386
65.61035407455468
65.052987176547
65.75828953696343
65.40308711581959
65.43713233818633
65.15598869827845
65.65049393758933
65.40981325329
65.33020450580707
65.15366736654671
65.61657619137476
65.33549000143172
65.3699614827086
65.03964154813302
65.47118748517572
65.27018955954858
65.32781846749474
64.91730820504786
65.46806084080964
65.26510298937536
65.37548145821204
64.98417232920117
65.55414076879748
65.34051032539118
65.24860565813677
65.09731957234612
65.29538615863834
65.33595332686964
65.21952605181205
65.1952438795636
65.2505761175255
65.3542803932324
65.296245033229
65.32669068348247
65.3911014576999
65.32134827539825
65.37276410084269
65.35876259949286
65.48023779638987
65.3021566268962
65.47362915904263
65.42338594552658
65.41060449000464
65.24308910555298
65.51005394632537
65.48327542214429
65.43328738259544
65.22582117449946
65.4163667475702
65.35092578088091
65.43823743447116
65.03175395799948
65.26853192354125
65.29495028898737
65.57795716605719
64.94243598648622
65.374403425006
65.30562846720345
65.88958315306232
64.85543796934876
65.64609045662259
65.1496660489408
66.05242073070455
64.89881397934089
65.85752431606926
65.16311710076555
66.00598238463975
65.01048619486068
65.87153304674017
65.23324002341306
65.7046017787239
65.11512669775608
65.76149696550532
65.38656609771547
65.5051802068649
65.21056087732394
65.652426385685
65.38504035158138
65.38835679879428
65.23563811295591
65.61830701396246
65.29960808473241
65.43007077497158
65.11310785166793
65.47534159320254
65.2229007070541
65.36305756542536
64.96805668447068
65.46676601861287
65.20340733652283
65.38785235982667
65.02667505690867
65.55505785971934
65.30036103447384
65.2553590517905
65.13571986992517
65.30056746739992
65.30564349888428
65.21882221020527
65.2297277623794
65.22410141587795
65.30595057125335
65.2961409486006
65.35988674235455
65.35046627620062
65.244103896092
65.37307279492619
65.38584847664221
65.45152098031939
65.22735735831701
65.47322446723102
65.44638477088752
65.39170247074333
65.18025066830756
65.51350313767195
65.50090438063451
65.40480777865527
65.17490539809471
65.42026926520909
65.38975666994568
65.38895265526648
64.99705532402575
65.27217004741193
65.29435559944724
65.51386930775624
64.91048772536888
65.39282087054441
65.31218454969226
65.78381263013593
64.79460202477982
65.68061037155323
65.157084118471
65.89863719527749
64.83198484706801
65.86998349571475
65.1608985820403
65.89096109242024
64.95204688330438
65.87606810235903
65.24277685742534
65.62479077627646
65.04890001919624
65.76477846234472
65.3958114820503
65.44454212508703
65.15023406509434
65.6546299905127
65.40955091155213
65.33316222031682
65.15974103750845
65.6200389647281
65.33597743332398
65.36698832426238
65.04792631278147
65.47937929985477
65.27086286532476
65.32871461325061
64.9200184748444
65.46551079800456
65.26108178409224
65.38262286060124
64.97516721579099
65.55584890196418
65.33166311767341
65.25048383243444
65.09074729028471
65.31087726249011
65.33750217274519
65.21860557035971
65.18581476128992
65.24196533597075
65.35445650807686
65.29558923966313
65.32377733871984
65.37912581614181
65.32230355439246
65.36942618214721
65.35394786431635
65.48435901792719
65.30464493315368
65.47102339400328
65.42124775722935
65.41144759407184
65.24704830876145
65.51710928061567
65.48087155677385
65.43162902572682
65.2314927714194
65.42421944258838
65.36292561114699
65.43616473005264
65.04106068478879
65.27267285445652
65.29692211976455
65.56631558882242
64.956368017855
65.35889130557463
65.30341591682674
65.86515355544314
64.85662374643384
65.6287391975223
65.15346956679738
66.045758731947
64.89507533862458
65.84931331281979
65.15232004575874
66.0162691849794
65.00795670735539
65.88029146907334
65.22240270076598
65.72137119174934
65.11002727304985
65.76768088206731
65.38288098073156
65.51179249207769
65.20496416717505
65.65735922502809
65.39031592439702
65.39220395483491
65.23800135421125
65.62096552573455
65.30169675349781
65.42668182552634
65.12260169098565
65.48328072972768
65.22442937482018
65.36728794154388
64.97113375943576
65.4640740387846
65.20038649363495
65.39337159949525
65.0169733737639
65.5560173512946
65.28898854259394
65.25748522272744
65.13031076157773
65.31730226521603
65.30782082485992
65.21924524347423
65.22118463924505
65.21693553643551
65.30665347855746
65.29370237110311
65.35747995353714
65.33922103146053
65.24724871949435
65.36777213991815
65.38189250754694
65.45615167748547
65.22789079644065
65.46646216896198
65.44546425211945
65.39207980657348
65.1834557698249
65.5184894857993
65.49902784524616
65.40432426969964
65.17870105425122
65.42652991292483
65.4015970824703
65.3882790495586
65.00723329728771
65.27590348561833
65.29809485631334
65.50354882771458
64.92523731018558
65.37522266751333
65.30987951351784
65.76196317671098
64.79685469948939
65.66462701022
65.1593118361412
65.89459595115288
64.82944011510884
65.86428689166476
65.14729668004648
65.89905971500879
64.9466794759508
65.88561940278936
65.22903085274343
65.6399714663364
65.04368176434762
65.77165824819639
65.39486781646214
65.4488294549945
65.14280196565926
65.66108785679438
65.41611267594553
65.33736777452677
65.16575382034593
65.62169248796295
65.33820182041435
65.36433404238305
65.05499997167104
65.48786604056991
65.27251470524473
65.33083331568086
64.92346658041086
65.46345805681327
65.25795985355319
65.38662565387314
64.96534242664482
65.55674390577086
65.32160710036705
65.25285807155542
65.0853610148878
65.32727307980059
65.340196506888
65.2208143136088
65.1779208314996
65.23504920394923
65.35297019651435
65.29073268253129
65.32132352039694
65.36751133983834
65.3236196051427
65.36893943781959
65.34976208412579
65.48389840885461
65.3044420456385
65.4618536824298
65.42038019169912
65.4118150405973
65.24961885545422
65.51879820311261
65.47822992330816
65.4304339958129
65.23688065758128
65.42883856718024
65.37424440366101
65.43431144590059
65.05098120866053
65.27798269313104
65.3002583836448
65.55512639795145
64.96993183239887
65.34398795678801
65.30223993936866
65.84038109556651
64.85571078446046
65.61207510503037
65.16104873500366
66.04060508302409
64.89338525110735
65.84149980081288
65.14511302340384
66.02740251465403
65.0048776670786
65.89125147975422
65.21537850730745
65.73915828374533
65.10703754951346
65.77573619200105
65.3763917179802
65.51783655780362
65.19931560180007
65.66557546537877
65.39267156950854
65.39705277653837
65.239884325946
65.62286388974002
65.30537739463605
65.42304947901107
65.13114328914337
65.49270224670288
65.22756880805022
65.37262766206825
64.97523509308283
65.46318695548382
65.1983677272217
65.39455472749054
65.00818961461992
65.55756187127214
65.27798647051334
65.2609559085955
65.12588346853819
65.33657894796713
65.310684803873
65.22418969484698
65.21462857648388
65.21191323056615
65.3070587737217
65.28526755826299
65.35604010351693
65.32940672541356
65.25073885221187
65.36868830683136
65.37888228945957
65.45392102061409
65.22811617005995
65.45677828580287
65.44539713777411
65.39336124246279
65.18554644035791
65.51922312530418
65.49761666101827
65.40488239881405
65.18287229472526
65.43141699403671
65.41333343955893
65.38886804561098
65.01824499492504
65.2807459811669
65.30187259767736
65.49393220820674
64.93538357798379
65.35947163934757
65.31060197301932
65.73939692658853
64.80019018635885
65.64749872065882
65.17030985780114
65.8915539967008
64.82830266875067
65.85520905203308
65.14279901383368
65.90721894122663
64.9407059200225
65.8968805263504
65.22349009672145
65.65611779766581
65.04471896933588
65.77910531346619
65.38821647573513
65.45383044013532
65.1342074118461
65.6703643292443
65.41645736035852
65.34221828905672
65.1694439435221
65.62450391023603
65.34233963367446
65.36005101498063
65.06208968661218
65.49821411987274
65.2759706038516
65.33354679391645
64.92760379565225
65.4633732894168
65.25554212066578
65.38384510091515
64.95684398222932
65.55910769871846
65.31109170036034
65.25646186839207
65.0806179305602
65.34675072496259
65.34153839344451
65.22623599665305
65.17130514216774
65.22703662678765
65.35053869553877
65.27895178435146
65.31842010014223
65.35836708363654
65.32521662018148
65.36960788266265
65.34679209183543
65.4866084866007
65.30442794464872
65.45036564789383
65.41910898905009
65.41544329071999
65.2525502730368
65.51823381501154
65.47643743937964
65.43239491153376
65.24214667589017
65.43372905522118
65.38521549217394
65.43445909411874
65.06178750948821
65.28301198553734
65.3017331188641
65.54490129520451
64.97715657256968
65.3301639595378
65.3016672605494
65.8145974000892
64.85539846356939
65.59525006948813
65.17119964701473
66.03474288675628
64.89237715068161
65.8286512911118
65.14079120966905
66.03569349343738
65.00022722506252
65.89862538729598
65.20973222560269
65.75626580943806
65.10567828392846
65.78174216907657
65.37213572177487
65.52300302871261
65.1915587920548
65.67354893136103
65.39485559747972
65.40110676965593
65.23963523540367
65.623688328477
65.31205112715995
65.41699098370337
65.14178340136459
65.50147769231047
65.23472592448623
65.37723381299564
64.98179259159582
65.46048960272829
65.1995333956291
65.39047851095089
65.00347579076022
65.55788229162253
65.27023576461131
65.26460062967709
65.12596909185038
65.35434901421026
65.31809068025883
65.22996162804981
65.21492997523976
65.20576344291793
65.3127113917235
65.2730806211041
65.3595317235492
65.31909129567428
65.26570623029879
65.36829656673505
65.38996247898564
65.45498894610793
65.24453380642137
65.44475650165131
65.4635687692932
65.39496486970724
65.21042850047527
65.51767015347484
65.52316347182101
65.40551180399463
65.21721410609908
65.43734331966499
65.46266688453038
65.39119175368309
65.06666911571251
65.28628928942226
65.34160283199168
65.48448616735784
64.9730748377474
65.34446438200426
65.34676287130203
65.71635149193898
64.83423461426601
65.63061362920425
65.22187760420212
65.88885363413766
64.84916076527252
65.84407736692233
65.17241690211802
65.91206211313914
64.95043142629707
65.90164113494932
65.25100752614233
65.67139675779404
65.0639587046954
65.7859990887148
65.42715926815222
65.45856159348382
65.15896871699839
65.6791923293474
65.47140909305439
65.34629821756295
65.20043794883637
65.624989289295
65.4102170701154
65.35454364569385
65.09872675260645
65.50742949051512
65.34952060506163
65.33578513090359
64.96595100164492
65.45976504791912
65.3316692706163
65.37970630798513
64.99376989231001
65.55857675079139
65.38005575130244
65.26032292172755
65.136917683957
65.36445878109438
65.40976029742782
65.2312227985374
65.24813989716517
65.22263826986442
65.40490794999018
65.26817300870145
65.4130268758578
65.34623630562245
65.38356835012597
65.37055951793462
65.45903661332048
65.48717252040935
65.36487908925358
65.4387726627439
65.50906303921029
65.4157738853945
65.30210604475097
65.51645617643909
65.54475270275542
65.43019370225812
65.27636783628431
65.4394170737355
65.45582070511479
65.43671601463218
65.09763865010032
65.2894077947494
65.34100528846272
65.53364891229418
65.01565786534728
65.31701289548255
65.33732745427557
65.78921242101059
64.8872437487405
65.57968995757935
65.2232993405214
66.0288603298398
64.91371200196731
65.81465870308813
65.17124561511707
66.042740527646
65.01116574114289
65.90459739736002
65.23700242235364
65.77517999407115
65.12900538453587
65.78986331067938
65.41101122177288
65.53036568940996
65.21615984917024
65.68474879428811
65.44981655822097
65.4069741025063
65.26707779799179
65.62655566213304
65.3795468740961
65.41268990045104
65.17937480146136
65.51237418442484
65.30832279367037
65.38312162960486
65.01848425712458
65.45950428298232
65.27347931653784
65.3881067385457
65.03675850496776
65.55682327078796
65.33334614279686
65.27066654987985
65.17607076680996
65.3747899319551
65.38056643987471
65.23553248346042
65.28522576764117
65.20326010050826
65.36096779511918
65.26590995660047
65.4446917661023
65.3091656625126
65.31461682724324
65.37179985651329
65.48999147469235
65.45537923082229
65.28875864076485
65.4341708270887
65.54200961743724
65.39819171133357
65.23054111301221
65.51596114597034
65.57193833627905
65.40591830258114
65.21252257077413
65.44216428007772
65.49235156809627
65.39613992510525
65.05930390439356
65.2931609285429
65.34581683204767
65.4729688415288
64.97364946812743
65.32988088698434
65.34470806231583
65.69428293236118
64.83943157738535
65.61388438745058
65.23426552676945
65.8863891945303
64.84894576571335
65.82968726754946
65.16835964552305
65.91476289254486
64.94305397346926
65.90734221616903
65.24128171971583
65.68834918558973
65.0635207498571
65.79237642357744
65.42097813204951
65.46553097404349
65.14958290760656
65.6903628226512
65.47392618591137
65.35262837844031
65.20169372748272
65.62649987292968
65.41597177589455
65.35156527197229
65.10770983417645
65.51471314341714
65.35724924607993
65.33900506467359
64.97133610058431
65.45798878034088
65.3277174122996
65.37807058660854
64.98516804114908
65.55252224002382
65.37120489663441
65.26801728188985
65.12737877785293
65.38320953633671
65.4115373733596
65.23608447547961
65.24220253724876
65.21630262951592
65.40256268005166
65.26456523842859
65.40394183339212
65.33499949747196
65.38602075205404
65.37023821590466
65.43188327717178
65.48741511686102
65.36515706221722
65.43038455016732
65.48905459139706
65.42106919125618
65.3128168175472
65.51552712555143
65.53051189265615
65.4298011155494
65.30070362801835
65.44452918280494
65.46120881303732
65.44106302678136
65.1251383949647
65.29725517528739
65.3409161618001
65.52012450176652
65.02444633401028
65.30522429447376
65.33280929437215
65.76530756463377
64.89000683436498
65.56343662967399
65.23434231589042
66.02230430536125
64.9129746634426
65.79919561208443
65.16711278392776
66.04801210023446
65.00395287459729
65.91011799806151
65.22846792764567
65.79391997096172
65.1242395668326
65.79513987385826
65.4011843615342
65.53861028759667
65.20811461566373
65.69589216087614
65.45502822500856
65.41284000418419
65.26515010313072
65.62619614775346
65.38656843060741
65.40945772440254
65.18870120379287
65.51700264023002
65.31756412107987
65.38885706615733
65.02439853050043
65.4559943478995
65.2691310814157
65.38578004847616
65.0290639037413
65.54825098846858
65.32278077192466
65.27949009756632
65.16719950533127
65.39161647439866
65.3827283066232
65.23923788232737
65.27882968137439
65.19740005972228
65.36044705729324
65.26153458923463
65.43518999705024
65.29883703015024
65.3190406291816
65.3684972357917
65.49070245987122
65.45237280547849
65.28851055321425
65.42753102549564
65.55368842119415
65.40449900778293
65.2476397877594
65.51527797610945
65.57920488146549
65.40625129325174
65.24120156997208
65.4457061030099
65.50010530628649
65.40268402298292
65.09484789804385
65.30211497265101
65.34798494032707
65.46019610286908
64.9902133055519
65.31767388797205
65.34088774421961
65.67372002619581
64.8460610256258
65.59740500670402
65.24478421341058
65.88416403601106
64.8478266847674
65.8155406112885
65.16386589837653
65.9167968978684
64.93474059062784
65.91265642204525
65.23265665211443
65.7051026240024
65.0591378511304
65.79820166800681
65.40819873123425
65.4730825679248
65.14320119257839
65.69965541325064
65.47973905897503
65.35754907272803
65.20304309955942
65.6262807602021
65.42166142826014
65.34923175816434
65.11349023657282
65.51927318380297
65.36694661668483
65.34253376587209
64.97808960743149
65.45261902954084
65.32309740469496
65.37499311253187
64.97825199978983
65.54407565392341
65.36388623811612
65.27778995795086
65.118380548362
65.39996393736571
65.41381431486433
65.23742203942608
65.235727357352
65.21201015498372
65.40124778743014
65.25582524000274
65.39857770316715
65.32491403843021
65.38882372397632
65.36704162740244
65.45664769539725
65.48330360925424
65.36467777244282
65.42521693103185
65.52345290158692
65.4302255118752
65.32007255272046
65.514186663863
65.55012724136579
65.43094330056371
65.3081070914213
65.44537349596007
65.46876075697878
65.44894405911839
65.1389557137402
65.3046480960749
65.33421918406178
65.50824836553221
65.03110938639436
65.29451656134323
65.32586634955452
65.74339016646981
64.89378465742624
65.54874597397806
65.24334564811355
66.01504231530511
64.91048943100684
65.78669638999511
65.16218214357458
66.0528761416946
64.99476051012279
65.91996746330645
65.222668305976
65.81280944786924
65.12103569306481
65.79864106657055
65.38936235078253
65.54689720588591
65.20292802759322
65.70055464151473
65.46395764819007
65.41835080138888
65.26261034971067
65.62003594944183
65.3928444882563
65.40635698059603
65.19429574953536
65.51582219521057
65.33069583554823
65.39488008612857
65.02958885566616
65.44344497067671
65.26652110557497
65.38172281586624
65.02199899626481
65.53633063316484
65.31395089086988
65.29025340158839
65.15986910882809
65.40602883134478
65.38312444312203
65.23854592945847
65.27451611194279
65.19685259588047
65.36067798682576
65.25017930201452
65.4306093713627
65.28939642225387
65.323407464134
65.36543860408767
65.48666974675159
65.44824006305096
65.2867971444875
65.42387603086479
65.54722567184471
65.41555869300983
65.2540983536325
65.51347289533479
65.56708288585169
65.40948904331732
65.24496920338605
65.44645878444315
65.50175217918002
65.4125629916215
65.10897187853936
65.30926571240035
65.3425496659944
65.44988764217068
64.99537943714544
65.305951403569
65.33333647820805
65.65577524983526
64.85374618996156
65.5825665514787
65.25199764273948
65.87925707668744
64.8439161199244
65.80528920320508
65.15831345961517
65.91875613367856
64.92640087296682
65.92208301850926
65.22758342422547
65.72184393042365
65.05574939976235
65.80170330651005
65.39950142398575
65.47934421635433
65.13924032636244
65.70306395388246
65.4894659640079
65.36262609821569
65.20353175418091
65.61911185238712
65.42530777266595
65.34414298718407
65.11743293941016
65.51855828879178
65.3802366708728
65.34547059908374
64.98257451050682
65.43929231024701
65.32051325777184
65.37061327481048
64.97110643126493
65.5306695969855
65.35738229512536
65.28918804853211
65.1108358512835
65.41309254995824
65.4132735830455
65.2343624417645
65.23025852363382
65.21246291496642
65.40078529800175
65.2476024993009
65.3894096883266
65.31388512863629
65.39151798335587
65.36170926735181
65.45424063623207
65.48229322613166
65.36241866498997
65.42380956122194
65.5180374448579
65.43998304302637
65.32528712005946
65.51411203183798
65.54556418352061
65.43106186267572
65.30798150875222
65.44895284495502
65.47855093399303
65.45584373519333
65.15406382158126
65.31417762196713
65.33074174325888
65.49738360515413
65.03718350926964
65.28605785324656
65.32305582986591
65.72417972270162
64.8991144815911
65.53360910007021
65.25394955240104
66.00646443044447
64.90614999788218
65.77230026984459
65.15754891922036
66.0582494264276
64.9875468450509
65.92215531970892
65.21970264451265
65.83214293654261
65.11479215276941
65.80534333046693
65.38324584742008
65.5548208337539
65.20014623431368
65.70575132364449
65.47151029577353
65.4239365879868
65.26165354224743
65.62026104527322
65.39490693422634
65.39992009607434
65.20244443492145
65.52355920738303
65.34385829024077
65.40020569167528
65.03576519072543
65.43741163563459
65.2648397076727
65.3777663426198
65.01663542216147
65.52728943437326
65.30754615920678
65.30314476872735
65.15172774719088
65.42114842441934
65.383530513038
65.23503369881455
65.26600802065563
65.19961204089698
65.36188309927695
65.24586335567167
65.42146286976154
65.27985712011805
65.32831481630339
65.35656668724589
65.48569543726944
65.44683004670975
65.28463205933237
65.42403915652729
65.54239678630677
65.42382958919556
65.2549426470656
65.51504834585054
65.56708862522734
65.40685614078764
65.24375597175624
65.45192524868627
65.5123413843798
65.42009088763999
65.12464403042394
65.31957070621343
65.34526347630052
65.43900191347251
64.99883970344382
65.29711178837117
65.33206704745281
65.63975014759579
64.86260767416157
65.56760741889217
65.26164940227898
65.87485092387274
64.83944387821492
65.79306972814264
65.15419621057944
65.92069939310353
64.92050930663777
65.92258619571233
65.2254553620235
65.73964938193139
65.04500379185309
65.80915033242891
65.39175970707335
65.48650240998018
65.13643121028979
65.70826130578568
65.49489563835054
65.36815312558464
65.2060256196694
65.62129558871518
65.4267017867204
65.33847706085645
65.12423915407034
65.52835425382422
65.39272261317114
65.34722913606646
64.98953898931344
65.43546443127916
65.31863491986066
65.36468262194175
64.96674516359785
65.52446290030461
65.35315373273062
65.30265486625296
65.103172956739
65.42943960979298
65.41442184818622
65.23013484541863
65.22240844896073
65.21376145798233
65.39951264497107
65.24081791799115
65.38016957945297
65.3046091550193
65.39460625756455
65.35195218158597
65.45322293547584
65.47718489885082
65.3608178055103
65.42420674527708
65.51302665674547
65.4480936388548
65.32503589224645
65.51597904821897
65.54535747239873
