198.06210590575364
197.74854091990989
194.91485635751582
194.13058802158068
196.09200123948727
197.91536318926165
198.19749696456375
199.44692418760783
200.28852928626958
201.9400996380153
202.78127178591467
204.23459389101046
204.88067576136453
204.95482739606928
204.47457413808957
204.7784480820299
205.52744300214192
205.97355793819338
206.7271719259447
207.46066856338538
206.18175913731372
205.95133188641722
206.7534922655877
208.40093808536906
208.9554646810803
208.71478237358076
209.43359921448155
210.79061547463976
211.90147699590725
210.99809073774165
210.4603801433142
211.42030438537066
211.75874303204068
212.19228124450734
214.11585477570586
214.66310900325036
214.84358699986404
215.16583186818826
215.2230268822802
216.6482755396514
218.48514907695125
218.9701428853863
219.8250230966438
220.13612931975777
221.25579060019257
221.53265879920892
221.9382783027883
222.94253258407943
223.94043373269645
223.84958881578888
223.49315570632274
224.2286957869051
224.303959602629
224.81098970995242
225.6377160737259
225.65036539796674
225.24442585317698
225.8624955839839
226.2483582565523
226.2076509908931
225.46332872569005
226.3103000910674
228.44312960276642
231.30661438422698
232.47419316592143
232.4811405955416
232.8814154661405
233.99152788021146
235.12913718579972
236.45794843672994
237.08208635678676
237.18210036712856
237.73842319591824
238.87036004125628
239.88630956220757
240.53805616498957
240.98139024337559
241.06797302573548
242.15023843494802
242.0865177906801
242.58371184986277
243.17579341378368
244.2794717605506
244.83851325874173
245.77897370560086
246.85611194979697
248.19893968348
249.61788764569593
250.1874876155922
250.3781991556429
251.1309993651969
252.3132394260985
253.01074627459943
253.28718217475884
253.39332022254857
254.85019578229094
257.28704701028227
258.9632078729982
259.8203893403209
259.587314575798
258.9446430783199
257.8701470041675
256.95745566856596
256.6996445669265
258.0471413719579
258.86405667075906
260.8252740853804
263.0548196185827
265.57147344841496
267.93413089308564
269.5470847519341
270.44991804745155
271.35601163327505
271.46702251249707
270.2467979464278
268.9770272059856
268.8846285836778
268.25228714480295
267.37405006438775
267.89449788318774
269.53538260813536
272.75266363676263
275.63278979575057
276.9617542785532
278.19479155382766
279.4175761867394
280.22843364305567
280.4556866985457
280.25935255454004
280.06495052125996
279.60531636968557
279.602122768997
280.1317322384636
281.1240640796426
282.12322346587246
283.025982025745
283.7696842676553
284.5012841360467
285.16983899621346
286.03442112095274
287.3924353824386
288.9800948601672
291.2480819409601
293.9019593108289
296.1652627817541
298.2436737579697
299.4892683918363
299.5072453657192
299.27238138149085
299.3845356535388
299.32147841732126
299.3616140394121
299.87994605793614
300.39634719655766
301.0389215483961
300.4089485678748
299.78058626449706
300.23847172627285
301.13746110149617
302.06708417545946
302.8378888534863
304.2987439208173
306.02611732317234
307.39672325854775
308.2355971021841
308.3538895826859
308.092757952551
308.10557060529106
308.65399008699524
309.50972839081385
310.7668429043362
311.35802757175526
311.95401200051396
313.32244826178174
315.3579718685403
317.2279528259271
318.85234533000715
320.75901618379936
322.6644391562461
323.46942920780396
323.6540838168586
323.75515942423453
323.3028242252619
322.8042064908919
322.39371937479876
322.84941573493217
323.22421526943253
323.17859826145394
323.8535431556864
324.9170373705985
325.74579556989033
326.75902721749844
328.18934385627966
330.10347858088375
332.1416274660061
334.31769260915104
335.9074628316024
336.7607511859191
337.11539660961864
338.02710931644754
338.51380261087417
339.0252431776345
338.7931752894132
338.6927472356135
339.74274148326185
340.8173209315154
342.1996780810547
343.69547649568705
344.27592549518926
344.26543081082957
344.249460075325
344.18530177702786
344.0006519543358
344.14834824981864
344.79980604663297
346.16643490071453
346.8628072133583
347.18395280089135
347.18671328305464
347.47250111374143
347.65708857724894
347.5829552980499
348.18588994588146
349.6493965150358
351.9437727013631
354.02615451732675
356.5638930972542
359.07701388554443
361.5707514132235
363.73632807270525
364.78826052997624
365.17004680845923
365.92624219776593
367.54585639676384
368.06060118675236
367.6040237739819
365.91604933714876
363.7526455094562
362.02001983738757
361.05299722045396
360.82791501465164
360.8310071418281
361.3707337885373
362.32677542030973
363.9437622420709
365.89985725959735
368.16233861660766
370.0323044473143
371.85495504635435
373.2033236221064
374.17482827105556
374.59738978489685
374.39605869850266
374.44681874136757
375.03042326369246
375.78137968488426
376.46843665386183
377.2760931294235
378.5402873720392
380.72949206556206
383.199317501053
384.76776037868325
385.91852205174416
385.47439294535235
384.52848037297906
383.5606877785936
382.9419527606308
381.65993318684247
381.1084077705946
381.1983348963817
381.81706284002973
381.7824184075195
381.95002336991246
382.49683359001943
382.7704112072187
383.3438638158298
384.50351332890267
385.84428018600954
387.79133915395374
389.888347366526
391.54784252296605
392.0096675382267
392.7509384668157
394.60446246862534
396.4165628124755
397.05908869001394
396.6892970015662
396.3636235998065
396.16126866083215
396.2314544375098
395.5952810449414
395.17837352698103
395.7265570752304
397.1010223954976
398.41373101502205
399.81589335646765
401.8205930906648
403.24630595733305
403.70313718574937
404.28475483781756
404.6345888914148
404.13972431729644
403.4332828324077
403.2733513796076
403.30092534703016
403.5360182754405
403.6495797399944
403.7683339083091
403.7692089315128
404.01755672558716
404.07599819749163
404.5320920552182
405.87933500229957
407.69897615089747
409.6243007062035
412.126836338806
414.56107133905414
416.16296275242416
417.4880496079357
418.91739181659347
419.693454791646
420.2957423479992
420.7731058633866
421.4075106730086
421.6685945671474
421.8940765763307
421.67474271462044
420.9768808259078
420.3233035499618
419.6460899896154
419.65589806543284
419.98164942997545
420.2620736285686
420.38669888572775
420.8222348622489
421.47158506631365
422.3165566829686
423.04348922774983
423.7292763766595
424.6668209245283
424.93279889908297
424.9043721683569
425.2404073983458
425.34773876810607
425.8318064534381
426.5770555252106
427.46178502081233
428.47726233469774
429.9987513551567
431.6517278478545
433.1496793377436
433.61150015864894
433.99191280165655
434.3673866159459
434.36673366202336
434.59984121554095
435.14498256695595
435.5608070766323
436.3507655704268
437.4384862903294
438.0993610315731
438.92687173897303
440.1312072182094
441.17153881710624
441.71332679356885
441.1211980656754
440.7100565873404
440.65969365570135
440.6526126111038
440.6638433777545
440.6892009872768
440.48298319094874
440.5962837968258
440.51144619942806
440.78400924894754
441.5558646212565
442.7596399722213
444.4553107332946
445.43778431148587
445.8418065256427
446.0336283348214
446.97752084705866
448.0252292042505
449.03529644163604
450.52968733247934
451.1651183067643
452.1642932875578
453.3258002135162
453.9200426817951
453.52288375422864
453.12356667631525
453.00866527507446
453.3442564938416
453.4012124068291
454.02342121805094
454.9215081232168
455.63355960813954
456.2596358791256
456.9417383735128
458.18902611428217
459.9694587113054
461.3569401282627
461.3642603800125
461.01170178842284
460.05858994508554
459.09327629871416
458.32777741801897
457.50647978579605
457.3272746413123
457.3183677457695
457.8515096321488
458.63326045077343
459.76103566389486
461.2845054801843
463.311893291768
465.2001165595776
466.95922766203586
468.5312538965102
469.18881082599256
469.56943115208776
469.5656067429488
469.7746592450818
470.18303349938617
470.2570326557995
470.32518394124094
470.56576474471376
471.26560596394177
472.64324730564823
473.6616038877035
474.45624703422476
475.61591132487445
476.3374855647658
476.81492102698604
477.2662131997931
477.56248389862617
477.3443887041715
477.59748677210234
477.32467015046063
476.9249818059452
476.7942999941225
477.09710787990485
477.5414075689719
477.6776679549369
478.03166549581107
478.6060296437121
479.2305816465316
480.0941699964827
481.0060354602459
481.6052047962693
482.0004702996998
482.1050388819955
481.76178155682317
481.48651838645395
481.25172560726384
480.8073410249705
480.5353688141857
480.47911172858335
480.75007803871966
481.37760228029765
482.02441058331624
482.7637974672048
483.4409394373962
484.3817070810797
485.29764949813926
486.368110002625
487.45849527447666
488.7660270739574
490.12510701091617
491.3140809818607
492.32515813087645
492.8556749545527
493.5298534418446
494.13251832635075
494.07158652248535
494.1546052483672
494.66534504975425
494.7146971934106
494.96551138968994
495.8690620612054
496.7974886491707
498.10694354396094
499.6691948674618
500.89174354125896
500.93179812979145
500.5224169499664
499.87721420956717
499.6831441622456
499.5021393173195
499.6100158688406
499.70668584318855
499.86754892230215
500.4566083303398
501.10918221511895
501.6208008882922
502.21077314010984
503.2136751029969
503.98737376706686
504.0891916166943
504.2756159300385
504.8355092008911
505.38016024495244
505.5481665292387
505.13096365957006
504.834166207583
504.6079027062859
504.67623210733893
505.3506707533467
506.4621925777562
506.8240551103761
507.54826952956415
507.9536819726898
508.1274320353624
508.3530961081306
509.07285079924367
509.5010449329355
509.92011900865117
510.57254932370734
511.25114005741204
511.91525869078424
513.0160028774175
514.4611920837449
515.5180758082577
516.4065583305678
517.4053943209027
518.5895311064708
520.1336011484415
521.8741046353927
521.8975771736292
522.1427853048224
522.2618445356744
522.2585211236232
522.3118896202482
522.5091485148179
522.9906394754508
523.7320268167466
523.8608818609971
524.4460473929963
524.8022841673727
524.7660702564782
524.2338019430774
524.1701516652205
524.5330986771983
524.7606130151024
524.9989837337839
525.5192191857402
526.2804529006096
526.7008948289944
526.7970167828564
526.8171893997404
527.3060133881455
527.680746766781
528.2928319810701
529.1205084069159
529.9402978979293
530.8004095164043
531.669486341214
532.514802700624
533.5117668929232
534.3545133009568
535.1400321564304
535.5963615448751
535.7181197813234
536.1522726419469
536.5436783312874
536.7328988485772
536.663662696153
536.6025746312419
536.5024976034885
536.0441749919698
535.8416405322056
535.6490356767955
535.6272349884507
535.9183320535584
536.397087142424
537.289180843415
538.1103230364718
539.2356420046467
540.1911077692579
541.0970344159522
541.6680331500996
541.9304644273744
542.5035350201293
543.5800103460484
544.8033694213052
545.936221171265
546.9514857927159
547.8943076344638
548.938227073611
549.6694430415708
550.3606492370911
550.5737664552964
550.601782872909
550.9229274468154
551.3058171156424
551.4189018413136
551.4356055478163
551.3224919170441
551.4681073793358
551.6783937304878
552.1329107964991
552.8209433948414
552.4923547250535
552.0176817953114
551.5625173454454
551.3937928346354
551.0061818404155
550.6902945033993
550.4320030238538
550.5013728470775
550.1560605995915
550.2617951815213
550.7692538613027
551.7142506334428
553.0698815310329
555.0760192555721
557.2179278480121
559.0857876268827
560.5869611282461
561.4211367141941
562.1831789511228
562.873073279861
563.3088195332336
564.1058208362228
564.1421676088257
564.0390203915948
563.7300522149432
563.2510309084422
562.8757073817114
562.8200925625179
563.2519986062803
563.8309609891562
564.2537352077132
564.4589471815985
564.4187236048698
564.1967443444964
563.8478933683531
563.8655513470401
564.3756089396923
565.2738189194066
566.2455988041092
567.5530129716491
568.9807990612051
570.1088921397932
571.1061159899563
571.4496196233304
571.5350156436197
571.8470879916426
572.3211235145753
572.9749140123947
573.6666993649894
574.166748088046
574.918269993184
575.6868946241545
576.3318136396487
576.3306289147005
575.8183275795627
575.4923182994937
574.9118850631778
574.7646753437703
575.104778906726
575.2565036411678
575.1833438821243
574.8994566400498
575.1157209817371
575.6271181639512
575.8419814868432
575.6877591458671
575.6032342164892
575.7844284275103
575.9245122634142
576.0965687070575
576.5227216221407
576.3415491965518
576.389788870647
576.772071572281
577.345394739436
578.2903530318006
579.6600493436925
581.1569277909671
582.5992541043905
583.7239768871416
584.8996618265088
585.869542820941
586.3948108150101
586.585796930257
586.6393159733287
586.6375431655237
586.6406879663032
586.9545680197505
587.1272494961894
587.3466080060263
587.7219333126491
588.039735641175
588.2253076876681
588.2883244458772
588.3796538539707
589.0340704404639
589.1378424955235
588.658442917788
587.8333743335363
587.1878899648082
586.4632698951749
585.8824052386591
585.8075081506302
586.096821081582
586.629198133499
587.4708882105288
588.1273940350255
589.1771249981541
590.7902448126553
592.6842426078738
594.1010260009847
594.764521262165
595.4331711885019
596.4033802883495
597.2971874485858
598.1128988572174
598.509005720132
598.5621778184242
598.3421418561436
598.1383730453987
597.7857006043754
597.7414079162953
598.0069671317466
598.0509553898847
598.2702541473985
597.935551494859
598.0197149137349
597.9270679799141
597.7051930542665
598.0107664696976
598.6171879288042
599.1923351334963
600.054191178688
600.7525846669074
601.6640779802375
602.6085486899655
603.4543603522544
604.662325175039
605.8825253488662
606.6235653849978
607.1015269012886
607.3947342414167
607.9054550340054
607.8090057234165
607.8084654140764
607.8790755243388
608.1116271683246
608.4165823730493
608.6990948596356
609.3678333491649
610.2572508653377
611.50681209264
612.2238948609086
612.5575094701719
612.3275064731544
611.6501600759992
610.9176396864143
610.0855323526694
609.5211060661688
609.1371576629423
609.2551113526339
609.6463270884652
610.3441234439038
610.9667327170471
611.2920218147638
611.5276849996977
611.2868234286368
610.0742082897333
608.7828479262615
607.8252049076173
606.9094184263512
606.4721514173345
606.5651018133084
606.9118703430706
607.7695448806104
608.3758284991499
609.2048362236026
610.1691828568096
611.2119349159465
612.3613458142493
613.5411842529345
614.7590348651554
616.4006935727322
618.4529873721261
620.4554884431743
622.0035167473376
623.537495104616
624.1601505381356
624.8876410033987
625.1213207544431
625.3730984028655
625.685211667401
625.9260645968955
626.050354269367
626.1370458610004
626.3306304065717
625.6373083608744
625.160609529935
624.8961359099187
624.7371679990879
624.9691172077886
625.4530162246039
626.1362788344509
626.6486424407492
627.209769585549
627.8193228513147
628.3753185290403
629.1530359930535
630.2161638211097
631.499555697257
632.7432359812183
634.0746780269908
635.6329371622596
636.804678865569
637.2395835021275
637.1198724741422
636.9177481518803
636.7651469767585
636.9135505903967
636.8057624048138
636.8998944228899
637.3292843661019
638.24215660764
638.9347383982691
639.5961112524728
639.896232965589
640.1892864315807
639.3926940533976
638.5092790198927
637.7012925652091
636.8527742269227
635.5913240359722
634.5695713228787
633.8410637765179
633.4688588839632
633.4029000654308
633.4829483303685
633.6847908913318
634.0504457971401
634.39039838409
634.6944551765847
635.0679128950047
635.8261906138458
636.3340103905472
636.4433729966509
635.9447234382362
635.3680402670599
635.2171164264278
635.3050837446722
635.5919490633805
635.8573289368201
636.3003211581309
636.6141821998305
636.951045057135
637.5954450829345
638.5261904246656
639.6542043253503
641.0406964989593
642.0753514354276
643.2744766175491
644.8035826119499
646.1827268161256
647.3746320464413
648.6200562069844
649.7125943312446
650.2719659378208
650.4940744415671
650.6994475096155
651.0946586789181
651.2051410695337
651.4574779528754
651.7423207174925
652.3108796970072
653.0828425910117
653.9806888810066
654.3823827334306
654.2994966040345
654.0845793588344
653.8182300913528
653.6819352960175
654.039642155966
654.7167326412552
655.4370640819312
656.2932867878455
657.4180552100902
658.9954864109152
660.8577648658771
662.0585773178013
662.896649197675
663.9135491086411
664.9984977569608
666.2964794386979
667.5097737977128
667.7435290300742
667.8774578665993
668.1393090358714
668.280240652815
668.2213307825084
668.5080017090427
668.5692691310533
668.447464234187
668.1078671694229
667.8564776340909
667.8433462378945
667.7826719291229
667.6302805016246
667.4860416459522
667.3073472874536
667.0435692750472
666.8233135711268
666.4999099866371
666.0692202160161
665.2728532414902
664.8331608087427
664.5144723983693
664.2278923185162
663.8708979075061
663.4227888617235
663.4061034872944
663.5859014934447
664.1668721807447
664.6635782104463
665.1792548784133
665.9170689160005
666.2799900531236
666.9834414692682
667.5060426511839
668.0234355082719
668.3120735107574
668.1645365174604
667.8104664854643
667.1039883170395
666.5545032218952
666.3965470947905
666.2816611576075
666.182894699385
666.5517531222129
667.0418627417637
667.588684927079
668.4365192456333
668.971705156428
669.2115796992748
669.8720571962982
670.8173740783697
671.8743650950198
672.9359703069279
673.4126926474087
673.6048513856157
673.9391524075039
674.6086076270744
674.8001558595663
674.7504618690601
674.7183627071133
674.8921729067798
675.1559700153308
675.6981253616278
676.6948143698282
677.9010213357262
678.5742576205986
679.4074668571585
680.1964699184578
681.0562508660825
682.075474997072
683.3934807449111
684.6055956813262
685.3822719696641
686.2195597486119
687.2772522078188
688.5885122313273
689.9611571246876
691.3452140791386
692.4871577050247
693.3891056629878
694.1421840101451
694.6081742614091
695.2375755447692
696.0750069000997
696.687354388198
697.1426245255002
697.2773169070196
697.47614627789
698.0223994884324
698.8216407286811
699.1974724656357
699.4496961357204
699.5828107312059
699.3423978840095
699.0603200936944
699.0367576615714
699.1811132942639
699.1116489997814
698.7791280786328
698.6711852556579
698.8406544505747
699.0696149627398
699.0496289252259
699.1614688591573
699.2111507160229
698.887683719007
698.0017669153988
697.117703731749
696.2301545207662
695.1563617386928
694.379971202667
693.9793874117394
693.9277535907644
693.9192033856646
693.7882769587288
693.7308447564202
693.7808726967442
693.7744298435695
693.8928194867227
694.1956383518574
694.5778153456674
694.9187500713941
694.7568212454411
694.7355198916747
694.5712236679442
694.4535873854173
694.4441583140509
694.5622087021601
694.7011882019044
695.1308979578962
695.5517818252181
696.0434286652824
696.5998522109205
697.057852348454
697.475520372923
698.0524755351962
697.9876765187443
698.1583797491477
698.7099934974616
699.1241326799412
699.5998552043483
699.8541237494958
699.6007388769782
699.3883598504939
699.1842707406836
699.0450487799012
699.3223687331279
699.6503454185316
699.9691616199315
700.2468233056425
700.5282391189613
701.1283631215443
701.969109223256
703.1404990280445
704.3244151713801
705.6043207675752
706.8418870596868
707.9586131142795
708.4493666974162
709.2684660743333
709.9992363141791
710.8941087847548
712.090746413124
713.4581105656506
714.9860411336068
716.0783775216167
717.130396693355
718.0360362477076
718.9722601859162
719.601474472101
719.9746529666631
720.2540821638449
720.9161295186163
721.6195482233339
722.2045578299492
722.861399867586
723.6642375682661
724.4417495988932
725.4055663642644
726.6181262195919
727.658403259596
728.1406723530978
728.7858853864095
729.5254407492621
730.0001989383009
730.1435615546562
730.304978903404
730.5860022382074
730.8074425325194
731.2049307282076
731.307036735419
731.4383612140236
731.6926258065224
731.8671034350136
732.1204844726393
732.6818046799266
733.1823615586799
733.5913971677335
732.9884814211263
732.2549880343562
731.1319983598448
730.2905329403718
729.4518225837976
728.6550365458562
727.7129312346152
727.0621365104445
726.6840675121044
726.1069409181857
725.7304827381605
725.562589750002
725.6408173522977
725.3741641660329
725.0643505548875
724.7207268596923
724.1986271178134
723.553348442882
723.1028770504294
722.8360039105398
722.6684301101461
722.529872772561
722.478470021679
722.5989426036093
723.0407360835571
723.6782432988294
724.5260435593093
725.1860708714642
725.7092688579055
726.2918798912012
726.6486556525937
726.8104470205554
726.9495366850578
727.2682042315652
727.5576916431397
727.5228495190688
727.1415015291133
726.8134857201317
726.5824978440185
726.5761444767643
726.2912039319903
725.829897196058
725.6380575744771
725.7101150154441
725.7905817692158
725.8292556318539
726.0674808036349
726.3492510902427
726.8721822509715
727.7659247982931
728.9449858985619
730.1631786662065
731.1060457678602
732.0487643470781
733.1542725864283
734.2617505424554
734.833607451669
735.6030072496259
736.5536904343385
737.7340651436286
738.6870978810721
739.5003117515378
740.4853521999295
741.7543448258157
743.0433781412087
744.0868134128145
744.3787813802425
744.8101618647715
745.2430387237492
745.8760484921073
746.651567816216
747.5475080555575
748.4712605625069
749.6328158901449
750.6779485262348
751.7097719573636
752.7836274195997
754.1423639394347
755.0450889631743
755.7543388800607
756.4230551297624
757.2930584474504
758.1006299760381
758.7345400248573
759.4959282163702
760.0402948111678
760.2513981113225
760.7186674180701
761.310467187151
761.9293478046709
762.6574425003561
763.4932395583814
764.2377481901977
764.4620631852134
764.9495332793659
765.5331662692221
765.9114678761031
766.1757769042292
766.3860550686067
766.4985069263704
766.3911715661391
766.1840979107196
766.0426719402749
765.5298583955968
765.1804822963662
764.9044560762272
764.4907195782054
764.1277249407516
763.6522634846342
763.1166253289896
762.6235286812924
761.9546700947801
761.2627030860938
760.8308000361479
760.2765490932388
759.6102683408442
758.8859017187873
757.9882026785342
757.20714644687
756.6601801416368
756.317171524719
756.2253525267831
755.9089840872462
755.5339709369628
755.0539162568898
754.9053468591426
754.934264757494
755.3323162419284
755.840502796119
756.2954106632698
756.1477098901669
756.0730736091386
756.3287474238983
756.8558706490458
757.0353376940026
756.7072339676505
756.4470147084016
756.0178440726384
755.4025123382754
755.1704040593578
755.2997521348714
755.629188816284
755.9275693994588
756.2290195470481
756.5358658911948
756.4289819941665
756.2617454119764
756.2726048685522
756.2719640071274
756.1263998062118
756.3673543378212
756.9962321266772
757.8875629925775
758.5140768838578
759.1902509594131
760.0648815605327
761.142626828253
762.4168803285089
763.6124271902678
764.0490343407007
764.5017780931206
765.0421826868046
765.735473592594
766.6298067449502
767.683589846096
768.5497020903791
769.5556454593352
770.0953379577826
770.7067666093685
771.4102582768198
772.250709109097
773.068076309944
773.9797114681284
774.8328831112193
775.8407962760131
776.7821450957135
777.735199940397
778.8116034765413
780.0205586019096
781.2564042275756
782.5487288881443
783.3115220697396
783.8194776669285
784.6457594811584
785.6024686799651
786.4666340008281
787.49516804504
788.5619583648793
789.140152548861
789.6687934740568
790.49605145558
791.3437702646208
792.1974935624773
793.2251513205999
794.2860135286164
795.30494842485
796.4749283039138
797.4431391050383
798.0318300123031
798.5131464012858
799.0171924255795
799.514295046428
800.0493542726309
800.3846928329194
800.8112656536306
801.2628585844851
801.4664269317936
801.1697293212073
800.781917397052
800.3965653927905
800.1687191083133
800.0802215024329
800.0290595712187
799.875476250232
799.5733532886437
799.2992444487338
798.9006965280056
798.5975063800021
798.3942118153014
798.1499314838701
797.7889343535021
797.0098711146945
796.182771111899
795.070831629257
793.9705195015998
792.7624245902969
791.8102526269465
791.1281573164379
790.6739194411152
790.2919854530938
789.9016172685534
789.447735699453
789.0988535857415
788.622888816716
788.2896315382311
787.9944395203943
787.5292824377638
787.1292271275211
786.9879278709146
786.7063266391001
786.6293182848865
786.7715935059771
786.7625552318309
786.6205628104755
786.3150047275509
786.205871300695
786.1522322252063
786.2526151671681
786.5602107692528
787.1312765411748
788.0247719957566
788.6720257420855
788.8585769686371
789.1648961917781
789.3038134793011
789.1605706557954
788.9179647699838
788.5828453528317
788.4219063799228
788.5613146656552
788.8270396223212
789.0515232112327
789.5355665785172
789.9570104100203
790.2022789422172
790.5768152479433
791.0834475964771
791.4342690679945
791.6740383622575
791.8833507889366
792.3044691907505
792.7667284996198
793.3792891193151
794.0015825699455
794.451164420289
794.9498209746004
795.4612908032309
796.1117625772781
796.9833226601388
798.0308448596716
799.0888569478384
800.3562735694354
801.7408233932968
802.9206581003272
804.2210407673483
805.5558901411828
806.9146738581326
808.0705370759457
809.1185375335435
810.2135334684647
811.3174122954047
812.3978051973838
813.314665075969
813.7112961366951
814.2747170106778
815.04033855857
815.7286777707573
816.395507708118
816.99797570876
817.6697560291171
818.5652096861534
819.6045100555875
820.6075055863871
821.5017532133395
822.4510486692136
823.4549517566176
824.5565963274132
825.8583162140517
826.9972872409677
827.7859569353983
828.6417686416402
829.391720453238
830.2938101849412
831.192379878727
832.1805781533471
833.0252870217395
833.9758931421065
834.4438002875065
834.577027513244
834.7775728599249
835.1672838234923
835.5244567718395
835.492419089176
835.4249220224236
835.1459249521589
834.9186375842735
834.6568444891645
834.2447548887495
833.8468497863969
833.1709097603934
832.7622599987833
832.5514113939739
832.2442680769532
831.663563803088
831.350427454104
831.2404096792916
830.5613430022993
829.5042577158697
828.3908098811708
827.5429486111927
826.6398202387146
825.9673013805619
825.3999454206728
824.6630540292297
823.9124397170685
823.1323333254749
822.4748623581734
822.122851987507
821.9723491677291
821.6014028888214
820.8894551516703
820.1197071377036
819.4875044770985
819.0887664614427
819.0084205677043
819.1435617135544
819.352947061669
819.6851314920351
819.9435909981456
820.2391088444251
820.7124989098286
821.0609313697166
821.2855183780895
821.6291522575619
821.933655401584
822.1631080672053
822.1594992110838
822.0931790378245
822.1795922624168
822.4690567736861
822.5028451786718
822.5610713310268
822.7592234405927
822.9226003806306
823.1901169235335
823.0134476027096
822.7891837728787
822.5659963974504
822.1530540504845
821.9478529010441
821.8703212467365
821.9619218619432
821.9961354865343
822.2679387822723
822.4541245160221
822.6031050295638
822.4505972019331
822.2484631499448
822.1479219564304
821.7961156595536
821.5809304932436
821.4269576669211
821.5821082705183
822.071316451403
822.6609565336803
823.5184811247638
824.591114757823
825.6429604571418
826.8274506573491
828.2632537086308
830.0175261867611
831.9333637508978
833.6840583142849
835.0933722546418
836.2352890462862
837.0618627065634
837.848239184452
838.6396306336292
839.3162835508161
840.2138373304952
841.164321992518
842.1428756416232
842.745553118473
843.2317577450399
843.738636667806
844.0704687336424
844.6131756836097
845.2163803138513
846.0319091526733
847.1043278267832
848.3259657698101
849.3103807835251
850.1661211069667
851.2762914562707
852.5124683317165
853.6231644614986
854.7344790715645
856.0403474988019
857.393785845777
858.546689018131
859.6412032120319
860.453154524048
861.3680221892157
862.2980319859842
863.4543284552142
864.7660637888664
865.5595503022561
866.4881589788928
867.4742614721497
868.518470727518
869.5010116842619
870.0381573122149
870.3927022536963
870.689969708586
870.7196536492114
870.4918561706177
869.9843246864262
869.4613045925735
869.0739230720882
868.6601207242578
868.1143971168356
867.5860213048345
867.1798776933236
866.8098016833604
866.4802370004974
866.2761341865867
866.0767892881346
865.7825721079143
865.520576042036
864.8504249449853
864.0745462733848
863.1898301098839
862.5146982601767
861.8841982719192
861.2932038996678
860.7372816711384
860.421149202691
859.9321546726565
859.0585075128112
858.1944603843101
857.4919755965512
856.9882890249336
856.3975811773242
856.0439759836381
855.9192906481054
855.9061166710898
856.0466219415235
856.2180073907139
856.5304275305901
856.9052525977103
857.4153344207466
857.5261909771659
857.501993134083
857.5611222525341
857.5978116504582
857.5274103213665
857.4945885337936
857.3895731896503
857.4436379349406
857.2672235446415
857.1012358944268
857.1522892540011
857.2551853546557
857.4706438684116
857.7964189002275
858.1130654052586
857.9899558389667
857.6507949268102
857.3710959827476
857.2720408940174
857.0979595576848
856.9068389639219
856.7244877361809
856.7187007172436
856.6709107167032
856.2721556150866
855.9090367749168
855.3094691396483
854.9833940466204
854.854831403309
854.3671601516878
853.903538916978
853.126839983769
852.5067295878971
852.065735072644
851.792389946995
851.6960268803186
851.8548733515973
852.2557331314096
852.7320110240128
853.4011417361698
854.3460099970301
855.4295403801896
856.5582137355625
857.8527041420069
859.2198168954271
860.4124233893648
861.5780441025814
862.8578561027074
863.7486924557552
864.2748689429901
864.9335434968854
865.7692000602688
866.6062064682923
867.6087075875348
868.3633400265642
869.1429758600805
869.8556317697206
870.6714264645781
871.4491185172257
872.0055989493333
872.505184531597
873.0020589116909
873.6679859773544
874.5554150903971
875.629058460149
876.6509072313482
877.6644473120272
878.4427296240137
879.3216555428475
880.2793419507557
881.24030353537
882.1284536439359
882.9727969856325
883.7469269327175
884.6427506936984
885.5808371228519
886.4734306401018
887.5158512411213
888.6848279375135
889.9910293248591
891.3874611963223
892.6407923968306
893.7357667096192
894.6230916425847
895.4718708291728
896.4628284586132
897.3653665632643
898.14309580199
898.7021510126996
899.428299965033
900.2171243455396
901.2277095256055
901.9747562852956
902.3309344214597
902.2745124218854
902.4286714475404
902.2189451617351
902.0015228962797
901.7675000133194
901.4315491795028
901.3140382379692
901.3117838255592
901.3457045278543
901.5501061446124
901.73854767656
901.9701839324116
901.974235713661
902.0667050972714
901.6229972075919
900.8778647040564
900.2195749045396
899.6951096650946
898.9632723372035
898.3482352926715
897.8783348317334
897.4109237535105
896.9172535811389
896.4477190317712
895.9776212453389
895.570631851381
895.3342724450599
895.200162659571
895.1757718234077
895.3478804384334
895.6296428152633
895.9349907344524
896.3608408849659
896.8625965115534
897.0151370779636
897.2505397416747
897.5725226463069
897.9741269664528
898.1110282174283
898.0985446862701
897.9699704580985
897.5615355271684
897.2128196997425
896.9224869230723
896.6673083278498
896.4614166459479
896.3076840584081
896.3629540214552
896.520653231802
896.636165717405
896.270362601399
895.9237880386006
895.3711052326744
894.8767394386299
894.4162233059895
893.9926626619497
893.6705239784212
893.2812767699147
892.4071870230362
891.6002277698964
890.8815597047078
890.1040937285825
889.2244055929082
888.3952023762339
887.6647058630411
887.1272920901716
886.6435406635848
886.1975946963114
885.7224574662359
885.1370189366223
884.5542885986986
884.1083113229218
883.858348171102
883.567116447627
883.3305735638867
883.3821228815476
883.5734213206646
883.9406070050891
884.5961338179108
885.420173706444
886.2183547216092
886.9408341730933
887.8053547474981
888.7222643176874
889.601103857312
890.6269923756627
891.8796107832375
892.976566464362
893.4715335450269
893.8528909990293
894.3148003594964
894.9378871045802
895.5779255292131
896.1300435544393
896.6499926103762
897.2058456018885
897.9186216809912
898.5715146253776
899.3913811336255
900.2857373560755
900.8211877894854
901.3930691553859
901.9770056254578
902.659348085781
903.4905418511518
903.985998372437
904.3084275700267
904.7389983714198
905.3114989113282
905.9553104171304
906.7499936599432
907.6126771591602
908.3552707270807
909.1463391178614
909.8217390570038
910.5330228785067
911.4159055450187
912.4133545008436
913.6112212571479
914.8542687047817
916.0236250224359
917.3475905664974
918.5826196082357
919.765416205337
921.1137248918054
922.2010844643933
922.9625720876203
923.6472906885301
924.2900969832942
925.1395359968088
926.1922402289276
927.3027275319151
928.628673221242
929.9994695374772
931.334344423311
932.764962689606
934.1947447090639
935.0243990197941
935.5392153562477
935.9187123528882
936.1840808518609
936.5203609172246
936.7684151672536
937.0298323238638
937.4132896679141
937.7186578792589
938.0037210487926
938.3855853533021
938.5627977583956
938.8512777927007
938.852779210526
938.3419994876339
937.8683824551287
937.5506543088519
937.1954743196703
936.8587483291194
936.6450483093854
936.4780313468624
936.4380343832067
936.4728192449145
936.5084324377148
936.4850154951075
936.5675579827721
936.7341682206963
936.9697657972981
937.1071210006411
937.12007139655
937.180055531452
937.3137685963434
937.5244302539571
937.9496801096184
938.3378355189789
938.6549211836508
939.1716603320101
939.7393975344851
940.3041606075577
940.8307112993308
941.036707211958
940.954039750092
940.6671393375372
940.2346937223481
939.7721793518098
939.2798105183444
938.7489773528507
938.3199959836855
938.0485124051891
937.8743186875752
937.8208181846562
937.7069316622989
937.3705493816922
936.9088631935088
936.375510296305
935.5289690903749
934.5227508004957
933.4567719865536
932.5354236427015
931.5931589250224
930.752991822433
929.9326154957297
928.8505384716017
927.4920320780284
926.1031963799732
924.9173361945365
923.9801152482174
923.1702571511865
922.1067806703009
921.1382841307216
920.1666652495775
919.2568111909675
918.5810530899295
917.9936225778007
917.559218937173
917.0730291838345
916.5108439035993
915.9803685856306
915.6570623813122
915.5263355681924
915.4373215826272
915.5019568858595
915.7526642973498
916.1221359170428
916.5543128599776
917.0390259459826
917.3501559185306
917.8546568780692
918.6023295044375
919.530726208773
920.3216262330093
921.0215533584957
921.4313224064191
921.4801143998968
921.5084099105582
921.5653908168949
921.6910533274549
922.0795206779611
922.7305812273635
923.3677747502295
924.0034426450968
924.6057974345642
925.236684356686
925.8864530050903
926.5505573295314
927.3482864546013
927.9863546692185
928.4294476865651
928.8103427506777
928.8638270435898
928.8983931921124
928.9014660132208
929.0688610090108
929.4891449644072
930.1620885622874
931.0870010099915
932.0592490467026
933.148254388157
933.9114190051903
934.6569287933784
935.3611395948361
936.0236754040022
936.9160416966532
938.0508913234537
939.375035170894
940.7187105241627
942.180272449306
943.5625287547642
944.7053177129342
945.9302675421632
947.0815062897931
948.058819950194
948.7493745878899
949.2376054524964
949.9465777652287
950.7804753161872
951.671576429087
952.720565159481
953.9541058031145
955.3796873090481
956.6786725177305
958.1871116082348
959.8244903227894
961.5554261380419
963.1929095114289
964.9215141368837
966.3067972706301
967.3402236084578
968.4278454525229
969.5959808654749
970.8272474344858
971.491748046968
972.1841231719528
972.8371771611086
973.6778391871065
974.1667499997511
974.6524467842088
974.755339363009
974.4998298799175
974.2991033168487
974.2529129196698
974.3810938319868
974.6459396734671
974.870984194808
975.0588193399972
975.3202266849485
975.6335656211343
975.9949979341249
976.1863950292994
976.4789330784193
976.8158279643553
977.0461093439773
977.3510324077514
977.5392377389488
977.8953146925742
978.3101206309434
978.8133221544949
979.3390230350693
979.9831122055053
980.8120764980097
981.8246842662002
982.6419376136947
983.5027531213867
984.3290865818612
984.7223744423864
985.2197138212341
985.8943105324785
986.4891315836829
986.7857508431812
986.7797003830652
986.3961211485259
986.0416291648892
985.5945584064982
984.9930826012746
984.5359986659034
984.219543330974
983.8801957759499
983.3745252240617
982.6662855676087
982.1250018751176
981.4446336237979
980.7372983047316
979.973838102204
978.7297012658779
977.3128263985054
975.8227909286757
974.384187549408
972.9956978304087
971.6767177146946
970.1625261116889
968.5103619511955
967.018098862321
965.6395374283609
964.3666362013219
963.1629323998161
962.108401911954
961.2159789044954
960.1793307089135
959.1074976870782
957.9903847103644
956.7814495640235
955.7640155662776
954.8891192985659
954.1441226512469
953.4998163931757
952.892915399305
952.0969976729498
951.2898439405898
950.5674846054474
949.831085924058
948.9853579319779
948.3477137396144
947.952299392974
947.7191837592837
947.4533821818359
947.345552454414
947.4027569140677
947.5595041741725
947.9269364678343
948.5304586405387
949.1737372772326
949.7849075332184
950.0145520817666
949.634174984232
949.3982403322323
949.325767111706
949.2869160159785
949.5019777383953
949.6687142033305
949.850603100766
950.2565659255457
950.641775595168
950.9949116611684
951.3173074438159
951.6723845980308
952.273901350418
953.1274580158048
954.0277520360928
954.6907185472223
955.2132249519863
955.4876117842228
955.3348363787982
955.4282246886315
955.7437608921867
955.959984954841
956.3381174305831
956.7822977781185
957.4133604162544
958.1278502409706
958.978412881547
959.8630856090252
960.8549550852917
962.0370716654496
963.0764446037009
964.059882119757
965.0731426434061
966.2356059460546
967.4553516981168
968.7377330177144
970.0296032955409
971.311183638692
972.1995334132669
972.7723934600235
973.5671589258324
974.2863041789749
975.0492598927268
975.747209733236
976.5286552962718
977.4319688761751
978.5507251078922
979.8835774413265
981.3982935888483
982.7862263614833
984.1318888696482
985.6279867547621
987.2762203116334
989.1250480447309
990.8700959459984
992.6776419988216
994.6450756202767
996.7043854673806
998.5664304585786
1000.442618100195
1002.2996719446968
1003.7856563316061
1005.1542989558158
1006.3328127359848
1007.4436183485558
1008.3079547832795
1009.0632258266014
1009.637094282585
1010.2415454151603
1010.4049382474428
1010.5674191693088
1010.8600665174445
1011.2679260505009
1011.8250403811568
1012.2241760239632
1012.7359229494806
1013.2823980839596
1013.9251591361617
1014.6735578643242
1015.3414312844823
1015.9308512636218
1016.633602593973
1017.4770953525461
1018.2966525110401
1018.698719826231
1019.2661783759978
1019.9265329879016
1020.6418662426394
1021.479690147579
1022.4276942677492
1023.5303372336188
1024.7632512266068
1026.0250600606757
1027.1277236486326
1028.3492908947137
1029.6016827191477
1030.7068777568288
1031.9617850533689
1033.2627308372403
1034.2409268029269
1034.8919293855874
1035.321720497048
1035.5399554289725
1035.4922704283456
1035.390035636519
1035.1959675545286
1034.7926982301994
1034.3175251008947
1033.8437819998119
1033.307847862971
1032.5963616595718
1031.291442818076
1030.1167646120755
1028.762385391973
1027.471390649128
1026.2446444173888
1024.691509383948
1023.0030479089314
1021.2672398950729
1019.6039601569321
1017.9052149131716
1016.1075482045508
1014.3626557128102
1012.5698760064923
1010.8774301333647
1009.204214381925
1007.6767190429621
1006.3036503753323
1005.0385178783872
1003.894984248726
1002.7583638218447
1001.8213334819841
1000.8902726003288
999.6300568566556
998.2781859820585
997.0834043897714
996.0060779654477
995.043054290117
993.9436973330844
992.8290550005152
991.7091790410682
990.6932065936891
989.6307037293834
988.4783833986849
987.3209110708276
986.1183536247656
985.1222208343754
984.3558276952114
983.5289515415465
982.8524629398934
982.3722105309371
981.806778141905
981.3397965712427
981.0806752194893
980.9509243298526
981.0589997825515
981.0711885381958
981.092080275517
981.1051977339475
981.1090132953592
980.9696329082707
980.516680397917
980.1565524366512
979.7715464491926
979.2451337534006
978.9415313383366
978.5950909550223
978.2504117309851
978.1156050004477
978.140904199625
978.31874307135
978.3771557113753
978.5832138618354
978.949032800976
979.4983779970589
980.2549109119299
981.080037137769
981.5058181132133
981.9940605793769
982.355056651582
982.7255776682857
983.0271347797644
983.4418141755527
983.6288296676091
983.7753767040247
984.0890728755344
984.6419923780379
985.3723779151418
986.1598538229277
987.0110852236196
987.9425718234075
989.0975393308013
990.1738466451627
990.826719405836
991.5215811627316
992.26816572109
993.2041150581426
994.1523019862643
994.9280594985194
995.7531063276396
996.8033988898216
997.9118915041364
998.9065943546153
999.9230156118026
1001.080887057008
1002.3724801483345
1003.6040029617178
1004.8395543289539
1006.0712026751578
1007.4605134057969
1008.785600249845
1010.1258916631039
1011.6362212215652
1013.3517135540307
1015.2460350483826
1017.1306482977716
1019.0137961996453
1020.9778603609905
1023.0034786015691
1025.0877317765608
1027.2389842386306
1029.2628555495667
1031.289175802226
1033.0895781939053
1034.7026951308826
1036.0762131920699
1037.2735762648165
1038.2850768002684
1039.3700600346513
1040.6146848301398
1041.8364308491994
1043.117323854653
1044.1448709542879
1045.1504706808782
1046.0544130736062
1046.7523319092024
1047.5237310132425
1048.4580650062128
1049.5542952140984
1050.6039855496965
1051.5715614227445
1052.598373308918
1053.3321727653333
1054.1249635797683
1055.0733100008722
1056.1761407524311
1057.378315516191
1058.6297192797554
1059.9089963496708
1061.1740729315131
1062.5706600080123
1064.0209513454367
1065.3399803058628
1066.7771300292688
1068.2664421636919
1069.8599910352675
1071.294301479144
1072.7919457389728
1074.4216255977624
1076.1641384740083
1077.9466614387843
1079.4136174511093
1080.6447726503293
1081.9073058008512
1083.1767381365319
1083.8971986898207
1084.6309898071067
1085.2548539569168
1085.448153841326
1085.5684725810786
1085.5791582769796
1085.3649201490196
1084.7748359903997
1084.2944679120899
1083.9309814468074
1083.2216769226723
1082.1003798590866
1080.6950927693251
1079.2031434807675
1077.6150398841899
1075.9639929878695
1074.3211981607353
1072.7883288135158
1070.9945377158854
1069.1342398481347
1067.3852836689452
1065.526336157521
1063.575946453345
1061.701819589602
1059.7673391858937
1057.858275055683
1056.0334648656537
1054.2299083708888
1052.4247307232297
1050.7845234594631
1049.2858731408091
1047.6855457207548
1046.2584344492764
1044.9332217896456
1043.6359500195197
1042.4190205727116
1040.9839689383891
1039.3774272274438
1037.8155517190899
1036.3506631133955
1035.02715433269
1033.7649947110672
1032.3997240436552
1031.0727666478522
1029.7524234788955
1028.5181498461438
1027.3691294172556
1026.1787273841128
1025.0705627661498
1024.0375385370535
1023.072349797901
1022.1458846977569
1021.1332784519495
1020.2788845001123
1019.6086605334265
1018.9237122678944
1018.2121130261545
1017.6490557756567
1017.0608509540622
1016.3733833085932
1015.7940485560687
1015.1967190508715
1014.3660149410206
1013.6433522858887
1012.9861682294905
1012.3008936688835
1011.3914531250159
1010.2808096188638
1009.3606790001608
1008.6723751814053
1008.1460779534634
1007.7063562195684
1007.1817809378731
1006.6788787309496
1006.2880944993117
1006.1028640226482
1005.9642704649907
1005.8502669576172
1005.8807550387614
1006.0884309030495
1006.4927202550821
1007.0094407270257
1007.3864037581768
1007.5635250690749
1007.8031159891294
1008.2449154498563
1008.5233329692835
1008.9206909175502
1009.5539323389287
1010.2087364606052
1010.4221943304198
1010.5769440214018
1010.900909622324
1011.3542716725889
1011.9131129399665
1012.609782785147
1013.0030781707268
1013.5327003760586
1014.2928999937596
1015.1716604995379
1015.9047647165618
1016.8534859860546
1017.7409438361469
1018.6415436802992
1019.542365110276
1020.6375695410079
1021.9554501861003
1023.294657698868
1024.5251469405641
1025.5701973622743
1026.684333255257
1027.9949482866725
1029.4347609238225
1030.6477017118516
1031.9762740943477
1033.514176829882
1034.875099532917
1036.3493044747097
1037.8574912521035
1039.555530245715
1041.4545517492643
1043.4193131062686
1045.2913510480892
1047.0468049227925
1048.9824829234037
1051.1090499817387
1053.1545381655762
1055.058942186213
1057.0974532662553
1059.153702283945
1060.9557597176681
1062.7760767404895
1064.2984280790279
1065.8516832224957
1067.5142648855879
1068.9082765571263
1070.3353855420178
1071.9284088093088
1073.4571111626299
1075.1007863253737
1076.6814654219515
1078.2829349767267
1079.955701387994
1081.550277105722
1083.0751376200799
1084.2427413693338
1085.4405408323698
1086.6878595940736
1088.0852278291547
1089.438619714624
1090.8114750039854
1092.111535955093
1093.4774298098632
1094.9475110056728
1096.4681992114836
1098.041587456558
1099.6976308450455
1101.488897452508
1103.3068709191316
1105.0558283153596
1106.906154467816
1108.8648323468738
1110.8856647596263
1112.830754275142
1114.6643141586087
1116.4348454820706
1118.3071973482363
1120.203798366027
1122.210520954721
1124.325047113464
1126.1701756223347
1127.7556731172206
1129.1572333243644
1130.4674397888782
1131.6540091309869
1132.739483419268
1133.4004208862127
1133.9359010837693
1134.2864042745618
1134.4588947518234
1134.51030795695
1134.5323151621171
1134.4620986572986
1133.8572135578074
1133.0684229579213
1132.3377039699112
1131.4337755355507
1130.4406995277166
1129.2223551701236
1127.7532784465338
1126.2794069285312
1124.6013737826488
1122.7693620890966
1121.010030511145
1119.2138117237798
1117.4281593397104
1115.5882962054982
1113.7667375811423
1111.875326748688
1110.097229572129
1108.3825254257558
1106.629131889792
1104.859397152475
1103.171972657361
1101.5426831270956
1099.9141033804424
1098.3126209230243
1096.528674401573
1094.886622490794
1093.3392465884835
1091.753964244969
1089.91532282692
1088.1192585116487
1086.4776606734645
1084.8357942863167
1083.0147666457087
1081.3226052918305
1079.5042102696107
1077.8320777942322
1076.3270909799676
1074.936022486777
1073.544134956959
1072.2667550025153
1071.1136667877604
1069.9054762382282
1068.527755465284
1066.9824743984007
1065.5566918390207
1064.2838965046612
1063.0658977792589
1061.6648170186709
1060.2542276645634
1058.9506956927737
1057.7375690853453
1056.5276417214825
1055.3679157513795
1054.1991443205895
1053.0543794163143
1051.6768626229043
1050.3467400019765
1049.0949770571683
1047.838688180326
1046.6946397824106
1045.7085683335038
1044.516294465377
1043.0533887775384
1041.7115905676587
1040.4177128559809
1039.2110373275107
1037.9019723014442
1036.8165910116034
1035.9563751123737
1035.3225470706075
1034.8559272941204
1034.5026292815146
1034.3773619069284
1034.4438084678643
1034.3931640372195
1034.3398089863856
1034.44517797471
1034.459931090965
1034.5112688648849
1034.5489441315488
1034.4307004519185
1034.339026064355
1034.0910809353356
1033.99644284632
1034.131994323121
1034.4978630900146
1034.9218149459707
1035.4175009439814
1035.921980264776
1036.4205439281402
1036.9391741158624
1037.348175924005
1037.5757457352308
1037.7790845672841
1038.065577233332
1038.5784552778362
1039.2538117067943
1040.1351939148349
1040.851290826056
1041.6021381072399
1042.4936399715684
1043.347168405735
1044.2977436202668
1045.4696199873808
1046.861757155897
1048.4447038239466
1049.91456484278
1051.0758587597384
1052.1511525427543
1053.2760224993067
1054.6120712265508
1056.0965120613428
1057.5617565660252
1059.165532771282
1060.658181206034
1062.2414640027307
1063.9859719728063
1065.6571318978042
1067.3838514672848
1069.1809444236562
1070.9947482750629
1072.8421148027587
1074.6727064538377
1076.3746916914045
1078.1519373692108
1079.9485373685525
1081.8572569915693
1083.902789652332
1085.8869198316174
1087.5809748798754
1089.3306744478796
1090.9906534069958
1092.5762909675843
1094.1877076828139
1095.8467994849832
1097.5954712374203
1099.218246661389
1100.9979271999725
1102.803965141445
1104.6497831955319
1106.6532023454456
1108.8023330007097
1111.0796225963015
1113.5108947412152
1115.6786892609773
1117.4524681417722
1119.28043294231
1121.0161887233407
1122.7642827040945
1124.392293220344
1126.1505499959567
1128.0457588022612
1129.9664381244784
1131.807432503043
1133.6825462281415
1135.57232992235
1137.5481977252293
1139.6493470043963
1141.6779199562602
1143.822040053953
1146.0484390273632
1148.3146605555385
1150.588968193348
1152.7438273030393
1154.9105232942673
1157.143863150257
1159.3622446373272
1161.6820510815658
1164.035580584681
1166.0782147066911
1168.044850588819
1169.9130689160252
1171.6676908288089
1173.115169107579
1174.3993259226297
1175.7099208439627
1176.871327578063
1177.7208889564886
1178.566882304493
1179.2722807938744
1179.736683270068
1180.1449691433515
1180.321021924726
1180.3804461176007
1180.3209458115437
1180.0861753313854
1179.8669985498402
1179.58077856034
1179.195863479118
1178.6418112933095
1177.7716893057486
1176.659663781834
1175.3040894138242
1173.6812745854913
1172.1324791858751
1170.6751554335228
1169.310998818283
1167.8920260850634
1166.4344696942997
1165.0012924928205
1163.549605440896
1162.0170679184916
1160.4945025663567
1159.0601086583556
1157.5506081721742
1156.0614721771387
1154.6451950344149
1153.1743805373646
1151.634605538419
1150.011830902684
1148.437218010747
1146.7730167022662
1145.2137994557095
1143.764119244248
1142.0269104465638
1140.0089083161167
1138.0504387850992
1136.0966142156585
1134.2136449879638
1132.2610608499692
1130.0297082711882
1127.7671662213902
1125.6508906389445
1123.6831828041663
1121.866187139464
1120.1670180643332
1118.428964989613
1116.7224833827865
1115.004124449442
1113.3806814480401
1111.5733674532253
1109.7597912752358
1108.1130225178151
1106.459131914566
1104.9127719677367
1103.4373572503264
1101.9341153331193
1100.2729156681362
1098.5259922193713
1096.8123457284548
1095.1296977092763
1093.504214629113
1091.8732753468435
1090.1941959082737
1088.4858445455502
1086.7182724718793
1084.9757379858904
1083.4278350880757
1081.6984193378346
1079.9304525312677
1078.240889978611
1076.4890816840698
1074.8545455364895
1073.1428878190986
1071.4782756460559
1069.7381345605345
1068.1545164974639
1066.784037827322
1065.6283150328345
1064.688742565939
1063.8585824849868
1063.1802641528816
1062.7212385610544
1062.405602504868
1062.1038029557703
1061.9063664555988
1061.7170315164071
1061.4069065477943
1060.972960737382
1060.5970083687735
1060.2174247583769
1059.6470016503495
1059.3006929490748
1059.1790815781849
1059.282519585076
1059.6111280424689
1060.0544053482108
1060.665372787586
1061.3661508960188
1062.1904457404708
1062.771569319848
1063.250804544793
1063.5974608097913
1063.634210015302
1063.8829401930232
1064.1496749034145
1064.5255971731535
1064.8929064609085
1065.4098166827032
1066.1344789951854
1066.846273712697
1067.5519474567623
1068.2470477738002
1069.1598559117936
1070.289672194399
1071.5130181383854
1072.9418369987884
1074.4005551652874
1075.7542061184463
1076.8068820060255
1077.7685834777762
1078.9004667480092
1080.1773291355548
1081.491722079497
1082.8978229180066
1084.2776679711724
1085.452391575194
1086.7332576180297
1088.07917201428
1089.6253601449057
1091.3693341552
1093.108880517549
1094.7675491541077
1096.4606291683315
1098.0820914054814
1099.8450100404216
1101.7980857126122
1103.86098123495
1106.0532388410857
1108.246013884775
1110.2967818801749
1112.3307040391956
1114.1570512780686
1116.0188901999788
1117.855029295611
1119.5377415239814
1121.3189896127165
1123.2344828450364
1125.3179884971726
1127.5676709370205
1129.7284447030383
1131.7714850255036
1133.9642230087204
1136.2678751548422
1138.7278579548008
1141.2425659600226
1143.8245726385778
1146.1598835146356
1148.3621648359479
1150.5023592167463
1152.534585421292
1154.6625595828386
1156.7856718775777
1159.0443228417212
1161.4364820881176
1163.8624724103038
1166.2735643388344
1168.5832565255646
1170.9457160843313
1173.2411762040133
1175.6281789176662
1178.1126176979844
1180.6787672493872
1183.2680720382525
1185.9245672200977
1188.4415929492864
1190.8418755081932
1193.2422480249913
1195.7422904180419
1198.147050099568
1200.475809932702
1202.7939331497512
1204.7580907078764
1206.557317648255
1208.265300886831
1209.817827103702
1211.3309156307716
1212.795794494605
1214.2625733221444
1215.4843555165462
1216.782566272847
1217.8393805190567
1218.8093557455895
1219.738033556948
1220.6656712010079
1221.4663759340403
1222.1482354884008
1222.6959177627307
1223.0514668382934
1223.4780007238628
1223.9752990491675
1224.2860352833993
1224.2107954632684
1224.2067802244896
1224.1865036067995
1223.8959273530359
1223.4528179795234
1223.0585178020815
1222.5605420868171
1221.9248496773719
1221.0533473870198
1220.0390074827583
1219.046592847575
1218.1245185113955
1217.1290984081388
1216.2140722589627
1215.380437526904
1214.5680202398764
1213.5906354304063
1212.4482713953087
1211.2163347936598
1209.927725681457
1208.467080856515
1206.9864812072228
1205.5084605934655
1204.0121650871363
1202.5639728469857
1201.213635831043
1199.9232908592571
1198.4406741182456
1196.8687943693376
1195.2882249025959
1193.4285241150717
1191.323346588556
1189.2463588218177
1187.2055653268976
1185.1848341556354
1182.9559495090232
1180.6221354849974
1178.1989992352987
1175.6867220720185
1173.3005905192367
1170.9367370301882
1168.704693854521
1166.3497329178012
1163.9141688221957
1161.6174214920613
1159.4617369431335
1157.4492287791536
1155.4578807267217
1153.5165770576816
1151.6628412808673
1149.511142615675
1147.278095376294
1145.1453081510908
1143.1687500010082
1141.2307935610147
1139.3283626038428
1137.0621040524175
1134.7386356336106
1132.4919286203408
1130.328533664213
1128.2548184022246
1126.0324545832943
1123.7576277765008
1121.584099573654
1119.588652421275
1117.4890183794562
1115.5263141795706
1113.5334319270232
1111.3974972274032
1109.1566583354393
1107.1096877746688
1105.1724427081974
1103.3188431111641
1101.5825494548476
1099.9900496955263
1098.5142181157626
1097.2191635955353
1096.0327607659035
1094.8779614691614
1093.8144138515547
1092.9558476286375
1092.165024373596
1091.4584962585566
1090.9587096442392
1090.4494112065877
1090.04072839347
1089.6104885100237
1089.2617712987956
1088.6892821188226
1088.0395344439546
1087.46662628933
1086.9469401202798
1086.531581011998
1086.3143017098005
1086.2609301030236
1086.400615657518
1086.7585386397554
1087.2479363288119
1087.8805517821556
1088.672738763421
1089.5695972572662
1090.4117684481118
1090.7052978456059
1090.8616239930818
1090.6690494479465
1090.562674776786
1090.5902240834187
1090.8298077850723
1091.2287673077717
1091.842434347552
1092.5058044598754
1093.0604628537099
1093.6155398193637
1094.3243791707396
1095.2459062660387
1096.3284885272844
1097.4088597896919
1098.434279097724
1099.5037436689167
1100.7379601563246
1101.6891829356905
1102.778571628449
1103.9629416819726
1104.9817029001524
1106.0308932724474
1107.2832447670294
1108.3921125780296
1109.669676014642
1110.9769545729257
1112.4495150413034
1113.8286211029454
1115.145875519716
1116.6272761812818
1118.0368291470654
1119.5771471160774
1121.2831106201447
1123.127899390417
1125.1628411693107
1127.3176888936
1129.4822757614604
1131.645493782618
1133.7250358764086
1135.7567548403326
1137.868162242468
1140.1490134323888
1142.157855961461
1144.1286106350217
1146.2708753651111
1148.5309060281224
1150.8747480716686
1153.353157804117
1155.9479426320663
1158.5362617728138
1161.1418691375982
1163.6931264533684
1166.2636092279383
1168.9246928124094
1171.7369749247002
1174.465332645568
1177.1840898679604
1179.5243133664196
1181.997753150347
1184.475280637496
1186.945239516933
1189.4975645539093
1192.1682064315357
1194.8248086218682
1197.5846160383755
1200.4701366060733
1203.2064387678163
1205.887039675538
1208.6438364681183
1211.5162290996373
1214.205419185374
1216.820665889763
1219.498003456389
1222.120868224852
1224.7109143083346
1227.391534882436
1229.8018294786375
1232.1132634914404
1234.4254238848068
1236.569359681855
1238.5768643253066
1240.3007426127738
1241.9063904971392
1243.407773182516
1244.9917873347185
1246.6061196620005
1248.1189158443656
1249.5802615662924
1251.1197302938674
1252.7361605567198
1254.169698493263
1255.485889651867
1256.8108719833888
1257.9662340828513
1259.091184769346
1260.0838531075508
1261.0429353069626
1262.0716387216285
1263.1672296323843
1264.3088996484246
1265.4123947488151
1266.3673860846527
1267.0711763171068
1267.7069755914922
1268.161259284619
1268.4071127226425
1268.318569809438
1268.2240747739593
1268.1367591706153
1268.1130322244283
1268.0583113464463
1267.9324178181903
1267.3476122279349
1266.6952425397915
1266.0567886394876
1265.4858179324947
1264.9829577862326
1264.5487724077739
1264.1676549771007
1263.8480324419388
1263.378336966151
1262.8879548311852
1262.1342705175641
1261.325134686214
1260.1354090929906
1258.9708633793057
1257.8820544424664
1256.8354752755492
1255.535805049915
1254.2938733264527
1253.0826512486485
1251.8759989729672
1250.7093762060342
1249.448073013977
1248.1603898061342
1246.707777413327
1244.88339521061
1242.9079496097754
1240.899828993177
1238.9858308453706
1236.9290991612918
1234.4705237751778
1231.8231015878741
1229.260526848878
1226.616548719464
1223.829058104343
1221.0934333578225
1218.4558995692475
1215.7509907904484
1213.0182481832126
1210.3579981188655
1207.76194163149
1205.2092299018698
1202.5421516516078
1199.6871393397878
1196.6156552348243
1193.663506774531
1190.849254330102
1188.1499086526178
1185.5883271985665
1182.980417029179
1180.4755137736356
1178.1151821153726
1175.7943367606329
1173.5041300857856
1171.1541413857888
1168.8287890473578
1166.5990227421262
1164.2514035846095
1161.8730294650748
1159.5506435229709
1157.0542169108346
1154.676952411954
1152.4728095871899
1150.280657229751
1148.0067292521037
1145.4718384164403
1143.0330714002853
1140.777915670012
1138.7083885317736
1136.826352239689
1135.0849420910188
1133.4417260538949
1131.9706633141177
1130.485005483973
1129.0331473766519
1127.6512081495312
1126.4481288938011
1125.357162006474
1124.343925576916
1123.3705883823864
1122.4430520606604
1121.5883084667464
1120.91493202698
1120.332780283509
1119.6271013030669
1118.6847482964574
1117.7896410114352
1116.8207490520824
1115.9399618341874
1115.0292953124647
1114.2219347818243
1113.6246706833774
1113.2381596822797
1113.0628848234958
1113.0991553099304
1113.3471064238047
1113.7731242563314
1114.3769273212988
1115.050101127363
1115.6732671634181
1116.1299291991618
1116.757260109385
1117.216859230583
1117.1954892512597
1117.1456389688274
1117.0599958567673
1117.1125878698197
1117.2274930262404
1117.5134413559103
1117.9007975658594
1118.4036991487217
1118.8525448534153
1119.3792066228493
1120.0547644530084
1120.7989341760983
1121.6681402343352
1122.5956672160812
1123.6580653476892
1124.7414545363677
1125.8389736555032
1126.6129077317996
1127.4136589611348
1128.2802503202727
1129.1942235046001
1130.2557418491929
1131.3988968551212
1132.4903990525218
1133.4967953542564
1134.5772954853765
1135.7418766344842
1136.9112469360257
1138.1908135361778
1139.4173510870996
1140.8011405516588
1142.3778409749345
1144.1463655601258
1146.1054705915672
1148.2198420270965
1150.4876607941296
1152.5479770824525
1154.6805693235697
1156.7653233536585
1158.8203764916661
1161.0337903394113
1163.424556550758
1165.7295157226868
1168.1163474804603
1170.3859473708853
1172.7699664157458
1175.3221193975232
1178.0405287169262
1180.8101189946528
1183.7102621030142
1186.770386580058
1189.8773256968002
1192.9970076491563
1195.9542426253918
1198.9512485561422
1201.9716082144123
1204.7914136936586
1207.6240178375735
1210.4745834199473
1213.3426186960012
1216.2854647898564
1219.1329616328437
1221.879087070628
1224.7549966487718
1227.7585360867022
1230.8874469467437
1233.9405347047957
1236.5857437599973
1239.2266750537617
1241.8514227638802
1244.588878267121
1247.4370124371476
1250.3937060977196
1253.40904057359
1256.2912560679251
1258.837391059835
1261.1280477321395
1263.5150821165573
1265.693043027168
1267.9153468774443
1270.1023820480302
1272.1357029141222
1273.80094553391
1275.4608294680177
1277.1991588453543
1278.87751779649
1280.5398037938298
1282.1981695678955
1283.937231303676
1285.755781761906
1287.3884233656113
1288.754362973817
1290.185167560597
1291.5871428826802
1293.0032390663212
1294.4922777705224
1296.0532530800067
1297.6089115170355
1299.0309098781267
1300.0807429465929
1301.1254556123627
1302.184015752323
1303.2208718414176
1304.1663053563848
1305.0820710790435
1305.9276074559198
1306.790917113516
1307.525556719423
1308.1866099768272
1308.7458004346279
1309.359044323438
1309.985027649487
1310.671563313667
1311.1748206379593
1311.6410134240446
1312.1034938932085
1312.6257920281635
1313.1625325263562
1313.3444905057834
1313.3717626400296
1313.4589090009608
1313.4444332649257
1313.482538536429
1313.5460718524491
1313.507925203594
1313.5304718338898
1313.279599900767
1312.9923988642836
1312.394435697959
1311.718715214487
1310.8987854017748
1310.073525409981
1309.3131752784973
1308.5900824188511
1307.7391291750228
1306.943951141792
1306.2162436683518
1305.4004220941056
1304.5753503467809
1303.7446582701236
1302.5827410983982
1301.1210871044818
1299.1985096312596
1297.050150712234
1294.6081190173954
1292.2143178912893
1289.9009092510423
1287.5778371973747
1284.6704350518748
1281.5863635600815
1278.4355102822046
1275.3079492115762
1272.1969069296501
1269.137458838567
1266.0320935297202
1263.0276289778433
1260.0968985488196
1257.2223917508347
1254.263058708099
1251.3353675292828
1248.3713332492546
1245.1211071602334
1241.8642387974546
1238.7294836334597
1235.5724866888963
1232.4624149055674
1229.472504452493
1226.5170587481198
1223.696184800668
1221.0121133538566
1218.457699356476
1215.850222657418
1213.0945997724943
1210.4320136652282
1207.8693287062204
1205.3731143044188
1202.9244181278336
1200.5841854834346
1198.2395643582668
1195.9575223259847
1193.220177732085
1190.5198000551093
1187.9830207213179
1185.4773689034548
1182.8278882173965
1180.1840033234341
1177.6670275136746
1175.2472526452154
1173.0031806050285
1170.9366063657317
1168.9890136226618
1167.0826028312024
1165.210549890296
1163.5221792733746
1161.9147426824754
1160.3624244013743
1158.9726864430352
1157.5757174202208
1156.3237647244478
1155.1900084716854
1154.0032693694016
1152.8233980972898
1151.6549264249286
1150.5874995521056
1149.596709430727
1148.311293413564
1146.9790963350822
1145.8045700012021
1144.6740384957764
1143.6655733067184
1142.765667676846
1141.8334606687024
1141.1040682556486
1140.4838426628958
1140.0511141108273
1139.8227553420977
1139.7990693610911
1139.9802078624884
1140.3661712689345
1140.9568088803435
1141.6388462517086
1141.967157729949
1142.397166519446
1143.030516263997
1143.7975431143448
1143.8511828597761
1143.613075951234
1143.4049175143518
1143.2753904244032
1143.292426596831
1143.512250969253
1143.925362497041
1144.4446621678292
1144.6752186684719
1144.9611946459556
1145.3750648086648
1145.9366684110182
1146.6569094255597
1147.4339728243199
1148.2748981959394
1149.129020369989
1150.1312938931364
1150.7948183993187
1151.4695922874153
1152.0902508327897
1152.8053632737897
1153.5479668362227
1154.487706880584
1155.248762807385
1156.1424710343315
1157.052467068975
1157.991040890019
1159.10019562453
1160.2033065988348
1161.4101375904277
1162.7796865636565
1164.3404944468552
1166.0915817544187
1168.0318290571531
1170.114396718649
1172.2867095970357
1174.3163125190072
1176.413707807341
1178.4226722254566
1180.541332870403
1182.7620370224427
1185.142718306065
1187.5593802993767
1189.974738142579
1192.5265415488657
1195.1630199234912
1197.9378012889847
1200.7412059011783
1203.5302392273934
1206.4377108981046
1209.4998842469745
1212.5944797764657
1215.7752855365602
1219.087596849427
1222.5316625714538
1226.083080374702
1229.4863064198087
1232.4562520730533
1235.5686882750567
1238.7729308891298
1242.0423394598363
1245.36162230347
1248.635417575165
1251.807235960976
1254.8707042793371
1257.9474357144236
1260.971405193585
1263.9941303805656
1266.6841499255909
1269.3578512545778
1272.142531368643
1275.040338020465
1278.049322951884
1281.167456709148
1284.305794967388
1287.2648485129073
1289.7168328629866
1291.9383422625738
1294.1345542731372
1296.3222295782386
1298.5483106836161
