201.50416295934366
200.12852622938797
197.91861780106302
196.65225831030494
194.67815182757465
194.9045150832958
193.1715418710142
194.82172112871382
193.8102759438932
194.1118526625094
191.24909463782745
192.41657247451738
190.76138708722942
192.33030655780718
190.03945274156888
189.83713463485898
188.79170207306504
190.22122813744528
188.23840378730313
188.42365552243933
187.45916896198736
188.15305102871932
186.2699972693443
186.74674123383542
184.7103264708331
186.34419311603347
185.16332101616564
185.75355998020498
184.1437202766497
184.8179139781756
184.36715218854204
184.81502113006565
182.033406339131
183.3029640467713
183.80353723038394
183.67518974605568
181.40380162165795
182.73930924599307
182.39231758126238
182.77278896303395
179.5459151371267
180.1824906635717
179.83959963493484
180.34166244931853
179.74057848499808
180.19548902561064
179.61408008888492
179.35060180485092
177.7742278650892
178.68054046454455
178.7409853874065
178.26906088175397
177.6717827736101
178.73713744887993
177.9996293435964
177.9486831122612
176.1732612966725
176.9188447586432
177.73285096197867
178.21949925418858
177.04700456801424
176.2504338642433
176.05063823873078
176.05068039641043
175.04451605690377
175.45318659730768
175.66387359308945
175.54783039175467
173.83648748341085
174.73102448589103
174.33170046196062
174.48088906378229
173.43162093311525
173.85017429664936
173.2157994535477
173.56364204984405
173.46183481778874
173.57854724715747
172.6417850924765
173.48175971099826
173.23522789901227
174.19327141939374
173.7710091192771
173.59577795217234
171.40602159907587
172.8068722843314
171.86562293694945
171.43375008212482
171.42930112632533
171.42728965627327
171.30494978696396
171.2896055950106
170.54918379030352
170.402125577292
170.12815667294632
170.1351585348812
169.16706211867236
169.79314080143004
169.7242010943603
170.1354783550545
169.5855628480341
170.5247611043829
170.01902862691603
169.73820013695502
169.54340827567856
169.81606408082067
169.9377399494733
170.22140112752075
170.2683419224725
169.84032917975713
169.20796347375418
169.64748542177443
169.33167730321856
168.2981849770998
167.86694462230588
169.13693973085614
169.35352553132688
169.08149573786528
167.65701598881134
167.97759769090692
167.88136663239956
168.12429791353134
167.5269510211171
168.10973171435265
168.30829037673647
168.15109998221376
168.23873289786195
167.28768042028335
166.8371630925104
167.00325234140118
167.25095280993236
166.8448504224691
166.46057209812784
167.23951976015434
166.32494535420122
165.07257063346586
165.44247512629119
165.7986900358722
165.84929215718483
165.78860321362515
165.58255301182027
165.15839118943717
164.71084597201818
164.30139821990068
164.76290093624598
165.32327418452056
165.6137204311232
164.52956178479306
163.86658555604615
163.44842238833704
164.72395797777585
164.54494945776673
164.45595394169064
163.9820328480912
163.98538722481177
163.65210751159393
163.27799133681938
163.63825812841304
163.92991266635457
163.4954058062448
163.09060132924677
163.24608143664045
163.42622218086342
163.1890715261614
162.93186981148693
163.00654336367768
163.11462879256874
163.86419974344955
162.5756713214156
163.28116963187745
163.61977573270175
162.50010685121666
161.44169073104558
161.24866710729842
161.84949097484832
162.47574848962216
161.74860569975803
161.207268249462
161.1770720095975
162.36416537316592
161.03953636130234
160.38922190316435
161.52597022438715
162.13097888751915
161.56568290048696
161.67928274393068
162.3626777331509
161.71168031280018
160.43390364408606
160.90866585312915
161.7871185306089
162.1260689987093
161.05511231259308
160.9198946089131
160.85435186305816
160.0369485578153
160.19213120611877
159.20533621088342
158.7454524188672
158.82767128143806
158.94979561933414
159.52188224981535
160.9728042497419
160.19506109155708
158.88881328400595
157.61660596488989
157.83075616274462
158.01911485143415
159.52092468052822
159.3372682914338
158.57250824219471
158.3650314210667
158.1341488384515
157.8313137401863
157.04982001484458
157.77943682192938
158.60813651682295
157.14098848155072
156.49015617200038
156.9473318542161
157.28469718343501
156.74553529483546
157.15349646756013
157.8769153099639
157.04313922871532
156.39979754694843
155.8145257387342
156.2843016615745
157.70507429212424
156.89524082141608
156.09941984337883
156.89248394399587
156.48218309870282
156.72062484883415
155.8730577217582
156.3054692314973
155.74693244701837
156.29265638659157
155.50609238678769
155.5381730594042
155.93665447094844
156.38815983448055
155.26479410981128
155.48974740906561
154.86933299197722
154.5401333293268
154.2755121879377
154.7117990425638
155.47435665066968
155.42906987669213
154.17220747612447
153.32415299920396
153.39443232290245
153.9278579429839
153.97432217237787
154.0390245619829
153.0094962663821
153.1445253309752
153.42877068492436
153.03676320310248
152.52532980676295
151.53535683620288
151.66095631970057
152.53381557939358
153.6260250788284
153.2865331347263
152.5695551933725
151.95653739000835
151.75565910629703
150.93237019721562
151.2646407665266
150.84255680628274
151.01225072896477
149.96066025189305
149.856463167818
150.54763351465496
150.83400389699833
150.19389932961266
150.67302663653066
149.59192403561968
149.93773724020755
149.26153355866876
150.21997483696305
150.3153032854731
149.4476362327111
148.52583388743562
149.1522121780605
150.13973494136204
150.79846362442072
150.18077331992325
149.13132185052626
148.96042567882557
148.5080261338898
148.87658296180848
149.08611737351583
148.7377457133898
148.49138184857046
148.48442440634258
149.03982401270292
148.4290315555453
148.88173586496748
149.06724286931436
148.59314265754378
148.03711494369907
147.63028676071198
148.75509218858943
148.3995634848927
147.69580771538975
148.21527914468126
148.56938602507992
147.6365578561705
147.07421108077418
146.49067508998627
147.3892794060214
146.90339701363655
146.4847742004968
147.50697360883336
148.3645802600389
147.29103533272507
147.12140047408516
146.73767903346624
146.61633543597767
144.7360302806669
145.68386902901113
145.95469573199978
146.0336058272657
144.75465897348735
145.23031273678666
145.20901621065593
146.55866065397942
145.00689395571513
145.38432192900822
144.70188281388042
145.05829243973236
143.9248035073021
144.73202550974648
143.85677981502346
144.05488308998875
143.90446354565026
145.1475665956263
145.19970445291736
145.29388365205062
144.87702150570942
144.03303836634686
142.82291607683499
144.40760772578298
143.60125294195754
143.77782696673938
143.55273788026156
144.5230957468743
143.54791955081026
143.38845039865924
142.48016569802869
143.78020380321303
144.211384124105
143.43634467669233
143.36842920418212
144.0043955154051
143.74998988096218
143.24619917996847
142.4905123879823
143.76116474257654
143.36754627400614
143.3206706860852
141.3921179109108
141.7916157185498
142.73511741169702
142.4723719043681
141.85737297673458
142.1545728179374
143.5199935187417
142.5595258683804
142.113275751677
141.4279455617036
141.9463432710686
141.6121166309478
141.00479526226
141.25017311208725
140.89267984221294
140.37987185012676
140.3605722303036
140.30367812242548
140.2751403207351
139.99669624609285
141.48059835578633
140.95416390241675
138.9493510993312
139.49759836944864
139.68260709842767
139.74651246067668
139.06216514204021
140.61237222203556
140.18253123009805
139.7137410581394
140.2689384314
140.6405355365069
140.23356728654022
139.00350733269315
138.94599937645657
139.93230193075104
138.75613934416424
138.5555877021933
138.86703126684952
139.1544495626844
138.46990124231465
138.7597947770331
138.76199002625438
138.67228876245048
138.1449583107121
137.75681087652666
138.6117948697872
137.66680531263825
136.7414865846368
137.58869963845848
136.83649688205443
137.8504148004446
137.43653279532927
137.28467972816574
137.1857128960483
136.06328293181758
135.26805874720614
135.5830162680168
136.63515327826383
135.96050055308058
136.01878434897893
135.66837278096853
136.36594269064312
135.6949619170305
135.15477312219298
136.04999093463795
135.6613004126834
135.29698695613197
134.7160815970562
135.34264394710462
136.05902974501578
135.4957530989793
134.03967175238824
134.37785208784092
135.29328280472583
135.25276093260052
133.8752278310779
135.41079639691884
136.06180717887716
136.23059017200777
135.5480001016592
134.41886205334868
133.75579769868875
134.319008452373
133.75015240963683
133.40542320375476
133.4205893045114
134.06911834878164
133.9673133304757
134.0325658101914
133.95320600224417
134.60420983929959
133.90840050501097
133.79689078161698
133.70483583253744
132.32734166497667
132.26026571380297
132.6260414386967
132.4018487087376
133.9318123600679
133.36490637953037
132.66388180316153
131.83194066125787
132.17204233733972
132.7540628897117
132.91830862008788
131.3381043470336
131.04008729851438
130.91620574529122
133.15945382180627
132.48951468686192
132.4072672639289
131.55519670713113
131.97889381416962
131.8467067456036
131.4427976269418
130.27995066558458
131.23110646628584
132.40872901735867
131.80490963423594
131.80647885835887
131.39805370947116
131.96686669521256
130.93966347515712
130.26656955512559
130.35377171691295
129.99843258428893
131.20351482576135
130.4650261484961
129.96184891446055
129.85501013400983
130.76506769157015
131.0563102761175
130.46459214213465
130.66148990827884
130.8344630444092
130.0657977244202
130.0030208944825
129.29634923095537
129.82396221787388
129.8555643048123
129.25805837136647
128.85032712468401
128.88479199643365
127.58441662653864
127.9588739542619
128.81651903595025
127.88361210567749
128.03725696445824
128.058359468461
127.63584149699675
128.87013659936798
127.76356308862387
127.30483185950033
126.98814683513764
126.66669885456331
127.1362881616742
126.95868649638062
127.09354869095797
127.21553240722486
126.97704139096889
126.50813342136603
126.15491447809482
126.6544984034208
126.57205665809751
125.55097566847407
126.80008086801142
126.73209763500765
127.64028576488973
128.51706541211038
126.79348515489727
125.76313995649936
125.49365298512717
126.34637603775616
126.23154214529538
127.23379109829501
125.95622152153479
125.25860551288626
125.2818771973725
125.24200081302759
124.3483757123111
123.7042153779648
124.1074802713771
124.81772495500316
125.09484628557372
124.17131305501809
124.40173135222814
124.41825268409654
124.15706575425907
125.06251778754937
125.24385145853138
125.46431316645189
123.74240800087371
123.83919920316322
122.27248805862666
122.72766546814864
123.43363948598241
124.39115677035747
122.61973596534008
123.25026140825905
122.54015490798847
123.61033313533247
123.50777959276243
122.14142891860072
122.94556181662531
124.07351257605157
122.69140336839747
121.5144487235811
120.9197408454
121.98513462881773
122.07764917198341
121.67867560931418
119.57451485244916
120.86107974758933
120.59166253558085
119.48102941922679
119.7710213016148
120.58852022646157
120.01360812338683
120.33832793788218
120.38999893646388
121.5650484060102
120.48829074113776
120.21133604582307
120.14192340069413
121.03374735162797
119.76962207000662
120.9713887663241
120.49541648867537
119.31155472515276
118.50648637507334
119.50944327330498
119.78699967690372
119.41221501709984
117.65339728256991
119.50477399848276
119.73334633478439
119.82167610059943
119.68771613759728
117.61151572662465
117.81277408460672
117.97391391314075
116.76760134980977
117.66305695269354
117.25641227283454
117.3500336094437
116.82892854146925
116.13203007571546
116.47930806795404
118.41722584678881
117.05202447510278
116.82064476011666
115.90069521471644
116.08109104101301
116.67726672961751
117.59833743091889
117.1182188690788
116.01447534943694
115.17181442414727
115.3095207655405
114.8556341217311
116.46941170480966
115.9972887040251
115.97959701638233
116.08525846265607
114.61966046693063
114.1583052924911
114.95791954647629
114.75868686786153
114.79089170094035
114.858520460458
114.45534028663161
114.23069796745591
114.0467788917883
114.097703016333
114.2860618282832
113.84803684858676
114.1600364077661
113.63999612150661
114.97666841659984
113.67046431680224
112.37598769968514
112.21749770960378
113.88946694857847
113.75084934443944
112.75421374245012
112.520023008739
112.32593636753795
112.77926645861565
112.11696901497422
112.68930531780717
112.02147210749537
111.2542820529207
110.8953706232966
111.58232554961359
110.88618867630197
111.34027949897862
111.390842985634
112.73055749460009
111.94623313758757
111.17979078635072
111.17607044011487
110.66284397478218
111.47550940935227
110.47407698479142
110.28691118453155
110.46742594405391
110.45909038313387
110.78177581096939
109.07600332581868
109.33724207670238
108.72125497859278
110.10645642721619
110.41631019944765
110.88955907263919
110.62657376637384
110.27832604479471
109.11445537857303
109.73118688766343
108.58203005493718
109.38691243668003
109.32546256463637
108.97269068891661
108.63531727146177
109.28172200912186
108.48265499534637
108.97371854766352
108.6859073532053
107.04754311190808
107.62801058671526
108.35425699234035
108.9133050810454
109.24936882279513
108.85635105492413
108.520656035653
108.56259604625087
108.08510623394699
107.24864132312867
107.14553519879918
107.72772359127275
107.51049122609423
107.6297183480766
108.38720602131127
106.42081445371089
107.77940819138766
106.12136102083812
108.3391020710356
106.51357768697608
107.49669042994795
107.46805080387435
108.55512179681719
107.2776018979837
107.55603514097415
106.83354564533322
105.76291945276556
106.23632426686896
106.66862710714894
107.08218629899997
106.56511993793778
106.9247222263136
105.93386992810397
106.13329391324636
106.24099802214134
105.6556795976079
105.14128995448067
105.83315454044178
105.79911515123689
104.98754592490226
104.29165863718138
104.09608701680816
104.40809598529424
105.45996197119514
105.01778587840614
103.98755050414596
104.73336478702294
105.48121465608317
105.52279305007076
104.84134128755083
104.55442275397203
105.3181925659711
103.78043794232366
103.46726264342648
104.55376768612481
104.87615116661553
103.95952230585239
103.07068147664727
102.83944041138275
102.55180177509588
104.0375996425886
104.65321038068878
105.0064706539546
104.79826572755739
103.26168771713866
102.93690938518289
101.91338367659944
102.69652670510418
103.02637151516772
103.58704291556991
103.47315797316904
102.97626634438953
103.89568580022943
102.7096463707042
102.9509400058442
104.17886744346637
102.84082643514628
102.6044053078983
102.92810006152136
101.86872825361381
102.97866268366926
102.74565338326668
102.45065950739567
102.63310780666481
101.32723888071455
100.88060946223207
102.32079322339679
101.84005209541593
102.28768161700845
101.17117212842523
102.22405228232013
102.45727727762144
101.91353134803957
101.65948759443647
100.95881464675755
102.48245565265066
102.28961684695716
101.59965716484007
101.03966665703744
101.44832259810207
101.88230171407211
101.42297274936622
101.22767971448764
99.74999525553783
100.86950907343005
100.68628398125327
100.8051686418059
100.58699313710179
99.98240479191679
101.22325849422235
99.9759686621219
98.293583926828
98.9317821031091
99.16131755277574
98.78014022489388
99.33414735603401
99.12101369569251
100.06338217262378
98.19701806270503
99.25358975419076
99.56846147542146
99.62517594362119
98.7875384942785
99.6499130102632
97.89079718408219
98.63407434022615
98.63148770097094
100.07340972370952
98.91524029997274
98.17485639711603
98.23440483470603
99.51742272474826
97.10817307828412
97.10119991596925
98.30950717734963
99.35053464628778
97.40253076149449
98.65334635472847
97.82631201438147
97.59984340605297
97.574199023308
97.72584130210335
97.6197712165369
98.94818591295841
97.56749265218438
97.91613471112161
97.87367230745137
96.86555353170836
97.40914363926166
97.79153470148121
97.28730137065402
98.62359246197695
97.14521834472782
97.57801846408097
97.53776016544876
97.57383667521445
97.28172259349303
97.55526854952409
97.53772439873796
96.81579857775071
96.19543392009857
97.0747505020373
96.28474732904009
97.38379843056872
97.38251197321846
96.38033758773163
97.74270981573765
97.08782133454763
96.30588474697103
96.43586307333449
97.19336001700809
96.56048353009864
96.5098373558337
95.8245166071145
96.78311109295386
96.86747669275147
96.94683024969514
95.97523500949822
95.46261445219292
95.54310233934699
96.30522135838207
96.00736224541853
95.89201894012334
95.5992971419271
96.41158711853535
96.75153458949937
96.74325937860509
96.57528964202288
94.85732542770073
94.81142249005406
96.05154153146665
96.81145569039059
95.96866165482669
96.29067266701679
96.90392648960147
95.973230227053
96.62289084025112
94.87882073860985
96.37331978583175
94.53437741658126
96.09673291210203
95.45032775749122
95.92801902859559
95.37821878300257
96.11384734248742
94.62436199119144
94.87449525434418
94.85015076643832
95.49188959945336
95.53033330464504
95.82842684936148
94.3500664349761
95.67353875108721
96.34222610256211
94.99643523332239
94.90927414317304
95.4152108773299
94.4542374576171
94.8258406860305
94.3878037716405
95.21112078538556
94.55234949652794
95.83680454160697
96.09365111197862
94.5180249805634
95.49411457481096
94.0631994283112
94.63727653906612
94.74785986192758
95.1764059187299
95.3269668899705
94.53181676340347
95.00076113091323
94.76832350054141
93.48714686143825
94.59403530097525
94.24024651601306
94.89358395665867
94.33653601304141
93.72551380485275
94.25785159353104
94.50317594060402
93.5762355903771
94.16054568262197
93.48976428794032
94.39841868347149
94.11055877421629
93.99190898043831
93.65624522018832
93.55699845254247
93.93416874639044
94.00526907865965
94.1569275024524
93.99256285615934
94.46720483427931
93.6494994721413
93.18943193937885
93.3755458701918
93.35534678932895
92.51722654062951
93.44935030329805
93.60706245301833
93.69160206253498
93.60081610653137
93.77622591159366
93.7902899418124
93.7029241322465
92.36548611516214
92.07667267605311
91.97165876035926
93.10414999541455
92.46080948196669
92.19039721478222
92.21401704499466
92.44158848458171
91.60816327502762
92.20695906411115
91.69491554525483
93.18485160462137
92.31297247724244
91.99031297687637
92.38686024490927
92.88903909764882
91.66387840102983
91.99420283758433
91.94078110101644
91.87392396755581
91.47801788565383
91.37939007746198
92.72610511981826
92.18638095030994
90.83744937878343
92.10524921364912
92.91302062812856
92.18443985518465
92.44668404018647
91.74461555631973
91.42902624413914
92.5141921475386
91.92783418978127
91.63382837051613
91.15215537760223
92.39805248185083
91.2606842187028
92.6186996938766
90.98069788664287
91.5460278183722
90.97172816029676
91.23796571501194
91.1731205884918
92.01093573021618
91.09475274883978
91.53606535504099
90.04922342481007
92.09371188054824
91.18456102229764
91.82304722408878
91.26752958223207
92.61510019820184
91.37476411808028
90.08900514920684
90.2443079654416
90.27253069490553
91.60959981702737
90.58945237704016
90.63503381363859
90.06299143287359
90.77283229494054
90.77332709814937
90.45032697249154
90.08529152733968
90.06088127492684
90.8064293176129
90.10047131801338
91.07023402225025
90.60674945288172
91.35503389584385
89.81560838889322
90.22631054637391
90.28852988887377
90.12325132777943
90.76344026936873
89.74354983450986
90.33484610674265
90.39185433788484
90.19703821970462
89.83700581832963
89.35628671325294
90.0698358915866
90.05196625935383
89.18618809843792
89.67155549079747
89.23115487473066
89.97717132952829
89.32544759460028
89.06813482528314
89.06376353778549
88.77283638791121
88.60377407096965
88.85662215666963
90.13293798668619
88.96066275408269
88.15377673115735
88.78105242937373
89.7432300813808
88.8292946630152
88.76013331227749
90.06950353220572
88.77257074022371
88.75350242172789
89.14443973940202
88.8550000458043
89.23091698963272
88.23159744326927
88.64883984338381
88.44025647448422
88.78753454936889
87.80380325463146
89.15390843508087
88.9099759235541
88.99302080472204
88.43642610645277
88.79146563821243
88.4632027047434
87.5291526882004
88.55791228027147
88.17894288312438
88.31640778453425
88.69326479208902
87.07943756210928
87.64369369072415
87.8034527863472
88.34688581588155
88.63718630958401
87.41946321635619
88.45228327802774
87.64322653544718
87.8147901076327
89.0179553853124
87.99198721463432
88.38441819833868
87.27722795589811
88.04703371355939
88.3546331005632
87.95062150301611
87.05169740915949
87.89658318065273
88.2589076680447
88.34310933530443
88.23717110902335
88.00997805099311
87.47710083767788
87.64174562420281
87.63923515697327
87.40956167279059
87.87414457454595
87.74226096356824
87.44864312546501
87.43603569443319
87.68814145527746
87.35623433719796
87.11318231300639
87.74536162010888
87.64079621399426
86.32288089458083
87.1419828539116
87.55279818217315
87.44514266325304
87.43491215830929
86.93514511736541
87.91437480306105
87.71110043305852
87.36373233798237
87.25411304654305
87.46125846265895
87.16108461597864
87.35298851234674
86.95020913588033
87.47535220922215
86.93126536942088
87.1095726902583
87.66708239971437
86.47468074092001
87.11799485203356
87.20144240791221
86.58830618573266
86.8693875381648
87.22220615005482
87.32453267894999
87.2893883633608
87.12378029648218
87.24584680031055
87.20245020113713
87.20369788247993
86.10894852715968
87.38968830211516
86.5363655265974
87.06657841283501
87.0148624062056
86.23004213201055
86.18191033379105
86.75766937296054
86.88712616646865
86.69868327600297
86.2974299929518
86.47546158570535
86.76608623963176
86.34146669807795
86.80030538446337
86.89005349600822
86.41020219252576
86.69591920652736
85.85613215423525
86.6065149750064
86.56275863900883
85.90606241639165
85.80359272088022
86.25683153587076
86.45426200106968
86.85163385332581
86.06495050604191
86.54097931024525
86.62766900740304
85.9856203655662
85.80925799302254
85.69029258475413
86.17574682784773
86.21412162152475
86.3670144407835
86.29334991665941
85.371482021342
85.61187698457925
86.41376464209615
86.12434212781278
85.26556659166722
86.03564020484366
86.85060404409826
86.26984213623402
86.08562299269319
85.09688868812086
86.36508114018089
86.10018510097609
86.07280198990765
85.07459423525918
86.36286731297159
86.66868403782486
86.04719203895536
85.44115520482869
85.80096509138907
84.8558973067069
85.64790849216774
85.41218352052039
86.0831975352896
85.11323401247944
85.62623621075261
85.42466278411526
85.45215536285522
84.75669158813552
85.74699486738845
86.18713947868135
85.34609500662266
85.46953279775518
86.28714307690458
85.62516859707422
85.69220899545344
85.16468183007656
85.24817167826735
85.0418008981114
85.77480021934633
84.9320988025222
85.5518851703329
85.37590773051839
85.57205480890651
84.89921575101569
85.9875716136042
85.24037727918721
85.3778262329019
85.56234650389017
86.34434866027154
85.62815549211956
86.39594060614246
84.86424114539504
85.01964693241298
85.21936716567097
85.18847765699388
84.6723423925154
85.5249248766502
85.39848742881954
85.8403282911181
85.3906153951318
85.7720481142116
84.93982527881035
85.06825956390922
84.70740238796041
84.91639886583312
84.96590489510884
84.74080204940721
84.31514346384492
84.18724467509568
84.38479725023772
84.98389854131257
84.49974011526973
84.48406195881275
85.10610459459636
84.93775834479948
85.16577136509055
85.32630958715656
83.90333630468453
84.56280327351969
84.37390843193688
84.80592700778949
84.17974881261762
84.41153516282382
85.05205944679291
85.53346968761227
84.27006076735563
84.22490658518272
84.20620184474798
84.89631995384566
84.42391747987298
85.16681061886354
84.61660856015833
85.11179515762781
84.65302583634488
85.33930431831091
84.11723326874827
84.76643426464763
84.16604888606038
84.4583229842774
84.18938881221536
84.6628270939811
85.27499594604856
84.17012151896698
84.6197010982348
84.90910854154917
85.02519886991678
84.25433545454725
84.0814803245644
84.83140397144345
83.80637803592685
84.58983045033506
84.3425550009939
84.4667123822059
83.66593789801759
84.43688853690158
83.38914825146709
83.51914279403758
84.0877097789215
84.2699934544323
84.22109208397202
84.48158053254843
83.88699948743442
84.54427739468431
83.50463542766654
84.18869756094617
84.62760813966436
84.1197980486951
83.84083357723635
83.9477205433423
84.05509329048162
84.0846230225264
84.02466345805425
83.32834872044884
84.49331284339775
84.18041149589068
83.96976435306354
84.04245789417791
83.9482392200262
83.81088519639793
83.79505698311021
83.49434192505547
83.81291581005532
83.92388764243302
83.9648124762717
84.18262710131083
84.01086017397037
84.22744426331428
84.27606390946069
84.04963570998979
84.25187910692148
84.14450803665648
84.15336281240116
84.30513780641384
84.20995512261207
83.87844664605204
84.30098887645383
83.27097638269817
83.57741962662968
83.57956067720767
84.16946343565333
84.07924029327795
83.6216310592299
83.70816198793786
83.69392363323378
84.20180033704635
84.31878864989916
83.96250755690794
84.28887974888903
83.4890349498869
84.26549019494944
84.15227293254408
83.62946438448408
83.71632296691496
84.07758091471604
83.30268843249672
83.94198241676906
83.62453866978541
83.36178464444514
83.7109263272211
83.69533901270042
83.48619229700341
83.56369920100863
83.12060998405066
83.46195442824096
83.42996751669872
84.03952589622877
83.53687311609634
83.47009205964575
83.76729168965389
83.43631447975396
83.15285317334364
83.15420763355074
83.54498241120058
83.6981816066033
83.08846332954097
83.4168413338329
83.24727346534445
83.46636421005063
83.2345777406162
83.53414615767551
83.67268227578894
83.81184245186269
83.80379908917794
83.72481856867324
83.9222418950017
83.60006379322655
83.34607917127938
83.39806039759098
82.8623686573888
83.79039351323024
82.80164576894248
83.01697755626344
83.83256717610375
83.41115188945493
82.53220891493278
82.20404468575207
83.54910475002622
83.26383149667615
83.2798399680852
83.36870169579494
82.86737469188347
82.92284916967817
83.37696397729714
83.31777856448291
83.33390075032656
82.97193559550475
83.37955387219944
83.42380801268591
83.53251794359996
83.4836057224562
83.13165974225534
83.55120757011701
82.38784333442888
82.84511096040187
83.29731352131611
82.80788492702001
82.80132792264743
83.26424642123419
82.99814515764999
83.22660153972127
82.32019574286096
82.49635561879022
83.6813560278319
83.25211440218082
83.90978220336724
82.64060214774915
83.18983745851963
83.34944637324683
83.04975890575065
82.83128966621659
83.4026725663469
83.63014732955129
82.4885732289571
83.53939376020536
83.30934029098376
83.15232425181894
83.13950470661369
83.6305975148153
82.89423592747495
83.18927324254237
83.27299168684273
83.59669085306292
83.23792951997417
83.76368808459812
82.66233438786374
82.993312358482
83.43807744210197
82.59666066079679
82.73751161402964
82.93975530955547
83.00510517318108
82.88304718342194
82.51955729716691
82.43438871223238
83.26662787966107
82.87723455756833
82.98854953255793
82.6439067797617
83.2481988021957
82.84523049681061
83.05595039093399
82.2143539498736
83.25716245396858
82.52406337652765
82.59345206372873
82.68521895245652
83.36677524708684
82.85099770531438
82.39728601827042
82.82635118388194
83.14090110698581
82.62702603348072
83.25066344343938
83.47132708420857
83.33991540462705
82.14620234025953
82.8622506165782
82.65564029962805
83.23890076336816
82.99690969261107
82.97680768946636
83.2612746567617
82.45204474489931
83.0401761873066
82.21369338113672
82.77360258381583
82.28860444301986
82.82730098837308
83.18712762089447
81.84450889960566
82.8220125203466
82.5605311249402
82.88217555020844
82.7551215863066
82.48916100311536
82.78176433360196
83.03253877501787
82.75507067205075
82.75569378922219
82.78884442885183
83.09651269849819
81.98602329467077
82.87485741558332
82.7907909724325
82.79210950836733
82.14328520006599
82.7752875052209
82.37829062383268
82.34744587565953
82.52713078549421
82.82375923810622
82.74724949563432
82.70560879665882
82.26610463462126
82.69873890089072
82.27220082003556
81.92738584498579
82.26835720996992
82.73469349325616
82.12659963207355
82.38472496475158
82.16765274304215
82.71624828445346
82.39033871477699
82.68914974060695
82.26452185925413
82.14256455267069
82.0042196690213
82.61307519197305
82.45999631528854
82.47315357447064
82.96543745521524
82.04938289007998
82.1183981096837
82.03219406781312
82.77753443303928
82.3407092213429
82.62021564630543
82.33394025032676
82.47578348502161
82.22188088567529
82.88239704068039
82.04728938806012
82.6561304974074
82.46528671634525
81.99066747925337
82.60039895174346
82.29855378148144
81.90991277314498
82.2807629062103
82.66692320981872
82.39405760060495
82.67047855070808
82.42880417625352
81.84989511830514
81.98610059516298
81.65480780086995
82.07219966695912
82.330033563746
82.20746290366624
82.0252909972417
82.28401142622633
82.63428903217378
82.49713444507655
82.792844455844
82.07242807241192
82.4626717838
82.51293307104213
82.30806714805041
82.08029776213
81.45268927649379
82.72132111373516
81.821252438061
82.65907274540474
82.49472847525631
82.4932123976825
82.07012518867757
81.76260782275727
82.5495043126977
82.0498875632108
81.56760458935845
81.91625783481305
82.63106066286007
81.55527290227656
81.66061874901962
81.79641128799373
82.57331639571312
82.23955395320039
81.62040173389983
82.4415053204754
82.40956156463088
82.20655844899983
81.57630777645088
83.05979757437991
82.28931179361463
82.61850686107127
82.02733717149914
81.56029195677671
82.48568694565718
81.77421235665939
81.81436775909141
82.38370408744541
81.9298138808756
82.56968026521255
82.4952044809773
81.84449093803333
81.44529985928497
82.44195261080829
82.05044350199326
82.40337558077059
81.7153264859708
82.15318951906676
82.58389249380592
82.12834970142747
82.14313216555465
81.67587108657638
82.1378435234919
82.14382340531542
82.01761588049754
81.80572215147872
82.15620335522073
81.84164629798288
82.05553334228269
82.26500272587005
82.17086701326048
81.67925096849261
81.63537360081136
81.99102796375256
82.33416581939787
82.1566206095584
82.39220333742934
81.81607663898988
81.99214591873725
81.9497564204147
81.76672926558683
81.95326552518664
81.77783517602113
82.52543225907542
81.80342269545298
82.49274402036097
81.98600915188021
81.8267252923748
81.54177658523948
81.52904906788764
81.65752714151367
81.92555947357997
81.02171987903247
81.89588776929536
81.9962134075839
81.64485136349369
82.16120449084211
81.9400048811522
82.36513094510762
81.85725791418344
81.7445122788488
82.03513317488681
81.71706801965695
81.89351908532132
81.80940312364329
81.3993528135823
81.51069816136486
81.32583765142077
81.70857489577206
81.56030241049986
81.32812644423005
81.26337241521097
81.4650101202858
81.22007813014442
81.6885621637227
81.53539724347317
81.91658995707918
82.03981705664727
81.51557020000794
81.63052318152806
81.5953659841067
81.24579308774068
81.7443244314159
81.68481192297243
81.34926211423482
81.0820899463251
81.56000621105701
81.18996809467423
81.91194761435791
81.66468100825988
81.83994595615616
81.68806037612701
81.61756526592936
81.64482574356472
81.92123948517725
81.38540117168338
81.94881264039665
82.16887382234617
81.53485875690696
81.84997692868133
81.4076071858711
81.1853983867624
81.56295139744749
82.32417652688112
81.8474663196655
81.32314258131558
81.1614941834392
81.35605958532716
81.9855458126201
81.62638674818301
80.99853173788364
81.57288951115896
81.69707001393799
82.13958985430783
81.71642474166983
81.11907910207499
81.71394398337874
82.44342782504191
81.43856660683984
81.46887685876965
81.8133850678047
81.88140269362374
80.8757784933897
81.59307750782348
81.04145097185997
81.11103452269852
81.86940455308155
81.09407285565477
81.1864579644504
81.77265892046468
81.18292214968486
81.77963482213767
81.44809211584942
82.1116165373883
80.55840732563972
81.68852450656556
81.74323232475413
81.11889526792226
81.85361423700911
81.75395471971474
81.10039655980114
81.62860134251673
81.96271489870152
82.2511060650322
81.66046800863589
81.60423189039477
81.7180475844895
81.62228210993047
81.28889417815549
81.28889102079721
81.34051743470117
80.93994358135912
81.44102065648511
81.67881505431691
81.22332101979661
81.21181527310453
81.43414068860538
81.74721114068673
81.19823083702833
81.02809739099975
81.3611387010558
81.9559563393282
81.2385521742272
81.155371530092
81.29774743227414
81.8103272794126
81.22437288542962
82.00592349867016
81.5817966086021
81.44952109397492
81.62755148839804
81.7516462249446
81.62718532862377
81.387373526889
81.20858548936754
81.45907354736188
81.55543198863771
81.60147860669049
80.81477177381315
81.85664559666677
80.70681863638012
81.76604524028363
81.31474304665377
80.38577465443444
80.77342466087384
81.6870236695111
81.32507184188933
81.36497916697802
81.50770278544339
81.43390917758194
81.677163713105
81.31259015119805
81.63071058676235
81.66087485422285
81.26279125907134
81.57698814951323
81.59841740616146
80.85020200614001
81.42726938922712
80.719467741564
81.20182251175159
81.48676552765376
81.07510435692302
81.10752981542801
80.76935410965933
81.4913815245752
81.29818283148529
81.04689760111138
81.22892346374472
80.99699802201343
81.32348545955355
81.48030621571063
81.4534354364526
81.24992453178155
81.03669039510659
81.38532873716595
81.32287176249153
80.67978568787703
80.60032714312185
81.59150261403603
81.26791563238505
81.11864990820355
81.22054797702633
80.9958377176711
81.244660200068
80.7786706173319
81.4109274432386
81.16752640476786
80.71722734678835
81.15807144038392
81.39843763073502
81.30498242222875
81.21751272733074
81.29692140759616
81.31153587182541
81.18835493247472
81.84336791894529
80.65623714747645
80.85173079302461
81.29964103045545
81.26126657383101
80.76247979236292
81.44499267323975
81.03640228820844
81.42670472901705
81.03024596279786
80.44395048256618
80.77181753815537
81.3746723565074
81.09234491825045
80.97555880068983
81.17568896663676
81.35306710243982
80.89221083455035
80.90942288031688
81.06809460173932
81.36314136490698
81.16115264813163
80.91053325816154
80.89205231588488
81.2991135257251
81.23006688859984
81.51972337700872
81.14010054312479
80.91490567141665
80.73936161091572
80.91210724106392
80.75166811423748
80.84914523743045
80.80362695047329
81.48290811645874
81.11350307432318
81.0640021384982
81.07829016579403
81.57114954450464
81.52553759089152
80.75992579526417
81.29699648527082
80.65324621782386
81.20288294181888
80.80071969184128
81.05196018390154
81.05791998606286
81.08658822481527
80.70710515264201
80.50593179700805
80.7942346715422
81.53342962715504
81.18373878573775
81.65470613641921
81.05426242446508
80.96050571022963
80.75084137572932
80.82576011562983
81.11604563929362
80.74469274407936
81.4052962642994
80.6734971291996
81.14480335166579
80.87372051394176
81.00386211944179
80.61688385535182
81.56970131748811
81.1531985186716
81.01591815483144
80.45998033592028
81.04852758305366
80.65391731667727
81.24401155277987
80.82185200651568
80.69652344780697
80.84886478349085
81.00698643115642
80.58572934171619
80.93201188469249
80.5470711460085
81.69693418090148
80.66179061056349
80.23526244970104
80.62103323887824
80.90306214101882
80.2362653189387
80.59285174495568
81.60842390980662
81.0822055389096
81.16269329094571
80.74382824124376
80.39367048478516
80.74991490507296
81.37583757244109
81.05637468715229
80.91937472704339
80.44657521430094
80.80630415920294
80.83466378148488
80.9600237789664
80.77667936766237
80.59030583813558
80.7412252797148
81.03585212331562
80.92180264121373
80.87679217965896
80.63551218990325
80.51605405691222
81.00150180686308
80.65948726312529
81.03509174528101
80.74330115095997
80.78537605322401
80.7708170366813
81.29597157384016
81.27199881338379
80.81924017763663
80.90333689870076
80.93771086139355
80.89760913877507
80.53189855155506
80.59720190352104
80.39789368545857
81.5063833387449
80.4567727418544
80.797731751338
81.1479405885778
81.13410808586052
80.86993402555952
80.40575383438112
80.91065173269519
80.6022618893983
81.32088453968434
80.72482662774046
80.42235076773714
80.4494157721556
80.74396678907259
80.52461151186765
80.65298137825616
80.98358112231485
81.02652857860379
80.38167941636704
81.2847308148514
80.69037243615401
81.05206161627751
81.18601938209393
80.92012757945957
80.42983281944568
81.16479026563789
80.38038459288418
80.05315477048492
81.14686033277125
80.55806288591123
81.30930722974125
81.03564025544563
80.90658465929734
80.31180845839904
80.36634164090796
80.5596663888863
80.36517197677016
80.91554501313378
80.86061230073918
80.4317767141704
80.78742336585049
80.68556835749425
80.59908806057061
81.1908797614928
80.66408359205955
80.6829447047099
80.69830931794198
79.87310046299224
80.38937737245442
80.50357994980793
80.48231435345438
80.9616671309811
80.83789271627093
80.53641996589852
80.70501192272626
80.50851655267401
80.58182061824385
80.232517454396
80.79182547063448
80.49643478454556
80.79233275621172
80.14442964258771
80.62340100057541
80.86589800923271
80.57139580781407
80.8776363190689
80.19672411558672
80.87867005539029
80.30928730095911
81.03401814572277
80.5202627239332
80.66494269650745
80.50802452698615
80.90919346181497
80.79581381271672
80.49619073404884
81.04640047657331
80.4031326552713
80.91668619551278
80.49712145364441
80.60461548810217
80.03124401346392
79.8294487457332
79.96775471303918
80.38647263553835
80.69244503719067
81.00684875880818
80.64160006486787
80.3540209906098
80.61338599354333
80.43403039322686
80.65392563462439
80.7257278472413
80.89520202934935
80.29802164123345
80.84614324349836
80.25315018867842
80.47851006026164
80.67124385596209
80.2453166014392
80.46807674569307
80.28512617705614
80.74675039107534
80.71954541322128
81.07285148223002
80.51371810510203
80.19526562797502
80.19734406106029
80.53043531601762
80.67895061942413
80.19745917166715
80.25014946685809
80.95620469009167
80.2991751416828
80.3380586620661
80.93455950106598
80.28532184651314
80.80700989434473
80.651137722261
81.21860091019302
80.48991462430013
80.22972796334076
80.3249088978915
80.91466267248772
80.21675834741131
80.6019360334798
80.34875090565114
80.64007769670192
80.36977463071258
81.08299592275847
80.15043847576628
80.41949101802716
80.80728021209333
80.30191604673125
81.12195021234668
80.604990562321
80.70485266856775
80.6334272642341
80.32351146069117
80.25853710997734
80.80675053655546
79.86785242872908
80.41970256116832
80.36100969590815
80.64917945255952
80.05369747372359
80.32828590134436
79.84518680067079
80.39839739073791
81.22656116736516
80.02539509381856
80.59773173203286
80.25171444470456
80.0153020694578
80.26648674066558
80.46024797918163
79.99318741443447
80.34007445588804
79.79226302662579
80.11106081713619
80.11532062843119
80.33856976904556
80.22375280748126
80.72564592643634
80.45266973628996
80.32071029549915
80.7068721933673
80.25679947119842
80.39866625390032
80.74719240101335
79.57079264589753
80.00612710053481
79.82537864702122
80.52114465588627
80.34739157940302
80.61138819684292
80.27991863646436
80.61062156146187
80.03307278051251
80.01362751667972
80.88931350523755
80.50213049749136
80.5503884256464
80.27878383919256
80.76129563541419
80.77996463882967
80.40141078756409
80.22647238152452
79.89282329902258
79.94394701807823
80.63883961759907
80.60231993553411
79.94042726467893
80.85841074031383
80.52348986707523
80.05196173494838
80.23837959124782
80.17400538575035
80.66083350370062
79.93591335255255
80.24166131510816
80.16616934352598
80.50396897459873
80.56354494777995
80.41459172244177
79.76978570196538
80.06514818470971
80.13282874200661
80.69558373948517
80.49414351361634
80.5447479858039
80.32153444828323
79.9440169274677
80.78641013116953
80.4515460095303
80.37882242305233
80.18576816086251
80.6348856623753
80.2327494015014
80.15708265353847
80.52036597318993
80.41498250491172
80.55910027444254
80.01442470482421
80.91552761881084
80.0267570429144
79.76578718853632
80.68791480875184
80.00321327666698
80.26599151625378
79.94041801000243
80.18756193376076
79.8607596734264
80.09509680706292
79.85258251795427
80.06424520223264
79.44790630074559
80.04995482423016
80.12385069054463
80.08241730306712
80.48552283115642
80.23655049866797
80.38056954374511
79.82818176959647
80.23249360130367
79.98820357123813
80.54753868370886
80.15275338670511
80.0776179653241
79.90250462353367
80.4648684241351
80.87056867503551
79.88145319353147
79.75841854131966
80.46953534325672
79.91770646402291
80.26890467310798
79.85040152559789
80.02879794036926
80.23000503904808
80.18645998688187
80.44784204224584
80.20950899158765
80.5220677368098
80.29804716031987
79.82274817096587
80.59365992967935
80.72112850862452
80.2992582088444
80.26565389452199
80.46096309151157
80.2471962065366
80.2689581501861
80.79293132392307
80.39296342699436
80.0066793323621
79.71883766983647
80.33629518742444
80.45487470366733
79.8103466092511
79.45735016198987
79.43283825303413
79.92069952252271
80.28993790179261
79.9905199102713
80.01819743231746
80.17160553177456
79.92931664886001
80.45456092845447
80.66252251748718
80.42986535477343
80.36586326507421
79.86225419296726
79.90096814049636
80.12790916697485
80.18017054252492
79.98687899882458
79.42997346896651
79.99076723918284
79.79476919809183
80.27931081027639
80.25069328006958
80.26452657815827
80.04663981374327
79.91279385165137
80.20795716164571
80.33472734781526
79.82315925972603
80.02425302985624
79.9359725373352
80.30233169436642
79.89853001853236
79.99803122855772
80.09031665718801
80.18045766890634
79.89493949565417
79.98785088469096
79.8028113020893
80.29866482701985
79.55730604277977
80.30199224698632
79.94196640803594
80.03125703343466
80.04468132390619
80.07170120376824
80.23768834266536
80.26772656739432
79.9647952829838
79.96988440048725
80.01790863981115
80.526909508189
80.55245346828642
80.0687776334256
80.37531571231587
80.11104200052036
80.10153787149011
80.02279879007872
80.55401591985907
80.35191003275114
79.80854376962085
80.03710960575418
79.86389833919866
80.5561261484853
80.21422009895319
79.97673372170033
79.95252596832614
79.5610949548798
79.79656947811134
80.04016562009403
80.08009126939392
80.45255051495684
80.72205151602084
80.01282480199477
79.79814628667553
80.09655356227249
79.88997317667038
79.68158335653536
80.02088626602652
79.88936085782008
80.06549031432934
79.69297627685184
79.97444587800129
79.70339471273842
79.82423227156217
80.24404271736533
80.075953687837
80.02403012554906
80.2742079362386
80.53114846072768
80.39067516470682
79.81144296493338
79.81479497778605
79.77248442226568
79.84742463276233
79.89470589567642
79.92817657482055
79.7474644627837
79.97820453562764
79.50155962655808
80.18002715015801
80.4885256256876
79.52222400642468
80.19462548261755
80.18332398780476
80.13877751059802
80.07696904080237
80.0506355114044
79.94605129989336
79.77611797209116
80.01310478989694
79.97814141496944
79.89708796931521
80.28918700507046
80.28459561505409
80.22606739355501
80.02164860379
80.45192345092747
80.01394282871571
79.87692651506737
80.47067601436584
80.00582367299552
80.36032187855203
79.82974918458008
80.33052652966404
79.7904365211555
79.89436572775539
80.0887693013917
80.39554883559248
80.07092569781226
80.75109530102885
80.34124776677912
79.84122355973282
80.25931720305414
80.00832975758131
79.69006851607111
80.02645942601639
79.97335800102054
79.80039607069915
80.28241115852524
80.44249450778698
80.25801893470714
79.73756659821447
80.46567770666826
80.10075729424207
80.14398696747604
79.91529954825566
80.2471980134259
79.8797606301408
80.49829983181449
79.68709598730048
80.21791650891066
80.16242872824462
80.0664375605143
79.964489941757
80.39252709598657
80.44800777805143
80.28045778427486
79.5686929430412
80.64073087593559
80.11733500438052
80.32848862656613
79.63738526608294
80.26324212413921
79.89695294113675
79.69239528982322
79.9318538562624
80.21638958449269
79.92337673206218
80.15605773939251
79.81148009472274
80.17896664868522
79.48132227886431
80.1912895511157
79.6314036847958
80.06156550558383
79.78491756689137
80.02035531567918
79.8634386623136
80.410604479807
79.76122630425117
79.5999851420183
79.68525160894742
80.21106787545786
79.90694793933336
79.60787704173359
80.33839188641116
80.30229925152629
79.70890073216556
79.89259701557114
80.22010968783573
80.45286306624546
79.75166439059656
79.65715709764267
80.07370685438428
79.83333710576595
79.78685648747633
80.41855278405535
80.4293361089449
80.03152204963334
79.47536205307969
80.07530645257339
79.74864504305624
80.35785062388862
79.8880618656847
80.29553292604533
79.5237757922429
80.31823743986938
80.21843489233332
80.18683988814632
79.70471191115894
80.04679983456268
79.572167269241
79.9476832196065
79.63463908828858
80.00039344741127
80.19126375977406
80.07082607132541
80.00129349387403
80.1830078821962
79.64570747102954
80.37601645015185
79.92232244315285
80.00724646677007
79.72841863619684
79.15350343532575
79.63141649981256
80.02960758274462
80.53247643693992
79.8641351911089
80.28607511269844
79.83035461682483
79.95431193365317
79.94783135112645
79.73150669372426
80.04697110018023
79.96356084763053
80.07581347862411
79.81247755108797
79.96687257737786
79.75791027154142
79.85960689613829
80.10134851914287
79.95307203008652
79.68620558082668
80.39199464643366
79.73933926124553
79.79439534094612
80.0307806277034
79.86807890962262
79.85703054672378
79.89665778324496
79.93769839487882
80.12560706610854
79.94480465622648
79.90126201652718
79.3920909879878
79.88185895491515
79.70464209345721
79.46096495985238
80.06090214658337
79.72726549043857
80.29878883801135
79.92204584077442
79.56983261197512
79.82283286139553
79.88467787107516
79.75899121489886
79.83811278754246
80.00075895186983
79.64074601023027
79.87645136724869
79.47914139987256
80.42193378188153
79.64475322784054
79.8614132947654
79.33647280942408
80.03406514547524
80.20613005630396
80.4046553997122
79.80430003131815
79.9155956161606
80.00523638296748
80.14293589204674
79.428273628158
79.80293394570144
80.01160311243225
79.85141228267688
80.43162167557924
79.86349032724101
80.45507035621931
79.77554632019755
80.23242520898066
79.41252288270917
80.29638827235561
80.10200767260635
80.05858436603444
79.68023336683417
79.4928277850787
80.36858992531474
79.9346562068229
79.95824972426983
80.16284104238812
79.92642325118895
80.08124327384229
79.73049039165858
80.0362171576588
80.05177898854382
79.49148368563586
79.96412020960474
79.82947114786104
80.1390362957537
79.65814388698004
79.33209819656172
80.45349612873414
80.06575294523167
79.57522111118632
79.98026834126023
79.87106606319787
79.89403250377437
80.06134316048494
80.06201163164835
79.8189816813636
79.95401086569247
80.19528132128221
79.98058613950315
79.8268812063282
80.35383538475311
79.9683124846258
80.14641037043
80.04435618013558
79.68590374507347
79.84662686297627
79.73595737293242
80.01582992837223
79.69137319199953
79.91742010904728
80.4541142421517
79.72848984325492
79.88872694246847
79.81250324716774
80.18929628000078
79.84931734064271
80.37435391391122
80.07430925892477
80.30118959642768
80.22640102131236
79.75965931555389
79.89844031495629
79.89362427943425
80.07994815973527
80.05316692722374
79.99266592297565
79.90962561125944
80.21558871651001
79.76137264093562
79.82148463585148
80.35881397800352
79.76978320935338
79.64190316093641
79.83986805601285
80.02617903768544
79.95838799735664
79.79313102062216
79.87397668621551
80.2426900113758
79.70458966872124
79.99760717574875
79.8264830204891
79.84812423908744
79.38968764369878
79.96473161576212
79.53726301364497
79.94969710662316
79.90829056020348
79.70001961062562
80.08103175231494
79.8317548000092
79.77605004452587
80.10254927877915
79.20525165437452
80.1776724033047
79.25112180321791
80.04080929562919
79.43681042701323
80.04651971235022
80.08026651056356
80.08981432419898
80.18858632211867
79.92148297304416
79.88470128853061
79.96929762780861
79.9855145852318
79.68352340447417
80.18141349787308
80.0865239874811
80.14942730437537
80.03899950398286
80.00521623185386
79.93766503661087
79.36737612317482
80.08176752821018
79.92273947038562
80.29467761170396
80.19723261303581
80.15505617362648
79.96976852540394
80.12696745200874
80.0602264971178
79.8577940326216
79.86687592885842
79.92967184522584
79.5074300410916
79.75283991005054
79.95432261815884
79.76041880457706
79.58548020168706
79.6805531089502
79.96961176990318
79.90089430652797
80.11490132405555
79.67470231901558
79.87508909292566
79.23569269059078
80.40560415263617
79.79834012927465
79.15384045991752
79.79827162023858
79.3268703647983
79.95816410303354
80.22447896022088
79.61038615115014
80.2131607765981
79.80936900901156
80.06962973942812
79.34782948302922
79.37602003146216
79.60747219516372
80.02275562462907
79.55177576247533
79.97466313213127
79.79149489345498
79.80521372842729
80.1206130882001
80.24850547180263
80.26689773757501
79.67416612919517
79.95080908616016
79.96318071849117
79.60350257677779
79.50154915256087
79.70065785078958
79.71570674863187
79.74877662025416
80.02667812526018
79.28550199413303
79.77637902685257
79.59971533138169
79.67433587597458
80.20562599804528
79.98471564853826
80.05118690579665
79.903460522251
79.40844290953213
80.1808382728181
80.29992401781774
79.40636977675895
79.95172949459567
80.13114944368584
79.872726995316
79.54285957271296
80.00868846928137
79.59864718195456
79.65528094378526
79.89586787996095
79.25625143148527
80.26637943038723
79.46185132571372
79.58480559250133
79.26995138180492
79.81196813282126
79.34749358651088
80.06165910056505
80.00745342175763
79.56599655512878
79.85775438263454
79.8679756149865
79.8772615082654
79.72203681779304
79.91998695103592
79.90742708017694
79.37649817496889
79.86605080057691
78.9940610179433
79.29487822024868
79.66656342135761
79.63388989436866
79.87382962907614
80.21878271535643
79.89054455752083
80.16913556552893
79.3649430889938
80.02686698895594
78.83967454815225
79.38874464740249
79.38692922579862
80.05433450939071
79.75289705094953
80.28457934264435
79.4057904779572
79.79764011253255
79.95048149228738
79.8836447139497
79.89636315772346
79.4778661899942
79.65664708288975
79.58159984182988
79.82493676069488
79.76273361089875
79.84153765271685
80.19871860932938
79.56249924270618
79.42174958298351
79.6968997140968
79.89937394583072
79.41179663120892
79.70024852849029
79.63688388791519
80.1853663475151
80.03161262050244
80.0068565267492
79.22287132831732
79.75522765486164
79.5323011625543
79.77083688221468
79.44167198705122
79.98523484733428
79.71846992370324
79.6914278307525
79.68584257021544
79.54005490777844
79.64100970929587
79.46177563785196
79.77680658853882
79.82002128533829
79.83368129647714
79.67190350616634
80.03048347376352
79.57632424376632
79.47763307869484
79.26666665099741
79.67496509338304
79.59198237641984
80.05885109150911
80.10060029087131
79.30118713297445
79.96738301293087
79.33301252049421
79.39070209084917
79.45378343613501
79.35976238173305
79.79820407269015
79.82977099631229
79.45043030543843
80.3179155949039
79.90663671995677
79.53398224716898
79.33784365364667
79.67588352000585
79.41806672668088
79.78904770244891
79.53842850124668
79.80039387877162
79.56439253837392
79.72706304426814
79.71689936505841
79.23068265393961
79.47994652148532
79.74084873568579
79.57327154480029
79.7644717245439
79.86436781535795
80.0710438501572
79.87395889681737
80.13513899056072
79.6198661772081
80.07906616619897
79.37666412818942
79.77596961504196
79.07839775790507
79.83278847458911
79.7506983457315
79.74266934225619
79.27510767591127
79.52662279616746
79.58502560406419
79.68537659500133
79.63618199265049
79.58843027566277
79.55495340684784
80.13758322065787
79.56287331145722
80.25525977156686
78.99966639406132
79.91775183690163
79.40805582450216
79.71390569044053
79.63202582396306
79.4029533069119
79.99804011836045
79.95670037418788
79.3575982458403
79.5242847973505
79.14144622927883
79.77536704751225
80.20360802324929
79.77481980385139
79.59269606136628
79.74499285484093
79.76064059602449
79.721017818624
79.66360156869835
80.05922288304919
79.63490276040962
80.03799255892513
79.63910034481029
79.81040588061936
80.00354147072908
79.48679906856533
79.73371644642926
79.81762139409057
79.57234422101764
79.7993295939819
79.83958585066597
79.74563470025197
79.81140691594308
79.52737739643086
79.45505771782403
79.35235668370838
79.62899911626923
79.44619729366507
79.99139563587879
79.23302729015137
79.30757876065573
78.69501248622996
79.51508414237401
79.35082589750775
79.50913101932855
79.45483205770482
79.33989920437004
79.61024768273376
79.50191393240497
79.42055627590716
79.56261296769121
79.57086755345436
79.54142619174594
78.9293509023783
79.32578724252103
79.30323614397699
80.06975373866015
79.92903444222019
79.56341393679436
79.83117579827476
80.04678782086846
79.65779013552795
79.3046436681196
79.8729332982506
79.61574515144078
79.66049517416737
79.78941282231597
79.28526091915568
79.45471050360102
79.68280198894037
80.33229903563252
79.46718645346141
79.78331016043697
79.35594864623381
79.47634254413924
79.27566498136754
79.54767050238553
79.78600078563778
79.51860758807383
79.44226777051689
79.69390275522042
79.26641544282144
79.67059929693842
79.80346244327231
79.73642967342566
79.79580561344659
79.69648762602492
79.91276496834564
79.43922027538886
79.38738836889289
79.21011672361468
79.89420351849407
79.77793225791932
79.7940347817603
79.0709628350504
79.53040240775064
79.52469382981454
79.41201418580872
79.44675400150268
79.76405543254046
79.68414211177385
79.2712415969742
79.59220703388617
79.43889696628887
79.53919388424488
80.02019239595364
79.44465518648283
79.8488340158435
79.55900251701274
79.38992777794292
79.43006197124943
79.39994145826077
79.96903496568837
79.37438367833605
79.54136874903007
79.18429820940038
78.9447635531883
79.75573949245826
79.59623830608164
80.1966354634766
79.22035804320468
79.0870144361577
79.28503012733545
79.60928543290278
79.18130334303643
79.9643796199702
79.10935141242416
79.99344491700558
79.35968121904627
79.61162077294439
79.57332457072229
79.43696327357243
79.29632723881518
79.42529183977439
79.74466650806467
79.24283308275618
79.44372062202086
79.36260994497846
79.1366918071539
79.95259818911188
79.37038957080206
79.24851481945969
79.26200429291097
79.79220250968912
79.27559664347125
80.0966161496337
79.70163221549831
79.40473680888714
79.99246912904546
79.69662284294031
79.40133009081752
80.16122281981225
79.18288006770736
79.31424303381803
78.7601549076549
79.38571163173661
79.1733678854424
79.79544396409592
79.31491496227177
80.0114553652216
79.38806870370175
79.91344559595186
79.33360724493174
79.44186301078607
79.28095896210908
79.52372386625028
79.39446683965159
79.26594660747364
79.54389127886475
79.85459792100487
79.52897913742272
78.98515647746366
79.52421649106176
79.26157123561116
79.24179722592478
79.60309468793132
79.35634283872496
79.30633247197696
78.8197715001508
79.737919699401
79.24488213178174
80.30146084155285
79.4546580572779
79.78958159660603
78.87779509116814
79.40498216433298
79.48753838137316
80.14010050548141
79.59380682855834
79.69839860195559
79.28516206648486
79.70345273121974
79.29037089053143
79.53214230446669
79.44739815986696
79.50189133794309
79.33405296472992
79.44057608288908
79.60689461834568
79.75863455944737
79.41332375792435
79.57076914965951
79.03289893595182
79.95059765618224
79.3720678171998
79.45771631688704
79.37593139290108
79.83354707115068
79.3503961392057
79.59890361844717
79.71140451002246
79.44205702736421
79.35094395295694
79.45448817227329
78.93049217010255
79.6994802260956
79.13157845021853
79.8613589535926
79.30138689659283
79.44769154783229
79.67222964736905
79.49754045802511
79.38211406938703
79.59196602929777
79.18577317267096
80.0015014377854
79.67022998722292
79.57492340008612
79.80192113964223
79.07699575220822
79.2897622307458
79.9013438580173
79.31434843186977
79.03965530183315
79.04687618588417
79.45349918984944
79.67585753999532
79.29283171084055
79.60858278230474
79.12967560154203
79.34415719844048
79.34282062153639
79.59248726684838
79.81052491407388
79.43130718411238
79.9345952944739
79.64754740275642
79.92212780470263
79.44721781087306
79.98927609847087
78.95271183468067
79.3094116525282
78.85343876074303
79.5557297673797
79.38988464298494
79.24315401879569
79.69613333826013
79.25919820084825
79.5698251212832
79.80853441295899
79.45173416151609
79.21875215374268
79.54297092320655
79.29074368222106
79.22024803040073
79.41956586810169
79.36555134860753
79.78778751930636
79.20827766987438
79.73579573802722
79.22817655382283
79.34756506756479
79.75508863425651
79.39762208223416
79.44480154168795
79.26392014341283
79.55391349050069
79.46097216395083
78.99919781103301
79.35560398747234
79.71885482795946
79.54514346509507
79.59552384654647
79.29556355388377
79.15369232533251
79.60070602514413
79.26103439252745
79.55143032572096
79.01164642235142
79.59772194056758
79.54051604823562
79.73053456032677
79.72465796448367
79.44433940430022
79.22859180818273
78.71959791030332
79.00579587103748
79.77661627740666
79.2905556594769
79.39854184210282
79.38433822488737
79.63647685869765
79.52421689918118
79.36753451443701
79.47174591772777
79.28400371807275
79.26047972428735
79.3833774959971
79.60723937967113
78.8226884423337
79.13000593527282
79.51042090156473
79.57726684243842
79.56347550483433
79.35290104332316
79.26678797383025
79.60237077911363
79.41041207885424
79.28273843900487
79.2835508070821
79.30122190895784
79.54675732533472
79.24953630060585
79.92299682017835
79.23490506728778
79.30726538175814
79.29531252312519
79.19552459376132
79.08225776027058
79.54652940710311
79.23611865789194
79.39422229760385
78.91948317505174
79.15449060616922
79.27471057391332
79.24013408534645
79.39548945109175
79.72398615156719
79.40761708017844
79.78783673159329
78.94488201278452
79.14606567806308
79.20587939096467
79.36117524824988
79.12144137464585
79.40151085053873
79.43264609056142
79.04825493927845
78.80653840345643
79.5124532886634
79.1005226081959
79.62039110146156
79.90446706541526
79.70377105419328
79.3999261708077
79.38527742778615
79.14781785611154
79.54567622375187
79.47137725766622
79.97168481595774
79.39927806470584
79.253040060702
79.44476065544059
79.31842459866125
79.12440845047915
79.66232541892686
79.38572234855715
79.01848305065998
79.10390575404956
79.77807451261418
79.20206657007162
79.44814015869609
79.17334861924952
79.10342180145112
79.38849043999532
79.30759540550777
79.89201699190909
79.74467160592572
79.18481904668353
79.19614461885807
79.21971019626488
79.4746093867038
79.4011761648078
79.41104605286891
79.52171591632391
79.2236863590449
79.27033022650774
79.81100878435178
79.22960358321461
79.25703007525173
79.12432021152846
79.47644884532005
79.06118092985756
79.69322083859699
79.39066587487292
78.98176665890959
79.6668552938002
79.53020668041641
79.30382621503517
79.36680705293386
79.840603468337
78.91555477230439
79.20056213444062
79.17260433513653
79.45322232438015
79.46158880986204
79.26565010840241
79.02798411166712
79.43064795334108
79.5407199384101
79.24870762943785
79.15178090745123
79.2567794940487
79.45370213271836
79.18800493022184
78.92654424387683
79.27518948192557
79.12872880835961
79.68496873055165
78.87399106916625
79.26110094268712
79.82668962794163
79.38763326890418
79.25854689204829
79.03216123734222
79.26002522418494
79.32073059805853
79.07437701882387
78.77705080133575
79.81239967380012
79.48204786239697
79.35198544985295
78.45691163325608
79.47166226215889
79.45787433797366
78.85349556304348
79.280580550764
79.46619550823083
79.29392018668821
79.47585420139121
79.0404256229859
79.2456754324864
78.76273768256685
79.47661200258257
79.06999077647872
79.44331813356025
79.59976814749835
79.44340581037176
78.88765588081219
78.85300261279917
79.0333525198317
79.3142727938368
79.29278385050772
78.81526710456677
78.71872295635211
79.50410051156928
79.38575211872218
78.89291282748823
79.42440591441321
78.94380827443923
79.22982916410183
79.55188443347633
79.22534390252304
79.54211264799011
79.015161172112
79.43833997259298
79.0903151175951
79.31744620006816
79.48827072102529
79.18711328433272
78.98708824847154
79.07012941239465
79.13019036354396
79.20650072986385
79.44825198911019
78.97719727995774
78.95872021434397
79.15238261843932
79.31594586378752
79.29343842756589
79.93325096898894
79.33069843946892
79.0079929533788
79.6113187780794
78.74179305212418
79.23958616452882
78.88414045536722
79.26271489963315
79.37544405266848
79.04744317433838
79.19773624711021
79.41049525908595
78.96000089665006
78.97868616428588
79.49478842888891
79.4651575400485
78.87877174760963
79.25615317277153
79.00724510159915
78.95503056538885
79.56164514687717
79.44842529428455
79.11366324191717
79.32871197696277
78.91133367588567
79.41542982327115
79.46019050476909
78.7537530415834
79.07526224928353
79.17835104959106
79.19740639741774
79.2200124255452
79.44508012480752
79.27700281633211
79.34207945577033
79.1511805827085
79.2586157649329
79.46971455207807
79.34411790811569
79.10633250271322
79.35251456490401
79.00571116243134
78.59365439027219
78.91077414853919
78.90613963434733
79.14818181400868
79.00694082414496
79.56723937200948
79.12935575665452
79.23789783243464
79.15625111061716
79.27397690860971
78.65754137477975
79.23124135018084
79.57161517849421
79.22726016294872
78.99807699319587
79.1268837821817
79.55516001604575
78.97774589001612
78.73596091003768
79.31258054678598
78.85635962147242
79.38052234425267
79.32708051101858
79.1188750557311
79.22729485229182
79.31333191111366
79.29027515384615
78.97308524462619
79.07368954061916
79.06818491496746
78.98463514338212
78.94889611251342
79.03909213574032
78.92994425407265
78.7964644053593
79.21421205191388
79.15901245717714
79.51371820990481
78.84375716051575
78.99897286504479
78.71071110512796
79.15503233937692
79.54394510681094
79.24865252085583
79.15872688160198
78.6313978506655
79.39047454418596
79.0821415353405
78.89075917016086
79.04117783094011
79.01432116247186
79.04554208007454
78.91645845523443
79.25432914869579
79.45444523373702
79.26528605564823
78.83302285937259
78.470520736235
78.8972556974831
78.88536478121821
79.05992704711846
79.38959371455236
78.7856757230206
78.55348574626728
78.77075748690477
79.16272750084723
78.65788381165261
78.70524101693749
79.05824881388226
79.35148451995022
78.9315918578316
79.03242312756772
78.8078670056609
79.40583830035446
79.10435294817498
78.912174997919
79.03038834544745
79.5378203970302
79.26844553971091
79.0076821733975
78.66826933335707
79.10833423130201
79.0816581810373
79.2794409703925
79.4646253712378
79.46786571296717
79.42416827999668
78.77718517327763
78.72423593109338
79.67072613874109
79.28726474950425
79.21193137246073
78.79048509339091
79.14511059395986
78.88116174148387
79.12231952713434
79.2180738755681
78.80664509596896
79.50073733455235
79.0078748222096
79.22012120844376
79.35915420021882
79.19106068435117
78.96345845291121
79.24543835597021
79.11052119786129
78.69388776094469
79.23405693311372
78.98872700131689
78.89172908898097
78.82614948864725
79.31551246088904
79.0573771847289
78.88815923335135
78.84406919486146
79.08374067296062
79.30963426337364
79.69648585009566
79.22538899537703
79.38599339411694
79.07037303505817
79.15455639782296
78.83545430657333
79.00988263150788
79.06570179331894
79.00573130925217
79.56303904213509
79.164594965991
79.21944223169021
79.13515909291328
79.01001155717297
79.44547832976792
79.01179194138767
78.79101205417172
79.20314252069716
78.8861066058217
79.61811091958232
79.03078931344781
79.01514513427979
79.31874102419451
78.99806561293535
