1492245.4549879662
1492219.6139369132
1491285.6125068448
1490293.1191328224
1489306.9483273858
1488364.9376951177
1487344.277540375
1486291.3034505355
1485278.0057474026
1484241.106991977
1483239.169897128
1482215.4008908533
1481219.613857916
1480215.1539841872
1479223.6324690937
1478235.6660491542
1477260.6666543907
1476281.4351111723
1475320.9752384182
1474351.2933111778
1473399.5871133695
1472450.815303254
1471507.3408755595
1470557.5661664037
1469632.3113816804
1468623.436904589
1467630.1545086096
1466626.3416786038
1465647.138484014
1464681.0089775675
1463719.1196207006
1462778.2867934313
1461760.853013621
1460791.7893729473
1459795.7962190355
1458816.2512850447
1457779.9882451557
1456743.4309284894
1455714.7059912418
1454681.1317409535
1453690.3648869991
1452674.1951996882
1451675.2796988408
1450678.2082183626
1449695.1144022269
1448703.614422024
1447744.5946497174
1446770.729651845
1445805.9266114805
1444844.2426469862
1443906.204116518
1442956.0889758724
1442016.1135547715
1441061.5603850272
1440062.6885605506
1439055.0979936619
1438071.917541659
1437078.431002203
1436109.5964162708
1435128.7309153266
1434159.7777461603
1433142.900755009
1432179.462103377
1431179.434679803
1430215.1254110087
1429236.5894114112
1428247.6054736064
1427192.7743668207
1426172.7737540186
1425126.815062895
1424086.195394968
1423013.8306277154
1421991.9794192303
1420879.7737095377
1419817.4269330057
1418728.8254547925
1417684.053195256
1416604.369668327
1415571.985788896
1414511.5576709022
1413472.1371111795
1412373.8933289645
1411331.6943823912
1410301.4378970768
1409248.726277214
1408144.4717674672
1407074.1768537788
1405975.6675725677
1404919.2601297465
1403843.7309639608
1402820.8330727927
1401702.5257935857
1400604.407099959
1399497.2154234762
1398413.2058605268
1397312.8086584152
1396248.5173212173
1395158.688414863
1394114.007832776
1393036.4488667261
1392005.750871213
1390935.9460802132
1389922.962654913
1388875.220397884
1387878.7163072808
1386848.4951686445
1385862.7018278085
1384806.0336478956
1383762.0222680531
1382739.6810785704
1381662.7900671721
1380563.3409173922
1379504.5522862028
1378415.102356359
1377378.090411261
1376306.6536176505
1375278.8534120119
1374226.1645740692
1373215.7009762828
1372175.6448399033
1371180.8168440117
1370157.5832323395
1369167.3000800954
1368160.0615313773
1367192.2607625679
1366193.1614971093
1365247.9340430244
1364265.6188437205
1363331.326936156
1362363.915730413
1361441.978080223
1360487.2163387826
1359580.659213726
1358647.7198865626
1357755.0743714771
1356835.031797141
1355929.8048509588
1354979.463368405
1354078.0298355287
1353160.2222712499
1352282.3630701029
1351366.4868737715
1350503.7440676508
1349619.5579974602
1348784.2166213254
1347914.5385043733
1347065.3372688184
1346078.4381703737
1345105.0729135047
1344131.7101097535
1343213.9709982856
1342279.137834742
1341292.3604835737
1340307.881164351
1339334.5016572275
1338329.352563014
1337378.361156204
1336387.3094267386
1335449.3754991065
1334477.1141122694
1333554.9732320558
1332585.0837360804
1331681.4772884918
1330746.4068582722
1329838.7243198473
1328911.5338795641
1328035.70996739
1327116.9018746011
1326257.0478342527
1325358.3311172917
1324517.0387554106
1323627.1367731928
1322788.6312658726
1321915.8941227857
1321087.560355454
1320225.761569837
1319421.868287326
1318499.5830971496
1317611.1605941318
1316691.1693505093
1315719.3991381621
1314706.523959872
1313758.76822775
1312767.296065705
1311822.1753444436
1310833.4572065428
1309925.9128470826
1308959.8830462238
1308044.8878758978
1307024.1221630564
1306059.7124915684
1305044.9453801138
1304099.8053249614
1303101.4766446797
1302166.4258879253
1301188.9157270943
1300267.5776491538
1299303.782096582
1298397.104202952
1297448.7501466058
1296554.7310503328
1295625.6771069209
1294764.5277674452
1293848.8640734323
1292950.279076756
1291993.5769964042
1291103.3277518062
1290118.2321855517
1289192.6335045893
1288221.5856041412
1287314.9603062405
1286362.847791442
1285476.733445278
1284539.5669313506
1283626.1554769224
1282664.0179565563
1281762.347597156
1280818.3774408938
1279938.896699654
1279010.2755412394
1278145.2859895923
1277230.287865443
1276378.8686482501
1275476.9963785575
1274653.5854465973
1273873.7686539066
1273109.2894138354
1272257.3813305504
1271378.215840121
1270431.884498428
1269511.6111449667
1268578.6959551363
1267678.0192073314
1266682.5809404566
1265739.93984329
1264766.6941190604
1263839.0486878054
1262885.6602160258
1261969.6237191507
1260999.6435208418
1260085.4186068343
1259104.4891071853
1258179.0513558802
1257220.1768961449
1256312.5848099166
1255370.1530382396
1254478.134920025
1253548.5906962429
1252671.8193201153
1251761.6467203265
1250886.8515431096
1249966.8664118538
1249106.8530535563
1248205.3185419687
1247357.65825896
1246471.3355441107
1245651.698226103
1244772.030155154
1243973.3282522317
1243109.5257189623
1242322.7613237903
1241485.5360371375
1240710.8651445725
1239889.1325654841
1239130.295532506
1238324.2393978164
1237585.6643523455
1236795.4270814813
1236068.3901942177
1235298.8344043884
1234591.4312731128
1233834.7890093024
1233121.9901785217
1232362.9336403783
1231668.8778507472
1230920.758837831
1230162.8378729378
1229366.3152812207
1228626.327704422
1227847.1278633121
1227122.015408648
1226356.310591728
1225646.1035747586
1224898.5996546634
1224208.1620439517
1223475.392621978
1222836.8218268673
1222130.4220670953
1221415.9298259113
1220664.8824026354
1219965.996982562
1219239.9569429683
1218561.554048049
1217842.2671588098
1217181.7589071281
1216440.9806013408
1215750.0706432697
1215027.5036427823
1214355.6170320867
1213645.7343033392
1212999.3251770432
1212307.3473387973
1211669.5835225815
1211000.586744194
1210378.8135577056
1209711.5510054089
1209082.789988852
1208433.131866161
1207831.5487595324
1207184.6920818863
1206592.578050471
1206028.8384414853
1205385.7932041513
1204632.1045158359
1203912.645634671
1203217.8284738932
1202504.5049594517
1201725.4814319713
1200979.9356962899
1200224.6410958983
1199493.0497702907
1198772.297390238
1198075.3735987768
1197304.694950646
1196548.4671293462
1195739.0259921865
1194935.1665974646
1194106.1259839917
1193308.8003740301
1192472.9450045456
1191651.5699671055
1190733.8330275165
1189825.746866137
1188919.8025007194
1188043.2814252314
1187147.5980269688
1186285.6032920291
1185411.140772866
1184563.1037013447
1183703.9422497365
1182869.9498382334
1182032.2892023546
1181191.2998332605
1180343.490916322
1179523.1080978105
1178691.3957347583
1177882.9613027829
1177070.9288376458
1176285.329558648
1175492.7735903417
1174711.902806769
1173935.3275776582
1173174.0270865213
1172414.9523826428
1171644.3921155296
1170877.796989662
1170129.7470318503
1169370.967070949
1168604.8722818114
1167852.1198879688
1167125.7716313743
1166256.2426630803
1165355.0909070966
1164433.6986319507
1163545.1799130007
1162595.5777680771
1161676.628022713
1160732.0752493066
1159819.6831277015
1158891.3751368208
1157999.7185539647
1157086.1727410774
1156215.7290666956
1155295.372024459
1154411.6487709181
1153511.4446263998
1152644.5163372108
1151766.7171617318
1150910.4199927798
1150043.5778416595
1149207.887770597
1148353.1618601002
1147554.1512401896
1146688.5947160707
1145870.2216196111
1144981.2829528009
1144148.9250385507
1143288.688954733
1142473.4860189508
1141641.0113809619
1140884.5266593157
1140110.0224718596
1139320.60225801
1138470.2602915242
1137701.3432066003
1136833.743522876
1135992.5589236233
1135113.852620031
1134285.404299836
1133396.495897347
1132543.4187702036
1131674.0327447965
1130841.797258877
1129971.4108811955
1129129.179007871
1128279.565296733
1127455.2419313565
1126618.3854901926
1125809.9589459817
1124994.8343205536
1124201.0361017983
1123396.7623587248
1122691.1481973839
1121892.101899095
1121140.904780969
1120299.4712216486
1119484.106081252
1118654.0607129477
1117855.7212937537
1117043.4931023861
1116263.6638377768
1115461.9588506548
1114700.0029092585
1113926.7671761515
1113184.6147273788
1112365.6808223163
1111580.400871769
1110783.6594667453
1110015.6656961646
1109224.440391906
1108457.4426005564
1107666.5824312177
1106912.1882862556
1106141.523153856
1105405.328864884
1104653.1726777798
1103906.9476929842
1103110.2635882145
1102292.4484311757
1101501.585523153
1100738.4993419554
1099955.2138109296
1099210.6820613681
1098439.8929713098
1097714.5716370125
1096928.3882531566
1096173.4909043002
1095410.836526439
1094677.031886111
1093923.6008657918
1093233.1750010813
1092514.996260302
1091705.4340756892
1090863.740669371
1090050.704939146
1089223.0106505959
1088385.270215195
1087536.9375415589
1086722.789553038
1085874.44512079
1085059.5108811965
1084231.6552329615
1083442.2057738642
1082631.9234317692
1081849.1900785728
1081055.1762394225
1080292.077541711
1079517.0934038803
1078767.5833924124
1078005.8203046357
1077250.6741849973
1076491.1012712652
1075757.8988759725
1075011.0364713
1074299.0873533194
1073565.0161087187
1072857.4110985762
1072132.5567446328
1071442.6256563345
1070742.6272358561
1070088.7832529137
1069402.5421859007
1068800.5198325962
1068102.0454946859
1067355.0705929685
1066600.4161589805
1065859.2815234908
1065073.0050867214
1064278.404295156
1063470.1469560543
1062665.2738258867
1061853.697388539
1061061.066804225
1060233.4675789915
1059418.9255250648
1058602.8788534668
1057801.3014279099
1057000.2684323601
1056223.5605573375
1055421.967360107
1054649.5268409718
1053869.2296678633
1053110.7042207145
1052285.0363527192
1051485.0029106205
1050666.465727143
1049879.8572557275
1049078.7794958968
1048300.9654794015
1047513.3651052882
1046758.6235293191
1045945.8367688869
1045167.5392013191
1044372.2134921404
1043610.455758918
1042829.9986006762
1042082.3680118676
1041317.9994348617
1040583.9508926017
1039843.9120518422
1039137.321467393
1038432.0093061591
1037689.5221135449
1036935.8137072766
1036212.0111044362
1035470.4300364922
1034754.1069610371
1034027.7160263549
1033319.0863629295
1032589.9160965098
1031897.0557496002
1031193.3249316016
1030507.8315473021
1029810.8495549357
1029172.4595676922
1028493.7214412141
1027823.5337428816
1027146.1464856521
1026498.0131856323
1025788.5747531914
1025105.7152961623
1024405.0019795223
1023722.45719148
1023058.0261900421
1022404.2234133017
1021646.6212740757
1020916.9514010586
1020182.6627549959
1019435.1419145063
1018675.5932029354
1017943.3423109213
1017199.334268518
1016497.7306515244
1015734.6043313382
1015005.8284647173
1014290.3983703259
1013573.0932959389
1012862.2784617109
1012110.1854339938
1011423.4633048958
1010705.2483068985
1010020.9787843025
1009325.9003641175
1008622.274102742
1007905.3779473719
1007223.6254945429
1006556.8292058494
1005913.5683742819
1005302.6675040867
1004629.6669565698
1003992.9986788988
1003339.3849568251
1002745.2500739648
1002141.3892792029
1001517.8923779863
1000862.2941903771
1000213.0188317356
999567.2420451934
998933.5525836999
998308.291844534
997699.9257737034
997088.724929996
996489.0721607998
995885.659816621
995302.9285136304
994725.7896569498
994143.5194492427
993582.8139586751
993019.3932666848
992472.1844885516
991928.608258594
991392.0807939721
990838.5010283809
990286.6648010785
989673.0202227514
989062.4806015235
988471.2655617817
987876.0915647426
987302.3423434696
986705.118693407
986110.8264329535
985502.6054158654
984868.7316637152
984272.7802306373
983661.2560717753
983028.8330317858
982398.6665598197
981788.5926001306
981167.0700098715
980567.3460921692
979979.0310946068
979398.0435113757
978828.2053869723
978291.2531269297
977677.9457337466
977049.8260261017
976412.4542817271
975795.5244312681
975129.7205553979
974431.5600910186
973739.0607200963
973057.9737359256
972389.8060588349
971725.5767333973
971062.0265426164
970403.7685365239
969760.2559447273
969084.6923613292
968412.6223012062
967735.5524930209
967077.6672466184
966417.6733688605
965753.3354840014
965109.57775088
964458.7006540508
963828.4495052082
963231.9055007328
962610.4576342849
961994.5294676414
961356.9347371022
960746.075488099
960142.0848716426
959535.1071577474
958948.8800513004
958364.5128178551
957793.2468786577
957218.8593741622
956668.5458937803
956115.6806021801
955623.514762975
955078.6486329015
954475.2369808007
953864.891922614
953271.9524356175
952685.2660776493
952113.0986230575
951537.5599983699
950974.815027849
950421.1586580024
949874.4529888696
949328.7758980119
948788.7985747708
948247.939084609
947716.1737799429
947192.8661315496
946676.6791927401
946127.2975654803
945548.0185160986
945006.2235166685
944431.9112926009
943830.9724460474
943247.2526375777
942658.8203411883
942082.2445726264
941524.5711665845
940968.0130980687
940413.6232653612
939894.8833366021
939327.1718883695
938838.8757168375
938318.2429253293
937765.5174848449
937219.6654613492
936609.4195956343
935993.9017990178
935376.1609048361
934717.7375224985
934067.1571414844
933415.5135475206
932786.998171896
932152.7420830284
931533.9711981901
930901.5899196501
930286.4418431845
929672.7060112754
929086.8345487083
928473.6218280916
927930.8979279308
927347.1384315776
926742.0398161308
926137.0673799752
925538.2505974945
924907.4424746421
924289.7627836055
923630.6730123714
922953.1154386173
922281.0077690065
921621.2405387557
920939.4961253081
920278.9065991954
919611.3530463603
918960.7597379797
918302.1165697161
917683.2668056708
917042.9949983549
916491.6483620002
915922.7104236862
915308.8888985374
914725.379492614
914053.133253357
913361.8491174506
912699.1690285994
912017.4211331058
911371.9157203179
910704.2307452727
910075.3968913306
909424.1140433645
908839.9517901804
908201.9253890197
907552.4416392894
906877.939392482
906242.0259337246
905591.9706423962
904954.4124810937
904306.8670534132
903704.159581301
903068.8110042603
902472.3421931283
901859.3050570098
901279.9888981301
900687.838684561
900139.6398866714
899521.8258904573
898925.9340595265
898300.4262071531
897692.8015590067
897058.7905693048
896451.5092122232
895830.5973203161
895296.0750624713
894681.7296770174
894062.5821971378
893419.4632581323
892796.2131605397
892140.6750391131
891463.3307012029
890765.2117334264
890037.2642573797
889386.001701549
888673.9124803941
887969.1484876808
887233.7843245608
886566.0993911756
885855.4579018748
885099.1352467788
884406.3749815694
883711.0604880232
883043.2314039613
882309.6709083109
881605.644821905
880867.4756839017
880182.0813976204
879477.2806035529
878800.8548635505
878094.2101460603
877461.3570660007
876744.7105455972
876052.3771273956
875361.3683865058
874679.5073383462
874034.910746861
873379.3975227036
872700.3379703963
872030.4498593558
871413.6173737842
870793.4233015628
870137.0264341831
869527.8752333216
868914.5484991767
868362.0659711497
867718.9547978053
867054.8111193238
866380.1784252832
865730.0842743403
865066.82374264
864428.1294562181
863782.7015637776
863161.5585689422
862529.494250725
861928.4730052971
861311.0832788438
860722.7224078603
860122.9796473676
859554.9189550269
858987.8089793643
858507.0250986792
857909.7566006978
857388.341311535
856764.744731679
856154.7976160215
855552.18002143
854950.3340448875
854329.0630032646
853775.5393219934
853242.7010733979
852688.6482971141
851994.2102669129
851306.9508582507
850540.9216043274
849815.2587784827
849063.2527641269
848349.4819572621
847617.0557557946
846922.7240139333
846235.9876101362
845558.6602587849
844867.8065574591
844171.1253974163
843516.9823336279
842910.2653722725
842218.7208395327
841517.809228813
840768.5399306733
840044.3543307466
839296.6251021898
838580.2621586242
837852.8938841576
837170.0629847568
836468.379088284
835771.5315479031
835024.1143533931
834317.0799021401
833578.361622825
832887.9803880294
832160.8874230435
831481.3794148227
830728.2627425536
830030.4505877607
829297.4886977166
828546.9413236006
827848.8551568097
827124.360956559
826392.3786530992
825699.1901607983
824968.2295744366
824287.5388126436
823581.5876165094
822911.9549779906
822188.5144617914
821502.9290333532
820794.1534066683
820125.8206795087
819427.2463024504
818772.0546106218
818089.9873960129
817456.4280497413
816796.149281657
816174.6393253388
815526.9593060149
814922.5071322193
814287.2955939225
813703.7812891408
813064.021955106
812459.1511031967
811836.1062475281
811248.4317298607
810634.727808052
810071.5055005427
809476.7297580785
808922.0205084702
808342.198903884
807805.2368213995
807243.3783834868
806733.1988378905
806231.5006066477
805752.8356512034
805241.7014964019
804711.622735708
804121.5627942429
803520.7520814306
802897.202956641
802290.6133617163
801654.951366092
801071.8131041944
800461.0862677793
799888.1460080964
799290.5933806488
798732.9897590572
798158.0274374227
797617.6456812996
797050.961837435
796524.1360137715
795989.1368771866
795489.1494580018
794913.9685795527
794372.1085157635
793843.8310316514
793331.5797087989
792802.8130631164
792255.961083891
791727.8004791609
791212.4539564183
790698.921339252
790220.4980453068
789728.4121505023
789205.3433000039
788585.1825818784
787992.0931362684
787400.6143517132
786791.2941845275
786211.8849282708
785627.1847832918
785037.6592307534
784508.4960719179
783949.9339950923
783370.3735877335
782718.6896424587
782106.1226260362
781492.8133089165
780886.239526714
780244.2822930651
779590.4877920534
778914.7708160054
778283.2471678734
777628.6000549498
777009.3556982176
776372.4691740297
775774.0970788968
775153.196026471
774550.0010075398
773919.5561696369
773331.699925073
772723.0885150916
772150.0475734639
771561.1416900646
771006.3506666778
770410.7744318264
769854.0121637171
769202.2941269652
768584.1876018929
767948.2017955638
767365.3230213319
766736.0882691819
766152.1401959378
765512.8974983338
764880.5787284265
764245.8083626573
763630.2112462089
762992.1643898304
762386.3454870662
761781.2342662426
761180.3058661118
760578.6773526634
760002.6162347746
759412.8830343183
758860.7497322046
758265.6370269497
757705.1587062158
757123.7138443068
756601.6936872436
756033.4096300736
755527.9737098656
754973.4480732679
754415.3173592658
753836.1864383379
753313.1187979814
752736.147085915
752180.8033530503
751599.8570293399
751057.7187144271
750483.593602098
749878.9411314898
749259.1536108493
748672.4123345903
748063.2556691301
747491.1818830443
746886.8312038846
746344.7938695864
745777.1186326417
745261.1540506586
744623.3766061263
744018.799702001
743335.3002801121
742692.4859881372
742013.0044959994
741424.9690637747
740780.0632358139
740125.2826849209
739397.5630059061
738705.4486376848
737985.4806152675
737300.3755430239
736592.4976361889
735934.0890937914
735239.7411742408
734595.3726558441
733914.7130717676
733287.4209277154
732622.6181512676
732022.0795203029
731373.513642693
730783.7532300161
730154.1248065407
729555.579986626
728934.5914221534
728331.7112298509
727735.1065897918
727185.065110151
726591.6712806344
726046.0689999049
725436.7279658281
724910.0721748332
724332.9017762379
723748.1125523916
723136.8821844604
722562.6761660308
721978.8586236717
721398.5118930906
720784.0794311557
720188.8625908804
719586.7708816745
718972.4703314282
718355.4480874798
717761.7754530169
717158.2621184419
716528.2616386982
715884.6862205712
715256.1568967385
714665.0947890381
714040.1618511541
713424.7985885735
712785.250298223
712230.7029136801
711563.472026995
710908.4921092188
710285.4749058504
709632.6969671565
708953.5751624983
708286.3403122488
707610.3432085915
706935.748230909
706250.562384911
705572.6891062475
704909.2676642559
704279.6979413495
703693.3026285687
703011.3366416809
702236.5035803276
701464.7577057364
700697.6991414374
699944.7035762614
699196.3310292781
698453.499908965
697729.9568555984
696997.4716545548
696285.4466005057
695582.8037306303
694882.6867565471
694175.6698338155
693483.1190691966
692791.7290536679
692106.7594355514
691443.9041144805
690719.4431609007
690007.8412746389
689302.2271047563
688587.0219405518
687874.9887168843
687174.3388754865
686433.1110480429
685711.322734218
684990.3908013885
684277.3506824168
683572.1766603704
682884.2890460924
682192.4361067107
681520.4694750007
680847.0772868966
680189.3125917052
679528.1366127061
678855.2698222887
678180.3136216238
677511.6795197712
676859.787415358
676209.989850122
675569.9894908427
674943.9557168989
674309.9640041274
673701.0518041356
673091.907699383
672494.5645523276
671907.6666830027
671324.3606130288
670752.1815749826
670178.6561683753
669615.4409109863
669070.6625577583
668497.1517885731
667942.1266158232
667393.0369019388
666851.6928368873
666315.4256679674
665795.6496765836
665276.3412989097
664773.6490183853
664266.0501596661
663753.4347113565
663243.0581955865
662744.6262871586
662252.0343573387
661808.5751457248
661309.8549995746
660846.5305104383
660336.2519198062
659854.572944241
659301.6917617859
658773.151511875
658233.0931935672
657713.9721534901
657196.791707801
656682.5296958565
656170.7791007826
655675.8974800454
655181.800199298
654696.9344249038
654219.4979872503
653756.4704893315
653277.5501582522
652803.5098412852
652339.1113517409
651889.2124316213
651418.7976263169
650955.7216515675
650495.0041454553
650038.9175627807
649569.3596009855
649119.1791893385
648668.8806897069
648239.6003683124
647810.083704428
647390.2141638711
646974.4770051081
646567.1007986225
646169.4948468916
645783.586008309
645403.9406830403
645011.3328520444
644622.6445728181
644255.9485910354
643861.4438154964
643485.0280645366
643121.2882524816
642776.5218099816
642421.875507594
642061.4956121683
641642.287636702
641250.5018502135
640836.4184746546
640443.4068480313
640065.51963534
639644.750897816
639219.0061052955
638797.0906478934
638393.9930032679
637998.7160505839
637585.4247817709
637153.184892904
636722.3769784041
636298.8495672973
636007.6083820523
635596.771464367
635129.9611691075
634618.6431520495
634131.7468370212
633645.0797002455
633117.7646208846
632581.4978690244
632033.2797254451
631481.8551011805
630931.2892835282
630374.868445964
629771.880384456
629183.9837802374
628594.4679566824
628028.267266046
627427.8282794344
626848.1315727327
626265.0567474447
625705.4150003826
625139.5767873392
624566.7518497104
623989.341365424
623432.5252418292
622864.5492870902
622324.4552310756
621772.9086477788
621263.1472068966
620733.1868287645
620216.0621418995
619677.3046075462
619154.0834850972
618606.7722208604
618072.9564224539
617534.261109748
617019.5920814269
616500.0889843234
616003.4745069792
615491.708629423
615005.6843770524
614521.2110089874
614060.507905787
613599.4890281172
613099.5310207744
612588.5097570801
612101.2432008844
611619.8800702733
611154.3155317372
610682.4643162239
610220.8343320413
609746.2961152918
609306.095568135
608867.0970161977
608432.0130871352
608013.1312139349
607589.8240306161
607167.6194156801
606752.4606502913
606353.0823221077
605937.5336111037
605552.7116383734
605168.5779357634
604783.1959193709
604362.7448504188
603948.9337556242
603572.0600493111
603200.5161592184
602889.4935336818
602458.7094562614
602120.2589787834
601703.355963454
601316.7766885929
600833.4026865368
600395.9114020666
599938.4325635233
599526.5127556446
599097.3826185338
598718.2442426679
598258.6968613821
597841.494975579
597397.5367363014
596952.6245731169
596508.8304429073
596106.2871656738
595678.1318470909
595284.0572825863
594913.2815423374
594534.6955578909
594114.5912322138
593736.6664834704
593335.8968617783
592999.1945405205
592596.3408101789
592217.8263789442
591863.6147559001
591440.4739979019
591004.072581469
590516.5762501134
590062.0324809236
589607.9266125277
589163.7355072795
588710.3136480995
588207.1267751518
587719.5001723575
587169.9420663123
586617.1534557203
586075.9250378541
585557.8189498152
584976.4000624681
584404.2654292586
583780.8848670963
583140.0560864478
582496.8637942295
581875.9898609369
581257.2403805713
580647.6917088955
580032.3214836958
579443.9297257123
578837.5953113261
578257.7080139628
577671.9991821555
577128.4627939046
576520.3853364433
575941.1999462232
575331.6094890068
574728.2034983812
574091.4480703187
573499.0994448003
572873.6318050108
572283.3831009528
571666.0548920494
571086.7546072968
570495.0410960574
569944.3515726456
569365.8355770845
568777.6084348591
568177.2559451703
567609.8381625639
567020.0362160462
566466.6990927032
565898.6292709975
565359.8909646147
564808.1875638252
564283.7994470433
563763.8407325397
563276.567798132
562737.4290923921
562249.4590033173
561736.8488043618
561252.9630734976
560744.1933197172
560291.7925068572
559802.5008132468
559323.8830542583
558813.9181333178
558335.0991783461
557860.9370739576
557452.891315815
556995.0703593706
556517.8566014328
555967.3171637367
555480.2802782949
554884.3867947478
554306.069012836
553705.6856097083
553138.2744615622
552562.1868196464
552020.7055683476
551415.3322777407
550845.539485468
550262.561645176
549705.5192492142
549135.957128779
548595.1738846
548046.5686711626
547538.0752267555
546994.7725838729
546508.9641687156
545984.8259414446
545471.4200671936
544982.0966536363
544457.5098597807
543884.9540108321
543358.2509103217
542816.3806151879
542298.6409936999
541763.6466411131
541271.4430587002
540764.6781865772
540296.3006697071
539784.0334806206
539312.8868375208
538825.7626478752
538354.5633110666
537867.4302349397
537415.9367461898
536950.527149452
536493.4134385312
535985.5848288798
535535.4606073905
535052.7002416021
534593.2092598276
534110.7746582122
533643.7429225072
533092.3526248239
532575.4316771333
532033.6675136854
531536.2129190294
531014.2510165017
530529.2164777379
530025.1437212797
529552.5868088966
529064.3406552051
528606.4088671928
528134.6944651093
527626.1489312013
527105.0847866201
526595.0813281217
526068.5830561509
525558.4879261256
525028.4151896646
524533.8722132649
524021.5867871992
523554.93883690407
523072.9485340908
522601.4370806353
522078.9413386418
521591.2163717623
521085.1509933071
520613.2418115717
520124.914927233
519666.4568057926
519194.2854339241
518722.5378947827
518235.6802884989
517778.79919117794
517310.9537236335
516865.2982408117
516424.6897245906
515979.3062512121
515507.2906430437
515052.5974067663
514644.1242561706
514207.1186309637
513746.4712046996
513304.01180600945
512849.69143350027
512447.01726155804
512024.71741833974
511611.8693495034
511175.1227290421
510756.13622192707
510345.06329575484
509950.8429937522
509544.2649454446
509186.13191663
508846.642655464
508490.0052496043
508087.2760345654
507716.52715784224
507355.16420136247
506963.2440155831
506551.7733694772
506161.449745256
505778.43548372056
505398.34186110605
505098.0343583781
504738.96996714437
504323.04261709977
503893.76672778826
503441.61846628116
503026.3438864419
502616.9575459609
502189.84498097684
501762.48178637424
501378.13256960694
500999.018263202
500582.4370459176
500170.31502325775
499813.532274273
499430.5600047119
499061.3393858673
498639.54315658467
498257.26235028676
497853.96062241326
497468.1371430497
497016.48078182474
496585.5460820414
496187.94827489014
495789.74898412277
495405.5908094425
495014.2614079235
494675.1776404667
494280.99677601573
493906.289194576
493529.05675524677
493163.2740527056
492788.24885813997
492437.86512255244
492072.1892228259
491712.7356149834
491371.6785927268
491016.62937314686
490672.9450630282
490310.7727755079
489983.5660899813
489633.92466246226
489283.55356072885
488934.5611723637
488587.11319559
488220.6628097388
487873.46089365584
487534.1745594687
487211.9292883217
486865.32615481317
486530.88911980856
486230.21290502534
485893.8750158415
485535.5787977221
485139.3286941097
484749.4699610421
484365.1676587033
483990.00194648246
483612.99699053244
483244.1860722368
482874.9896960309
482527.2919940973
482201.08268710057
481861.0712389243
481511.7412198469
481151.8305050606
480799.26867434935
480424.2606670864
480062.56870698225
479703.82197098347
479360.6345706936
479005.2620434624
478649.0424726196
478286.66172600037
477944.40827619727
477584.3431026819
477204.30929914396
476820.497889033
476424.2739922662
476024.26440780703
475636.6677614011
475239.2904099051
474855.3582964928
474463.78747010825
474097.12830069213
473749.153452134
473404.9001184642
473076.3810789898
472707.5999787383
472313.61228841986
471930.3994518544
471537.4501617028
471150.10510353127
470709.78080294613
470212.7454433136
469672.01209311804
469140.8265808925
468593.6266717968
468064.947876115
467541.0867999125
467027.453622366
466512.6224921864
466018.524921441
465520.37677804736
465032.9955850978
464562.39300010225
464091.15557517565
463614.7817115108
463153.10267046647
462696.61311900255
462252.7844519237
461826.01386681094
461390.87520340626
460959.1389792366
460562.20365752466
460167.8624436583
459742.4914629802
459354.3628200249
458952.154114726
458550.3665379642
458136.8142982216
457728.965642326
457326.42757026805
456939.2732571549
456553.6423112898
456176.0654757429
455794.66034461174
455505.7813295965
455146.8518556189
454717.78912845853
454281.98307420406
453860.0980857122
453423.24225142173
452986.7741630664
452571.1163824472
452142.08260595676
451743.94696479186
451316.2515917848
450910.1310542254
450499.92230958276
450121.30240249017
449730.5566699557
449354.7403543092
448993.88480627316
448625.61766595254
448251.3179909207
447881.72966101975
447520.12349615037
447159.960425138
446765.60264927417
446406.8947805553
446059.21341438603
445646.89233318856
445219.0935053591
444804.0827860356
444372.39946854237
443950.35851857124
443538.68542497547
443147.21544118854
442729.98293458595
442341.7128071302
441949.1499285989
441597.11200920906
441184.898757886
440797.0578012697
440377.8973145257
440002.1422815125
439587.3577685231
439184.3358491414
438779.50498321495
438403.41873592243
437992.7645558936
437603.2910528743
437214.6479976913
436811.9807456308
436400.32259352243
436033.4171999954
435681.0416997096
435290.188184365
434948.64067951957
434546.2324728527
434159.1412228794
433779.42290620075
433425.7870475705
433059.149507405
432643.1203276905
432244.04184722103
431832.55736374285
431420.80942181294
430974.49568268895
430556.21739825053
430132.6642707654
429731.3510761902
429305.2892414357
428898.77661126613
428518.58534644113
428137.4374487804
427736.81780873094
427321.566291157
426899.9901465333
426480.348129895
426047.748577461
425643.50205464306
425223.7207735787
424813.8874083723
424397.0833265495
424010.5043867008
423606.009395767
423233.8609646275
422838.93851437914
422452.5940106999
422050.3065491221
421645.9298542819
421180.8265449678
420727.7105079033
420266.106901231
419806.2054324739
419309.2521086888
418839.50259750604
418348.11682711943
417902.552275813
417433.9991688906
416997.5872452031
416585.70003553823
416179.39889294305
415692.97467962035
415199.16567286244
414654.4146629324
414138.8132950342
413601.0568099782
413091.75462343614
412566.8971848028
412075.7624159019
411570.59165600454
411099.8800195216
410614.05875218555
410149.21733624703
409678.1439175677
409249.02802143455
408770.7430290642
408307.1364620987
407807.102281955
407323.0225927439
406823.9179358137
406371.7212872954
405913.1140356097
405471.03449385235
405003.85215209605
404599.60731964564
404145.1883992579
403741.1918862402
403304.1505421224
402831.3135653699
402348.9527641955
401861.5873490011
401352.04957625346
400879.5596008807
400404.6827390394
399938.53215194785
399437.003019152
399006.01054032496
398510.0258594356
398054.3472592295
397592.99362955336
397152.469025108
396682.5242139393
396233.33770264464
395774.6343796517
395343.57868431
394902.6861872369
394492.2766604345
394038.2500678251
393606.0921035277
393174.43932766205
392760.83095061156
392352.9136765613
391968.0842000322
391457.92825619795
390984.7129869964
390529.47503350297
390068.4150576319
389582.87814588234
389109.59798083705
388644.00374939456
388192.53571121144
387685.97367030696
387204.9684714024
386723.28207336727
386262.92152527225
385796.69228497887
385347.3018415999
384897.4889723504
384465.5367983347
384032.7139253625
383618.82082848705
383199.32046280726
382801.31752415973
382399.8275140246
382021.7848125261
381645.6184276015
381295.0598185422
380922.32044194685
380553.9627782254
380186.952326393
379838.6115018372
379480.07537588925
379129.83364955254
378758.64086183393
378410.03800313233
378085.87089841504
377777.79908020474
377427.7984236851
377089.7806858746
376713.5799618788
376355.50248112896
376027.4197913461
375668.15277508815
375304.22283729137
374890.6364376274
374476.3544056839
374082.3219798174
373616.4181878339
373170.57408920303
372725.90808454267
372304.8554973663
371834.1776532449
371398.9435310828
370963.61865728814
370551.80681488797
370132.17907589907
369735.01193743176
369319.247430298
368931.993745743
368537.693200788
368126.77775644814
367714.9590696691
367317.63751219405
366884.84197057027
366480.49937334494
366077.82774304145
365702.3158961758
365301.8221740509
364937.3200266025
364509.4979025167
364111.6774217134
363686.84483094706
363318.30811091076
362915.51794585894
362556.4222464639
362149.79714863177
361769.2848010791
361377.810683319
361014.9621042242
360644.79698477447
360256.89539559424
359870.99429758574
359479.7492924593
359033.8402100658
358632.32311076147
358201.4541903424
357816.8376092766
357393.12945539696
357022.3575476923
356609.05052929424
356238.5027526713
355809.72408373613
355438.06796218327
355030.373922858
354664.6053760697
354268.1276964679
353909.8703316043
353528.3625408573
353194.1108193498
352856.9330807478
352536.43432332244
352197.61811758275
351876.51229356835
351521.09389406344
351227.3792124304
350922.3558681115
350619.06798962585
350281.83260900836
349966.14442827663
349652.2828073598
349342.0875822802
349016.4656065215
348697.3833031486
348371.04613388394
348088.93076186435
347770.836344354
347460.3140076208
347117.1639143057
346809.3967967197
346443.4726303692
346111.90819644975
345744.1851321771
345407.68984930735
345067.49321722606
344720.3735184021
344385.8804641526
344044.9706450601
343640.96502712107
343268.7137015381
342901.2292853854
342529.38781904406
342133.92462621356
341749.5436025612
341329.75211618206
340957.7342962931
340574.54700484936
340216.3010912156
339815.4382657056
339450.26495858026
339089.53658231185
338759.23969404656
338433.03324222146
338091.1882749979
337757.1545352613
337422.24721874023
337063.3393488805
336697.16468208324
336332.0120590994
335983.1465357038
335640.1351298909
335297.88164872915
334957.35011476366
334628.98023937945
334301.7727926891
333998.9022539713
333695.4905204919
333399.5724373739
333092.5317350373
332792.8604985521
332490.77995299606
332179.2772955044
331876.040298801
331627.4253970591
331383.76233412
331100.7929909505
330777.472504761
330459.0279325125
330156.4504532885
329853.60239536787
329565.80678874487
329286.25408578245
329027.85271045176
328722.8892656112
328435.56891435257
328161.3208600452
327869.27192971075
327599.34596813924
327341.01194115734
327020.01894375193
326703.11177352804
326366.56958590844
326006.5282755169
325617.2030152716
325260.311726394
324891.1540472541
324544.3429182717
324187.3379613014
323835.36769752094
323464.6966632337
323150.74687763443
322833.36650084954
322470.5560762655
322117.875487535
321767.116517696
321339.0554904647
320936.1491022267
320524.7668642359
320142.6240759132
319712.96968707774
319308.97742218233
318896.4795054235
318515.1827734937
318115.0918534406
317748.507912935
317361.80109848216
316990.2250537097
316600.19171260484
316214.70589566237
315817.26811244304
315452.08793213783
315049.1667411498
314593.32375633443
314110.1681592245
313657.52007692424
313196.2677951809
312757.10166759347
312311.7043680198
311885.3166442105
311432.32086598146
311001.8688119955
310554.0542034382
310151.3135220318
309765.65395949717
309395.5361857455
308921.19494953664
308430.12318340025
307930.0794563454
307460.5582016671
306977.19554591086
306515.0847437403
306041.03121146926
305615.03513572057
305167.10056012246
304725.4144004008
304259.2682042687
303831.26866224996
303383.41921071673
302910.08863781526
302414.76654602337
301948.64340705716
301472.28237494733
301027.5855330549
300543.50124257494
300095.67895609967
299636.469336009
299204.76528300444
298743.0341827061
298297.4891607293
297848.22566497885
297425.25815358834
296990.07487074006
296581.3238369844
296170.1685065207
295772.553131051
295366.45723098103
294988.23925632
294601.76959153026
294226.31551851577
293845.8696186419
293497.09747749794
293121.3920413266
292748.46819917945
292361.5096249468
292002.2188319499
291633.6249150004
291292.4983948731
290947.38754144637
290616.68595651054
290245.0705269922
289898.66646162147
289545.0487233153
289219.01860016043
288867.8022118416
288542.9448902481
288179.2456468541
287836.5232591212
287483.0808589074
287152.52801744547
286830.79498186614
286514.60666142096
286201.0641751007
285909.1449708329
285616.4383998924
285338.84302038414
285037.8954069151
284753.4813798473
284432.6898408785
284142.0877529729
283854.431585761
283550.8448040493
283227.0281901481
282896.9837267334
282578.0504219048
282227.16189850704
281871.44493581896
281550.0005209998
281202.29123208334
280870.44331286085
280567.3759004439
280251.1850790149
279910.88107344235
279563.9909373447
279191.24555694824
278811.9247014179
278424.42804206134
278025.2120436553
277621.62981463847
277236.67228361627
276846.5849419743
276474.57260861347
276081.12915123324
275692.8393685566
275308.21702483494
274920.6204323146
274552.6509218442
274190.28151995863
273835.4880006706
273474.1251877907
273127.51341903437
272791.032381694
272446.8077031505
272152.12115753343
271836.679956969
271549.89503453544
271210.825928611
270942.2454948999
270622.2462315494
270291.983015884
269986.1969141046
269685.9176225872
269376.1069227087
269086.2965482835
268793.9640432438
268502.456627989
268212.9093568067
267951.77111782273
267682.36022610276
267392.364466587
267100.85984602413
266818.0937615358
266536.66055163444
266269.9022809156
266011.9975943572
265782.9109900588
265571.2439129977
265358.7411040753
265149.0504721449
264892.22642505885
264605.1277492247
264307.42952765815
264009.7994055742
263687.2326578112
263378.18709352054
263039.80185095035
262693.14562311466
262347.03500323073
261994.9461684547
261632.9549462991
261277.38846812904
260914.94404804398
260575.09242333798
260222.66672598236
259898.8481954082
259561.42011160986
259275.91306374047
258943.94616252187
258623.21422306786
258264.934354719
257927.22639557056
257572.43102213225
257237.14372448862
256889.7195853432
256570.39340402393
256250.77908832222
255927.54188333414
255600.96029360898
255285.65199658828
254959.97507354675
254656.8722770302
254343.00474136815
254045.08250033855
253744.19451370955
253473.9172669631
253194.2649535413
252894.00869876405
252596.76010668272
252306.52737813513
252015.39324597563
251753.35873664767
251462.8472170831
251200.92684709083
250948.77598442524
250689.94907718632
250368.2395144019
250092.42138182418
249827.28786541472
249553.0351834073
249247.61579771418
248979.06782015203
248654.83701936435
248345.13502907095
248010.5096477702
247704.74956854346
247391.75209574436
247095.0563828383
246794.52400141262
246510.96161668512
246206.95075488658
245910.22208649656
245578.64312520542
245267.3704258137
244904.86096566397
244559.06184990393
244206.9470672605
243866.80376470127
243505.91064863233
243165.73136456287
242822.4260468634
242478.12726775746
242181.54287930852
241876.2173899415
241532.69043324888
241126.54530329397
240732.7285188073
240354.5472173236
239966.5442349415
239575.70078961723
239175.5804843912
238754.73334141672
238347.357951379
237948.06203786816
237555.19780856906
237174.4913681024
236815.07636820478
236444.9236979621
236062.16626991265
235686.74327657247
235349.92929497175
235006.31617218457
234634.4488008857
234279.11355520014
233929.02151523365
233592.1562862266
233218.94705800453
232863.01061703917
232518.68397642893
232186.30155734718
231835.87179430496
231512.9182716522
231173.39795390944
230860.07235764724
230496.60700177957
230150.93815630878
229798.05182867328
229452.72679889834
229103.63056707795
228778.8096125999
228456.03568063225
228160.33726076115
227821.79581432918
227492.67211841012
227144.13919207032
226813.01607388686
226480.74827930547
226160.27939303548
225843.2988047763
225544.8123976665
225234.76086027722
224945.59210827784
224658.86413434276
224386.19715263802
224078.97394659175
223776.79608391222
223469.9494703025
223175.61713826237
222848.4680746031
222541.02519048564
222234.1575283932
221934.3312300407
221628.0470866109
221335.50586621658
221037.71285549097
220742.59315514716
220450.25118002496
220160.31286945482
219868.26256845266
219563.95569757218
219259.37201418713
218977.29294206953
218674.57663671474
218407.64491952086
218115.2569940108
217845.9991574544
217524.11965522784
217216.18175607442
216888.33495314422
216576.55862438964
216267.84838163652
215976.177846692
215687.57151238754
215414.6854537436
215130.7705783119
214866.18041557143
214588.50348710176
214305.16187916408
213998.09888162147
213714.4472657971
213424.4069725729
213156.58466232682
212878.9739243355
212649.35569848312
212392.6550601328
212123.33899361253
211854.8251943362
211629.85274330052
211381.5117888582
211161.24749987718
210927.23623761354
210697.04233532923
210448.75727040725
210197.14376878928
209912.75941586102
209656.85075196924
209396.37208235147
209165.54520688776
208952.21529395212
208731.53110405276
208468.6895619852
208181.5844730797
207863.72916678808
207583.8776487681
207248.43758167562
206925.75557011855
206600.43251496463
206281.8246148801
205946.6979801636
205635.56606949243
205320.23348737182
205028.49227268083
204705.15327400705
204394.27933738945
204108.77718977592
203802.42213252565
203517.16663556188
203171.19189814242
202834.22900475428
202509.3538994959
202155.25320020248
201814.4037250709
201501.78272025756
201195.34188992582
200915.1697929809
200613.66326774895
200291.05693139223
199967.74805979093
199626.11533034008
199293.70309361996
198964.48797088765
198649.4463708475
198306.65296329503
197960.71115392816
197626.3679484785
197255.38634498118
196888.0703255964
196533.0375334255
196165.24160267803
195806.87580882158
195434.30349461726
195083.6321950529
194735.57978149827
194413.61287433343
194127.8222195615
193790.7292443059
193435.32641904146
193081.33965185613
192716.84788189526
192385.99761781498
192021.14028656008
191668.91273457525
191307.5050630697
190963.83564618134
190617.6660525043
190298.52678148757
189962.8973034467
189644.26333741794
189320.02951028163
189019.7354423703
188713.1737254493
188419.06367932618
188136.39410142307
187860.97004464184
187623.49999021133
187352.31698946285
187137.26310138364
186869.16412922106
186587.50681140623
186281.75412731554
185994.76207343995
185700.7087263129
185401.78229029445
185131.94430263047
184843.22324437406
184539.72320964228
184239.3787543906
183901.9477129685
183567.51813100747
183224.08231199728
182910.74787120786
182608.69422238023
182313.91257287012
182026.71467318136
181720.08003118163
181378.52425237081
181046.4520839572
180711.72939279012
180370.94572179407
180009.6901170304
179681.35799710942
179334.46505349662
179011.54978370725
178682.2290862579
178375.07723389243
178065.21723740784
177762.47200747608
177461.2911619694
177184.67102123363
176898.64397680407
176642.26875236997
176371.15344182012
176112.78448110822
175849.60752269725
175605.01343873213
175362.52084776413
175135.13253542955
174920.71651928392
174757.71501456274
174585.61089505733
174361.0478712858
174110.23481140978
173849.13373928936
173582.57983663582
173315.23767561372
173027.8997828912
172745.7255276047
172470.5465781277
172224.51483161486
171942.6551627602
171663.35460287592
171408.32279468427
171137.56699353497
170853.22712397575
170571.70340811549
170341.36434722203
170040.2820595846
169784.74351311568
169494.6367512626
169235.5381663776
168962.40670739228
168675.0539298571
168396.51975837525
168095.17103085335
167791.37914603576
167522.127424088
167224.66211105938
166960.26399786846
166695.66365603168
166472.64938065998
166214.3390670617
165996.81657695855
165737.77080412421
165498.85224631804
165238.85745498457
164987.2090052744
164726.55503854976
164501.04226812953
164262.19766744215
164002.7324763176
163741.51871186204
163477.35911146362
163211.0476412004
162935.53646795108
162639.38715956037
162351.1372775864
162058.52981459573
161776.8892905656
161485.63974272448
161220.79438798066
160908.1717775547
160605.05887106285
160296.21415651415
160007.4756088007
159700.2717680447
159414.97832037054
159110.28775021908
158841.0736053394
158558.76031702073
158310.1901318195
158016.4593129779
157760.15717909927
157465.00355981168
157197.91656610696
156901.54419993956
156645.41721574625
156343.85226947517
156081.70557169794
155798.37080691356
155548.4031286618
155263.40060032622
155013.21280953722
154739.57257882738
154502.0849304603
154230.795987736
153963.55352051178
153692.4521660386
153440.83621972537
153180.69123445
152949.65799865103
152695.47223721305
152462.3137014616
152202.14520295803
151973.28015674604
151771.5492090457
151589.0789763581
151382.3656489432
151177.1383519735
150948.51584659598
150732.2307750832
150507.76317210248
150286.94430145252
150053.12490556945
149822.87453768004
149601.80439826235
149379.09419888904
149149.91621472902
148928.11795505666
148703.11151634555
148473.32469808008
148234.00915719604
147998.63163222306
147771.39482668505
147543.8039766168
147314.49799048327
147104.12475185446
146875.58470276248
146616.31119777728
146325.99714096956
146041.0087251504
145726.4360288201
145466.8914193275
145175.70307579823
144915.36425720452
144641.04850245838
144386.3071771021
144133.51274748286
143878.24606308795
143632.90865142673
143380.33682557588
143078.99233018458
142810.86853134268
142515.27886418873
142227.26301908738
141930.45360938075
141649.60395016416
141331.16331761173
141034.28438511188
140761.1601515985
140472.94699734187
140223.62932288751
139942.28618103144
139668.19148307832
139369.17352461547
139078.3715228099
138795.20782252046
138515.00446488056
138239.84836489861
137976.12235274256
137698.01465076758
137437.04903709903
137174.9728355585
136912.1730082789
136660.7985057509
136405.8455127074
136175.56925904285
135935.91952972507
135707.78377682503
135468.50862402606
135254.84756581418
135045.55543384943
134851.53170246858
134676.41529054768
134459.14749796074
134282.32778638526
134092.40004450254
133911.10216365545
133713.84551809935
133519.59859858875
133317.04649069376
133130.58899250222
132936.80550888233
132759.8002552156
132597.380429987
132403.7549294511
132205.37455219333
132001.76078434446
131819.74230964744
131616.4775243909
131425.2294994191
131235.12109966212
131066.57500763638
130876.5552103185
130717.7675157988
130547.99593220126
130366.4589148903
130204.5119897609
130040.4564305491
129835.67969425203
129659.86339470117
129462.67339153368
129286.20700834111
129112.37665121385
128937.98750085918
128770.8338501073
128631.55072715816
128498.92774318955
128330.03527625903
128143.6092866831
127951.45648876269
127760.35986524407
127587.61233782797
127379.95745521606
127172.4480719612
126952.2353292795
126777.05113747381
126570.08432791125
126382.97686277395
126161.24624872828
125959.61151037134
125755.18859387278
125555.9284773792
125362.35016032436
125183.05471998299
124998.54952356256
124843.75582444425
124679.73567318599
124503.69285202684
124357.70225634663
124169.59611281613
123998.76203647914
123850.47952139511
123692.28085482387
123526.32886585781
123322.8050410896
123125.62159552386
122893.5004333541
122658.507361292
122438.52847966967
122226.7074517288
122009.16850556739
121784.5552360661
121571.30129142867
121373.57907503373
121162.74678863096
120942.30617837755
120721.50497131704
120526.08252000935
120351.90747793994
120134.14676757668
119917.16646262925
119714.1495944422
119510.78111843203
119302.4487307176
119102.07471719998
118900.40925277681
118709.84322126719
118556.9781057896
118390.03000531105
118205.58614936982
117980.58183124567
117768.14926228665
117557.73586123306
117358.03225952388
117183.16965274386
116990.7597982404
116786.51872644495
116565.61044415063
116362.92108494836
116158.10486230289
115966.72068305947
115773.49513338582
115554.47282914154
115356.99411324409
115163.41388922441
114970.67522132488
114763.14038244115
114572.81280154853
114371.85427587524
114196.75523424536
113981.7306049798
113809.96250289884
113578.89204318797
113380.30793322591
113180.69871415204
113005.51047210724
112802.63108862918
112620.34221672938
112396.15823836828
112233.82739352537
112018.96242272259
111824.00167194867
111609.3676155054
111379.99564766035
111131.80316338073
110953.40448120583
110700.58468925291
110485.83555198216
110275.81485191698
110076.19156416129
109854.93820980647
109639.64388852273
109399.1957358725
109164.29892332212
108881.85946102784
108595.68438456964
108300.22119312563
108041.14741610346
107753.92527479488
107480.22341226584
107209.64715645406
106957.67223873304
106691.76751922294
106439.59802910374
106190.91084534691
105958.56280575375
105698.30855004104
105457.00372649185
105249.14047071568
105027.2517564437
104802.0791476866
104581.80357569482
104339.52075858555
104110.98538986295
103872.27260200505
103648.18479337034
103429.63558758926
103208.28753887385
102984.88298647421
102752.0810170844
102496.67440179274
102257.37482678515
101999.53400994538
101758.55064847403
101519.57748169143
101296.17699236677
101081.06971869034
100861.40659749167
100652.5837689274
100457.06169193893
100243.26384218711
100029.88444217692
99822.97592373607
99618.62641884731
99414.42732376304
99234.06619279507
99042.1366463319
98852.92916254661
98637.99285305689
98415.36905192975
98170.28343028904
97949.82688030315
97735.06677313594
97533.15629652479
97317.0250131775
97120.26302549914
96928.65880552508
96745.0571002292
96525.80126457238
96327.32399970647
96120.2028535881
95927.60662676234
95725.07930092982
95551.00699059603
95341.73009463158
95165.0412148896
94983.89220716576
94816.21721264432
94630.87531062303
94474.75770117568
94300.50531190168
94146.25449870338
93999.32408365735
93863.26760790398
93725.93318634867
93612.34396009074
93455.3790232535
93349.94625879171
93228.69479946507
93070.42463859534
92886.16399020185
92731.80448599323
92563.24486688118
92414.26749634
92239.50995390184
92072.74439257053
91887.0222181799
91745.26238652738
91569.33739736717
91416.97314764994
91246.32170498857
91092.54032904874
90950.57521578863
90832.89742379884
90665.34007020562
90500.04186842414
90311.3384825046
90168.1127244291
90018.64181411538
89866.4665842761
89682.94462311879
89534.82155057564
89376.34895636573
89233.39196442372
89075.27859819567
88949.15257354647
88802.69796558037
88668.1695192132
88518.69265015531
88384.31269486612
88223.48104176026
88066.96306260323
87904.11249992714
87778.49397874072
87626.40503213459
87509.44510480193
87380.0378177609
87253.51987759404
87084.32146789001
86924.1447494404
86750.56400283652
86600.15947432042
86435.85610425961
86289.24358478423
86157.9422776996
86054.59023894627
85928.59560346835
85799.61013116958
85640.21762798142
85521.96602994441
85395.39363206526
85246.51221457563
85060.59560596819
84915.48737421726
84759.74633914999
84635.76775534109
84488.96003825506
84350.31937329916
84170.91249266393
83951.7674606873
83731.5351482975
83516.57856582438
83330.18668904544
83139.7781178389
82908.95316940255
82689.46316120742
82470.50437193911
82274.5730007373
82103.60163522116
81928.59411252427
81725.34548543383
81543.05801118635
81360.50779641207
81179.14805748343
81013.72422793123
80864.84382424918
80691.57857409239
80511.68388401197
80333.08011547124
80158.69033729154
79991.79436320468
79861.53624920639
79713.91980335118
79526.05925032827
79385.04379013357
79184.6625687456
79017.7010296341
78831.11347904499
78661.92123266369
78494.48674686857
78337.60165359086
78165.53627453762
78036.22926654486
77874.90094769275
77722.64228027416
77547.56742347743
77382.2722632632
77210.11083475137
77073.03943882405
76883.73915388857
76728.83835994435
76523.33020278285
76354.04410482977
76167.54403265944
75998.9331417695
75813.5841720676
75652.68680391915
75447.44972740556
75274.67746845646
75115.28324443106
74930.71426305012
74717.1106922772
74531.54624268123
74332.27041660751
74131.94320205029
73905.14159932014
73711.72984484359
73461.75999849304
73255.78670171906
73030.42697868787
72840.17519720965
72627.1341583703
72442.29223667481
72240.02642211366
72065.3561720204
71877.35536481088
71719.34407664575
71547.3965672728
71413.66983645083
71237.77390967647
71073.81800052147
70903.2725280689
70761.75722273652
70612.5838511843
70474.64281062415
70305.34115359257
70144.21261982112
69965.73567991078
69813.36131463847
69642.46954573254
69475.63509993357
69273.24881254589
69106.35302683346
68936.10589147951
68800.63488811048
68623.51214550089
68459.62970092354
68272.69844210158
68123.21736196533
67968.81261669709
67861.29529452631
67709.73562854996
67562.11879675019
67407.20629344264
67271.53204373698
67101.29545751002
66966.2022489595
66817.72437749557
66677.51183859391
66532.03615569414
66403.6646134079
66240.50737492372
66091.76886141457
65928.98441569594
65782.67665454246
65627.65643149804
65480.77290825785
65343.90335726085
65203.148402013554
65061.26408928799
64936.95482983009
64812.82730425967
64698.84154883838
64584.540059750325
64472.66319417302
64346.769041130654
64239.898495922156
64120.01464143274
64002.953669657916
63876.64220189127
63778.17940263146
63663.31354294402
63578.05914853366
63461.24997633864
63373.26255666303
63272.23537426648
63202.71282523419
63075.437470737284
62992.030670998654
62883.40839224194
62799.16437456014
62669.37128375698
62571.493049293524
62437.644727216466
62331.50123634818
62199.87908170256
62077.29834457444
61908.55825503755
61751.520837241274
61557.81014124173
61386.519154802096
61203.71085158863
61045.31024356874
60868.346438167915
60733.29458612223
60586.76481772322
60474.658815978975
60315.411295250145
60186.37595352206
60040.557436346484
59927.217975231164
59764.65787707192
59623.00752518367
59464.88223679019
59333.79491100562
59186.993954546095
59093.528281160754
58952.618334347004
58841.74600709513
58706.27566640699
58586.44553721604
58464.749827183114
58357.98806995027
58254.75451789932
58098.18639299583
57925.32749640974
57731.0688972761
57553.096185169845
57381.34538879092
57196.5342466337
57019.57159163204
56832.3419841498
56674.6891168416
56491.64446462074
56349.071009632105
56199.937468788085
56071.851322214716
55900.90249932155
55750.26219026644
55581.4072039059
55422.8263559432
55264.6080754744
55126.27988781262
54966.53842706829
54833.20476789084
54712.27857953214
54599.60147087107
54453.78244858229
54320.69354091944
54140.994142154275
53994.73401879254
53807.42974403373
53671.52428976984
53510.198212620075
53392.76373613799
53241.32502640906
53097.19491310104
52951.32288259653
52841.7441821055
52702.93215969697
52598.12625376283
52468.00679603999
52372.44161815541
52232.42108197063
52127.804195718185
52000.574821053444
51906.01327343787
51763.06119155183
51619.66198760536
51478.703994138894
51356.66225077889
51225.42365074213
51068.847584996314
50930.481340159124
50789.10045055536
50666.49394651564
50522.43081066963
50380.05603460479
50207.29044140399
50030.024615871596
49852.53144866851
49693.60040443078
49525.49304060726
49376.88616437771
49236.1760913318
49091.38970981317
48963.48821425217
48847.53019878042
48710.80611621972
48568.48924314023
48445.83839200103
48328.404461827944
48197.96764962682
48079.178059536556
47951.810505621324
47821.99308023037
47699.469240276834
47582.886823754314
47459.12418295462
47330.70601153934
47204.49158655611
47091.29863319403
46979.924789833596
46853.263898884805
46750.544289526064
46624.289928380116
46531.826921849875
46435.078151944675
46352.30590509606
46249.03020999456
46172.95716148177
46083.87582256338
45994.14969971638
45871.80137251832
45770.97999166435
45663.66594287888
45582.302495878386
45467.910321428935
45368.63290841975
45264.723428639176
45165.11033368203
45091.16067832503
45001.62240868192
44925.29320579175
44806.131229994106
44663.1991603029
44530.81487264338
44419.15150837568
44288.44398661648
44170.605382052294
44013.14978708652
43843.04191886324
43641.61833207243
43455.73649226121
43275.42196159336
43102.55062599149
42929.83910570374
42763.723731648744
42613.59467969666
42452.171783715494
42299.45851095199
42136.65165558412
41978.126117082975
41823.160503521045
41667.29703567524
41530.231058846846
41387.57085917512
41252.09920595797
41121.144098501085
40980.02364436828
40843.12553408981
40709.69886481774
40575.565789015636
40437.804002997196
40310.60431607862
40171.60642538823
40065.085046654924
39944.07870241166
39838.32241197255
39718.89514666746
39617.399945919904
39513.258359262996
39427.8323742112
39324.67299559401
39225.59036883941
39113.88761474253
39007.65338721452
38872.22455542313
38757.19026665432
38631.52974878006
38548.91715428692
38455.16180735749
38369.63514916895
38254.88851747828
38160.52218925329
38051.34555895015
37960.12705850658
37871.94014134041
37782.21265521066
37672.03153279263
37576.325942808544
37461.78326695429
37361.13028563656
37240.2347125829
37165.44176545466
37045.57020709577
36947.567528078056
36817.99966195331
36706.454417464796
36572.05304332967
36481.4518465748
36380.69778876828
36295.65495066862
36177.49298849467
36095.5176512006
35981.11915975369
35887.384034057446
35791.153495747756
35708.451618430765
35600.156477684686
35509.331121563155
35415.47455613653
35351.24390900544
35264.127405249725
35174.09949162786
35062.415303263624
34958.780343108825
34847.07721649882
34755.527245772944
34658.99399190622
34567.38493833224
34474.563054385384
34386.71305416663
34300.52084856164
34214.996904408465
34131.953973306845
34040.77180720745
33950.66783923225
33846.66385059703
33753.113104738826
33676.06448961599
33577.57004774568
33483.83041321524
33385.47300783354
33284.499639104004
33187.60947595079
33084.93699662393
32993.66526057052
32885.28988051745
32813.594515637684
32714.41477310159
32656.316654063256
32576.314105343652
32508.73316984812
32423.005850880683
32355.57870906003
32263.749878662416
32165.463494309326
32070.937780309043
31982.69540890316
31895.04501172807
31810.098690416075
31722.807462611967
31637.914659242142
31561.797679576943
31482.370698358536
31417.4538495963
31340.262349440658
31294.161444154142
31228.519977817356
31180.47798766001
31105.390886668814
31059.585178596404
30983.54243147675
30939.564384454912
30857.876363854128
30786.01984241713
30703.736793846343
30669.076823622447
30611.43531618671
30551.87078964245
30453.00820709068
30369.15006983917
30294.780434558543
30224.745030378734
30123.69325394786
30050.931608225244
29954.298328617635
29885.58233334679
29778.06525677083
29690.57487533438
29574.35333306615
29488.22088203865
29387.776967393434
29318.367190059267
29214.89397915611
29125.616545373876
29035.104778613222
28957.72400372793
28898.705485743863
28832.54553318746
28745.409027620237
28671.224633107504
28585.24791386383
28499.928750334304
28421.7751745645
28352.638457343666
28259.850952731264
28138.8316181473
28042.946103278602
27931.774772247267
27830.458920061566
27727.21104468893
27642.986538387595
27537.109158386527
27451.629593817877
27346.10478859095
27284.83613000917
27200.372628377252
27133.832239317053
27033.28253023682
26965.22352709499
26877.54648769509
26833.74886344557
26764.739368546023
26719.21214464591
26622.0283698658
26561.973688805618
26463.248967818134
26385.74400217709
26274.80819309405
26216.088997236337
26095.077286816464
26034.97360986091
25937.403652338715
25866.670252367643
25770.212541697772
25705.97337133081
25600.50433641095
25516.59808683358
25421.653685803456
25329.7089096777
25234.757518654133
25157.156952053734
25050.432390232905
24961.89806013107
24847.954186796196
24752.856193022068
24645.959822889286
24565.108484849814
24469.62876715064
24395.934058252515
24300.18966677553
24236.048329027195
24139.54762768768
24091.28023427422
23999.93825896777
23947.947356855468
23873.61053443698
23817.419312064343
23739.507278819565
23685.310100901963
23604.029510076874
23545.244323292747
23453.269811399543
23393.18758541192
23308.722530561936
23254.889345698284
23198.812084215184
23150.873205149037
23078.825149038345
23045.192558377137
22974.260755133564
22912.45964825464
22809.26859200369
22732.58937995231
22631.97258003758
22564.36900180901
22457.381265627788
22392.816553713856
22316.9181895067
22245.60761407748
22169.769399836605
22088.232195516957
22007.666500829222
21939.91624025698
21843.039310287117
21763.685728739456
21694.260852960884
21629.365799873223
21542.310651923166
21469.443144209163
21394.414895493654
21296.99427623865
21228.153722569015
21164.247306636884
21095.966375184868
21012.066242265304
20926.317220442663
20869.903386262187
20837.253683088933
20778.882304333278
20743.58979376367
20683.232890496773
20626.4736939553
20551.048387921306
20487.17721189634
20418.15973084124
20355.528689355782
20274.794008211
20225.034200003258
20165.618366696413
20100.57737206385
20010.238300104505
19939.26941593765
19880.553995000144
19817.048667021558
19769.272422993006
19743.480667186745
19684.124168229824
19648.743677887498
19569.07641134503
19522.365755139854
19438.562487364903
19369.330098070346
19283.846289126035
19225.67196970438
19151.28029224352
19109.89849600459
19026.76996610798
18965.168261144147
18876.648469073833
18815.896594814167
18757.717112040988
18697.333908286982
18622.460369836626
18554.524747616284
18467.165231588006
18401.652871837883
18320.26427874419
18261.38368275724
18182.29031760507
18122.16435162044
18047.724696948077
18008.177870999974
17943.862937242407
17905.728543995443
17817.13854988577
17771.419544339173
17656.331688709823
17590.42664577581
17492.84777164566
17453.394652134513
17352.991481022054
17316.72030580712
17235.96550049775
17196.58491990159
17107.930654411877
17057.123234828105
16984.955232898752
16937.188490092278
16863.806271343747
16815.364310829795
16749.45406216734
16720.585652606598
16647.62227616619
16634.781288551152
16569.72394297308
16537.001701361434
16459.01893253525
16431.385898096803
16341.478511543999
16306.01527583621
16212.00855375836
16169.639925561585
16058.79993494649
16007.078315875087
15894.87146254757
15823.080357908904
15716.373264033431
15657.201528273572
15547.905416617774
15485.325806454257
15388.13452796306
15337.323603467275
15241.477215403109
15196.352173988296
15118.319807702495
15080.648176692015
15012.148174795082
14972.32541213621
14902.935619747543
14861.165504538194
14789.784961322786
14742.6260846341
14684.908598413851
14653.323327106124
14603.420413856222
14568.344793758166
14496.883158077924
14446.441702351496
14394.246710649802
14347.063513632858
14302.133504791891
14244.368341225318
14216.479834924621
14147.733937255327
14100.400261916544
14045.159413474426
13998.115253207323
13952.42272727362
13924.35773106856
13881.035818230524
13863.007300075216
13837.114250802137
13814.578115149663
13781.168674818533
13765.160477193376
13768.896729676031
13764.095622838106
13731.107307859189
13670.254542345172
13617.058568010738
13566.998923815667
13522.83521563578
13472.29569629725
13407.007858445048
13375.035929079297
13314.62582920122
13264.652085332773
13215.55388191868
13190.316778673352
13140.644217645466
13101.555040274696
13054.367504908005
13015.022833749304
12959.410827518665
12918.566430220655
12856.872225867475
12827.270621896503
12787.835410942618
12778.71984791638
12742.332383147166
12740.189302064959
12690.319884339864
12660.292666056608
12601.976154118196
12566.652519161054
12532.884240527765
12503.750005186617
12460.033141789638
12420.323297133053
12389.799097662408
12368.949434312293
12343.417354384193
12310.341984575658
12278.958749932988
12240.459272530428
12202.57092467854
12158.183024752436
12132.950682999186
12079.47171967011
12053.20973267942
12022.875378740297
12026.700731829706
12005.566468426985
11975.79583954826
11938.874006888795
11926.80291566784
11883.505261739549
11858.779380448163
11828.937774405073
11802.797419606337
11779.987610493099
11741.701607278108
11699.167844401756
11647.188458236958
11606.770758493672
11577.328078414834
11551.747509254956
11528.563622416872
11503.228336358803
11458.896881002242
11420.71713366017
11379.049453978187
11355.804422436422
11319.244278746077
11287.489929813635
11252.562888087266
11231.012994545052
11197.509093514791
11187.572159210693
11154.123425346734
11143.728189505002
11116.649967429406
11101.263600926624
11072.544912909976
11037.621473065328
11002.387934973522
10973.174505033447
10914.970893804792
10868.477277236789
10807.581643939564
10762.356670834848
10701.194112929235
