1.0256942167316934
1.02211983680199
1.0118026582837585
1.0020561315432628
0.9900427605022116
0.9832876258374532
0.9739159905239531
0.9816734530991092
0.9493087433621737
0.9298422932797072
0.9173451015811597
0.9231302079672619
0.9027923541755231
0.9132000289389315
0.866793319785525
0.8771498183508997
0.8482045256314302
0.8463871561257921
0.7853588378630868
0.774927960596942
0.7575168153919272
0.766173933972943
0.692841648038725
0.7024645920198502
0.6655073223002559
0.6621913245179677
0.6109865524343724
0.6340243382919634
0.5880593107527641
0.5795611630025519
0.5102575781489226
0.5584109856341322
0.48536968701638966
0.5147442564007639
0.46046654064947107
0.4568043181391252
0.43979471275202375
0.45023055212135626
0.3837745778376744
0.42273726746012247
0.3743823700393388
0.3808388280317639
0.3382480341626537
0.3859342629009893
0.32877650309864587
0.3448279819963742
0.30305927039214536
0.3293201888144476
0.2820727943045757
0.31453868939298646
0.2682172738359576
0.29714297082870644
0.2564329426562275
0.2924153925253318
0.2547179489956158
0.2745151003921415
0.23942144249308642
0.2699107425462927
0.2281036897466577
0.25914889727746454
0.22036545398513996
0.24781221324493827
0.2337518524185215
0.23586703241586585
0.20967086810461452
0.21710070611527452
0.20687121878520218
0.22680901371334788
0.20699298821125825
0.21855103887852984
0.18682935323537805
0.21525969726836056
0.19426076285474414
0.2228895507560793
0.2019687606993345
0.2030645358913339
0.1850584549579264
0.19847442942728635
0.1861592616283574
0.2015144662808032
0.1790116817619622
0.18867910803940294
0.17490143035708616
0.1973514470104357
0.17567605063154665
0.18634805327880544
0.16983565193297026
0.19592196918232171
0.16710264813351516
0.18372875664707766
0.17658214610881579
0.18104089149627087
0.17625585263137875
0.18685977449002508
0.1702196138855588
0.18434339472628383
0.17641312873274206
0.19416656633358742
0.1730467559408302
0.17402572943940647
0.16925501907729282
0.19150280165913555
0.16056646732920826
0.1673058560545757
0.1613614733357584
0.1760699395528289
0.16441298008099814
0.172316139262501
0.15358760945065056
0.178932392948888
0.1601864357020097
0.17666397599087003
0.16273611295554186
0.15654095489173753
0.15150005820058718
0.16864478856664994
0.15668083262134352
0.1633939163662807
0.1595943370739385
0.15859992529340836
0.1589512841184827
0.15934044976752296
0.1587348390769839
0.16349929869403435
0.15382155765745473
0.1563998513725028
0.16702276100295196
0.16619837168958768
0.15624226545751538
0.1623268118142939
0.15329591909113463
0.15703051280628788
0.1499160022681579
0.16804706261499686
0.15355442439682057
0.1580709279405607
0.1512206929704987
0.16646063694871407
0.16638555496286092
0.15721408797875536
0.1577798203205302
0.15718228006062165
0.15157642795119022
0.152232404113395
0.15287467945722052
0.1525853123502796
0.14812527786019833
0.16031959824810263
0.15518922854460848
0.1472661426289615
0.15299035860239613
0.15874839432627397
0.15284007157462828
0.16227348641682754
0.14765113863705798
0.1566934000114592
0.14968772893623938
0.15414000478800594
0.15187213019034024
0.15292784766788942
0.1539074811756575
0.15318283719273093
0.15028149310729114
0.14689545132517676
0.1544217009555703
0.15790848714755493
0.14258982405173498
0.1503112792714952
0.15633839020400594
0.16032564960447576
0.1466381812305873
0.15923455000663847
0.1484068717138483
0.15091603055383804
0.15552042973726357
0.1435850021167178
0.15712838569551738
0.14811948028762348
0.14426347912436607
0.13665986250826423
0.15350023489000772
0.15565880636167329
0.14463978001089095
0.15012275507382253
0.14950346845572288
0.1432402371935603
0.14484236232472142
0.14502029602234834
0.14449813658073377
0.14723577116570677
0.1496548287001976
0.1478135243868755
0.1412545437385831
0.1451110030285615
0.14709852038347024
0.14977156687933482
0.1431744689900181
0.14354168906258255
0.15071476784632898
0.14406347629824218
0.1364772687719534
0.1508506647409469
0.1402195541227179
0.14270814438644833
0.1564815665680742
0.14651121090003472
0.14738520542715583
0.140172930499645
0.1475199351403574
0.14442833749693956
0.13705131271916626
0.14329981114013718
0.15722878437136045
0.14638111669430184
0.15856711787355332
0.13970616462067953
0.15177100035077803
0.15561780463971622
0.14549306989428581
0.13544692070509678
0.13455949244694024
0.14226475039106362
0.1463361040338294
0.14594689635654934
0.14586820350161206
0.1424105967695217
0.14473017159238227
0.1456463043966969
0.14239947202630068
0.13224006448274556
0.15259729794575067
0.1474271887360774
0.15231261197719598
0.14373512554275383
0.14320222790636725
0.15023922962177036
0.14121198454152808
0.15238588986450824
0.13995228815056326
0.14377266404472758
0.14926246347637043
0.1469869328659371
0.1489659801764326
0.13736169263234588
0.15135429447553822
0.1502683593130534
0.15113997702841184
0.14893192765568478
0.13887626300732514
0.14202598051117798
0.13995995366471103
0.14557695826376008
0.1492284475389205
0.1494327139142415
0.14353208951204569
0.1497126997501548
0.14434171166259746
0.13784548162522384
0.1471138784147082
0.13931230742435455
0.14302468420639589
0.14062288983343907
0.14515150011012729
0.13422429390674562
0.1382208723476099
0.1419025990074051
0.1509929316688064
0.14559219551630215
0.14296037170019013
0.13654801255041424
0.15125975543833275
0.14599810644078037
0.13783731552630268
0.14212422566482533
0.14207995663817385
0.1359369056995506
0.1545048517982998
0.14134526723796667
0.1442826532572344
0.14292321879459932
0.14149073108348414
0.14510605626657952
0.14115328961083604
0.13283625606625768
0.1406715991051909
0.1483015684290149
0.14035987879291256
0.14189008390250132
0.145510856168441
0.1500070537537398
0.14443422182803603
0.1503367730146535
0.1486014898953231
0.1438584923374626
0.1415248478512422
0.13965325246834026
0.1455489082973368
0.14881757799689044
0.1505567106475193
0.1433630797579015
0.1504358966305676
0.14154379516055268
0.14099034502468885
0.14752240850773674
0.14461074594914966
0.14719475181680178
0.140340003300275
0.13646233018184892
0.14011137841821422
0.1494023261205906
0.1465772132778495
0.14226605595723069
0.13886252881483807
0.14821687427211744
0.14839130185202656
0.14133184799187523
0.1455164557907905
0.14149580423171457
0.14513699540994465
0.1459212223426902
0.1457215566819142
0.14555096823847125
0.1423161007916303
0.14064178311125808
0.1400340158258982
0.13998945774003013
0.1445467375073492
0.13919475536454307
0.14377093079999834
0.13688805617465935
0.13708529175050205
0.13723443681689446
0.14517453929964502
0.14124130931905735
0.14886335108363744
0.1463679945127559
0.14205650840562478
0.14265615245990576
0.13684758711449124
0.14141329090359853
0.1344486614849044
0.14002113326647114
0.13652521593736616
0.1347839400035946
0.14130880647116387
0.14358686465268292
0.13519915039829028
0.1384422924948515
0.13590531938857606
0.13884902979649222
0.14214146753930826
0.14382121719148427
0.14756518981113886
0.13967024807097408
0.13414704236946404
0.1344315674969325
0.13686041926895273
0.14692327043153383
0.13923839857776577
0.14406637365869945
0.14375002655826677
0.13460860501222008
0.1396875679527003
0.14077932061421272
0.1383332506021342
0.14741075430880568
0.13810378441994306
0.13527373604908927
0.14301830292234474
0.1455620888597281
0.14387446848217986
0.14304523733948976
0.13647623657578092
0.14169205531330395
0.14654183484976122
0.13960796970280043
0.14430301643444307
0.14726915422479198
0.13667307382816002
0.13273146772214017
0.14061467889182938
0.13987684290330502
0.13683140005234645
0.13778482814190068
0.132256944566552
0.14278256518900395
0.13041637618508817
0.14035924589619952
0.13224992214557604
0.1433791193022406
0.1415908743527599
0.14770258235173947
0.14462173462098363
0.1449527201008018
0.14592070379713326
0.14424239642816
0.14799895491438478
0.1423651264209238
0.13972701987148137
0.148282827428867
0.14007668537784437
0.14388105979642188
0.13398766103959583
0.14436458107589425
0.13902406793987307
0.1486634141305503
0.14882024901550706
0.14398248212463183
0.13709239495968784
0.14531367438145718
0.14119255884319254
0.14749095944491036
0.14007874356251204
0.13963966615517984
0.13854483109073346
0.1376727239279316
0.1488283504268017
0.14404290718004673
0.1381013128593289
0.14376269444531614
0.14021127244695986
0.13414554820001123
0.12806156836001076
0.1404201037395341
0.1446418269688055
0.13877021032959705
0.1358657455528368
0.1325050440361772
0.13961620951837536
0.14517855929630746
0.13700904688678336
0.14131185482171857
0.1381438288636397
0.13857062181920682
0.13587184643868983
0.14196742542423288
0.1393458304626707
0.13343832199404895
0.14819519743079868
0.1370867785306947
0.14250069259466852
0.13157404099368514
0.14225509954675364
0.14068684777940438
0.1406121347143158
0.1372421754722386
0.13830906580905727
0.1382076104555687
0.14107280872762687
0.1483913479271264
0.14001066098379172
0.14419769075981897
0.14217767810327378
0.1355026662852686
0.14089752790131174
0.14128959437020355
0.1420576807638393
0.14081381558992595
0.13481937010667386
0.13676964511452006
0.1377851545245317
0.14235105502753143
0.14386524534013623
0.1387797277360578
0.14278014128195998
0.13772309335319424
0.13422796862964034
0.13781021831902146
0.14571741200182065
0.14083210957338282
0.13865251031989714
0.14077907409673163
0.15087762877752461
0.13789267007830192
0.14206299735900035
0.14355218139296178
0.13499019403452558
0.13743314785250668
0.13274744791541543
0.13257103522351543
0.15337129893484697
0.14375426272832417
0.13656669757584655
0.1402852843151118
0.13565414331834813
0.14196338141654913
0.14348152317829754
0.13458042050019753
0.13747486913021473
0.13700202990129906
0.13262852664342284
0.14222220008936368
0.13636962811806344
0.1272039725489556
0.13212307586385066
0.13676899897143882
0.1464401940278312
0.13190158724392653
0.1341389006660094
0.13840520322200442
0.13945885246523407
0.14556830126871007
0.13443268483722745
0.140084764478493
0.12918356939672784
0.13727970959180708
0.13663068642683832
0.1322064205804537
0.13881481693681794
0.1501036739686981
0.14061243663285036
0.12847926718033703
0.13327697691161652
0.12501164964673947
0.14049618089061205
0.1318989383411017
0.13477067183271757
0.1407868542858244
0.1428273654539526
0.13532830302231472
0.13968574274637033
0.1369310631587445
0.1361688883522351
0.13059071908954517
0.13510916249868526
0.1439575380748234
0.13597239465217703
0.14210120317275476
0.1416180034563604
0.13519335810507746
0.14004927836719142
0.13644526220368142
0.13882208553615166
0.13518875473909345
0.13028887723400315
0.14492475672651933
0.13754473871388165
0.1431125257477328
0.13360837142315982
0.14175080920674626
0.14380444179924926
0.13905440150544462
0.13796919198082494
0.13690819631870815
0.13677228751213757
0.1363316477740501
0.1354452934140359
0.14044444117962107
0.14281552600275038
0.14667111854419954
0.13976119934338085
0.1506462426901317
0.13306670620332578
0.1475145672682597
0.13130218915886296
0.13991073143397487
0.13047521185703742
0.1492691033460701
0.1398581518917167
0.1495984812607857
0.13626203717969965
0.13273906820203296
0.1373671781681277
0.1380468098060661
0.13277654420164836
0.13048495176571576
0.13830882223125024
0.14570390832183672
0.1357871211971906
0.14073859200005398
0.14600318041052468
0.14238067342242117
0.12439093693860927
0.13581530998989513
0.13985368990181035
0.1423506086738582
0.1385328067364321
0.13968461015344572
0.13670699742615125
0.13820012360962997
0.14033514954769108
0.13746296310145212
0.1395147880550707
0.13856992164806742
0.13797457978511465
0.1404121139933139
0.14598657369408974
0.13888599058785261
0.1399013081225028
0.1375037329764079
0.14231775949685138
0.14215310617894686
0.13696744417370904
0.14463692486816937
0.12329685291104431
0.13455591814480122
0.1388885482114905
0.14147211469186208
0.1378994283553579
0.14483911271440106
0.13545623801411819
0.14951678534757198
0.13633156777193578
0.13549413157304976
0.1391254724332622
0.13157467614233118
0.1412544331144606
0.1397885033496072
0.13171983967500853
0.14239226512546674
0.13022246623502556
0.13418925610184446
0.13067025572796045
0.13244082759289522
0.13353197041000575
0.13801207924768633
0.13245795540933059
0.14100024619871832
0.1375668086032453
0.12975818778615436
0.14142061985704665
0.14490923617698115
0.1310822319991808
0.13891767192448415
0.13429155301489293
0.14562956860127965
0.1362443542061755
0.13731748571560237
0.13399460408443192
0.135964087339485
0.13493026467240632
0.13806979698079624
0.15277422144654537
0.13651626513480628
0.13217102485580334
0.13236282743542413
0.14194727991531947
0.13773574734777944
0.1290729450005725
0.13470359670965248
0.12551798799657252
0.13326552897993704
0.13977261170342234
0.1378499529985405
0.13155164153205956
0.13758554724378638
0.14410541905297847
0.132656160140092
0.13210880301710587
0.13719079767652242
0.13360715934823636
0.13613372853320313
0.12883673459445666
0.1314511907166305
0.13330522738198874
0.1365630614617231
0.12565929083253494
0.13307531381681842
0.12213633990997765
0.1397130793059962
0.1352989031133514
0.1319556531104493
0.12932756083533878
0.14195838432460728
0.13017128625586286
0.14451928728162547
0.13694200731300937
0.13818628173686429
0.13889735154009833
0.13499312676849615
0.13929391940301128
0.146400664080245
0.13813153998333597
0.14185024620108122
0.13425235964397297
0.13733571260105182
0.14034993284796005
0.13348127485864197
0.1424927639838628
0.13962983738078905
0.1365386633350052
0.13901390894481808
0.13135256069924847
0.1343816068290684
0.13419581897802924
0.1299483579452813
0.12197768468798643
0.13740905738158737
0.1349159529895102
0.14086966462757047
0.1264230643967073
0.13181725329683486
0.13641990305298451
0.1349450772968892
0.1346365852803819
0.14358629485114044
0.12813270707327007
0.1398350030153922
0.1233269165513722
0.13102528898309587
0.13465762513927976
0.13472231366935172
0.13068459377923158
0.13933524033304914
0.13552751745537256
0.13245000960846254
0.13695237404164615
0.14317309990384225
0.13186520024443676
0.13607727356363822
0.12743283591107873
0.13663646332473092
0.14686772982810264
0.1402512516734136
0.1337783980945855
0.13509109245158968
0.13608788418708329
0.14209588297005799
0.13361379370702
0.1401347308897537
0.12961037640175946
0.1354560907386681
0.12501589431279359
0.13936323810899562
0.1375707049527422
0.13726293242988882
0.13690048015408385
0.13669022102118233
0.13360079829135682
0.13245985194662924
0.1333925344784233
0.1390522983216236
0.15382434002480402
0.14345416136671701
0.1382438415787464
0.13894914403125574
0.13949222025791838
0.13196723817021455
0.13910563910295365
0.13466552406504975
0.1385504239666453
0.13427557334298343
0.1305648477704163
0.13996981652497323
0.13485304755582658
0.13633271901846572
0.12245425976945494
0.13297531192711246
0.13822585002427978
0.1350171102005866
0.13165915986616036
0.1378576569249601
0.13011469037898643
0.1328970295288793
0.13747776459670888
0.13442744958471944
0.13058284003219459
0.13297238621047877
0.14251561400031418
0.13713172030901932
0.13330338617334705
0.13611420942990052
0.14287029005330099
0.13093422520772816
0.14323203868715068
0.12866043733624521
0.14567851984584562
0.1328156328509392
0.13829095342784076
0.12886345642480512
0.14065422914863113
0.13261477712277267
0.12901543495048012
0.1281349449394401
0.13666040746325245
0.14528647158392982
0.12918074319651304
0.1400808489060613
0.12818591895565717
0.14328321612757774
0.14832567417384582
0.13297768549925842
0.1335797006502508
0.13674591451848764
0.13942823523938186
0.13776146924977908
0.1291088344785565
0.13806675955835804
0.13652270075669246
0.13162176021455435
0.13528254812624035
0.13842381514940058
0.13968184924695323
0.1329736096957181
0.13369435391788678
0.12374479777652027
0.14114816275786263
0.1383118128173262
0.1404271501145771
0.13221073424601607
0.12652928256673782
0.13524055682941813
0.1351621724145651
0.13683963584890282
0.13298457461014904
0.1324359989402178
0.13021353866608137
0.12708215776762619
0.13529351990251026
0.1386413232103822
0.13229459685644582
0.14811343734488772
0.14025499796786273
0.13843392633395699
0.13238961943577288
0.13365688689558453
0.1254821632534268
0.1405795440326331
0.13031145157717758
0.12960930528389938
0.12525403385873693
0.13693310866989183
0.12906335401940947
0.1361213421747392
0.13148642811261524
0.1348972844055086
0.12964629495805027
0.1305545565221429
0.13914958163605387
0.12753535654263012
0.13406999524508173
0.13309377462327665
0.138027609904978
0.14210181928531687
0.13818252135978645
0.12577579997372612
0.1282727220382475
0.126891759460901
0.12678620642177266
0.13182034017683542
0.13559799667246866
0.14374634006549092
0.14041670474458112
0.1340693714869359
0.13034277053527532
0.14229660881913486
0.14161448124654935
0.137384414788822
0.1349580870045715
0.12935186195220105
0.12976396795685485
0.13906428395418696
0.12484496232922722
0.13574031377198972
0.14119813936936498
0.13322193322111564
0.13418037839468702
0.14221767967569707
0.13441551879429053
0.1377001350468581
0.13862887093510506
0.1419338951996847
0.13243035785007584
0.13647771079670315
0.13209315964133486
0.12671072193822655
0.14002357106904828
0.13135615865606545
0.13430849902669054
0.12520046512662134
0.14452137128220466
0.13505567743048408
0.13495440701624561
0.13179381482976735
0.13318808877421004
0.14392673831364414
0.13787614005998824
0.13370877102923337
0.13044277498937262
0.13358693049143894
0.13572276384177182
0.13269149228995497
0.13873408270829618
0.127195322505268
0.12751385125543893
0.1407140042551497
0.1394177216532773
0.13887282068022366
0.13538559733438005
0.1364528611064122
0.12814266807136288
0.1306744236256886
0.129036846518622
0.13246343587760412
0.1396845837947162
0.1349647386559822
0.1369995506850872
0.14122267686239132
0.1361520802665223
0.13448081136391607
0.14651964112001198
0.1401450028737149
0.13297867172223093
0.13451345029261896
0.1327187181378489
0.13074709779126267
0.12504320980720832
0.13019821743929513
0.1310548475913281
0.13231121937618337
0.13606063016499353
0.13662407190154058
0.13258461311665073
0.12749788880842539
0.14143525069073346
0.13662535143626403
0.13589701601426807
0.1356723587686987
0.13560994777911253
0.14577859160319406
0.1362166230581147
0.137213602328046
0.1270970267114338
0.12403357106105671
0.13094789813689584
0.1432007289843774
0.13955631905390853
0.137417448261946
0.1358823123466124
0.1322948574530405
0.1284937815320546
0.13434862918712612
0.13285515594094846
0.14204390888542606
0.12904275059871223
0.13737975605857686
0.1272568717216661
0.13419560899133445
0.13085970916199316
0.13406010119721665
0.13311187825211318
0.14323627231853006
0.13404319758506325
0.1311519286847961
0.1399417644184685
0.14729495809605614
0.12601964400535665
0.13969568774386573
0.1409470081510599
0.1366555974099484
0.1358416121315962
0.1345167429562778
0.1327039482306256
0.13642192355491417
0.1401719533537454
0.1441787153392612
0.13503829343901738
0.13465524767031375
0.13451395354224235
0.14079725569430981
0.13353481069576764
0.13890274750376766
0.13756439880659269
0.13613561941383534
0.12809123715350054
0.139716189466332
0.13129518637833706
0.13365291530870438
0.11924032056808993
0.13334771348343877
0.13682026145294274
0.14254360904942295
0.14503437639819766
0.13350070320478105
0.12761722277872378
0.13669716671447696
0.13875344799668332
0.13973127365031715
0.1362796511583491
0.13755054591381027
0.1363349385027886
0.1449824837126089
0.12407657072166636
0.14473266819078312
0.129016063755429
0.1353313272579758
0.13891932819889496
0.1368609212696946
0.13424530386325886
0.13447372894553852
0.13053850724319924
0.13461674798214399
0.12741239430694162
0.14200167593530832
0.12620827873534093
0.12321463374831484
0.13388491702183236
0.14621594707463942
0.1348343180599874
0.14106642536998543
0.13640769966334892
0.1406526550378463
0.133274377946707
0.1426972566230105
0.13540703599501464
0.13708831564778426
0.14496197434856187
0.14332825280072034
0.13538389160284073
0.1329893735179748
0.1347338264502422
0.13982912247664475
0.13262219332689482
0.14346026125087902
0.1436077059225878
0.12884828264028572
0.13839438696725626
0.13842268983768696
0.13155335551297728
0.1386459432179322
0.12610097777143844
0.13443258063141184
0.12785810142495987
0.1314822470388952
0.13758928471443796
0.13528246951178222
0.13234023828760727
0.13663398569410062
0.1416094241029147
0.12691032492535684
0.13357356433738612
0.1439308753436708
0.13598220495672445
0.13409998621638114
0.1400498600926643
0.13099568701196843
0.12769839072942094
0.1340217567935569
0.13827010208030954
0.13154779501348354
0.13308055887338363
0.13597854889238903
0.13065329917757237
0.1381003998001618
0.1375945939458025
0.13851272061453154
0.1294994152847805
0.14445077666210487
0.12792446501780694
0.13717325287814983
0.13195471122291497
0.1333171209396913
0.13589371904548392
0.13233944594964903
0.13234566265977296
0.1342200159307624
0.12407420585050805
0.13516837701781353
0.1396876882723942
0.13257450118093664
0.13988662251331363
0.12904851166621953
0.14240123394688112
0.12860384550778708
0.14308890451253112
0.13203181292987023
0.14287141828978436
0.13973396656937884
0.13787025855933274
0.1297762182085515
0.14218000223503638
0.13304895451059778
0.13126525688569823
0.13362726050270018
0.13812988573551077
0.13221500746925616
0.1319914318342952
0.12991378271760465
0.13514758992327178
0.1320453397244133
0.13210991119847118
0.13683544872815734
0.13532667317713315
0.13710598403222968
0.13939904984870818
0.1343855692147119
0.13734274842843483
0.12865840342537055
0.1405858872799065
0.14118024639910415
0.12819972987587694
0.13388282596922998
0.13886457981399408
0.12486834884730891
0.13835534755174508
0.13843774240765885
0.1384158084988992
0.1353869225848598
0.14415935862557394
0.14431539328159923
0.12751564390951464
0.12896794925316635
0.14159326369809191
0.12914926479030744
0.14190614315899616
0.13352480053624707
0.13574895236825144
0.14058000355084538
0.1409388275658836
0.12645368511239483
0.13916645441882883
0.13174754097515876
0.13297455507469336
0.13481193391084667
0.13496427552553844
0.1320404818915192
0.1368137792004378
0.1385101330817228
0.13590141719108287
0.1323314426900853
0.13546280859702173
0.13382277882614033
0.13532185344852704
0.12386000249602919
0.13133920239819719
0.1417073955701289
0.13268379036184283
0.1339226828118332
0.14438752207563066
0.1324335464920196
0.1328058567330393
0.13825057783298433
0.12923315639922844
0.1334389534883804
0.13960078931961753
0.13413880666006087
0.1370086670677267
0.1291791423325459
0.13311128082526566
0.1335255776021877
0.13537782113935257
0.13407666979252908
0.13404742543926046
0.13870266491414304
0.13534446902200314
0.14001377919199248
0.1268199811678406
0.1267700130233125
0.14699164293003894
0.12757366013214744
0.13510295745219442
0.13107777039858431
0.12940504472560124
0.13694087727247992
0.1400289657221386
0.12920748418918354
0.14024482750412265
0.13275441252252168
0.1363500922705128
0.13680303617702402
0.1311728127366946
0.12259236714873684
0.1280057416090869
0.138566628232959
0.13077371805659815
0.13663552020332217
0.1337409565341844
0.13165363361894894
0.12120361453924305
0.13304831320976618
0.1326399734188442
0.13638392384001935
0.1323591229329411
0.13168397991368394
0.13146950753511755
0.1343367288178524
0.1201004198167038
0.14212651239260615
0.13935632691318003
0.13596123545608324
0.14147859829071557
0.13274769634138586
0.14009360899246656
0.13244354438640113
0.1403595849420089
0.1334706331415602
0.1237597822730654
0.13297934615977705
0.1390106421468905
0.12976235178617967
0.13796148867920754
0.1289975465922606
0.14102109614232453
0.13840088138232057
0.13617547083113427
0.1323700127686303
0.12914225189219272
0.13459848784275938
0.1423227523416969
0.13203183750049477
0.1292068013550023
0.13744283984884312
0.1310821711088611
0.12937971991473438
0.13467336714206515
0.12653421718745866
0.13815503127320014
0.13697002120602572
0.13998983766529663
0.1346993536791585
0.13626484695086136
0.1401307454848424
0.1301317689844571
0.13374935954643807
0.14185535946738645
0.13780361193274204
0.13775158744280191
0.14027604904329077
0.13683559124047112
0.1341330052516567
0.13660954083175292
0.12845587275386394
0.14126899640029772
0.134178746806036
0.13839275613462376
0.14324637947716887
0.13459704906676398
0.13741493685028983
0.13485279760576932
0.13148876198691303
0.13143154180499175
0.1377494427459148
0.12459480097307189
0.13919552844004937
0.13919792353670937
0.1348576696548082
0.14588126765269505
0.13585221097346545
0.14006651156946898
0.1341911864360441
0.13995403807749243
0.1333877142660789
0.13403108566629132
0.12529070317521085
0.13335858144772092
0.1303900063880385
0.1369187585678408
0.13379077573388437
0.12159711690468261
0.13764971927997566
0.13516837535060153
0.1332340229780888
0.12736807994507005
0.1335041907297913
0.1403366373020886
0.13215304477992665
0.138232576687426
0.1326369943806461
0.13665018019371156
0.1304176008457639
0.13018361353290928
0.13328256250057433
0.13544102516864934
0.12655252272086176
0.13794932501228965
0.12788137198813887
0.14067041029948882
0.1286138287804358
0.1352537125879339
0.13556129702976982
0.13441783724602213
0.12781401582438212
0.1321777039275184
0.12977245524647815
0.13669771989949628
0.12977221975511288
0.13828466661414193
0.14262785338600356
0.1375424277907546
0.14029932706874193
0.14030595535517928
0.132016576427948
0.1363180480430124
0.1320587202032901
0.1307429392751386
0.13921394570859932
0.1306755185904142
0.13333755007708822
0.1365342418573863
0.1271087927773311
0.13690059226293902
0.14102051980291747
0.13219820641256239
0.12579456445965256
0.12534632300579673
0.14228908987164543
0.13320655566586614
0.13685998371297065
0.1366620866823514
0.13612331308200384
0.13441041682369256
0.12932222270225027
0.1314041864104257
0.1305842510013061
0.13760843483123072
0.13204382464067774
0.13412632778404157
0.13905627168774254
0.135759985142343
0.13760737837820014
0.1323435423152174
0.12666726729011263
0.1353353392928614
0.12886090255878854
0.1465653076643356
0.12280876576195829
0.13095412388207414
0.1355497613723926
0.14381201970631158
0.12583777272901944
0.13052004890864607
0.14702347387408893
0.13991940428268745
0.13259283518858653
0.13232481974619428
0.13308389915538366
0.13566220957731756
0.1320499642416201
0.13276869739261257
0.12608181638197072
0.1396858729200363
0.14260071168284857
0.13288157867805375
0.1350929273465634
0.13534803018979208
0.13685975348113955
0.12761723220224264
0.13185858988975904
0.13586827958024716
0.1308456719794565
0.1379344065738266
0.1448255268434794
0.13345732367010193
0.13754020606896997
0.12991078082628374
0.13641327127140934
0.1439393845678531
0.14001396134746905
0.1396214091074744
0.1343381469093465
0.1402814483270937
0.13492767172605294
0.13274101838275015
0.13864710986076484
0.14368268261126396
0.1363113053515314
0.13058412925580873
0.1322293396691944
0.1383071586352852
0.13652847471157206
0.13734916712870218
0.13285089703017663
0.13643857386868385
0.13536233833843977
0.13479588082444946
0.13123716785273787
0.14084048174188787
0.13513649415073598
0.14110365749255654
0.12970097578182918
0.13939744976998045
0.13845795646611117
0.1369014349033601
0.13747466388867421
0.13324752207539337
0.13453539796738734
0.1325803205693721
0.14109252359238855
0.13668551213051722
0.14217897604438634
0.13034303954397114
0.13059087720574306
0.13247781729143002
0.13829891541462935
0.13448371465265443
0.13929585242480058
0.12651465892935973
0.13334184600589127
0.1379891031311584
0.13491072599381523
0.13810386669193178
0.13277931203692625
0.14153702609776925
0.13069970850650395
0.13886162630395038
0.13547494972094068
0.1319766085232141
0.13483776969725908
0.14154527906819037
0.13028387167018718
0.13484980897198934
0.13090029183148114
0.1391431171242367
0.12765732152372558
0.13681837549255219
0.1303530439759931
0.1310005514511667
0.1305798284985518
0.1360078027882078
0.13213347808051853
0.12822786392701255
0.1374313357980731
0.13410008486749053
0.14045829556512202
0.13537194070185854
0.13230462956691347
0.13269717281257945
0.13042938025907683
0.13601673969386327
0.13676037335719377
0.13937835851538474
0.1312466204432866
0.13307111193399238
0.1391097735877779
0.13483836958313491
0.1300429278048396
0.13810767868864937
0.13680348686767158
0.1383173040263038
0.1301367202027476
0.12955580413783946
0.1324176454603899
0.13060293427627803
0.12696240319373617
0.1336303083192174
0.12541207172433863
0.14412792397327015
0.13305655642524677
0.13317897023951258
0.12971176832885234
0.12977469453625648
0.13768401864705515
0.1244343058679473
0.14413491751381213
0.13007854358742188
0.13594682155085874
0.13778375010262095
0.13566203015211606
0.1356446252108087
0.12823538465173326
0.13168281390538705
0.13452409299498735
0.13785181233643923
0.14163241127077608
0.12636963085520736
0.15085267563046792
0.13779726940357465
0.13941738626636188
0.1344004323702262
0.14024557051484166
0.12905646960884082
0.13261459067510536
0.13760685687954696
0.13800440550912055
0.12503123210700626
0.1329654680176687
0.13266487947827607
0.13137520139654288
0.13765963128981173
0.1334637868219908
0.1322805156733552
0.13388503663569334
0.13917546737653075
0.13956090117533054
0.13859199585806956
0.13370747564497856
0.1319455253152437
0.141853313583479
0.1352713061742875
0.13672395528383133
0.1277454416942436
0.1364300217804604
0.12488442890488356
0.13232631256533653
0.13573325343706832
0.1294831964176748
0.12560273525723123
0.14154130058503117
0.1323271636256633
0.1430212930199365
0.13662634569971083
0.12998189878765062
0.1261732452402149
0.1327766458616504
0.13263949716705528
0.12808976440018333
0.13540990696600796
0.13717127669018694
0.13595098564924285
0.13065425148650198
0.14401020780801688
0.12520484596001547
0.12354294689715935
0.13111299582023894
0.13439844340567816
0.13552602356279314
0.1400688633907535
0.13417334592957453
0.13418907155629967
0.13384371817217477
0.13320148510192728
0.13650330179725462
0.1375547491757522
0.1330881112438631
0.13239807422975847
0.13204493845582319
0.14088439924673263
0.13167579700472962
0.134234590735828
0.13205521941266976
0.13102054824214115
0.1332263184156422
0.14446607882737825
0.13760701941698192
0.13822030637125535
0.1316256120932246
0.1348678221897234
0.13240573579412235
0.1353135449815319
0.13432732419941226
0.13118188370208164
0.13277975611828297
0.13365304468782746
0.1252888315202972
0.1272978693346566
0.13576009609406095
0.13378980873418964
0.13233318899338306
0.1218507919931802
0.13375931799629007
0.13088799754418654
0.1313237500869528
0.1340273171567209
0.14052214273749816
0.1386497438529394
0.13202274233008898
0.1328046119466159
0.14329547107983223
0.1333964348873218
0.1404388094523107
0.13058751085647663
0.1361843385614174
0.13081017769154188
0.128790582903313
0.1315971253398555
0.14532261828771662
0.12517422031264458
0.1374838685181373
0.13921696587907217
0.14480893700831066
0.13720436449119766
0.13964708866212727
0.13182277342697374
0.13990538133790242
0.12952043455452317
0.1337374215712878
0.13268001559423734
0.13424893707683547
0.13166514980797467
0.13121139816507887
0.14242489119491358
0.13873310367067854
0.1306787583763474
0.1412040164486096
0.13912589433419595
0.1344993438272933
0.13016724765535154
0.14040956680894895
0.13122291771094366
0.12862141681406844
0.13809101017656605
0.13576141664414526
0.1348480278133097
0.13884848217157802
0.12779690360474266
0.1320139080148238
0.13371667081776342
0.13219097938376626
0.13696310068415357
0.13461932819378494
0.13522124872184968
0.13978307445733631
0.1420167524090256
0.13316129649192257
0.1300006059051162
0.13774930113655176
0.13777164242903925
0.14068594521147237
0.13749707179174897
0.1459892192586046
0.13858479914722643
0.1404452052827052
0.13422556410747863
0.12920578847812433
0.12778823920383298
0.1393139248810265
0.13311915290780899
0.1372685606355143
0.12472373398037465
0.13419596305180673
0.1394896803116915
0.13530811688219516
0.13828174602274587
0.12915924074878357
0.1358784663114865
0.1283593918455824
0.13795823574736787
0.12985378158275382
0.13903431932443389
0.13917674767984284
0.14107756309207287
0.13152569552179255
0.14013581468327124
0.1246557423443154
0.13021323658028136
0.13752916876688817
0.13867121017830625
0.13936380216075198
0.13399079961526647
0.1308186074139868
0.14040924927063392
0.1390816507711801
0.14177881876314127
0.1336947233792773
0.14283828335220264
0.13856711304500743
0.1479546140068392
0.13033525031683849
0.1388070260934946
0.13490056680002174
0.13719615241579955
0.1392466632875356
0.13244869582463745
0.14124418056239998
0.1378682705317025
0.1360238475966139
0.13858871999024291
0.13548727726240298
0.14043817803808553
0.13368154939429866
0.1269913960469322
0.13892507257295264
0.12136970272049427
0.13697818036441123
0.1407736243054323
0.13826592631543516
0.13127714117929776
0.13230286954147968
0.12714700040024313
0.13550430724668414
0.14502559136750426
0.1283305330553653
0.14154084881545162
0.1287667205461774
0.13661409930373333
0.13569278622649905
0.13436250005482428
0.1294918815603962
0.13740772754161992
0.13458975789011862
0.12353412961046352
0.13950674343284447
0.13756354026732576
0.13369725201280525
0.134569563310154
0.12239943371205557
0.14150428858005823
0.1279877180262236
0.13693097760876913
0.13662392436331025
0.133406047036391
0.13425265271639508
0.13199556795849635
0.1391334833604874
0.13415845297322332
0.13918318378812075
0.12411362418225896
0.1443139226167617
0.13433222134466583
0.14920741165480525
0.1311779520844433
0.1447385211901836
0.13524260696636994
0.1300981316304357
0.13478359501519635
0.13881297267391676
0.13438410634734965
0.13205117057480015
0.13498320943160783
0.13459741459022867
0.12805068690582008
0.1396676438324923
0.14103910893572344
0.1361208830348401
0.13325683056140808
0.13439220990274361
0.13556796089255854
0.13352985906988468
0.13219138087027146
0.13418516880541342
0.1379789535216999
0.13465881104198055
0.14237398886024671
0.13490754219332093
0.13895115467361
0.1314684772830565
0.13347718429125122
0.13416141022134415
0.1327726696595392
0.1362348893163558
0.1315280665962007
0.1321041811393323
0.13633442685638786
0.13173596475162008
0.12893086057460484
0.14022926135736688
0.1448860998689792
0.13613150850196115
0.13621260817152314
0.14482469253984462
0.13630690531255285
0.14124373607139093
0.1278431782174124
0.1290588233702376
0.13748029776474524
0.1438694298269953
0.1362671313595777
0.13151987289214598
0.13726400005838332
0.14117834118280947
0.14112359364432608
0.13924132855284965
0.13807549386199242
0.1386880245952887
0.1414635000028944
0.13368723998256202
0.13380506589979171
0.13148270457886735
0.1411904522600065
0.13593042329691024
0.1319631958906863
0.13560064034814526
0.1407262128423118
0.13372356153072681
0.1356119277049316
0.12410464758118397
0.139370647537327
0.1331575215567841
0.14270110429489355
0.136398079496393
0.13549650243975975
0.13578985808032143
0.12570042473119572
0.13505946157268456
0.13004163572774538
0.13335648566728156
0.13938608176143352
0.13964326224653603
0.13513818284361778
0.13446747112016363
0.13473905933907337
0.1311247242402109
0.13964246542419903
0.13286686241602533
0.1345824227965551
0.12869783737610838
0.139874643410765
0.13071220887316493
0.13312745270873147
0.13821921783251015
0.14048606242269598
0.1372255450394099
0.14552766323339092
0.1372140609094218
0.130961206255963
0.12568770226118736
0.14111806343934608
0.1417867550768708
0.13922816350549266
0.1272814891063766
0.136969878066952
0.13092234359857058
0.1311352073592234
0.13701869406919978
0.1308477326447979
0.14004795747785945
0.1298596626852752
0.13236170044483028
0.13745680532580196
0.1337220708716898
0.1383482564570931
0.13492458667232987
0.13489988867753416
0.13428237752838715
0.14230311053283903
0.1292742054770847
0.1365454479127592
0.13988401613036097
0.13004768375528475
0.13707084753978982
0.14242443210265235
0.1281214054332563
0.14108938746244556
0.13614709954393475
0.1319644494124912
0.13337278407661962
0.1397628391011584
0.13575545990549792
0.13213966326322216
0.12720269100160297
0.13830635084875562
0.13605777218879012
0.13943782854032893
0.1278766167522271
0.13248496623703487
0.1436100330750182
0.1418488133445828
0.12724933207632189
0.13143297583779304
0.12765873687685056
0.1308682164016565
0.13273500215053508
0.12997325795836787
0.13439200231028206
0.1358962938920405
0.12982355567970777
0.1351890745074444
0.13145022462667175
0.13049475322250753
0.13336920445267844
0.13432872663488277
0.13549921277300925
0.13747196566848033
0.12513604317552246
0.12667128761391436
0.138266172368759
0.12914582590221674
0.12512957159137506
0.1322284850692374
0.13369559660027105
0.13761086229675207
0.1287930132179855
0.1296962484121271
0.13301360892709208
0.13469122399880643
0.1285058125519973
0.13379831863881506
0.13873097541910392
0.1319489641552147
0.13758084477490679
0.13280827750937385
0.13205396390718524
0.13504882601507623
0.1382375553684144
0.1263088339625534
0.13135450603050366
0.13121817522437038
0.14311756166807393
0.13391130920588568
0.14580112571088552
0.13450745304320463
0.1310522418904507
0.13245337363866191
0.14194475145454766
0.1358789110429461
0.13116739217603
0.13255155363612067
0.13726715511390922
0.1324045049851326
0.13202460953735798
0.13483499136010282
0.13257229266344311
0.13358877205254352
0.13741948112848631
0.13580559453253133
0.13368059659503734
0.14045989617092614
0.14381632844057904
0.1338124156842924
0.14137502633431623
0.133949106174449
0.14461032282418285
0.1348916745306891
0.1357142692253601
0.13677850963231222
0.13601765842292843
0.13442049302932796
0.1403091592242253
0.13920505308914075
0.13470879460726723
0.13642636096047298
0.13639647660541682
0.13308605919334818
0.1327754071758182
0.13454260773682516
0.13487028499575454
0.1325535823179845
0.13527271300351665
0.13159299176219533
0.1356977967277253
0.1408779708984053
0.14053716377721095
0.13784778081912494
0.13697746585451787
0.14347817078936287
0.1401760119186701
0.13584391642695404
0.1318797905612107
0.13468732427582164
0.13065813039231092
0.13404370096392657
0.13219032095307406
0.13294973381183575
0.13865149667624393
0.12839529269732242
0.13624761924610881
0.13539070141155707
0.13245217799449896
0.13010420052690375
0.1209802354029139
0.13965395555787916
0.14068214899669315
0.12866790880243298
0.1228984692987947
0.14021023383362002
0.13274878955384414
0.13921679346083896
0.12753806315646943
0.12948719725560434
0.1404230618813076
0.13657659775475872
0.13277542669675424
0.13630921381398003
0.14251262686475347
0.13791468225548814
0.13823979191874547
0.1305653933966397
0.1404093620482443
0.13628587554729255
0.14027926087350684
0.13241400656759875
0.138153024003083
0.14400326698381302
0.13994114985206313
0.13731554947302196
0.13799501934891717
0.1282081782183446
0.13283825873778163
0.14349628681904367
0.13318056874407497
0.13770898878914417
0.13325285789917662
0.12755210488281185
0.13314302895797794
0.13199604682915178
0.12999386459957915
0.13571303962666606
0.1394948189775878
0.1288758147396837
0.13542512726187114
0.13772937325970766
0.1316123034085929
0.13921218247924036
0.13670210578920014
0.13499904133243923
0.13117191714757814
0.13140967748098537
0.12766624626446665
0.14321022611310016
0.12947914673572483
0.1416728254213614
0.1300632517168938
0.1342133900705589
0.12962309635882285
0.12951316751960953
0.13364812198735943
0.13142911257261003
0.14034922242317352
0.1292884730494338
0.13638943126034883
0.12337764904669075
0.1379845690492042
0.13195216290210368
0.13049280022666646
0.13172766068084332
0.1369210839547962
0.1394805196136306
0.12849962781663554
0.12673928446106414
0.13337362787957394
0.13208631599716975
0.12841087307387924
0.13739581233535264
0.1363368785287178
0.1392851350408634
0.12937689380094486
0.1387433348617946
0.1288951489889008
0.12362004295177795
0.1353298349506861
0.13559717044928918
0.14170502166593005
0.1365163502242125
0.13233874352403094
0.13728790936709886
0.14090229576524482
0.128469247273079
0.12005260672684323
0.13541299188177086
0.13670471126107675
0.14050121197538226
0.13988638891016486
0.1300312215069847
0.1398071941921804
0.14042610116896964
0.13360868703190604
0.1298939441920599
0.12915980060048216
0.1443277640438473
0.13340942902608746
0.14757648023852407
0.13591875537054476
0.13707862102380192
0.13693488428923067
0.13454997280642064
0.1328490030580048
0.13763614201729074
0.13169463789605243
0.13491636522826397
0.13280352854043506
0.13559522166896573
0.12901648242169622
0.13207722275126724
0.12526302607722128
0.14150640853545962
0.1277488787910057
0.1281869184895839
0.12045522261202882
0.14041290303690934
0.13921511922624244
0.132449220252327
0.12565372422713772
0.1376719880595538
0.1333192445824918
0.14164014860962737
0.13206696857736575
0.1295273203489203
0.12693331366190094
0.13867458429580679
0.13483241898468384
0.13845158488595993
0.12831011195228925
0.13519349843349127
0.1303234135369997
0.13733811184617897
0.13342118140267642
0.132405143964702
0.13754058214692216
0.12563019400281278
0.12888458246822457
0.12587795987269954
0.13400611748101057
0.13195416390452755
0.13449827275931592
0.13415365260604448
0.13296129646057667
0.13335221613574946
0.12501230331661
0.13463737007305993
0.13620437910019248
0.13524775487361654
0.13184956430752934
0.13818457979777266
0.1336787758984832
0.13783662515637038
0.14088528861611924
0.12988807734647873
0.140016302208608
0.1350012281583323
0.12718083812022238
0.13800677813808807
0.13342654785489805
0.1280814452855122
0.12680322426287632
0.13752098548858038
0.13291807334365177
0.13718429447245736
0.13849621569995432
0.1384429453177413
0.13475707414771648
0.13489383989127499
0.13532071435227305
0.1327711060602519
0.1297459552068047
0.1311796345454115
0.13853199586878917
0.1338495560522184
0.1307508237291213
0.13107956965899892
0.13043040486935295
0.13338282706453572
0.1295160943292493
0.13245049364639486
0.13387095824966863
0.1357909869484099
0.13766470142566828
0.13803031537815638
0.1434910957776281
0.13774872770241062
0.1361701782775739
0.14321926136530863
0.134368941276154
0.1343908079793259
0.129167250505128
0.13132892278241096
0.13157874930524177
0.13515089991766688
0.12911598012207368
0.11824554107753957
0.1327852927187039
0.13992427744195216
0.13273435868010977
0.1296064975735295
0.1291666042280317
0.13578034986662102
0.1327301887619904
0.13643223129733578
0.13272153339720005
0.13544770785152108
0.13293304515889148
0.13983005284973052
0.13800791075973917
0.13760268942086168
0.13172577082345846
0.13405534032110786
0.1324043352905483
0.13678263685521064
0.1236722557200939
0.1434034481940818
0.14205149039370887
0.13854741356894928
0.13108967553971476
0.1448144596470268
0.13307279040326794
0.13421042781353348
0.13936862629931768
0.1444938397018746
0.13191672055537296
0.12780061691956995
0.13595707944588395
0.13431518331127842
0.14146415034045648
0.13308963513396926
0.12302440470501597
0.13658366895265792
0.14238819798563207
0.1347385037260403
0.13571930670084056
0.13265837089551266
0.13776341079773338
0.13301423721818584
0.13534076165882863
0.14080633564611614
0.13846902714031037
0.14164444397838105
0.13470250307140108
0.136091060983926
0.13942808030080767
0.13250642529137655
0.12623356311021747
0.13673439822095088
0.13158907440235676
0.13019154677570668
0.14151024692135494
0.14330205970310123
0.13143595705349984
0.13510760989677087
0.1280942064730064
0.12950814167005767
0.13206692507826423
0.1287948463208471
0.13044594963448325
0.14450818329548032
0.12850346129424386
0.13819757867022464
0.1319561662361663
0.13762550058556836
0.13410778835925924
0.13071088589028404
0.13545054662120945
0.1265706990702643
0.13561709963405133
0.1349290093710788
0.12286252084952767
0.13739816601993182
0.13569507613071616
0.12638965724254195
0.13428978200187927
0.12858286289801202
0.13089385650788257
0.13154366587690766
0.1352106834454977
0.14122405117618983
0.13906257216783527
0.13054847718034598
0.1310921949389854
0.13266851004193497
0.14016063061599915
0.13077580358814972
0.13801244847000607
0.14059827459323246
0.13721811242687793
0.13298541719194704
0.13515401227466986
0.13444692181892057
0.13490317428809417
0.13384146891381132
0.14387322554796822
0.12833988082136075
0.13314724366089997
0.13898340249346045
0.13929150121159106
0.12587198296678495
0.1356070803103566
0.135839127920601
0.1463608262335713
0.126132870623306
0.13276199087520404
0.12815411329229248
0.12536164305030667
0.13658466058440902
0.13730815231833365
0.13002064736821672
0.13174480904738425
0.13104627562848348
0.13287546623572274
0.13629870371622863
0.12454968237294987
0.1334220724632298
0.1376271882031926
0.13758719093447977
0.12613599344266055
0.14304466074043615
0.14264097551394858
0.13402661898799403
0.12930100833429642
0.13947456903431585
0.14170786222402762
0.12870764705638607
0.12761761054895082
0.13100750942227696
0.13180039391242712
0.1347198645242812
0.1300522437224355
0.1332642884121436
0.12798426039706076
0.13945429536307927
0.12863055223950984
0.13636510831377222
0.1279574805076415
0.12965294785685927
0.13117835979502082
0.13585086168942487
0.13708144794620128
0.1455642333133098
0.1322965848278756
0.13155683815762853
0.13640364888663706
0.13176853943148853
0.13665826190218794
0.13935495999404393
0.13050679829488052
0.12917450682212478
0.130559399796042
0.13538982749404124
0.133648093994814
0.13906337768978108
0.1345502803249821
0.13380823513970533
0.12973222089745612
0.13634824401621795
0.1450688714858608
0.1288825102638541
0.13741540763547372
0.1307592020615329
0.12963501734172275
0.12910992561144322
0.13325728320454272
0.13218716350724488
0.13708026921220182
0.12907248940408939
0.12719231054195929
0.133861647862158
0.1312862060489225
0.13417771686802923
0.1345173351214204
0.1275241679362004
0.12750462808349858
0.12837279084252268
0.13447405658146122
0.12662030859578582
0.13396245770407605
0.13095592325837582
0.14115399348974142
0.13473650567571482
0.1345850249742514
0.12976376686425914
0.13509846656964491
0.13914523236804593
0.14080254114566182
0.13323678400130998
0.12665057154892992
0.1392903283563729
0.13550111272696233
0.13114041606469246
0.1324921478376988
0.13522209588255824
0.13008244302788274
0.13606938527954318
0.13019930824906265
0.13295318786740015
0.13108418126844212
0.13643004118356483
0.13134556989107796
0.135734999199161
0.1294984839820413
0.13434795283191162
0.13897588767643104
0.12958948649141405
0.12695192526756985
0.13402357365159429
0.14011373993900447
0.14063770504302486
0.13014609914234004
0.13790276370074217
0.12571077457948465
0.13640567478892435
0.13170886176025418
0.13355057722544136
0.1232674124250334
0.1374182727994759
0.1320721552429751
0.14604828253459196
0.13618357097536493
0.12796638982651604
0.13255108792571013
0.13407239658593234
0.1268155090767326
0.12372812872555022
0.1379840588596313
0.13651427904142682
0.13539603026282332
0.12501214469575514
0.1286949401672832
0.1285633728259533
0.1385284344960195
0.1370823727400459
0.13469443113951501
0.13032087352610122
0.12859249528549227
0.14041857265090055
0.13360015050666868
0.13784595276876488
0.1307547536686071
0.13806711392359572
0.12879336766678645
0.1325924006185489
0.13868661975074129
0.1314129288423387
0.1342987749551669
0.13488476460734117
0.13716751171138347
0.13813995614831392
0.12921950885263042
0.13569874012527136
0.13073219476018041
0.1387875183553943
0.1311614611938385
0.13622702841192297
0.13181497037836426
0.14030399638547547
0.1328583603502243
0.13751911347896978
0.13209165257206476
0.13579349066033258
0.12952376659604053
0.13073178783144693
0.1300041289914002
0.13435671532186566
0.13026000064936855
0.13695201616578787
0.12723641069648756
0.14357101504137898
0.12686341393607065
0.12420896635169183
0.13442770792527534
0.1392405396441063
0.13455884438823226
0.13134422168653329
0.1389860891616317
0.129111286290502
0.13477451226117151
0.12097764760933431
0.12766758775814088
0.138528196747678
0.13630183403423918
0.13017164661354033
0.12647412367251265
0.13262323386278307
0.1293835544296361
0.13134896451604333
0.13822483007936545
0.1330732830318873
0.1268338088413334
0.12954630123037794
0.14042474170294234
0.14107217577208722
0.1338819694251319
0.13836186717234614
0.13224085290379875
0.13372060384130635
0.13166307461646293
0.12485558757792845
0.13245972699619676
0.13529146287717173
0.13337319600674966
0.13928814761741165
0.13532753505453315
0.14067818341307317
0.12882398657996877
0.13829368573778925
0.14137129000530232
0.12758647300539783
0.13587304370375833
0.12881777748228967
0.12941906396320596
0.13244877415700787
0.1294695945576312
0.13092182867824154
0.12915746248012103
0.13232412899009896
0.140919573244557
0.1387422621140769
0.13278502088044924
0.13395301102099763
0.13288451481172628
0.12720279714408747
0.13637832815148507
0.14224074487930755
0.13670743989604806
0.1400314363993116
0.12539856869101318
0.1338050617363099
0.1285408722974296
0.1297396667655052
0.13163808988100079
0.13114197587979362
0.1292147093646911
0.13084635959714092
0.13778709709247233
0.13974387381692538
0.13826265471471139
0.13164776292725183
0.1338918651949709
0.13448315314063788
0.1274428346766356
0.12938092711131707
0.12922043333739935
0.13577722842970705
0.1284567592891015
0.1260218601209567
0.13862665687615572
0.12978090135566558
0.13276452724604995
0.12839819291478108
0.1482735601224042
0.13025296719103954
0.12803970917963706
0.13760525077015043
0.13326312158189152
0.1419644223406413
0.13693406406448205
0.13547198883617304
0.13005642209737506
0.12803186435668457
0.14015706657966343
0.1407134031382428
0.13917407155491826
0.1306534981982358
0.1436454522311271
0.1354245433215443
0.13489049645560033
0.13359351896983507
0.1307558642002817
0.13212196680928096
0.13497765396594166
0.1369613536706032
0.13463175834683094
0.13851751613108845
0.13250004940304472
0.13065357396259544
0.13647035974073252
0.13289993902949046
0.1359335282960873
0.1326756996270244
0.13361731349897718
0.13482557028797315
0.13476306033337737
0.1353676034387558
0.1373538449147629
0.1266505958390767
0.1365590587573098
0.1289689029212619
0.1388316429494276
0.1360486753268693
0.12820640671719424
0.1346815372512462
0.12870629463368077
0.1290079331982232
0.12454327973083677
0.12223203713038672
0.13322113959681867
0.12382673340066504
0.1326824431779377
0.13510755435986027
0.13596749890890442
0.1318518905834924
0.1350751418245069
0.13620092896190691
0.14313735801795505
0.13091058544339798
0.13869009669030039
0.1236600487916816
0.1415401065385934
0.1336512793103529
0.13655831914455305
0.13848767705785583
0.13765887721541586
0.13693347965212754
0.13013458201821407
0.13457901015259321
0.13813654784764506
0.12757742281782916
0.13803207320796254
0.13437014103490405
0.1385221351060884
0.13178806664156195
0.1393248042409635
0.1282994523734456
0.1349991473590143
0.13543082904249684
0.13461435697845045
0.13931863514960602
0.13304124496933642
0.13194469550144972
0.13493153443669434
0.12965296360357526
0.13505085909004996
0.13633213031781471
0.13833516249077965
0.1339342935577377
0.13344672791753334
0.1277902417886536
0.13648907357086154
0.12558307197022558
0.14055681866955336
0.126160395939991
0.1354195411396429
0.13685024093937284
0.1370877108605149
0.13285097953320982
0.13346861810056598
0.13293042294106985
0.13920039817980387
0.13289092739465605
0.13611701447453056
0.13487408800687
0.14033352193271106
0.13778943883190006
0.13706369523389333
0.13360387870622922
0.13317233645197635
0.13240225104757902
0.14042764806745037
0.13393763507535988
0.13595723675340443
0.12445405173249309
0.13766490072829507
0.13339081806571382
0.12756921644649435
0.13939642588592382
0.1377858672603495
0.12416182154497192
0.1298381261783909
0.12034189740073141
0.13803589088281795
0.1340519292183212
0.1339271484126878
0.12649577236641904
0.12809413004023257
0.1284792429814337
0.1450613331471047
0.13194826459001038
0.13613820005377764
0.13725353775937926
0.13372231568495935
0.1410016323040671
0.1221646383675925
0.13128369758698558
0.13385506325711197
0.13307600550985405
0.12670412246013657
0.13471252163904082
0.1340411483698422
0.13953759256192966
0.13714793454459834
0.1381471402806808
0.1362552802096473
0.14203281043415902
0.13266225504562013
0.135483600570598
0.12286878327437285
0.12794245456238265
0.13234289215978057
0.1359465092366784
0.13897690794712467
0.12789258074559626
0.13158370377072978
0.12698033708864573
0.12412216085748802
0.14691077418250337
0.13164637700486984
0.12996027484723902
0.1306767506282186
0.13906042468381016
0.13708221457797384
0.12594431293629046
0.1423144353468115
0.14154030289661787
0.138274352078058
0.14458188194135152
0.14350443641662317
0.12709057825713418
0.13507646422618996
0.12505970636178843
0.14050411484667608
0.1260301253232449
0.1194099435370379
0.1268998733545459
0.13785852593663397
0.1336783037432099
0.1296351438280205
0.12493507524062329
0.13259248178797886
0.13657410378957344
0.13200432613039106
0.1353548404700581
0.13835465631612323
0.13352031549815993
0.13336081264987
0.13097112626352828
0.13311608630976127
0.13748192746842436
0.1286328458815415
0.12851691488404027
0.14298871656399964
0.13341207079068432
0.13771094508895407
0.13517707581915764
0.1308621523675039
0.12858386968764748
0.13035669648226966
0.12585712641552607
0.13435575865674035
0.1310853952761204
0.12673454588129143
0.1354591978495303
0.13100367510858832
0.136036937288568
0.12216380216923599
0.13937917403041744
0.1326294137600345
0.13128686981015264
0.13032877472736584
0.1389144392470048
0.12932407542504895
0.12956016060688616
0.12645728255700694
0.12241788342375268
0.12966516885162416
0.129157146710751
0.12161400582604032
0.12652222667437377
0.13502415610020524
0.13180607995416702
0.12235619552441741
0.1273233869487771
0.13237203324045885
0.1354719353450172
0.1404538808287657
0.13650482224956795
0.13258998139970626
0.13183353374354337
0.12891461329467085
0.13318235457782826
0.135718625635638
0.13069968636706866
0.12431552980125153
0.13501704663403435
0.13461315323812897
0.12506006976554748
0.12801278046565395
0.13812268359022226
0.13255138365823524
0.13694019067473
0.1266035861501323
0.12972884212030145
0.13188879123277658
0.13863563710781968
0.1364535421688903
0.13628461622895344
0.13132472532959116
0.12596509012017995
0.13550443044536206
0.13242739764106684
0.1326914526190501
0.13161280750823512
0.12902742919461868
0.13506030088166665
0.13189012090958968
0.12982661329789344
0.1229962671194167
0.13138331048171215
0.13232025208764378
0.13508514143434514
0.13543342250045326
0.1343825606632621
0.12807159667440435
0.13332079620967535
0.1279954256110355
0.13795607180547453
0.12616940685077663
0.12612281851771603
0.13167156219354711
0.1336928501031165
0.13621078500451061
0.13489354674769122
0.13688899165993593
0.1385433843066707
0.12994864475084567
0.14261088981426367
0.12919900861383443
0.12941572994612185
0.13915236569872
0.13325344004822634
0.12454094048549452
0.12885669115218493
0.1329196812629058
0.13192585999123077
0.135570888303578
0.1314147120488651
0.13026286730199288
0.12907741056217104
0.13543913440171232
0.13455504173912872
0.13964393064300382
0.13378453209927743
0.13182208501874743
0.13870167437977088
0.1373374547063984
0.14050002212358437
0.14075737107133465
0.11813574879780259
0.13036739657087187
0.14335711911386845
0.13064964696321296
0.14362066891496397
0.13118473961093807
0.13134610590068335
0.13090624300406986
0.13479381830863024
0.1364254275109108
0.13817138081288902
0.1367259050249269
0.12830456303714963
0.1488790182967317
0.13228018680443887
0.128606597436346
0.12830514907081966
0.1295723888707859
0.12883913733313734
0.136814450338621
0.13055312045921014
0.13049210312645693
0.13336009537170165
0.1378049088521696
0.13311347677029706
0.1338947794833058
0.12706771671687397
0.12918928681190595
0.1268965030715343
0.14076543383946935
0.13156566714543966
0.13403796568491
0.13541818549508464
0.13054766733578108
0.13198408529324443
0.1310406350636641
0.12411363659414784
0.13589209111280842
0.13649660776772432
0.1359415787134523
0.13567644684024197
0.14092157464141772
0.14117474284713846
0.13277505069946624
0.13157484374570663
0.1291276422599058
0.13939989151274396
0.1329353106014988
0.13329119175257143
0.13125139183280526
0.1382619876097485
0.13549750761270932
0.12627761348132574
0.12699360665901813
0.13918968768109624
0.13542095049525624
0.13374737100748665
0.13556794529673263
0.13579597443413105
0.14003506010911979
0.1313825332377696
0.12644468123662794
0.1296734832870545
0.1338280275640747
0.136728685062101
0.13216081625839357
0.13064124973645663
0.13849383567119847
0.13151902296766355
0.13667426791953766
0.13095828184392488
0.14274759594330674
0.11914128275537429
0.12997848748865903
0.13431177615805198
0.12880400824719915
0.12955878521974643
0.126915635329352
0.12847107864203033
0.13838965887870597
0.13184369316332445
0.11697098018479136
0.14021013329057075
0.1194869876305953
0.13188537289048954
0.12920161475997588
0.13246211218311088
0.1272937219714015
0.12783974776120827
0.13557396472228664
0.1300709622513535
0.1315302153139994
0.13150694798724244
0.1327556304543299
0.1378977758060717
0.1318288627585922
0.1358700190179176
0.1416102349393055
0.1359911220806507
0.14060969511901142
0.1311304777986619
0.13286596079750382
0.13232842923527635
0.13527686971464037
0.12970972429954536
0.1295784241048912
0.13513685245311927
0.13407728554031187
0.13873001044148242
0.13031589928673712
0.1233163210063227
0.13792923931384646
0.1414499789197854
0.13834552142845305
0.13233232131262465
0.1261828580366332
0.13600563975671032
0.1354155573236642
0.1385105637289769
0.12761441937319726
0.13165776426759188
0.1335675398424175
0.12748386345026239
0.11811206791512635
0.12794725465431095
0.13795085219920505
0.13391728934343708
0.13701478031166264
0.14109229268649556
0.12530138220284026
0.13807265626525353
0.13868830850646727
0.1330137505645177
0.13236994249236408
0.12434568635382763
0.13908662359360913
0.14327101725976943
0.13340834095356172
0.13599677160593815
0.1350901284427069
0.13691021894762903
0.1299711271098338
0.1273783868751525
0.12986734249679702
0.13255271665094365
0.1276385114073309
0.13480755831662897
0.13286676235879735
0.12578179152303354
0.12854679898816593
0.1298076714666364
0.13331065977630618
0.12912875749654515
0.12468012219012188
0.13261745538688083
0.1409342160710836
0.1365331669446457
0.12854792024992573
0.13943863706552712
0.1292100970727175
0.1408689959406061
0.13989541949368972
0.13581454918837838
0.13109824684157925
0.12824511114190373
0.12732752915666876
0.14096699428101495
0.11937552632508852
0.13356797976688858
0.13517169891036943
0.13740376479768615
0.13382930561926507
0.12822905643000446
0.13694051253166636
0.13104322060446807
0.14014689571315248
0.12620658997632409
0.1282784111569066
0.1417634318676997
0.1245937256847731
0.12877065340241947
0.13282695841375058
0.12694482621527806
0.13019330908987872
0.12829751161381242
0.13107618097006138
0.13280079346293
0.12608578313691418
0.1319957059615495
0.1369128525506482
0.13322195283859545
0.14062643176366255
0.13940805570851172
0.12824372325488392
0.1342012206194275
0.1275479603569209
0.14063757274389513
0.12870322786041294
0.1331377771034444
0.12432811661378665
0.1337916658649909
0.13706960425169307
0.1400482164135366
0.13470398368236927
0.13571795328797312
0.12402346662130027
0.13713038520065687
0.1278286492563868
0.13509302879659774
0.1359895096337702
0.12660992769221993
0.13403964203242688
0.13014933811063556
0.12725472971361682
0.12470436757962881
0.1299839769368969
0.12551418605428863
0.12974760077830336
0.13856250591392227
0.1331929477224223
0.12966415321363073
0.1342121682650348
0.14048138305707034
0.14053313846878776
0.13302443640717332
0.1400118230643601
0.13246121064642039
0.13008673971331197
0.1241206116480794
0.12509175871414557
0.1290592706418756
0.13467719654018886
0.13108151088951758
0.13247258393698574
0.1267225576066773
0.13454469040870226
0.13649900984294452
0.13828266410647325
0.133534838466355
0.13751079898019497
0.12645091825772808
0.12809310244152275
0.13593403808704968
0.13023515981420003
0.1364753105961302
0.12899977553767084
0.13026521895854826
0.1304971679097854
0.13858301190708816
0.13132856154743083
0.13628098727875043
0.13606512792253384
0.12829774215572298
0.1345812892281093
0.13681770313691627
0.12663481038304109
0.12928277667133337
0.1356798457095738
0.13199706757076818
0.12503169866473623
0.13608164315628687
0.1393910977961705
0.13370076647037527
0.1334906536037741
0.13772816608128385
0.13081718049342358
0.13722049457682658
0.13106502421757055
0.13757179433888642
0.12438254556246527
0.1274359993969884
0.1331046086954307
0.12686890886966976
0.12857196354167255
0.12791704867969747
0.13497627021280173
0.12293362175360616
0.12839585805274487
0.1315042580062603
0.12860973257021321
0.13725011372149307
0.13232515574936116
0.12731764955783245
0.13365676157847672
0.13914494611750036
0.1328982438887629
0.1312437068833142
0.13758357012106825
0.1380954627973085
0.12971090855851589
0.13845930152971755
0.13155296640663727
0.12882365019940625
0.13063145566460235
0.1262140197856409
0.13657940619128114
0.13055662283933653
0.1282379796472932
0.12910253354580345
0.12291235526570012
0.12484366803049561
0.13101763413355402
0.1331615779303508
0.12646196997843503
0.13223878515801413
0.1344159647800596
0.12850283235988075
0.13336608966768215
0.1205913060698324
0.14100143951836225
0.13577787321344156
0.12949052296781974
0.1313600727855355
0.13638622315534446
0.14019343028037018
0.13587169748714611
0.1360186390560643
0.13384794527189417
0.13148542619220532
0.13586047012435098
0.12704269438379406
0.12551145394056895
0.13125269249529525
0.1367207097194522
0.12910558627657845
0.13317394229850746
0.13046818554128536
0.1287739551924113
0.13797974372005647
0.1314966155323256
0.1304253512835371
0.13164723075454093
0.13273274526164647
0.13299835573110286
0.1321700689041126
0.13170757321970442
0.13536827578923905
0.13207505569170802
0.12357224375676867
0.13044274511966875
0.13740747425127173
0.13426605965390226
0.12078175538730032
0.1292912361376646
0.1249735607592403
0.13162820792061652
0.13042671400106803
0.12866601342359035
0.1254797501769427
0.13717759619915723
0.13285650348177197
0.14022044800631708
0.13461335270275082
0.13029450567966888
0.12796914812795307
0.13072469662242692
0.12912254827835185
0.12466482336239294
0.12993526195559982
0.12739851198375882
0.1327162400839735
0.12658591497519675
0.1351285710816321
0.13568933979469278
0.13827083947825938
0.12891301233529956
0.13454250291362158
0.1263809553333966
0.12160905750261086
0.14265922380068177
0.12855680696314448
0.13781646865087957
0.13711584959901751
0.12410243751718196
0.12929564177298392
0.12197186470474512
0.13317079476952146
0.13807008935340184
0.13154713346913394
0.13287463875812033
0.12875614134879987
0.1359334806834659
0.13907136965822525
0.1337533911013074
0.12185401894106429
0.13376788688731267
0.13326396707839736
0.12984712065057755
0.13647067235225233
0.13648994906276377
0.13481917603812224
0.1304284023811883
0.1360252678893502
0.12988926573238496
0.12522326450476629
0.13203467851701167
0.13844951789323337
0.1412663287164326
0.1321670775684765
0.12257098037266007
0.12973513064661793
0.132962122698795
0.12590062950815425
0.13995246750342877
0.13089276229889418
0.13013073939801637
0.12214365825120738
0.12960730296997242
0.12961522470254147
0.12840303238759507
0.12382846711438845
0.132744414399078
0.13339185400276934
0.13647293858656068
0.12504029699450644
0.13659508263413786
0.1309975835472719
0.12779507785133268
0.13281860614081534
0.12681063698278103
0.11941899437925346
0.1350819425262402
0.1352890270110094
0.13171505042731932
0.12577539555002917
0.1337450697001567
0.1402374508363628
0.1347146824763629
0.13217125273570385
0.13737326409598793
0.1288187183144884
0.13607936738458887
0.13255645880286507
0.13863753872981438
0.1354072188112834
0.13441916316587996
0.13546891741638642
0.1347029853069881
0.134656522156076
0.1319813625925991
0.12881437965935016
0.14225112378887617
0.1328766321117499
0.1270113812837054
0.1254835221027748
0.13456358115899564
0.12869778354552336
0.13588471030244467
0.12620329342271142
0.13081601776603488
0.12513013341929718
0.132505857122149
0.13210080789660464
0.13328629173572665
0.1211325701267851
0.12547848788809188
0.1251267287358775
0.1284203672170198
0.1252221115850253
0.1338074993245852
0.12917868122918208
0.13415834207702654
0.12419848812772369
0.13061403322246476
0.13597365525061636
0.135967649864714
0.13768698053996936
0.13982340253219402
0.12946541232672917
0.14279762932498152
0.14518552135404747
0.13100718889510388
0.1274680966773265
0.1381965801833787
0.1227250603309916
0.13210902319436887
0.1282684169263908
0.1338242548416651
0.1334050728492294
0.13628417995587888
0.1326788559498768
0.1273646511771486
0.12881585599334242
0.12700444751936796
0.13529095128227148
0.13652168010912946
0.13281636695872076
0.13271477803992882
0.13519932557187694
0.13732727182201038
0.12863565189959184
0.13554684128886724
0.131276982730724
0.134013810098352
0.13281898184485577
0.13361748998312678
0.12275842333073231
0.13530459803484654
0.1350403786757613
0.13403728933680087
0.12822636347671953
0.14530531094600355
0.13353959795219617
0.1348399387330099
0.12928867869759178
0.13625245680066536
0.13433010054239386
0.12572244078755376
0.12372799786171089
0.1295947738177724
0.13321630914660917
0.13512263374275663
0.13047644853080745
0.14285915589457773
0.1284130301147583
0.1319481405100461
0.13224807452468548
0.1412110861745256
0.13595258485108447
0.12620801988272956
0.13198776522673294
0.13183389519892985
0.13055872128334886
0.12873660091528172
0.13219039026417753
0.1290081331130145
0.12738340669761
0.1354472839878736
0.1332430592128467
0.1383281577447498
0.1260956027790177
0.12489351621818949
0.14089686871057014
0.12617726063233936
0.13340004357046237
0.13391804121788156
0.1301599436313182
0.13984627355336077
0.1348210828341161
0.13355258333295036
0.13325568158712686
0.12830605314465954
0.13041127173318254
0.13234354151167355
0.12820518702995973
0.13127394920713575
0.12843705222125884
0.12991500801893494
0.1332355237386533
0.12263329846700052
0.13095012953414914
0.1254424464659791
0.1430058467104935
0.13514004496742676
0.13258819246600467
0.1353275919449114
0.12980532206472084
0.13057130499003522
0.1181574159273716
0.1297744155760085
0.12148326645175624
0.1320663938322426
0.13073514888446325
0.12957960571578658
0.14262902468672312
0.13455007263487398
0.12515393164486685
0.13957129771487248
0.13631236777292818
0.13149321323143345
0.1320132730024432
0.14025731380001813
0.14257047315913218
0.12565342117398481
0.13100851722135334
0.13409664579083214
0.12746543818916573
0.1243511702915533
0.12847104763640826
0.13239807771067125
0.1344747874061212
0.13141389819054553
0.13439884526474502
0.12959245468194808
0.13351449582317793
0.12819861147918488
0.1300743744665584
0.14313188966224766
0.12387596140052609
0.13445416199861646
0.13766157557351433
0.12709179589347785
0.12873268023085577
0.1295847067810378
0.1292155240157206
0.12921806717124218
0.13418553110020792
0.14406034744771634
0.13482839969283006
0.13636272099232583
0.13484301691660663
0.12795510204608065
0.13902715516305655
0.12897748224271935
0.12753816644851865
0.1363250776320242
0.1283790747020566
0.1474631935148091
0.13606624520194893
0.14058204791318824
0.13238556948087854
0.1375027274841077
0.13756396814972693
0.13114476683845874
0.12850154526523228
0.13961768020095044
0.12898058409239804
0.13818249623555512
0.1257625777890972
0.1294370350970864
0.13690904117614286
0.13414391878209306
0.12797928215975246
0.127101091586251
0.135819307023178
0.13539470282067365
0.12998913482240038
0.12203592340879503
0.1292086378014191
0.13272813393369096
0.1284357987744225
0.12944435113226366
0.12744111745549325
0.13551986826190507
0.13291761304583039
0.13024844373696984
0.14262137717830817
0.12951835187820615
0.12939841099149155
0.1264529701130922
0.1255094866225392
0.13431721178987585
0.1289123721674393
0.12422072456698073
0.12841180905073135
0.13104452787788612
0.14165713948085792
0.12685256496913772
0.13386393723440243
0.13777613248467394
0.13917495362930188
0.1371462659088695
0.13134361650812343
0.13258775779557377
0.1350200435574502
0.12813591565782365
0.13515104579786774
0.12804306954552316
0.12920872594376442
0.13111643624444708
0.12491692759924118
0.13405799786811545
0.13489770436998078
0.13038263212839785
0.1335172070621376
0.13737430496530795
0.11920348445377497
0.13261254933819916
0.132134924687869
0.13380490880900142
0.13433946117796683
0.14151635906814072
0.1252520980104172
0.1326331461982185
0.1212937978733121
0.12380444542325614
0.13361101003549444
0.1317493657208366
0.129098197194095
0.13468942415334942
0.13529538409408204
0.13201279571412358
0.13657498426846743
0.13110405168349737
0.13338952829992987
0.13319375391035593
0.1407291662155188
0.1286909424813114
0.1401049790775866
0.13851106948992148
0.12458529477311556
0.1404345605587673
0.13713970795572314
0.12639958666519682
0.13264250154003468
0.1252634392755195
0.13050858340950902
0.1309862633314899
0.1346843242594164
0.1371079735405577
0.14178233389687214
0.12835156937916836
0.14108549085162883
0.1210609869436814
0.13612949953265263
0.12943087985018706
0.13517872760378238
0.12922593686664313
0.1378622513452814
0.13128927644989027
0.13860555518726708
0.1306330719807303
0.12613505858338697
0.12901337361263474
0.13279917140730596
0.1287137949797304
0.12391783294724591
0.13249775532681346
