1416428.720040236
1416177.188777035
1415502.3358583879
1414701.2435013987
1413888.136609294
1413093.6290673064
1412299.3134036704
1411436.1059076206
1410495.1648518017
1409449.4686620245
1408349.0597446645
1407252.6092381491
1406120.488416834
1404963.985445816
1403768.8909415877
1402585.789407112
1401413.960055026
1400171.2915151988
1398872.8013878714
1397490.821057018
1396073.9959681286
1394641.3993765912
1393214.1677865612
1391764.5031429108
1390347.4014967296
1388902.1218560426
1387484.9303208895
1386052.597893442
1384642.8863760086
1383181.8870621726
1381661.7999773026
1380156.8557370629
1378650.2570764949
1377135.0574882352
1375642.673274966
1374145.027054228
1372657.9009254023
1371167.9657248266
1369674.4414091874
1368114.6182092947
1366582.7318947662
1365040.4135532212
1363508.6613511017
1361885.979784241
1360262.4692644938
1358649.024295528
1357034.4740466503
1355423.6658734076
1353735.5723710044
1352051.474039606
1350362.156623003
1348698.069573299
1347031.827525665
1345296.4883401787
1343553.8042203009
1341789.0473132338
1339946.3784979708
1338015.1630180625
1336033.3506311402
1333869.193533905
1331669.9024456514
1329494.9399651203
1327298.743417655
1325129.8601914293
1322946.9757403769
1320775.3069220888
1318500.6476438951
1316149.4642923558
1313761.709803033
1311398.457977303
1309024.2714511724
1306668.9602650271
1304308.7290521085
1301968.8226833679
1299617.5441878955
1297301.911511974
1294968.3690211896
1292664.4864432083
1290348.2871577947
1288057.2497025428
1285756.35360667
1283487.2734278042
1281197.5079736365
1278936.995099025
1276663.990034698
1274424.6827052452
1272177.9891316744
1269947.4293487596
1267707.3323294877
1265506.181567361
1263274.16932061
1261082.0397178573
1258876.2012212377
1256698.8186362102
1254495.807529103
1252329.1304547521
1250156.0515337395
1248003.209966007
1245841.4934807804
1243706.0482172251
1241566.288192392
1239426.3153832674
1237275.36315199
1235123.1400814368
1232875.5372214394
1230644.7434518132
1228405.14958641
1226197.4402988486
1223976.4467377244
1221778.4948026426
1219567.0554042724
1217392.561382776
1215211.6278679338
1213041.1522059634
1210868.5378171592
1208710.1743525057
1206551.0896397051
1204413.1497099453
1202263.8186188594
1200143.301316104
1198010.8075273158
1195882.411725454
1193768.0833722614
1191628.3984896862
1189447.963745597
1187297.0356698192
1185147.4629130997
1183009.9851084766
1180844.711491265
1178666.0960613417
1176494.6306936764
1174344.1714618495
1172187.7486390292
1170034.5884316727
1167892.917874035
1165727.290773903
1163572.4896429514
1161421.7345588608
1159250.0335127043
1157083.4048255156
1154921.5814852223
1152773.1977760617
1150620.520566175
1148484.8431049113
1146350.2146655598
1144232.8435697414
1142113.2029158035
1140007.1619846758
1137901.9869531572
1135765.8213753728
1133587.5930454598
1131428.4488046695
1129268.493956472
1127116.9736285387
1124974.9619427705
1122836.4829476203
1120596.4639352597
1118326.1149613303
1116070.7125277822
1113803.880669291
1111525.9287568126
1109261.5792528298
1107003.0188805466
1104757.9965582825
1102514.893408755
1100283.0433968639
1098057.2432610968
1095843.4085999746
1093643.2814399586
1091447.3553013399
1089258.9763487547
1087079.5754071237
1084909.9906649794
1082705.5002317925
1080439.2043289796
1078178.8789666998
1075927.9151327675
1073688.15704326
1071452.424830719
1069230.1779333875
1067008.045782155
1064801.2795127414
1062568.9287473578
1060320.3390980691
1058032.6984913019
1055640.9082092217
1053260.0259789985
1050889.1595499245
1048525.8816082897
1046171.5795211578
1043807.2236063896
1041434.2657094401
1039064.1755930567
1036711.9025774975
1034359.8235767186
1032024.4468269718
1029690.8362332856
1027380.4181648566
1025064.0885452959
1022768.6101248685
1020472.5955335564
1018198.7514440417
1015917.3981711539
1013660.8194509576
1011400.7823578652
1009148.4123723096
1006893.6140971974
1004661.2369498058
1002428.708620149
1000209.1539157212
997998.587325115
995801.8915245823
993602.7973547651
991425.8550009353
989252.21030353
987047.1057518409
984793.7609355783
982571.1810137309
980338.3797158338
978133.5397673309
975909.4742823731
973723.7832586013
971516.2439657784
969344.4785326872
967157.5239360647
965006.8984951057
962836.3299653858
960693.7244361269
958540.5103366441
956407.6118791421
954267.7867612325
952124.8368257063
949967.524559661
947794.1156954564
945549.3694465393
943309.8324134104
941030.8267870413
938747.7414092636
936468.4920011018
934201.7993367063
931937.9183463342
929693.754274556
927454.4251727901
925222.8856194973
923001.925472286
920796.711691723
918588.1836404232
916402.517362104
914211.9363675903
911971.8649544942
909734.8287766333
907517.1573921535
905300.4563670256
903099.7880940133
900902.1233145323
898720.4888811245
896545.1799327765
894377.0100423474
892224.8301822743
890079.236347567
887940.4352802545
885812.6676369469
883697.7801005396
881561.4372539764
879427.0722730105
877292.1281483487
875156.1561998954
873031.3699110836
870914.3653393054
868809.9265970455
866711.7170005541
864623.8809650238
862548.2205108989
860476.9565940007
858368.6481208237
856242.7718732314
854117.7784515889
852005.4472098184
849897.5530394026
847805.4943345225
845717.215286856
843645.9854329879
841576.5807982546
839525.3865087098
837473.3019008496
835441.3651363296
833411.2854065074
831398.5357491269
829389.1391573653
827390.202462814
825369.8397451575
823359.7190968918
821360.3834229723
819355.6544257394
817351.2458804462
815302.2528734229
813262.7882438601
811237.5183922029
809219.1372855405
807210.6593954737
805211.4951570693
803217.2164854947
801193.4288608773
799131.5485352002
797081.8001141011
795038.6355479489
793009.0500545135
790984.1134528446
788973.6318544518
786970.4257692165
784978.3395391885
782957.4644267028
780950.7087787814
778952.5842598182
776957.0125390822
774968.2135111378
772992.5212663705
771023.8186126067
769066.2598229198
767117.8867047142
765180.8582218336
763250.8796681941
761333.3137236565
759417.7479106515
757509.5550805009
755614.0515596175
753725.5843548967
751849.2006547916
749981.131784633
748126.0263758007
746276.1746302446
744437.6613059804
742585.6909278212
740757.0611819485
738922.3996230243
737080.9564387104
735241.789456422
733399.0520675335
731558.727301457
729726.2551252345
727905.7599123119
726094.8538924654
724293.5024870482
722502.6492585961
720721.3949474673
718939.4135129908
717119.9907987815
715298.8594190744
713434.3088354226
711541.6851282656
709636.7982861293
707733.1281016011
705833.6767292091
703929.2970858732
702031.2293224916
700139.7171340683
698261.3572986926
696388.4631232843
694531.3885935626
692675.4977167809
690802.9101125962
688939.1169127187
687060.7380553937
685182.0788827795
683322.3269966495
681463.5150932282
679620.5955231076
677780.439697447
675959.6830263824
674141.5547992622
672317.3275200734
670471.0419049753
668645.9225019019
666820.7352801813
665015.1336227544
663209.2052336541
661421.4383498946
659635.3726733564
657863.1576909366
656085.3726399959
654319.8931477526
652558.8428790576
650777.8996715975
648991.7057108303
647218.8353985766
645452.6139230052
643700.7319901641
641954.9098361504
640219.2856088354
638493.2423455974
636780.5737326189
635073.7406477614
633379.7296680964
631690.8189351065
630017.0482410437
628352.7598391683
626675.653269094
624964.8344804691
623281.6806889564
621589.6299241196
619929.0473349753
618254.0161275105
616611.6633184428
614956.9378500688
613335.860127114
611701.7702789297
610097.578479669
608484.0687385147
606900.5066002479
605295.3895994299
603704.3343067775
602092.9667066764
600497.4952010768
598898.7376592964
597327.3267665195
595741.3294346808
594106.1693233614
592443.2900582813
590818.5983633985
589171.2158887164
587560.3673519182
585929.1305825334
584297.8147869664
582646.476993577
581012.379278376
579373.2858071998
577753.4101268713
576112.2496067553
574510.718646618
572886.2454279349
571304.8024639207
569689.4239764903
568089.2932520504
566465.1730796532
564881.977339498
563283.5756313809
561681.0566891652
560034.7209783376
558416.2669917743
556787.765195281
555187.2648618856
553565.5314276413
551951.7052958122
550321.3481635933
548699.8204184512
547064.1094010223
545463.6512737473
543850.826886588
542270.3700800893
540656.306293407
539077.5684184126
537474.4690680194
535921.3237320507
534334.7438590465
532791.3846598334
531218.8503271173
529681.504577052
528126.9860337559
526605.5699563159
525072.9301113898
523573.5602574921
522055.5351283038
520574.2133361295
519077.0200484856
517614.8737352729
516125.7671157828
514679.4999242615
513205.0107880971
511738.29193892493
510236.4515701026
508771.5588983848
507288.5795614202
505829.59173718654
504360.84252180177
502898.7107093843
501424.08793933335
499974.54694247467
498520.7373556923
497079.2186670202
495629.6455334776
494204.7378837646
492774.1363850153
491367.9988649541
489960.5696003601
488553.15986892686
487138.8602853757
485736.14533063484
484329.45589412167
482918.9914071899
481510.33281458315
480117.04523269914
478730.26479820674
477351.4676983929
475971.34406043275
474602.30242766766
473227.8992366326
471850.8198047956
470481.46094434126
469128.16285232257
467776.1789517125
466438.44986554526
465090.5946160709
463760.9256783043
462423.5376496533
461098.6864029656
459771.42572663276
458427.72196739167
457072.34484901075
455731.1506282678
454398.67375503614
453046.67571540346
451685.3988781207
450282.33422993275
448894.24505007855
447510.850754275
446147.81612116814
444777.1615082308
443404.8659874166
442035.495034531
440690.3961044468
439342.88861046924
438011.3550889055
436669.4474914187
435291.8004972752
433900.8763492717
432534.999151133
431167.4859224369
429815.79342708515
428430.5104209715
427060.8988068564
425691.6779375553
424324.48856718035
422956.1171393546
421603.114097969
420254.9485771647
418921.8173733066
417591.4844420073
416264.3489690198
414934.0582454539
413620.66952389
412313.4296502513
411017.6915582675
409729.3515004602
408451.1574725771
407183.9375641959
405925.90695817734
404653.22454931727
403367.7865371342
402069.07395619125
400775.586910148
399495.61438408523
398207.28498488
396921.46561463655
395601.54499127663
394293.66380988463
392990.85774777754
391700.7372260562
390419.234185485
389148.79509131616
387886.4045822706
386630.7768406601
385368.2664924148
384120.18336334854
382865.9634084085
381589.41767730087
380308.2134299086
379025.095239244
377741.013986089
376457.0005177843
375177.77303992264
373912.2865927905
372640.4071412714
371388.1974145183
370116.8912444104
368853.7094631958
367589.30703794764
366341.31956073147
365094.00072335283
363857.4283242167
362628.8120895389
361407.8643631032
360167.1935083281
358924.8169963444
357702.4581841868
356478.4089297219
355270.7881889445
354049.37543510285
352848.73662988935
351613.2707792854
350389.17795699096
349160.57220192964
347947.3176294102
346723.21988577745
345515.2751721253
344311.9211137115
343125.5081144953
341939.769265061
340772.0781157158
339606.78312323
338460.0386847386
337314.7041125346
336185.32566834276
335060.3655299067
333946.1699521446
332840.2036197155
331750.1715803956
330663.3912229876
329591.50283645414
328522.0040945895
327470.8895381516
326426.31554443424
325344.1645614032
324265.96643529186
323187.4756863504
322126.8800989529
321068.1825031564
320029.7275548745
318988.0618395193
317964.0283348393
316914.5205357167
315833.84673217975
314732.0870016856
313654.5171116133
312570.74579224526
311463.0834283238
310360.7628812043
309260.34135932475
308173.2440265888
307076.4040447555
305987.3475362132
304900.0287569387
303791.19942746306
302701.48547785415
301611.94683261676
300529.59454189934
299427.047895238
298314.3496423842
297202.49936160597
296107.81345451955
295017.867327952
293935.26736567647
292855.30165835103
291778.1269556268
290694.00863381726
289601.1250454027
288492.64421160874
287390.42739838955
286295.22700423456
285211.622890362
284132.1994318786
283050.1756779662
281964.4405955405
280835.6046384759
279691.89527065004
278527.2419881803
277389.01624686463
276231.2460328012
275090.07473936764
273944.07431315776
272812.1384957313
271653.3741940438
270496.1806888595
269336.15595143306
268193.5359257435
267048.9740551893
265914.64775794756
264768.76493267354
263630.90936772357
262502.16721372236
261383.10467015672
260272.81388049675
259175.6960045353
258077.14650129966
256983.58875487922
255896.70283884552
254820.48790647663
253751.25652825725
252692.63420561096
251643.35536669585
250575.81541505034
249506.57794491085
248454.9022795192
247402.78902640005
246379.86235675865
245349.13966337737
244316.87435916427
243262.86077765469
242237.15597308995
241198.90912616928
240186.15827431862
239154.4314927086
238138.1670712606
237123.6896359427
236126.04959239016
235129.9343775458
234150.35236178822
233174.01493516754
232219.11701713232
231258.50085480895
230323.80067054788
229384.60404289485
228467.37269619774
227546.88671653252
226650.9437207071
225747.49324127016
224851.19797619796
223941.8343012036
223045.01859756533
222155.26848637208
221282.9444145147
220410.49582369276
219552.70027414558
218698.2083664334
217838.70262044796
216982.32768142168
216141.67302557125
215273.19849106632
214413.21025920392
213539.28429362498
212694.64282861067
211841.05145205036
211015.42401664352
210181.45248160505
209365.9524587575
208532.9974441127
207730.41456397748
206917.50871072503
206132.86368796707
205333.0105177574
204530.8690441399
203724.92246689642
202939.426147995
202139.81802645134
201347.1339875022
200548.9546367419
199768.0931381081
198976.2665962769
198205.51323339978
197425.5009567583
196654.86118202636
195871.346825307
195102.4538036197
194329.32911034866
193549.7564652236
192762.6257593249
191997.01361960857
191229.88734645187
190485.54230652927
189731.5253675137
188975.60211080709
188212.77350156603
187476.00144718698
186724.6650629723
185997.36559092253
185232.24145101846
184476.56857382058
183718.42236544724
182982.5231954488
182239.2968323816
181518.1502773701
180762.6933946966
180012.8070153318
179255.7529913347
178509.03570152321
177755.58842118504
177023.4469594074
176280.46313683904
175542.39445115876
174775.15112602504
174025.27758894622
173264.64286749525
172534.45414003832
171796.52648349086
171081.0735473617
170353.77928118693
169654.59380791345
168922.643331006
168193.03511658436
167453.08585504504
166727.69707415838
166005.76691287357
165303.3807075609
164597.3520243618
163914.4531100804
163209.91115273064
162531.52950959967
161843.1281906869
161183.3515160044
160513.37699485244
159869.4838820863
159217.11869171626
158591.75992836745
157958.22215082977
157342.66934773355
156711.37345382702
156096.60574196273
155471.88737221598
154843.66590257187
154219.19157265677
153586.0547039141
152938.0672461528
152287.1724046827
151621.80141606583
150968.70082734022
150316.6715944889
149676.63430862126
149046.18554483677
148423.79709512577
147800.28925024395
147175.03229631105
146574.53541356357
145966.42692054863
145384.8696475579
144791.95820468265
144235.4126653219
143653.04186797087
143063.95930691503
142445.11041889037
141861.7554892776
141253.87196215487
140660.67900041657
140026.69912190235
139427.10672509117
138789.41114813436
138172.10729988158
137549.6032103618
136950.64922390002
136343.61183491797
135746.70226753564
135111.76720761327
134492.5374235002
133861.7825287198
133236.16650616744
132587.21490553155
131942.47134219605
131297.98694054276
130676.68858201613
130037.58183250144
129397.99938906408
128747.49010247225
128113.9640932145
127478.63825370283
126860.89009353078
126220.42608931453
125584.19551033874
124953.90687949717
124331.37414086517
123705.42914351371
123087.67705139189
122462.40042983863
121848.48744798145
121223.73649941279
120623.0069444436
120011.8981683488
119428.63466515485
118827.52563803917
118232.32475155247
117623.2369367031
117042.35492999268
116453.84972673818
115880.10859567257
115290.7827044472
114726.13717572241
114152.94417083616
113582.09353240459
113024.49767766174
112477.9701533955
111931.75603780911
111393.1374510139
110850.6248024907
110329.05124592868
109815.4543561593
109311.4844396337
108809.0273558869
108325.68919894905
107840.47840833286
107361.08898839605
106881.70195067323
106415.4711203345
105944.2126902608
105477.26628358306
104992.76779919266
104531.0410145559
104073.19540163789
103627.56874232883
103189.52758923822
102745.55768214758
102273.79899431286
101810.26826471725
101351.55538496404
100903.20810922592
100439.87078110751
99984.21179680587
99486.19071138736
98996.71415849504
98510.74949812776
98022.71390221061
97513.74970402491
96995.39580956419
96490.83454243
95987.06157176121
95489.19888052618
94982.34201840771
94478.34669942566
93986.00109171134
93487.69825705257
93005.02432860843
92509.47127067026
92046.07012307561
91555.17602228637
91091.0914030816
90611.13711946868
90147.64859024914
89672.45600555553
89208.71538501017
88733.60115134894
88256.85980331503
87720.25023657862
87213.5600713348
86711.70670372146
86216.0942011529
85687.79117080066
85167.33663716225
84651.06648913657
84152.85347788167
83639.15082691383
83142.00951784049
82610.30996481111
82111.30077931806
81598.39976647022
81103.88556441001
80597.88243582846
80115.63991984096
79617.51449946346
79126.82566958913
78613.90737387378
78132.48640164257
77632.30667200786
77152.62301399473
76659.59417070253
76188.58697135145
75710.31827468624
75241.44390560946
74762.34652530774
74306.84903252524
73824.3502283424
73367.63974073209
72889.8054663836
72441.44297295855
71973.98164015543
71546.94958328409
71103.32175205405
70673.62455380509
70242.29158706567
69825.21259020314
69402.57207920359
68983.05488584329
68549.43671352534
68116.69155473563
67690.87583098741
67268.91139892406
66842.8983585223
66392.77688397256
65959.415901786
65528.41623489066
65111.013651461384
64684.699340985455
64259.8241147532
63837.777909371915
63418.96920445066
63003.04792770729
62579.00967215161
62151.52064179572
61740.082696011676
61326.33519806373
60925.861445925286
60526.987104121115
60130.813650035314
59736.930230176346
59351.645925246725
58975.377989080735
58603.73879515321
58217.94276717624
57824.83560462345
57443.150498292365
57058.44790530329
56682.83031951692
56303.06354690282
55949.2098707021
55574.937479484935
55230.73615303121
54852.40227675723
54509.43313464301
54161.62287852767
53825.128751385986
53485.28459439043
53166.25559952313
52843.8104705435
52530.45258354381
52206.38408420725
51898.59092925526
51585.49265001237
51288.46294927757
50975.29398989408
50675.26439609335
50362.606474740285
50076.86233224666
49777.8064384101
49482.64884759905
49157.582796005765
48854.43597255816
48539.85555826044
48225.4600187452
47909.26837176217
47603.84713207915
47318.13577801511
47017.41626089398
46715.52073117608
46413.889534652975
46113.6527667295
45794.93147246651
45494.34394997891
45199.520044473364
44898.43127907118
44611.96566577676
44323.953617599924
44038.76909793888
43747.54718796952
43449.5207704575
43158.89120378382
42860.46701257172
42569.00446858293
42292.73504030088
42011.811845385186
41722.280905275635
41439.27001279162
41153.557721672805
40856.137241341086
40575.650077356266
40277.40273362515
39998.529788650645
39686.011868646114
39397.40879953192
39087.150539032984
38809.314641481615
38493.92593044781
38195.4329371062
37894.68601952229
37618.19634093168
37307.416952307336
37011.7036051192
36715.34955255506
36434.26842376457
36146.632556922865
35870.71670512553
35602.183363562726
35342.42924838743
35069.388714684086
34786.368542365555
34509.420148509715
34240.00320666832
33968.446636704255
33714.19527734394
33462.80623377428
33225.29241104484
32973.24802750688
32734.275491330034
32499.73523879993
32266.699671721653
32025.201178700383
31765.80459391682
31531.19888111947
31282.315620030797
31039.480982775516
30795.441453214462
30557.641892579057
30309.594597160678
30074.513364301514
29830.903023929597
29604.277027001393
29366.102831633983
29150.69865928531
28912.59997943219
28671.37960401492
28444.17405508678
28212.242551495492
27992.70013901755
27758.152607035066
27532.364499323518
27306.04871684148
27081.121299139904
26854.102692677385
26623.974845967197
26386.26740827245
26157.076042096895
25923.916626472674
25705.366579726735
25463.89689774982
25246.477089619868
25001.280393945595
24787.429159679345
24546.1879251959
24332.748509935544
24102.070503004612
23904.13468870124
23681.382130911923
23488.761786959847
23283.05949017434
23088.097401464896
22876.380490380972
22668.895210050523
22458.5890629375
22281.73874221994
22055.431443346046
21879.354038287398
21658.389001588937
21490.89345476631
21288.14063029024
21122.103700985255
20917.485663654155
20757.114426084696
20568.45202022114
20403.7488058486
20229.12460798947
20062.364539036127
19895.990589184443
19743.353628938636
19580.68361296477
19438.01489705692
19264.59200315872
19125.353826771625
18977.662169170286
18853.461203553532
18701.560166376516
18575.489792444652
18429.94055279675
18296.541149772835
18151.280160640472
18032.176867485894
17884.486524869186
17759.848131368497
17620.153524571262
17499.43184431736
17357.591782084237
17234.31323015056
17090.80915125825
16975.27956176038
16812.619180353147
16690.049178309233
16533.190274818862
16392.194682284553
16248.020742523255
16101.13656959362
15941.746610074513
15802.060487147215
15649.542517611037
15523.914950634386
15371.82253484984
15247.382744209248
15100.588273149873
14981.491774152648
14848.413009554384
14732.741617700633
14603.708754950143
14498.344039091966
14380.750068368992
14277.955671531441
14146.209313456555
14052.31743254455
13936.698110966594
13830.59529523769
13708.00288289757
13597.773051835893
13477.77238845804
13380.607641943652
13251.171377709923
13147.584605008058
13017.700755729877
12916.89977153647
12799.137242227509
12710.151348721769
12581.582264933462
12484.881274538262
12364.931765024305
12256.916073890254
12135.69541122145
12041.950371888517
11924.298853941005
11824.270326204096
11718.347380502642
11618.058397601453
11507.010103313307
11410.883782398636
11311.289183186429
11215.552181378385
11114.59483039348
11040.422086946894
10947.291499795572
10867.846005053976
10780.312158563154
10708.97924333873
10618.504127741568
10551.468118445306
10472.05806745392
10400.248055030745
10314.424500546222
10241.661940664268
10171.498156606383
10093.04109024297
10018.608328612918
9957.330446022766
9889.955780582603
9838.303224048983
9773.179324467248
9742.837505022424
9675.253823407988
9626.634275688208
9571.709458601881
9512.721499813431
9456.490990387585
9386.882439728895
9328.469265641645
9280.776008356868
9207.49201409189
9144.17215733179
9065.210689828347
9002.464596523738
8927.1657210934
8853.754229052654
8785.650357340444
8723.81775502901
8642.09206750087
8581.431065144632
8501.462355117035
8441.974867399707
8365.504706401656
8301.546292279152
8229.053064758817
8158.170223658939
8088.893900603365
8030.92561931452
7953.0727171056
7889.562307473337
7808.699744700135
7754.791328199533
7678.366874225038
7627.749543372212
7558.793406289684
7503.708248204453
7449.663012019974
7385.7630779180845
7325.856527549727
7272.694188001517
7213.175655971629
7156.880127737127
7098.316632411741
7052.290667036097
6991.336935934753
6937.340010485921
6876.607935303793
6807.465438697752
6750.587874576177
6679.53068595461
6614.056229308567
6545.4557124764515
6477.242164445432
6412.655610663015
6341.460164594524
6280.309287306948
6214.677641313126
6151.2555874881045
6080.531992926832
6012.870434760215
5949.314793639678
5878.931394158759
5814.322341914046
5746.8357120010005
5686.045643628963
5623.123198167471
5567.951304222612
5505.6419720077365
5442.392927865796
5385.292849172919
5324.724119682319
5268.058434448372
5217.146540295021
5153.41561247172
5110.181261075406
5055.811006239327
5009.954589656469
4941.036250665262
4899.355875752164
4834.473039428323
4790.397664320542
4729.903052779521
4688.763376064835
4631.567267898664
4590.038167225822
4536.213227951178
4495.985381361718
4443.483737549167
4412.248958143198
4360.971053701181
4334.553213300986
4276.932937155458
4248.204594743573
4199.862465050475
4170.915578125427
4124.972584315837
4105.15877863466
4059.9214919396627
4039.158325293708
3995.809359294028
3976.8126444677946
3929.1350204823775
3921.9916136553866
3866.8001274640537
3866.1954669804854
3814.632680919932
3811.929956236597
3762.7697362641507
3754.892795704273
3710.1548014618643
3697.748286728958
3649.524325452302
3642.4571598681064
3595.352168075352
3588.157488881183
3547.11761866548
3537.2118143256416
3496.566750681382
3497.283266516568
3458.5303624741987
3456.6484039202414
3422.4284029465853
3420.3893553325547
3393.171333854874
3390.780339593728
3360.178582666654
3358.4160889744758
3329.5630192589515
3330.3315967783583
3299.1734615482187
3300.44652627258
3272.076106787179
3272.4813997130846
3241.68169215178
3239.648020213041
3215.61348173692
3215.701550794672
3182.5472578158615
3193.818582355354
3157.5710018802797
3173.017214678497
3138.6094978129386
3151.1169383626316
3121.2154587446776
3129.115013699627
3096.4896631534093
3107.029022691059
3073.668308572106
3084.9337562470523
3054.242946427402
3066.8051618768495
3038.256890685329
3054.564817934514
3024.9153458000715
3037.1534037573706
3012.364709826373
3025.947417568572
2995.6439153350707
3010.9887284562606
2984.7544990501838
2999.2967476180534
2973.9454080080436
2987.843521579898
2961.983271309026
2976.5052139597615
2943.8047915288653
2957.8680430112963
2923.11060835781
2942.5000032842236
2917.770655018232
2928.823667349199
2905.7490977928574
2919.565959412694
2892.24950587739
2902.276965006849
2887.907105119916
2902.1622595636095
2873.9828595345507
2889.3609354402233
2865.140756195692
2884.4810341674224
2853.5491317312226
2875.249872370775
2850.788095193677
2870.657196882767
2837.918974733474
2856.7699581534166
2830.8635329926633
2845.710189928211
2822.5033098509807
2831.7339459020995
2811.620121006125
2830.5411067676337
2803.7470291583927
2815.4773880293046
2795.739959696763
2811.620000631985
2784.6917582807864
2800.424313994578
2773.843617845561
2790.526056134061
2762.1642185529336
2781.5583637978098
2755.3681280979986
2775.373631846703
2745.7451766281038
2763.798990686675
2737.935387089556
2755.730471302766
2725.1875188970503
2742.307029133868
2717.9101715639636
2739.1424874094796
2710.2656826758903
2729.3244509704764
2707.821785245467
2726.6977714064906
2698.799535171257
2716.701785533601
2691.4828231900487
2712.7621737433246
2681.771467367669
2706.865614360356
2682.66651473653
2704.443978191057
2675.991592830892
2697.81043446928
2675.0150560218026
2692.9320028577977
2666.6388272740196
2684.249633981336
2656.3428946666695
2675.3273333015945
2650.8353473652833
2667.1434718803503
2647.418558591615
2663.16623121314
2637.257328628711
2653.5488551613403
2629.8189906290477
2652.3481315948966
2621.4570283912635
2646.7807535143243
2618.410915722042
2638.672799454629
2612.799613387935
2632.183200080704
2609.298891119606
2625.957102727567
2603.6031102681964
2623.730242612821
2598.204887012247
2618.874355270037
2597.432228911346
2618.529070938685
2592.7043842577905
2613.084583409794
2588.2186857952574
2605.7209918094877
2579.798106315972
2602.9833021949307
2572.5788370759574
2595.5563566387564
2567.056130235571
2586.2881842949987
2562.685505067947
2582.8945268410757
2556.207215096437
2570.928484933105
2545.80941534118
2569.578538596242
2536.826486043601
2557.3264836500357
2536.770486670745
2559.248937567808
2530.932034555138
2551.386757480756
2526.7372042217717
2546.7257562733535
2519.3257597906354
2542.1978615437606
2506.5056588179177
2538.273124527659
2507.2029494531566
2525.9588503501186
2497.469796840476
2531.682512042682
2498.8999245425853
2517.375750010784
2488.3039712859545
2516.006522455799
2479.934926034285
2503.9925278664095
2474.7383511303915
2503.8273742130914
2470.623059120124
2500.500494210233
2466.520906719429
2492.8786783125042
2461.1670509178475
2488.6059187206806
2453.815983103509
2481.5783737340016
2452.126727887678
2472.2684883241013
2442.874546258926
2475.837955392952
2442.0042936260775
2465.8904645668645
2436.6771387572003
2461.5642688314338
2429.765998642851
2451.8522503441313
2426.490994217675
2448.586475356865
2425.319879305504
2450.429277091169
2420.086777841987
2443.2079782015167
2419.679622696688
2441.791429905277
2412.230929594478
2434.819293129861
2409.6356684044963
2426.0479278111698
2401.4945837306373
2426.5649811697003
2402.1667714415653
2420.6343718891026
2395.5539352505707
2420.582230439167
2389.880203599902
2410.859984369043
2386.3286115515853
2405.867141194226
2381.285539836701
2406.754691279268
2377.3053520858252
2398.6983347509695
2377.575435035115
2402.8728857769147
2374.1265823136687
2397.7008319084375
2372.33397650888
2393.897699020051
2367.096613177458
2394.6650531528626
2371.8708797711383
2395.9037225486386
2365.703548399515
2391.956641319789
2364.7917300167846
2385.3365814121835
2360.1397158246286
2379.4370752502427
2358.1931219734765
2385.3167306341597
2357.1421499333997
2383.151620516309
2361.4862371646796
2389.1441043742775
2361.3674970802003
2383.4133249050947
2360.6184587422485
2384.0125747347165
2357.276584396778
2384.58260580358
2362.0552384908315
2390.3998815133455
2359.1961429079724
2388.451100546602
2360.399316611709
2387.45637353558
2358.4838181646396
2378.2405918115187
2357.8644191986536
2385.1709099144527
2353.213319521353
2381.505998397189
2357.8870734993716
2387.155917892141
2357.3730065438294
2382.4048753686325
2354.1650266629586
2381.8614759549528
2353.319280890564
2380.9033850932715
2355.744223612426
2386.7783226105057
2353.5850063719113
2385.947142796231
2355.424505415535
2382.4902269841036
2354.710343891349
2375.0749069530557
2352.640505294369
2380.8533766628047
2349.8540503528775
2378.038501382867
2354.860236566704
2383.4613656731754
2354.1199941235977
2379.3781028433737
2350.489444843688
2378.9792693844847
2350.1548309394857
2376.0172263832733
2352.4346026942217
2382.2845282862095
2351.1389554266543
2382.5589025886325
2352.460854773616
2378.1704744229
2350.4710532142108
2372.5945405949055
2348.0268081286176
2376.275207613083
2347.58064429824
2374.755044010086
2351.2945180986294
2379.511408022916
2351.009840129966
2374.099452947379
2347.449762367077
2374.3618737321735
2346.2504452347366
2369.7849601697803
2348.0606226776586
2375.2184375377383
2346.235011018243
2376.318223507549
2349.3379049455143
2372.1950690352696
2348.253363508567
2367.2354977228006
2342.879352820911
2370.8230882250905
2344.9106766294444
2371.0990890427643
2347.6124841769497
2375.9213874606353
2350.1090919010217
2371.1013588677793
2344.097777049752
2373.300771419895
2340.228283518375
2365.3265686888462
2342.2448345387193
2369.5216970351653
2340.6301709054396
2367.9495232678987
2343.591490065487
2363.9481473861356
2340.3853753996973
2359.480811015668
2336.076177103631
2360.462711776904
2337.7980563678493
2358.8392711077995
2341.4525510878298
2361.514349461401
2340.6980298489493
2358.762987302986
2338.7376515796796
2361.0194427988304
2333.564501701572
2357.144617781713
2337.438260545381
2359.191845881723
2336.8185211329915
2361.637684517867
2338.2804159892935
2356.72348533278
2336.8931995257426
2356.8843678030835
2330.847648845235
2357.87416251934
2332.1588740804273
2356.033181264213
2335.1221555733755
2361.9242611240597
2333.8607374609182
2355.3435639710115
2333.8597764500405
2361.9822081699294
2328.757795886291
2356.867055951581
2333.4049465666294
2359.325403040263
2333.9674235353837
2362.102961349784
2336.7653883979433
2358.8105090556924
2334.7909373673738
2357.981920907068
2329.5121628842126
2357.808326637554
2330.581045588188
2357.3441741765373
2333.210717537562
2364.8598403719507
2332.177537861059
2357.004775233569
2334.3035701203257
2363.065327711979
2328.988598680647
2356.300346150517
2331.606471139557
2359.271915584419
2332.4913112250683
2363.391270403384
2337.2236022202146
2361.737188897226
2335.544298025595
2360.5158406496926
2331.4719285989263
2359.2035497175593
2331.7439718772425
2357.451675189755
2332.9989288774145
2364.6494404984032
2333.0874770344712
2355.8778384291986
2337.0913236296174
2362.271236702656
2332.163443328493
2357.852025236512
2333.739945700714
2359.6019555373928
2333.173091307129
2360.9353497153215
2337.364035441548
2361.0791237557023
2334.0347818103082
2358.6190183631843
2331.288897793307
2358.2283353792513
2330.9844541277466
2354.225739972585
2332.4814372525443
2363.541785254446
2331.827927723104
2356.4423156810403
2334.944380074092
2361.5891306653607
2330.3595108672407
2355.8465380838343
2329.7733046208587
2358.1706178214636
2330.9322731074813
2359.82303904474
2334.5711137494154
2361.0063867665567
2331.225897427406
2359.7408459548633
2331.905201851547
2358.188399114983
2330.2013915753137
2354.521198447867
2331.5207608786322
2362.5906121179296
2329.023382027959
2357.802537080527
2335.311894204511
2361.7566539254117
2331.1601077194537
2356.1052167317453
2330.455055251491
2357.7458570541394
2331.3225346496656
2358.540540784319
2334.5262984602255
2362.0185130487207
2331.8288147406306
2361.167403110285
2333.8439961812824
2360.0520363393625
2332.3554377738874
2353.5366991661476
2331.975320505095
2362.649603269543
2329.438178486211
2358.5638854365634
2335.5784150654827
2363.025568249202
2333.4496856598957
2356.8217255187656
2330.511048636316
2359.1473034183696
2331.976574128316
2358.0155297296724
2334.406374907334
2362.640414664582
2332.896110434594
2362.4721870933326
2335.4070767633384
2359.6612456404773
2334.4145273971353
2353.8422961134843
2331.7552517332347
2361.8891086382387
2331.067473887091
2359.401056133394
2335.8401971310595
2363.0633528734706
2334.86776298285
2356.995755663364
2331.2560319598315
2359.4207314692367
2330.8846289962007
2357.52898134923
2334.402268383962
2361.8949176536644
2335.0561086316097
2363.5296174008226
2336.2659000269286
2358.978995169515
2335.1009985483693
2354.2868161154483
2330.892172019922
2360.3911171344735
2331.253535859561
2360.1691720187087
2336.2128108912543
2363.7441809616835
2334.7388841630236
2357.431188543614
2332.138000278337
2360.3914370618404
2329.9527283108764
2357.081719217973
2334.3332377375864
2361.4367523504393
2336.1400254890777
2364.3208072977795
2336.2570065404475
2358.988073726982
2335.5684722767596
2355.0059189066947
2329.992476755034
2359.6108858300754
2331.334042788394
2360.663190223072
2335.7906902937934
2364.6523530030704
2334.5579215351204
2358.028278444745
2333.3684295478192
2361.878778478286
2329.0340244102567
2356.8597875031633
2334.105069693828
2360.452956182606
2336.6574107879032
2364.8176449637854
2335.9026537668574
2357.5382802527556
2334.2466101685404
2354.490353849451
2329.645947760108
2356.61943305401
2331.2052468681673
2357.9571343999896
2336.885665535816
2363.570274988822
2331.2498083737414
2356.603749037725
2332.7255275827065
2359.3130798383577
2328.1392027556217
2353.6024803959854
2333.4029898994836
2355.5153632436195
2333.519231004979
2362.347111368618
2335.7238107515227
2356.5000426398888
2333.1385364223934
2355.553631528573
2326.978367982516
2357.2826693502366
2327.846711843117
2356.6695012199816
2331.8355379640725
2364.6357584203433
2328.3801343100954
2356.307708334489
2331.18295345155
2360.2474491114895
2326.4827335356867
2353.5309243551496
2330.719024542056
2354.2406618027535
2331.4937437129493
2361.5831728103453
2332.7170038287427
2355.857297027939
2331.570796059353
2355.3050969512306
2327.2068905254346
2354.3382410914082
2329.395007515049
2353.095270335527
2331.232520727551
2361.835490461934
2327.632364326836
2353.93494032585
2332.869959736966
2358.276847626614
2327.5858451267927
2352.5135178239284
2330.534054250327
2353.782024919936
2331.4789313519987
2360.581282520046
2333.6522840535
2355.523628880849
2332.740091609251
2357.6948051156855
2329.5494109639035
2355.435274271064
2330.7371577251265
2352.946416997485
2332.217852537718
2362.2110241896667
2329.1505057585073
2355.2101896376985
2335.1648340240176
2358.583596024046
2329.9517332707483
2353.883418948469
2331.567250443551
2354.6244267377024
2331.872552908001
2360.6612930812516
2335.279631771841
2357.273523252342
2332.1350985668987
2360.1775791767022
2330.2001979566658
2355.850272968086
2330.170243465623
2350.222682018728
2331.838306244982
2357.493473125476
2327.929480762748
2351.7189041116585
2333.087126301589
2354.384532880838
2329.2748858428017
2349.8472394542123
2326.231463214563
2351.8389027802955
2328.18526045007
2354.1326665100696
2330.530624203591
2352.1985142660747
2329.4357095148152
2355.727474646038
2328.923707946804
2351.361851072866
2329.027328325995
2347.867432111254
2328.27851667633
2355.5558908390626
2325.4075606042525
2352.906312795708
2331.8405334417143
2354.2847257172484
2328.0570126934244
2350.2733752105623
2326.84845012563
2350.3239078209745
2327.4747983402463
2352.7591490985983
2331.1229824601364
2352.778935822017
2328.448461062794
2357.3759971925324
2329.7393259543896
2351.3539547708365
2329.580081792053
2347.4231182468748
2329.1342859240212
2354.1953575819816
2325.3195317701843
2353.4909342400247
2332.313739160347
2355.024202272435
2328.188630264293
2351.422440698876
2327.588184515727
2352.519995335157
2328.1265052998738
2351.6938240433815
2331.884604779302
2354.7759547335077
2329.502943785813
2360.855415481944
2331.417381416597
2352.7247100434615
2329.9080849403567
2350.1101530370925
2329.045734967559
2355.4616425155327
2326.0312486237394
2356.0565361621725
2333.2759974391433
2355.722399329589
2328.896852081251
2353.624294208585
2327.7147376854264
2353.805206729405
2326.6674660112085
2352.876535746915
2331.7173076817203
2355.1473698208565
2330.2067014438
2361.54980683245
2333.1659321503766
2352.212195536909
2331.5918234362107
2348.5438665068177
2328.851346108748
2352.143194610694
2327.651861054315
2356.7887739401576
2334.0206842396033
2356.5810290106874
2330.275255869432
2353.9038520026725
2329.0861006446685
2352.0565537578973
2326.901017920546
2349.4365193219433
2329.4319924002184
2352.0741189852006
2329.980788527854
2360.2395166920205
2329.732892656899
2351.05442676394
2329.1208191202845
2350.355901817534
2325.5816905284196
2352.215428794152
2326.5217788789428
2355.831908607321
2331.668877847125
2357.8892616612384
2327.082127740829
2354.050393648628
2327.45640290093
2356.2048388352964
2324.8607205495196
2352.7625703787166
2330.640872140572
2354.040375512107
2331.356984191653
2362.4210771485214
2331.2098481281464
2352.8145093937746
2331.1178549313786
2353.4129954933574
2327.347241072725
2353.703777097007
2328.0665620879136
2356.0353136212857
2332.789376521283
2359.4494281441443
2328.226803396116
2354.3057293144766
2330.4455322785398
2357.8899590134547
2325.5449007665447
2352.993328949978
2331.4653497599043
2353.2934543520328
2332.6171105009857
2362.459480061716
2332.4095423390995
2353.66427541205
2331.3696726594253
2355.2712958191696
2327.075554309215
2353.694590883093
2328.458753984733
2355.1026105367673
2332.1812312225325
2360.9813884024506
2327.245394340271
2354.6015273834096
2330.9552178290132
2358.086400650012
2325.5861808698282
2353.2506307587405
2331.1258622792047
2353.031540383334
2332.36863170525
2361.90008585926
2332.32687559193
2353.735298158143
2331.222389785883
2356.8554707859475
2327.516053059288
2354.0064068605793
2328.7775599513834
2353.4703635162155
2331.102224336442
2361.0432223343196
2326.6260212517614
2354.888932278714
2331.5978187671844
2357.634056550368
2326.070587912969
2353.2788635082816
2330.0835209247107
2352.897453231642
2331.495386958822
2360.775683636586
2332.3913179634965
2353.943421706326
2330.678411671287
2358.2444891188406
2328.4136188685475
2354.1038411957556
2329.338135706486
2351.947601310635
2330.4060350937657
2360.4586943818126
2326.1754066759327
2355.1201232829303
2332.209901690679
2357.012153737305
2326.866571057471
2353.5462945545023
2329.294878356721
2353.086945091149
2330.8294110932743
2359.3402788115645
2332.4607427122023
2354.122224996378
2330.1774385287713
2359.2197033878456
2329.427366996903
2354.029439329908
2329.6861326307358
2351.1214622346106
2330.1538428201793
2359.597296193862
2326.1203818222516
2355.5100454336302
2332.454177958252
2356.391910054638
2327.3310766110385
2353.528543442828
2328.2992180036176
2353.5684878052534
2330.2002484905997
2357.4838816781084
2331.901206291607
2354.5687673635825
2329.751827092336
2359.876011560551
2330.524488277075
2353.9647151276
2329.9739140893494
2350.0849709426707
2330.2391453896757
2358.4346544441073
2325.8835786668315
2355.902877106042
2332.7315540305253
2355.876143407285
2327.8090318784602
2353.480916908751
2327.5338505324276
2353.4302591781247
2329.538044108397
2355.5506257987317
2331.723942097791
2355.236905493818
2329.814518841206
2360.2930733093817
2331.222649526831
2353.4644171214613
2330.053897913504
2349.3846583760146
2329.822761585753
2356.664087357537
2326.1633853793237
2356.0230088196704
2333.064711523764
2355.5634462665303
2328.2363090015615
2353.3251928289596
2327.1936342235003
2353.386200907177
2328.5477850913576
2354.062791267523
2331.7763773846204
2355.259589542327
2330.1321691909116
2360.98120646179
2332.270912624338
2352.7078642600204
2330.2646912782775
2349.5866778432865
2329.593860697393
2355.2674307564766
2326.4464956646725
2356.412593295438
2333.338270664364
2355.954228718158
2328.5147383294575
2353.3160474854817
2327.62469215331
2353.9173824452005
2327.334184890592
2353.2015544750775
2331.6187355229767
2355.122030514249
2330.6450812520325
2361.6245700628183
2332.969050820387
2352.3435562680393
2330.342941651253
2350.4253999919297
2328.5882744782707
2354.1763281332887
2326.9727627936404
2356.6258030579856
2333.50163583642
2356.971043558198
2328.835576180976
2353.675420999554
2328.7050651971817
2355.20866919732
2326.2718713524223
2352.7887401585417
2331.461648523488
2354.7013071855
2331.6678805301826
2362.1993551079354
2332.6389586571167
2352.5164131619586
2330.574161865799
2351.8454067435223
2327.754570026328
2353.7419982798333
2327.5526617727514
2356.5037617145413
2333.3450099979173
2358.178603890163
2328.4734621949688
2354.135810735525
2329.76528312554
2356.8529675043624
2325.4132952112195
2352.7640409962655
2331.3363163833724
2353.8106609059564
2332.2930384725646
2362.4428705492187
2332.3374792406676
2352.9210684953873
2330.9427369812934
2353.743251201461
2327.141948863074
2353.5927282520124
2327.7919210610594
2355.9201942146174
2333.0062681131676
2359.7893121913335
2327.676546570839
2354.341244130261
2330.586898872953
2357.994428417857
2325.1631991455542
2353.0734844908116
2331.390598930944
2353.158656881477
2332.2200062577763
2362.4138758772992
2332.350775039833
2353.842188364944
2331.0427602216473
2355.4798318230996
2327.0950986487082
2353.6680957343156
2328.290629880457
2354.747642180326
2331.917405500374
2361.2010498202544
2326.8195362572465
2354.648194726924
2331.040718816813
2357.9863188008753
2325.421221369079
2353.268574402098
2330.9148885887907
2352.939055337847
2332.065450699959
2361.699789497546
2332.2764132407387
2353.7525663387755
2331.0052831936728
2357.1837158708468
2327.6678841323774
2354.074928886595
2328.7260521396097
2353.1200593650155
2330.912667858393
2360.941738701882
2326.364523360038
2354.923086680679
2331.775541650335
2357.499358866785
2326.118059995963
2353.2989010052956
2329.8859172232424
2352.9545356152566
2331.2389005938676
2360.4888314646305
2332.4176324151535
2353.9713487280424
2330.4884941841933
2358.418694566574
2328.639043445074
2354.0632972233157
2329.3068513384533
2351.706485711089
2330.295969265855
2360.314357451229
2326.080036835063
2355.223100736567
2332.2168407972677
2356.8376894136068
2326.9688419807753
2353.573342126568
2329.104412548342
2353.1748442416824
2330.7099268204774
2358.9481575299287
2332.33764215983
2354.186720680199
2330.0446866614802
2359.366831925849
2329.630988206516
2353.972390484657
2329.7096570801205
2350.994118440206
2330.1729756155873
2359.3829053722075
2326.0177283648336
2355.6175286344155
2332.4625268627788
2356.344755048104
2327.3889142296857
2353.49325618061
2328.103367463737
2353.6113970085926
2330.013650413549
2357.103349728684
2331.796473489554
2354.6987324535603
2329.7242557755417
2359.9818251432393
2330.627839230565
2353.893036338593
2329.970708023718
2349.8711594163124
2330.156920327624
2358.141884490956
2325.885694287462
2355.911169289717
2332.8164066383083
2355.7419882393096
2327.934902424403
2353.4361660611357
2327.414280392827
2353.3463987127866
2329.4047351272507
2355.1806896791672
2331.7214581980884
2355.39245682783
2329.85645048783
2360.430286958849
2331.4259966381546
2353.3094911314897
2330.1136268386354
2349.3451288302385
2329.774839692348
2356.3572434055363
2326.238052793483
2356.0658487872465
2333.0579162244426
2355.5616384268615
2328.30128654071
2353.2627735696146
2327.21475757868
2353.4716559406324
2328.261904360934
2353.841186450795
2331.734729108097
2355.2044744589325
2330.1978698155226
2361.1459486985577
2332.458396830966
2352.5710605218346
2330.281913460489
2349.7504402287705
2329.4563099857733
2355.0049350825884
2326.5554159120056
2356.479494318984
2333.4264840487594
2356.163065031849
2328.5722198537555
2353.4009232810326
2327.783999538373
2354.120106262552
2327.097500885003
2353.054547077389
2331.5744340916635
2355.101081874361
2330.8251392335997
2361.7778254892605
2332.935466664523
2352.343204860478
2330.377837728136
2350.650843730928
2328.4041554674623
2354.010716423431
2327.0754977531747
2356.6428418234004
2333.478638343958
2357.1995956211263
2328.852693949552
2353.7525432923
2328.9220972367016
2355.5209850274864
2326.043670541081
2352.7213163877436
2331.4630081432015
2354.5055770915346
2331.8750336857306
2362.2674189434956
2332.5923509684953
2352.6056750307976
2330.625100472723
2352.1968129831876
2327.589008490718
2353.7606095303577
2327.6117369642825
2356.3672193416023
2333.344192512078
2358.501033332956
2328.331788010862
2354.2123413386944
2329.9233650947003
2357.172751736031
2325.3101940363176
2352.774092054719
2331.3099003930665
2353.642901546077
2332.3221489701823
2362.479451526458
2332.3141545357867
2353.0714865726522
2330.9589227222245
2354.152975287457
2327.060577087195
2353.584622188055
2327.85436836374
2355.8132188303066
2332.8209861156943
2360.0947220517423
2327.4897843673484
2354.397112786311
2330.779591652636
2358.1020486572006
2325.1882265653194
2353.1375015268754
2331.3702235839896
2353.095617405665
2332.180271436115
2362.343751695482
2332.307035932102
2353.8407049038333
2331.0444349429918
2355.7888068965567
2327.17329240066
2353.711560668972
2328.390749438354
2354.4247328041856
2331.673406227051
2361.2299252279086
2326.695286265892
2354.7154884474458
2331.157085485469
2357.916503718642
2325.5243474785084
2353.256087997733
2330.688602389593
2352.8778341654865
2331.8733452579777
2361.4686883391355
2332.275983619675
2353.7954972608177
2330.8952145152484
2357.6070849466523
2327.8487294447204
2354.163590285154
2328.853910995833
2352.772353924001
2330.7571867231327
2360.8475522683307
2326.2751284974925
2354.950431598336
2331.9693807158524
2357.381116047264
2326.309514328632
2353.340785794642
2329.7067305571873
2352.950321919506
2331.083937192631
2360.204018006956
2332.487753973161
2354.0221794679646
2330.3961103722727
2358.613980403602
2328.865899799487
2354.0425137277307
2329.3692393294973
2351.504008576465
2330.2191592735303
2360.164387549282
2326.0461852095855
2355.2834912484045
2332.279571572499
2356.6837437853824
2327.105757170715
2353.593429523142
2328.870504279626
2353.263025980313
2330.5892331452515
2358.5678182469405
2332.221885644686
2354.2710233393577
2329.945549796907
2359.509259338899
2329.8709916732932
2353.957096103163
2329.7642869747965
2350.8069246941554
2330.202527207107
2359.1293725415157
2325.9448404354857
2355.721514207831
2332.503647792177
2356.25916311175
2327.4855764218487
2353.485719681496
2327.9509227841063
2353.586494148779
2329.8617220897668
2356.696572584238
2331.738456835962
2354.843680022443
2329.7344936463705
2360.0439291794733
2330.758659071739
2353.820322217142
2329.9702919370197
2349.6994215862283
2330.0870851217655
2357.7344937546186
2325.9342125535077
2355.937617297667
2332.9076765335517
2355.6443874848123
2328.005451395944
2353.414225634603
2327.3079907123147
2353.3131022036814
2329.2167506692012
2354.8436065901988
2331.726099111467
2355.424112521219
2329.889786173833
2360.5644420023254
2331.655090673594
2353.1596744980493
2330.18254540568
2349.3506942016706
2329.7528387236507
2356.0760511462126
2326.3138452358257
2356.130955228556
2333.096111919319
2355.6029033235695
2328.3834168453304
2353.2330285709295
2327.2833701990885
2353.5454746159585
2327.997224565874
2353.657020789138
2331.7135459151377
2355.1681732605057
2330.274468131128
2361.2767817105405
2332.5892785337155
2352.46772543491
2330.2745639698364
2349.9247329098457
2329.223777672327
2354.745870832473
2326.6902769291155
2356.541120374183
2333.4626691539784
2356.394851688106
2328.65014559757
2353.476118073721
2327.988451741045
2354.359074054231
2326.880672669658
2352.9469238514753
2331.5324179617587
2355.067595507805
2331.037207158035
2361.9299643605823
2332.8736266806986
2352.351203976475
2330.4454577771166
2350.9174364487844
2328.202531792723
2353.890988522148
2327.201854214032
2356.6750953045707
2333.4301060176813
2357.4201963397586
2328.8176863928315
2353.862817733074
2329.178808788467
2355.8641312358786
2325.8414236253398
2352.6941234630794
2331.4734118070824
2354.3266285444492
2332.0725368229614
2362.3492617703496
2332.5079246265595
2352.6714752534986
2330.69228248318
2352.5774011799194
2327.459095425751
2353.76683126859
2327.685450141732
2356.228316667222
2333.3614365054577
2358.850130856558
2328.19589625234
2354.2670484466807
2330.064360316449
2357.4393817318746
2325.2340658995067
2352.8077077824946
2331.3049694968386
2353.478848092139
2332.296143756501
2362.4793369521894
2332.319768132013
2353.25840547785
2330.985154091411
2354.5364796082836
2327.016879847407
2353.6116479685875
2327.9389609513028
2355.576900043269
2332.6167746903575
2360.421137276558
2327.2967223286837
2354.4577990492403
2330.846946313501
2358.098285024477
2325.2241637043085
2353.160510540884
2331.276462629878
2353.061705408835
2332.170025839195
2362.2185891480253
2332.2925682259033
2353.79754084579
2331.021366734626
2356.1223381530754
2327.2599310449464
2353.7847199530624
2328.46521615167
2354.1053107150688
2331.452513970376
2361.1796269795927
2326.5993291252726
2354.8038275021117
2331.303764815857
2357.84373603934
2325.6532408554044
2353.2535454091762
2330.448822415892
2352.8503944259182
2331.6866498631666
2361.241357446532
2332.279335931465
2353.871983768457
2330.7614101684003
2357.934558280953
2328.0352508333463
2354.1576546126557
2328.999843227807
2352.452825269144
2330.625000266002
2360.730387692686
2326.2041302262655
2354.9966627376198
2332.0875592622324
2357.258925849017
2326.487421763572
2353.4040827348435
2329.556093605576
2352.9635474743613
2330.953111058384
2359.8983990568963
2332.554203978153
2354.074479494213
2330.310491635863
2358.819416990721
2329.071045996058
2354.0415379710266
2329.452709841953
2351.3391217347216
2330.169676928185
2359.9478629931446
2326.0502985273642
2355.3514661367267
2332.342404241647
2356.555131486749
2327.1908294321233
2353.590700541502
2328.658987978347
2353.3619314919997
2330.4709302883525
2358.1575849725327
2332.111017606076
2354.3793066025737
2329.839670080105
2359.671226896193
2330.133197944292
2353.9575874378743
2329.8419391868288
2350.555968003386
2330.260720526856
2358.8871151648086
2325.890328410759
2355.7884816159863
2332.555276342252
2356.127550102903
2327.580248761621
2353.500736370692
2327.799809435928
2353.559764060303
2329.728500557703
2356.264752137453
2331.711416257823
2354.984636259742
2329.7279314417397
2360.111438165294
2330.899278249801
2353.705767105496
2329.976625535781
2349.5609049831337
2329.969227183589
2357.3216021179755
2326.0183038186055
2355.980367034148
2332.9717866825918
2355.5898165665294
2328.0753509510505
2353.405925856794
2327.228689487656
2353.307136559725
2328.9881829464853
2354.53570011045
2331.733972841948
2355.3898430842205
2329.955679832693
2360.709008739675
2331.8860845358568
2352.9924223321227
2330.2057883838797
2349.397537590265
2329.674641796869
2355.7746639413963
2326.331164395859
2356.216543727862
2333.15969639312
2355.6887384322113
2328.4198892785757
2353.2338722450445
2327.3846009721706
2353.643825354583
2327.7497924506274
2353.492734764681
2331.6835733293005
2355.146401320513
2330.3794272484593
2361.4055685324506
2332.7386264106453
2352.3979106386173
2330.286996476385
2350.0700311306427
2328.980177440073
2354.5179412138086
2326.8103481380504
2356.57903366056
2333.459926847722
2356.5749790577506
2328.7453345187855
2353.5528100878587
2328.2254369051866
2354.6327575016526
2326.6825209654144
2352.8763327688766
2331.5042019405405
2354.9968892585807
2331.2763019721588
2362.0413586871646
2332.7678604750463
2352.3961976301257
2330.5112818894213
2351.2245603333554
2328.0389068222044
2353.8072651480065
2327.327352578156
2356.7167213609173
2333.4065338975215
2357.664220118596
2328.718878631985
2353.97580146953
2329.4242277132635
2356.2295328475534
2325.664888292319
2352.70408377087
2331.43739017378
2354.1596123886384
2332.1638589983277
2362.3717170557584
2332.448253298806
2352.7290526281377
2330.7802322249345
2352.9940152890904
2327.3318710460308
2353.6962147655154
2327.734969802357
2356.104101925616
2333.300315945542
2359.1917582050196
2328.0322379915215
2354.280078528681
2330.2308926422784
2357.653953034815
2325.184659234883
2352.8767013028305
2331.3213642773626
2353.3402878433535
2332.282652511315
2362.4742041738955
2332.3479076493595
2353.479098728645
2330.997032838865
2354.868523983838
2327.0109024295552
2353.6499162151586
2328.0452836807867
2355.3328696943454
2332.353656850389
2360.748743653441
2327.1030188639215
2354.5436818207017
2330.9086035743308
2358.087015815642
2325.2714128288035
2353.1892430046846
2331.1946595234735
2353.0423372821883
2332.153213593385
2362.0394933369007
2332.2873183217425
2353.7516067480697
2331.0131638010694
2356.480593418591
2327.3825110853986
2353.886820327215
2328.541794404169
2353.7353572640773
2331.250201071383
2361.104618428924
2326.530280833259
2354.8740492567886
2331.4741275617403
2357.7299626375934
2325.8073610395422
2353.246784225624
2330.2328756225447
2352.8566144757215
2331.5168432244523
2360.9974992128
2332.3093674287315
2353.9416664884857
2330.6476956772244
2358.1209868438286
2328.2201533465095
2354.1055479967663
2329.163663323131
2352.1566427275175
2330.5025345440463
2360.5770387965376
2326.1453340954795
2355.0615607218506
2332.170474464877
2357.123179519926
2326.6854068645343
2353.476896855688
2329.429606615593
2353.0138098346706
2330.84644312056
2359.561411096515
2332.5177287753277
2354.092796617862
2330.2195984519067
2359.033715978287
2329.247203697396
2354.036236053113
2329.557327101379
2351.2023655110556
2330.147608284192
2359.744711878948
2326.091360670645
2355.4348231923373
2332.4064920139426
2356.4636993180056
2327.2456262597193
2353.5595663187814
2328.46528913488
2353.4641386049316
2330.304316908413
2357.7639876739704
2331.978539910983
2354.4768693468504
2329.7664247162847
2359.8009867393584
2330.36797913532
2353.971954954688
2329.9096197222293
2350.2825396038347
2330.276343537221
2358.6327163704505
2325.874331794484
2355.865990162999
2332.630896156199
2355.995586059151
2327.6923484651716
2353.502404027182
2327.636636078799
2353.503487854331
2329.6140218962505
2355.8553336208365
2331.7152821714058
2355.116535870578
2329.7565202300166
2360.197695656238
2331.0653792509192
2353.5574888839783
2330.0014606220147
2349.4448394418455
2329.8766391154263
2356.943490192285
2326.105815808778
2356.000523119404
2333.0161708328683
2355.5778633697637
2328.157873387991
2353.3759950064527
2327.1885373308287
2353.3343403524746
2328.759456298168
2354.2584331328553
2331.771243580129
2355.3177369829746
2330.050140858283
2360.8634352820222
2332.093918425715
2352.8393791642256
2330.2374913938306
2349.485064189626
2329.6198468206444
2355.495610362911
2326.3818166213073
2356.3221394361976
2333.240340237227
2355.818847660288
2328.475518250453
2353.26575560602
2327.5003860397896
2353.780341185098
2327.5200986562863
2353.3394560110414
2331.6657942575116
2355.1260534559915
2330.5130879837693
2361.5156904133273
2332.9059386681984
2352.3620529297455
2330.3025934691063
2350.259055072502
2328.7492178245725
2354.3168770948027
2326.893776329476
2356.6176933430097
2333.466274302098
2356.787784076916
2328.8189007851897
2353.6282258119786
2328.4768833848225
2354.94004866648
2326.4528818267295
2352.832350697295
2331.475517514828
2354.8377790256436
2331.4979883817045
2362.13794442945
2332.6861425961306
2352.4615747376065
2330.538637296759
2351.5710760765332
2327.893273454475
2353.7550295870433
2327.4755741045387
2356.592733410345
2333.36388553559
2357.93785685348
2328.584723308929
2354.0596857460523
2329.6130620680524
2356.5812193645843
2325.5144459358385
2352.721682923421
2331.372481758209
2353.9558683788246
2332.22347200895
2362.4061389333856
2332.37530763048
2352.8205998465282
2330.888742692032
2353.4303776877014
2327.233742980264
2353.624386282069
2327.7575458564875
2355.99499940334
2333.1470572434373
2359.516025024331
2327.8252060410828
2354.30743451289
2330.422432529335
2357.852022660014
2325.1619849433187
2352.980402977834
2331.358935536697
2353.2281787466272
2332.248332628465
2362.4399950627867
2332.365745833989
2353.7019505415747
2331.021311720261
2355.227266619975
2327.042542009648
2353.6548328754434
2328.173023237847
2355.0172553908474
2332.112408093629
2361.0365008116996
2326.9342522635357
2354.6101064638374
2330.969570884657
2358.0469407737
2325.3453549110773
2353.22225136866
2331.0805427082882
2353.0030632764706
2332.144704456557
2361.859369435769
2332.2809265366454
2353.7381628913568
2331.0201048305694
2356.862604847324
2327.5247243647514
2354.005836507041
2328.6367500658084
2353.3903933449183
2331.053728923405
2361.0251692552524
2326.456444041717
2354.9021054583864
2331.630048103735
2357.59923377135
2325.9798817318388
2353.272319166805
2330.044300126443
2352.8968599439186
2331.3552119375954
2360.713905643871
2332.3661225043265
2353.947803525561
2330.554572298271
2358.2805031158714
2328.4399568649233
2354.074320911156
2329.2719430265715
2351.8919561451826
2330.3770696534357
2360.424065671311
2326.100447323645
2355.1447831118207
2332.185362166322
2356.97544065495
2326.8400321869867
2353.540760998373
2329.255149426592
2353.0923262413194
2330.763932622143
2359.223251680845
2332.4071062851863
2354.134634031202
2330.116336996982
2359.250510398131
2329.4499400209334
2353.998630106445
2329.6703789327316
2351.0976710448226
2330.1530939148206
2359.567160795702
2326.0754219343503
2355.5332158251867
2332.4322062972756
2356.38168272414
2327.32012468431
2353.5135849669473
2328.2505488566217
2353.5747753070973
2330.1470616296733
2357.3885373192047
2331.865071336468
2354.5957621563834
2329.7280403163268
2359.8916999763
2330.533672100924
2353.940432040156
2329.9604746926325
2350.0380030708093
2330.2182287366563
2358.3913237361244
2325.8718442306163
2355.902681625679
2332.732565949715
2355.850680638274
2327.821647194186
2353.4686674823756
2327.5038409658423
2353.401094715667
2329.501673682844
2355.4702340613376
2331.7232885424155
2355.2695770524865
2329.8202569777477
2360.3146587023534
2331.256063094991
2353.4297098001834
2330.0530124088323
2349.3720346079826
2329.8097344165153
2356.6024248250014
2326.1725526437
2356.0284289706674
2333.0464548602354
2355.560959721018
2328.240518497801
2353.308353047401
2327.1875009585156
2353.4008506883015
2328.4859310224256
2354.0132749073723
2331.769975465706
2355.24717293141
2330.1440297803983
2361.0096439226427
2332.310122963527
2352.6773877106903
2330.2570094605994
2349.615427849216
2329.588885623404
2355.2088132677763
2326.4652705365374
2356.4277919916553
2333.339846284825
2355.9927044734795
2328.522048574712
2353.328893173057
2327.6441785393504
2353.9542687766034
2327.284251125111
2353.1667348003625
2331.61504796802
2355.122627643227
2330.675119651943
2361.651190676639
2332.9767215907746
2352.3408076974515
2330.336895926335
2350.467145511615
2328.5510271403236
2354.135645483347
2326.994392795562
2356.6262145651217
2333.4936050789997
2357.0164766551866
2328.8359063401904
2353.6881740098524
2328.7380525024605
2355.267876562868
2326.2238936997483
2352.7694195927556
2331.459876385228
2354.6629192454066
2331.709380891481
2362.210412060982
2332.628847142384
2352.52952134116
2330.5839704446853
2351.914251784337
2327.7179910053637
2353.742346655594
2327.5618201750362
2356.4808439134417
2333.342634607956
2358.2397598778584
2328.4420670939126
2354.152404505424
2329.80528976111
2356.915924551092
2325.390378013186
2352.7726810414906
2331.329073986011
2353.7761463726597
2332.3052469040663
2362.4520042460085
2332.330074065201
2352.946235815541
2330.943964088949
2353.82303788601
2327.1224829200914
2353.5881096773587
2327.802426029176
2355.9014617187795
2332.9713325852917
2359.8477041865867
2327.63911551646
2354.352746091878
2330.6231809093556
2358.029826528853
2325.1659418014783
2353.088315413445
2331.387369025039
2353.1433345036558
2332.208330631967
2362.406709209626
2332.339276382844
2353.8489934532304
2331.0491163076426
2355.5401046588104
2327.109243120665
2353.6742004689395
2328.3218370211534
2354.6807948759097
2331.866948761876
2361.2167242453575
2326.7910550420734
2354.659967640096
2331.0614246394025
2357.969667820889
2325.4395679355935
2353.277201768297
2330.867794449553
2352.9237046334783
2332.033212559942
2361.6529422083067
2332.2777646498926
2353.7570795537586
2330.9829432405622
2357.267265749754
2327.7071016784357
2354.0945352091953
2328.7500215886585
2353.0476597532693
2330.87985181939
2360.9211179602185
2326.3425315253
2354.9270589252365
2331.8144554006176
2357.4762951965868
2326.1545123073297
2353.3047865000603
2329.8478815480976
2352.964788573281
2331.20607830059
2360.431632064524
2332.4306420671955
2353.9781766454103
2330.468179578837
2358.4566889201587
2328.6848831519465
2354.0574423992325
2329.3175440978343
2351.662092224318
2330.2785095980475
2360.2865478939902
2326.0695512942893
2355.238520707956
2332.227006146531
2356.80599370777
2327.002457179676
2353.5765301814286
2329.0574531369216
2353.19805385929
2330.6871321954036
2358.875768777711
2332.3151777632834
2354.2008169861183
2330.0242876391194
2359.3931487448026
2329.677925548529
2353.9677526148016
2329.7186038481827
2350.9563303667765
2330.176570631699
2359.3298694220657
2326.006369763238
2355.6371280819358
2332.4685588311
2356.332070463293
2327.4065890208226
2353.489268807094
2328.0701022927196
2353.602628317066
2329.9818837848297
2357.032634072837
2331.7823692843817
2354.72525916439
2329.7246537222713
2359.9993311556505
2330.6535987195603
2353.8779622694756
2329.968386540043
2349.833633046719
2330.1423589282786
2358.057519382838
2325.892189115121
2355.914962622342
2332.832399931963
2355.719104994812
2327.9484697047856
2353.4303048093475
2327.3914118047264
2353.336906844403
2329.3823295327734
2355.111190241662
2331.7213827636365
2355.40185201609
2329.860612062616
2360.456732113543
2331.470393903993
2353.281332244295
2330.131256605799
2349.342721592672
2329.7688180537184
2356.2994677548963
2326.2575218030793
2356.0771052865907
2333.0632092529904
2355.56632407184
2328.3179131979405
2353.25430098578
2327.2252955361396
2353.4890217862244
2328.2078708207855
2353.8015659419366
2331.7283171841405
2355.1956568330415
2330.2113152223997
2361.1811633576144
2332.4828929142786
2352.547761745283
2330.2787310692675
2349.7880921397245
2329.4151824266014
2354.9500401685636
2326.5809295226804
2356.4913004303057
2333.447138182062
2356.209587437713
2328.5861728853447
2353.413682230483
2327.8219686066122
2354.1647186932673
2327.052886346686
2353.0299981224102
2331.5641018581205
2355.0977494032068
2330.865133724967
2361.8114406862323
2332.9231556445784
2352.3418259934024
2330.3897732208193
2350.700551601445
2328.3608813789356
2353.983621474275
2327.098424897012
2356.648066676398
2333.4668827797273
2357.245069782355
2328.85150270344
2353.7716705630164
2328.9707223439054
2355.5867792846248
2326.0013590071735
2352.7126946345666
2331.4656729673857
2354.4683218615637
2331.9147289537436
2362.282955244073
2332.573234331908
2352.615871407539
2330.636768775761
2352.269544086148
2327.5608905695476
2353.768990862002
2327.626956874688
2356.3382926642867
2333.347050823261
2358.5684768182105
2328.3059416671663
2354.226701764254
2329.9492906007717
2357.2344230797985
2325.2928790098117
2352.777734981857
2331.3071112910225
2353.6082046001466
2332.323262116336
2362.478556574917
2332.312954492972
2353.105958924819
2330.9646236158264
2354.237806497352
2327.048736088121
2353.5871530521003
2327.8694455921436
2355.771278003905
2332.7843511655205
2360.1580677334373
2327.4497776487256
2354.407053801357
2330.7985660735594
2358.109953294031
2325.196339656969
2353.1513546882807
2331.358892691655
2353.086508814543
2332.1760305718612
2362.327201368933
