1461380.2268754751
1461021.0961798413
1460381.562604881
1459665.6521872114
1458928.268688554
1458135.711056472
1457339.0829122558
1456493.0154197607
1455491.7593532435
1454468.84124384
1453459.1528490009
1452436.231175748
1451426.6241456766
1450421.66933932
1449389.3044051693
1448287.4779596482
1447085.9186256442
1445772.1892550178
1444468.355765909
1443178.178343184
1441872.1427926566
1440535.292897522
1439179.7502207956
1437798.0393612
1436420.4085453902
1435046.7981686909
1433676.142252088
1432321.8667991362
1430964.1401642042
1429606.9809009517
1428260.1244690479
1426848.0645010492
1425420.9407787924
1423975.8359354564
1422551.8996088956
1421132.1357570626
1419713.0759697612
1418303.800937807
1416880.4255694898
1415422.660933283
1413977.9827234552
1412527.297232714
1411011.9577468622
1409495.5600931884
1407984.5102121935
1406397.3723079024
1404825.254771714
1403234.4103192277
1401591.8570442
1399930.0705404512
1398274.8071936679
1396495.7563249345
1394662.9115274113
1392805.9081386225
1390927.9707487368
1388909.1046710424
1386846.8317708182
1384775.6834423076
1382713.2446588387
1380656.0759695508
1378606.5316217935
1376555.2519440055
1374523.8445497658
1372489.0099868898
1370468.4760117028
1368444.0444246486
1366436.2142946166
1364429.621039664
1362443.2256490565
1360451.3438322071
1358447.6237307894
1356386.3711929861
1354323.9816389494
1352251.3517644207
1350095.8547936124
1347921.2967302166
1345710.002782747
1343475.3335173745
1341263.2059328563
1339046.3937135434
1336842.9796930104
1334553.6810103983
1332283.827111024
1329998.2517448862
1327749.6147014727
1325485.321173778
1323246.9980941243
1320994.5693892757
1318738.6215345839
1316468.681221239
1314214.5090659386
1311960.4803601608
1309726.9757650138
1307485.1109448741
1305263.378648907
1303027.6420129426
1300825.356812596
1298525.376108819
1296155.2140930232
1293739.7576027957
1291228.734308848
1288634.3632538184
1286063.382295293
1283468.4709542582
1280873.1984036136
1278194.375912899
1275534.3307490225
1272870.778220774
1270221.892862564
1267569.870993066
1264943.0122273706
1262311.6505908764
1259695.9216133235
1257081.4293034563
1254490.0617309513
1251889.9088117657
1249319.879868525
1246734.8963028977
1244174.8441388726
1241593.8628565336
1238983.250724592
1236342.8711254017
1233712.159242994
1231062.916143842
1228382.935197754
1225651.3660299962
1222950.1635886973
1220234.0968906924
1217537.4012982533
1214839.7417359948
1212167.459600192
1209490.1537295193
1206831.956194858
1204162.142917571
1201514.2472733315
1198864.4743929897
1196233.0430176808
1193601.6444831425
1190979.6242536043
1188312.9988127765
1185600.3757271476
1182824.7065694702
1180056.3383504776
1177277.4788771137
1174481.943234854
1171645.3481628394
1168821.6991278818
1165903.7324597328
1162962.359670925
1159993.8478845598
1157059.0007993486
1154110.140509121
1151189.4994322208
1148263.8339467458
1145363.8951809613
1142451.0218201773
1139576.817293341
1136685.7796180586
1133824.583783619
1130954.3510682008
1128113.444218805
1125243.5377683747
1122376.6685448696
1119500.8878249868
1116650.174772415
1113789.9751018113
1110963.9543782969
1108122.1350517103
1105312.9100887557
1102491.651197298
1099702.5901950991
1096901.2779808661
1094129.7741156567
1091346.7478054466
1088595.3348559942
1085833.5564644553
1083100.4465914504
1080357.2444655143
1077642.7603084967
1074921.3723426121
1072224.7995525731
1069520.2332144994
1066847.9000970698
1064160.9754657575
1061505.2766620172
1058840.4053992406
1056204.9163307296
1053559.1792085553
1050940.7957020113
1048314.646271599
1045714.3235408815
1043109.3011468137
1040529.609268589
1037942.3803916514
1035380.9337772112
1032813.6232612518
1030272.13778941
1027724.0600875799
1025199.0552446261
1022654.364654013
1020140.9607691322
1017613.3882326167
1015121.312283682
1012610.5669236786
1010136.4613707444
1007648.5168919504
1005195.980229235
1002722.7841499773
1000287.8095377218
997837.9294727213
995419.5010349188
992990.8983082535
990592.7816977716
988181.4844230397
985803.6521726203
983412.5466418604
981052.4263936637
978680.1787134731
976341.7702273384
973987.752896797
971666.9440517573
969334.1633932078
967034.9316834466
964717.9766831972
962437.5796531609
960143.615324655
957882.2126935325
955604.8937320386
953363.2039788525
951109.5166140345
948883.2139421147
946650.1021244917
944443.1536817674
942226.3017937778
940041.296516556
937846.1803104932
935679.2191826985
933502.7473860659
931354.6009315258
929197.4439127839
927067.6284473481
924904.917829077
922763.6670190204
920612.5364935538
918484.1485424219
916335.8111961337
914198.7480653969
912057.2499713851
909931.5163008342
907803.4814067567
905646.5622109063
903464.9520501735
901281.1392001256
899118.2884627128
896958.9700199733
894813.1622299614
892671.5239028148
890546.3431346829
888392.6854811658
886255.0596042695
884111.8383524762
881997.2622510099
879865.7314553942
877774.399042341
875666.0316117821
873590.960732987
871500.6749461638
869447.7377715007
867376.4045600598
865339.5006703471
863289.5740260676
861273.3343491214
859240.8168057897
857243.8599365341
855230.6921817722
853253.9191447981
851255.7751239853
849279.7825212858
847292.9269558636
845335.6956582582
843364.0199278184
841378.9700408202
839388.2555296938
837385.5507285057
835369.0052991722
833374.9705861906
831373.5656358998
829384.4657259142
827343.2646807256
825331.6467452598
823305.2613084465
821315.032876733
819307.169427723
817282.4291882596
815242.1902973562
813237.8262457638
811217.3132911479
809188.4111056746
807143.1113633843
805133.8037642019
803106.7892887667
801116.6036590006
799107.470883262
797139.8431184627
795153.7656765771
793199.3445611533
791234.6387540163
789301.4519508722
787354.2312241192
785444.4344566532
783516.4132682243
781620.2523979036
779669.558250446
777692.2732489732
775683.8309445148
773724.1477015816
771741.6837247541
769798.1921636645
767833.4706677416
765896.9799447294
763927.7808608606
761982.1432824503
760011.8591386277
758088.1890050211
756136.19139151
754231.0778622748
752299.6482925764
750413.3100880409
748504.6796037541
746635.4064855264
744745.5680100502
742898.8891634103
741025.3454825139
739197.7125897664
737347.1821305102
735536.8580057888
733703.3642273777
731915.3962551353
730099.84289623
728282.7887287475
726418.4864151111
724589.9458998658
722718.1858886204
720837.6358870672
718942.1695940617
717079.2581258984
715202.2689842524
713362.3208780432
711505.7876463592
709682.8341164945
707846.3547171181
706023.581252699
704178.275134939
702366.8865778864
700537.0704026645
698732.2976659138
696895.0371295437
695081.25954049
693259.1131218692
691464.1921666906
689660.7644999466
687884.4464602164
686094.4967242089
684331.1391135039
682538.8798855117
680754.6706328208
678965.9037303573
677198.9231885176
675429.2159286077
673683.4904297652
671930.4780314171
670205.0794431177
668474.948955447
666705.3385040193
664908.4170954884
663128.5333389118
661336.7937244987
659567.0017912235
657798.1357260703
656040.5862216078
654205.7229194496
652395.0920792948
650581.1137607554
648788.7103158069
646994.8954299123
645220.8707168731
643446.3045683694
641694.7865804886
639936.9324365748
638156.5343392842
636360.5227852981
634569.9272056352
632763.4379617758
630981.8939643584
629194.1706436741
627427.2881956372
625663.1856394032
623917.3235405367
622148.4457541077
620404.3081181055
618652.7059801578
616908.1703838388
615135.0831068674
613381.3019095976
611594.1267772109
609838.8577545969
608073.573456965
606335.5047816733
604590.1347644222
602873.2351635797
601146.0550836739
599449.6983575877
597743.8277556455
596064.9071320299
594378.5355051795
592721.1725382649
591053.0860822485
589415.6142293774
587759.9473709847
586079.0410541036
584391.9210479419
582728.8821832327
581056.831867261
579408.747100048
577760.8556232441
576133.403369717
574502.2109007369
572898.071605026
571284.4527083086
569679.4419630388
568039.7421617863
566423.2352837627
564802.4058463932
563204.0658343344
561602.1773552359
560026.0056520329
558442.8957823287
556887.0091599374
555322.7588759379
553787.4986998157
552241.8598285529
550723.6093515621
549203.2172049355
547700.8621552322
546173.6212848688
544674.5885304651
543167.2668257557
541685.3674375834
540196.9399051024
538736.293797218
537269.9977942813
535817.6170337789
534350.5989825502
532883.0591077252
531406.3148165635
529941.7507584898
528437.8232164267
526955.1453389206
525471.9011000205
524002.3171542312
522511.5831253437
520976.16132763657
519439.9238354407
517925.0672065786
516389.69932676404
514870.8462013697
513334.95631181897
511817.5897876361
510301.9874105549
508793.07887647464
507266.58714349975
505750.15124290646
504209.3558942788
502672.00850991934
501122.432818021
499593.11095447204
498054.72381854296
496538.9452816486
495019.2443936557
493521.74747012445
492024.7679581426
490543.9434433421
489065.7513446358
487607.86350997695
486148.9880137245
484709.79416640376
483270.1628216029
481850.79693555075
480430.5820838951
479031.6602084558
477630.16100910044
476251.9934813509
474868.47918572236
473484.042523845
472095.1817576479
470732.11094604305
469349.5270154616
467995.99044493824
466630.7125157254
465273.8949619201
463909.3664787417
462562.7756903282
461194.9497120839
459817.47906797903
458427.964708689
457065.01653448114
455684.6525833066
454329.7565734156
452965.65976172657
451627.20353856025
450247.45769745146
448895.4413903273
447527.7128401174
446193.406690856
444851.6661422541
443542.73431894334
442214.8391562253
440918.57456834265
439613.742713836
438342.6748060236
437009.31317405106
435690.1886563422
434356.06117954146
433060.7489969602
431746.6997928941
430464.53414099716
429170.8613107637
427911.1463626551
426615.11649675557
425293.6342275011
423944.71252555464
422628.17095804645
421280.6598848507
419930.36212635547
418537.5788756831
417159.6217885565
415742.8975493003
414344.25100525346
412916.8531335686
411533.1571223629
410122.90447413555
408757.6492789581
407372.64943218266
406024.07348017645
404655.70147359563
403332.24016984506
401981.53439137567
400672.2133376787
399337.83013452176
398043.26216011425
396715.53115985147
395392.0223347379
394040.50234506134
392730.62944285205
391402.62754264544
390094.9406499842
388771.81370846723
387482.088920918
386170.24965261994
384901.4276731818
383593.4265524139
382310.35028841015
380994.58456205134
379713.2386930122
378418.0014636514
377151.3240591322
375856.19022811693
374599.358047698
373326.01770697895
372063.1134816288
370781.0937634794
369517.5124553489
368227.2190681354
366938.8449760652
365626.38893762336
364330.1390678256
363015.71191651665
361742.73441045213
360447.31969669333
359193.8992145651
357901.5532343818
356643.4717036576
355371.98970884795
354133.644804481
352860.9534558643
351608.98120060493
350339.74949568894
349107.2265806204
347856.53457848367
346645.0725087454
345414.89188025566
344220.05161807995
343009.2113848617
341836.4431133092
340645.8236144331
339459.78875008586
338246.0133297401
337001.5718584075
335727.25383674074
334479.1512696698
333222.8115206492
331992.7901856832
330757.4473420503
329523.838810294
328287.68102694803
327077.40732238383
325857.5578653978
324641.7682380683
323400.34688251873
322186.3872221454
320967.5093066747
319764.8779850615
318551.4996698033
317358.99818352447
316165.18418084
314974.79872001393
313775.3156555209
312599.7260316833
311415.5883690458
310255.53305206576
309080.8333302662
307926.8340049086
306772.2121356023
305636.0373870825
304504.5786509504
303386.6467647995
302259.7332685877
301163.2375395607
300056.9572679863
298978.675719175
297879.4572728831
296801.1966803438
295709.9405415646
294654.9517865039
293572.95733506884
292505.7952020504
291415.43950036354
290339.2993148685
289257.6143574506
288203.3146818954
287122.95131100755
286069.5510889114
284997.0428299409
283933.3521537023
282857.79079821205
281811.06327124976
280740.6494252991
279694.27219542104
278636.84988239117
277599.9573077881
276525.3282866728
275457.48917261
274369.79847633396
273307.97212102
272236.2895117107
271191.0776535838
270136.3530453795
269108.51264313684
268072.9213743424
267042.7554897669
266005.9783028394
264997.21165528824
263982.7019537456
262991.96056984144
261993.30338760538
261025.09963750766
260047.14329907225
259096.8158642621
258137.51240702358
257198.15504613388
256241.99980233097
255304.7802670912
254315.2501490348
253354.48709234124
252381.47182499015
251444.25411110846
250490.62912363216
249547.75255571282
248581.85350002244
247641.36720290044
246684.00311733162
245755.2124217755
244811.93540445843
243900.7298221114
242975.5531579221
242079.1072817861
241165.6708044699
240267.98546278843
239346.66369776757
238444.3467428161
237543.89488473296
236655.83292868052
235759.14690076828
234880.37937037827
234001.5736599371
233140.74804443694
232282.43161119995
231438.16969576653
230552.1226800021
229638.47841090517
228722.2529187004
227812.47134147663
226896.36074901512
225990.35998035234
225090.93268315017
224199.56737489998
223321.46953288154
222451.34918414472
221587.7235183766
220714.7823154402
219868.752816478
219020.9172326896
218166.91360005824
217316.65685825012
216475.81318366286
215644.62136288473
214820.9577152808
214011.984832377
213193.46989164344
212340.36930433643
211492.5353340462
210633.99003757926
209778.0239334961
208932.4957768501
208087.44551022607
207233.5305986762
206385.31431258738
205520.79561649452
204664.79050355533
203811.57751595456
202962.38970671332
202122.55832314034
201280.7168131666
200433.51010550206
199600.4789530476
198773.0237721638
197950.85095757528
197114.91575101853
196300.4047987838
195483.98228609934
194686.8034421081
193890.2989510641
193111.99189372544
192333.26590039767
191528.15307512807
190695.736714177
189874.43860438786
189036.35323890738
188219.85238212618
187399.68005035815
186585.4962742789
185761.862667281
184963.54560385112
184158.25089147844
183375.4833383845
182565.8889348092
181777.1717439441
180988.2264921896
180218.91806807517
179448.9724278876
178693.79536710895
177923.0340616359
177159.32608357846
176408.11804634868
175661.2131608165
174914.7677015966
174185.83413336772
173449.5559151138
172727.72989600216
171996.3638247267
171261.76573369186
170519.64285758475
169802.89174744303
169090.58746971985
168399.8445516365
167701.06204166444
166999.61199316633
166302.16829809084
165602.98125940873
164913.35984746122
164236.9408755322
163562.24944365225
162901.27638527707
162249.62749979243
161614.17304961433
160978.11075776123
160359.14123541626
159745.4479356115
159142.93772798852
158531.03755530837
157918.52253928897
157288.60847400807
156657.9167863996
156043.4308885198
155427.06241812016
154823.69584244388
154207.82312968854
153603.93826514622
153004.22541991883
152404.96255782747
151807.46376784673
151214.7409209197
150591.86129730006
149973.87949383527
149325.13119395444
148688.60846948912
148008.702631993
147335.21352452537
146613.08141152008
145920.9167648511
145184.3060735765
144486.41726542538
143748.6352701976
143054.66237581384
142328.04391066963
141649.41399910502
140919.88878640198
140241.18972761696
139532.2956957516
138869.697922692
138162.3914748683
137513.4697877291
136824.16078074483
136178.81095599136
135492.18504151847
134863.3281950297
134185.53445718912
133584.1693738427
132903.5821634228
132297.41529716036
131633.91965958176
131014.97089651466
130333.23836889594
129709.35332656623
129011.75603319905
128372.11012328576
127690.47937873781
127072.16851571877
126399.10600456085
125795.2480507861
125133.12385383387
124540.6397080326
123902.41793796426
123328.24027202258
122704.10326148885
122147.64294515985
121531.2746600841
120983.81146968577
120386.78703034318
119857.52044103117
119283.31866015733
118755.23279371858
118165.94834186467
117602.52521524637
116995.71451904923
116429.78923038967
115845.21837160282
115293.87860011873
114720.66755270053
114180.51683957221
113582.18899208431
113036.03630585429
112453.93697062033
111921.99252290874
111339.26554596811
110814.72688478557
110243.53925488071
109703.83765176032
109112.36055535953
108574.10613129308
107992.36462226356
107464.9968426431
106900.38253782813
106395.33710918056
105827.4789976015
105316.88476840887
104748.27665171382
104217.57252909217
103646.72928109758
103128.18175336049
102570.95077128736
102060.22995270592
101492.50048775988
100970.39071377146
100411.38672248865
99892.43132812333
99335.8628826868
98823.13766384439
98286.43711036662
97787.5654483048
97262.93944095008
96786.43424529942
96284.60154171461
95813.33717590671
95314.13451328354
94849.13956391555
94335.39850096556
93878.36991011768
93384.67040360338
92949.70039151088
92470.06289175212
92020.07549763478
91542.7767988149
91108.49931932504
90638.67505964375
90193.01616007982
89729.1381099928
89291.07507924693
88842.53671554188
88426.500034847
87973.01225564319
87530.64503862213
87058.75849831439
86635.88906635871
86171.73713841822
85759.82923232755
85309.1875135157
84894.12895491801
84463.20263295004
84033.19470872327
83585.50266938684
83130.33134557412
82654.76081676355
82168.5913982355
81701.51678978867
81228.71466266121
80778.31316390696
80329.6417085432
79871.43415888728
79412.81215240691
78960.90145658625
78511.34626370133
78065.77985278502
77625.79442606385
77208.5410917657
76765.4292394264
76327.8339743268
75891.20884504821
75474.63121480535
75049.50343976288
74639.72909707644
74225.04949575651
73807.33747547395
73381.57369734469
72968.93234627401
72555.57619436615
72143.70520838127
71736.64535924804
71340.8605341412
70925.57989084367
70545.88370745782
70107.1900852995
69718.49323328049
69280.67597388425
68898.29832212781
68467.82460746763
68063.01250099353
67623.78811676532
67225.5644009137
66793.01131359959
66394.24786576373
65971.86696662726
65569.25549836905
65153.740456676795
64754.73550073655
64352.00145744847
63941.89410355371
63528.79272909847
63102.30008589661
62685.52813449718
62275.90633547262
61849.62596986142
61443.230342630224
61007.457095677004
60605.33266835676
60152.070753072694
59748.27236691642
59306.237996999254
58904.82344491192
58467.21390004169
58060.22705043381
57643.14830052854
57260.45448312537
56851.388653259935
56472.463141032254
56077.25560680158
55698.17075428414
55288.170564994005
54902.84033970131
54460.75883780984
54040.45197153661
53597.64036964322
53192.30835810394
52764.90800834172
52375.24135993609
51945.534159847964
51550.09030066125
51115.6809582293
50725.7579557398
50298.518338978356
49926.648657638914
49518.20603509331
49152.34611346058
48759.09874157264
48402.08956069774
48013.764385398
47653.19605580574
47273.44034549075
46911.96700139447
46527.96209054811
46151.73160582142
45770.82330188635
45414.94514626264
45049.04823707766
44699.512258821815
44353.678656198485
44036.809615283215
43689.49730173368
43361.18467122374
43008.499698336826
42675.56948248708
42337.38795704106
42021.45181717892
41688.21575016999
41382.405787270494
41050.28127418659
40748.168693198124
40427.769812626735
40118.167774203306
39796.892576461825
39485.43674703738
39164.15155001345
38849.068348862274
38539.59385920414
38228.62961645904
37925.35980859628
37639.251149374584
37343.3629208833
37051.478918358735
36758.7131219758
36461.761985063225
36175.75846436736
35895.14693769172
35619.3128766536
35345.121426738595
35067.81258371942
34798.127541498994
34522.302217107484
34254.1117051453
33999.6518411331
33750.515270614975
33502.64092865884
33255.15130568264
33000.81776250293
32737.4485266857
32477.144422455156
32207.31128346448
31945.91581035908
31692.4296556824
31445.399918237432
31194.63293905611
30935.55884712712
30675.51960455505
30423.753675477623
30169.601168378824
29922.09467624293
29663.36600085949
29415.10325843467
29163.13603278214
28919.913295697443
28679.894226283825
28442.008990582184
28210.946319623352
27965.989417191202
27742.84344431136
27506.301520466255
27295.13377764788
27081.149027077932
26884.766606495326
26675.687363773985
26480.909821643425
26274.69226232209
26091.277104796915
25887.604430522668
25705.287108863875
25515.457443384945
25350.44892039693
25175.578108955688
25007.752580652857
24834.268586555183
24658.291065951747
24489.935500198044
24311.146809243925
24136.888623167455
23961.07251405693
23780.975477552103
23608.00930829756
23418.290694861018
23245.81296657323
23061.58996705132
22871.385667875507
22688.266016828376
22503.845592469555
22304.965180663625
22108.45364326416
21882.829840811642
21691.672700108673
21475.50419415741
21279.45200510505
21057.88098013459
20869.419873044055
20667.310983454805
20465.663742859095
20247.085990063628
20057.97797163627
19838.283691059576
19640.68797256712
19433.38440412961
19239.473502746925
19023.57310126356
18849.278236995913
18651.857392702328
18481.53645879214
18279.874816460495
18130.589135063776
17948.474714987227
17802.755329671323
17632.956486167448
17489.342429424567
17320.655519921598
17184.761395483172
17025.93790473129
16878.895444729565
16715.52299025155
16581.676009259067
16431.496205778858
16289.040287481364
16120.857289977874
15999.682175279062
15848.123808994145
15730.426694569229
15584.676312998548
15461.48912075484
15309.65667963671
15179.331915923773
15041.63848716363
14933.165928720171
14794.570404813869
14692.520625886515
14561.683499419982
14463.95680615376
14336.874451066671
14234.445211947896
14114.006358811183
14006.354480131124
13889.172411736206
13783.938709395985
13669.3392438929
13568.308089260276
13458.030029130708
13368.466655167385
13254.579862765811
13149.867100485759
13038.253867492043
12934.029938140198
12822.568694636004
12725.423331895252
12608.363659922283
12513.300840484051
12411.800731040772
12297.562091691389
12183.964226781743
12079.407719946337
11951.862958429776
11851.28956431198
11727.283914898717
11619.747238357775
11521.426782625922
11415.328239865106
11293.404040833113
11194.103457389852
11079.13084915117
10978.396953018675
10879.832104818317
10778.392803447008
10683.24901420908
10581.170072683066
10480.287722740157
10380.60142101551
10296.667506173522
10206.978072881233
10117.587715745001
10019.890506558635
9939.766720555443
9854.606724165265
9784.430147126808
9702.590592857954
9637.207621168405
9571.973423113686
9505.182427743504
9435.893790696431
9375.262157304123
9306.084380823986
9245.7577577033
9170.9569473632
9113.538856523059
9056.653494449454
8997.400501752943
8928.725938060212
8858.558616727094
8787.952057633403
8720.742806463886
8649.946810790567
8577.852370488388
8507.01580896506
8438.20222008463
8365.945947447151
8307.876770373321
8229.636417739224
8172.967210588968
8093.761004913767
8022.446132037667
7947.246342465104
7881.561155478858
7802.4075930630415
7739.964728565721
7673.5904037954115
7589.9704642416
7519.146787880956
7448.56204106801
7366.060760504335
7288.202828254021
7213.869130565662
7136.749088455174
7049.819633458059
6975.654811830971
6904.4793786446935
6844.976625853632
6771.057788839383
6687.110907994894
6598.686180099907
6524.9628782815025
6441.561681361506
6378.6652490821225
6295.461597112024
6244.393342887903
6154.42401326563
6103.066613650016
6036.967112793973
5988.140187804656
5913.840242894063
5860.750594218276
5792.459540528573
5742.842402983503
5666.2937461146585
5613.807575098328
5543.307104134636
5494.9170983084505
5424.355451211681
5364.135673544855
5287.3679788987865
5239.060375234426
5175.212087678295
5122.1782485431895
5053.152368342432
5009.2220018833195
4938.176749987725
4880.772941715679
4814.934253766225
4752.900321244474
4693.175660616883
4643.788483179779
4571.446044420815
4532.548736853601
4461.202369942358
4429.261555303178
4359.139858733484
4322.21793036835
4261.780331860105
4225.012413654488
4165.497825285035
4146.279931740012
4091.59346650987
4064.993530359009
4011.4931465442605
3991.7409406453166
3933.509969676681
3910.3413027191345
3858.230849218159
3844.263180460595
3784.4246810940035
3780.90361821499
3726.6512676143366
3712.328345926248
3664.72547277025
3658.652538856124
3606.01982414196
3593.1453942988974
3551.837990129709
3547.046350121234
3499.088231898704
3501.9462592276645
3456.6729045776938
3457.563134797293
3409.282105931039
3414.0300939044746
3368.419819704448
3372.3775652584363
3327.6113755241245
3345.451454233737
3293.2888766781984
3301.293284757586
3263.5908679975746
3268.959865455015
3228.622926760942
3235.488200791536
3197.4440600392236
3198.737478818544
3155.64972836841
3170.4668550790207
3132.48690463677
3145.298112113568
3105.8880676390977
3121.302802448596
3082.592875047903
3098.663028858899
3055.017374765491
3081.103595499681
3030.40193584186
3052.9932740603836
3007.4550091693113
3030.4098660982536
2988.7713167222346
3008.1471227700404
2970.0523927914505
2990.30748683821
2946.7284314598683
2968.4284217346444
2924.013721371276
2944.315254795459
2897.5321584957023
2920.081813603287
2874.719109376519
2896.3446494277746
2850.1333705895536
2871.9656867742306
2818.819321718853
2842.4715463493003
2788.597652941229
2817.320215928627
2763.048786964021
2786.550617483113
2735.9438220270226
2759.3846554381753
2713.9059713832344
2738.2558685027857
2690.81291245868
2714.1471131073354
2668.8544016062206
2690.3880453580778
2645.2004381843076
2674.026514686332
2623.6891339534145
2646.828105892251
2600.403241419954
2635.501771520587
2580.65370379454
2604.548953528378
2559.824419184753
2589.6283130343118
2543.696574536371
2565.50569027931
2523.4066364019463
2547.4962180621037
2506.7724166217067
2527.219157344682
2490.752290913486
2512.594512957044
2471.6900949646847
2494.6459754259395
2456.369025374175
2482.1385600936987
2440.0192557125547
2466.3682096168477
2425.273532649169
2449.78938971512
2406.69123439744
2433.5320559460993
2398.1643486783782
2423.8820471122167
2382.9938265132155
2411.007528430162
2369.5721754855886
2404.7441890955633
2359.4473416728356
2388.0334456288683
2346.5926029389407
2373.023624149681
2335.1396716736235
2361.1842963508952
2322.419036111287
2345.1733213536127
2305.59498080338
2333.9309047603338
2291.1773841627855
2317.1678503048943
2280.5941278456758
2306.0322618637297
2267.081878667407
2300.738900299201
2255.6340314943077
2292.109468635515
2248.3110639505294
2288.5001885769066
2242.706942874934
2279.0171698305144
2234.3170551433536
2270.2045299677397
2225.015093856324
2267.598140356475
2219.9831823523396
2271.0312735673456
2218.4172647586483
2262.019556912671
2215.0740502416097
2255.303370149703
2209.5369930183547
2240.499180807989
2207.138883079961
2244.743210166953
2202.6764431968654
2237.7714940910314
2204.746493607714
2239.5215013414127
2201.4991051358784
2238.1150930071826
2199.05793197669
2239.790031789177
2195.5740253735567
2235.989390788395
2195.0103458471544
2242.9939090103576
2190.8497122699832
2238.304193556943
2189.392646334341
2236.99165727837
2189.3823108508645
2229.128679049762
2187.700630789044
2232.3312111484447
2185.1419633762835
2223.3638878493994
2180.618548041726
2224.630799406209
2180.2213081912
2213.27002715031
2175.987134544228
2214.64414865079
2178.713816701376
2211.8121367733306
2177.188853369576
2218.0902623471547
2174.709761558057
2215.6171792617693
2169.7782753578067
2214.086714904933
2167.0663330913458
2207.221843525543
2169.460248639255
2201.219585028964
2163.5848947151962
2194.5872674848006
2160.6100553126985
2201.8528567218127
2153.0304442843153
2190.096395073581
2152.036641764706
2190.341800272918
2142.7302716769655
2178.03987537027
2138.1326059834564
2174.079175241259
2129.1993581299885
2166.6121716722464
2126.56231857797
2166.1592318605676
2120.912891409708
2156.36015090163
2118.3376265177767
2150.6811704875745
2109.6491253521663
2142.664443041109
2108.5380372424625
2139.6958637228495
2095.1381929867894
2127.4389500662064
2092.4819404930113
2127.807332664876
2082.266948572297
2117.4691196451017
2078.719653750553
2112.4117870096
2072.401199316878
2109.2680480172876
2068.250693191408
2106.9368013658927
2061.062103917768
2104.6259056021886
2057.5998530884012
2099.2493501517
2051.7702103515007
2092.0739337546593
2046.5000043667374
2087.936943447227
2035.278550140456
2081.89257407287
2033.3214159046156
2073.045284729933
2027.976635462525
2068.463780698724
2028.031784908405
2066.6292877442615
2028.17129938233
2067.8810688981075
2027.2328516723874
2073.535124232239
2024.5658847234026
2072.1613760424725
2021.1561715937064
2074.178358082133
2022.9294816887311
2067.4568061826435
2023.0702255977226
2069.1996610742326
2024.750530191187
2063.0567661311034
2023.0747281906474
2065.358104270622
2021.60733695768
2066.0911742274257
2021.3280922537676
2059.5083552085684
2020.1332397546228
2064.7288103657515
2023.1681405310565
2061.8403202868194
2021.949474578461
2062.1294787869015
2018.6643521082624
2065.8890785949516
2022.3963204754577
2062.3233999083072
2019.1042171058389
2069.249832194838
2020.6904602818067
2065.730856686107
2015.7755508850241
2062.0598974250697
2017.1507011841918
2056.521839479194
2017.4353305029658
2058.702091631972
2014.6762140643987
2062.0878610427685
2019.7991693685126
2062.620088527656
2018.4403463250646
2064.3167347433564
2015.6419284683182
2064.8089726186595
2021.0913983960759
2061.1888576265897
2018.5825037176878
2063.7222524641775
2019.733705420611
2058.7313724009305
2016.3755367125252
2059.487693316364
2018.5587238674618
2057.242843260698
2014.8865383076939
2057.9274008044167
2013.5978992513178
2057.3635395989927
2014.5502997199217
2056.2959369537416
2014.4769817392003
2059.942568881065
2012.77684123028
2059.661422361508
2014.3804337477777
2058.3920113058675
2011.3459230521255
2059.529721970597
2014.6510024422798
2053.8844055475397
2014.5405324377184
2051.974798412471
2011.5890413884292
2052.7251171584685
2010.475645361512
2048.10440817916
2008.3071740019045
2052.300213101118
2007.9843406421312
2048.857747296603
2008.2836929043535
2054.238133014249
2009.1008677314162
2048.090333906426
2010.4309367165285
2052.3030314098783
2004.9715408930217
2052.9944156108036
2004.2819554568189
2051.963721484184
2005.1952736093485
2052.5640958000045
2005.919190084296
2047.9671412593611
2000.6441889569298
2041.2036321536605
2002.6777960770785
2045.7513609580715
2001.0328846940515
2042.0015778686816
2001.0549255313742
2043.1053916637352
2004.170120765257
2039.7723761355521
2004.6424830023946
2041.4490249900762
2005.917526043377
2037.5021346827943
2001.8105252437003
2038.9977752851169
2002.320805498079
2041.9954701270403
2002.41283716588
2037.1310103120343
2007.258208616037
2035.7755899611634
2002.1235794535187
2038.29106683339
2002.5984876772816
2035.9982116776505
1998.789337943048
2041.7116358752726
2003.315185086414
2037.4298974629337
1998.8593742662415
2037.7851070641552
2000.8561490272498
2031.4236670418438
1998.0537467250235
2036.5516424061527
1998.7237815657197
2040.2653857774324
1996.6927591115957
2039.3913133585766
1996.9553598643213
2038.2718147626567
1996.5984430898893
2032.637622432851
1997.37002875342
2035.6465080269247
1996.433651231734
2029.4663303754028
1996.0760809345593
2034.206780906125
1990.5856292190967
2027.681573199754
1992.1110942410826
2029.0409326801166
1993.2754490722295
2026.4811805665915
1992.2803677521724
2028.1692556775245
1991.4647843781443
2028.9140877254183
1990.495564116452
2032.70620704361
1990.5079298217006
2032.761256197906
1993.0088247884814
2029.198587927461
1992.81517241403
2030.827258163959
1992.3330463198301
2029.6554514551026
1991.718102754156
2031.6697725453885
1991.4789175448998
2028.9719509618167
1987.6521934434559
2027.7582751000623
1990.0287642949952
2023.4463717514418
1989.053636243158
2022.7474548930293
1989.2458710443773
2020.896391262842
1982.6889871359535
2020.7446796193792
1984.3886902646595
2017.8071377885055
1985.5351166061862
2016.1170957062807
1985.635975362512
2018.053348096377
1983.54374826026
2019.6490006627969
1984.562520043377
2018.960686823195
1977.6228491236614
2017.765632836852
1981.7857365291138
2010.1637177381494
1978.5123539901579
2017.4024034402203
1982.4888855652675
2014.1561184322775
1978.3708761385653
2013.9717595560337
1979.0940383912553
2015.882768723962
1977.8230184091808
2014.751862629324
1977.8972026068127
2013.3140942994648
1978.8710984075578
2010.8002591864138
1981.499031451134
2012.3909175882634
1978.702660823206
2009.2626732896547
1979.2291935635938
2009.7195942823435
1975.0611348875238
2014.826525057718
1978.6479904338623
2012.983055170601
1978.6249244453895
2011.3436449872306
1982.293812537794
2013.767201099039
1978.2243023235103
2014.2966370779598
1977.007983609492
2012.8152600249196
1976.5618139614428
2016.1344246335268
1976.3091186447418
2010.684178069706
1974.6247200057837
2013.7847400399928
1970.7277534639131
2010.194612689242
1967.9740787385522
2007.8029006605402
1968.3949408256426
2005.5587485394385
1966.1500287771487
2003.4262479965187
1968.774977405577
2001.7675713111112
1967.3261906217474
2001.916543682997
1965.1853977550695
1999.8104467372475
1963.993548340944
2000.0441323679154
1962.7502484868455
1999.983774193689
1963.4383921841095
2002.8522170661056
1963.1870368829661
1997.7195012586321
1961.735349349172
1997.3897021944967
1959.8186997087566
2000.4217024704997
1963.5891550155757
1998.4747945156594
1957.7752166756588
1995.2041514539335
1963.252955834712
1995.2324546888292
1964.0998812044688
1993.8643156350422
1962.5068686071625
2000.6254760843879
1957.180438121851
1998.3599300432888
1957.648638799153
1997.092593786121
1959.4050266343615
1994.346252106044
1959.0872293257844
1997.5645526922835
1957.2799173985184
1997.007725219592
1959.9492212871119
1999.5923763120297
1955.0308274907934
1997.2335298703374
1954.8780268638654
1995.3799834679094
1955.5138385118114
1995.865724506184
1955.9003223821271
1994.9847820062732
1954.232195300547
1990.089985693403
1952.4985620125217
1993.4189598201199
1949.7306938965057
1988.9494483173085
1948.1679414474816
1990.8392963005308
1952.2211455742677
1987.0286804125462
1951.5799703077942
1988.484968507608
1948.4263369302507
1987.4810771447662
1947.4885127703535
1986.315555774431
1945.677810580296
1983.4078343069066
1950.3670533113807
1981.879230020595
1949.1867955457296
1983.1115435105437
1946.6655643505012
1984.8185676905312
1941.3252261722798
1977.084190636836
1941.011105026118
1980.2422946741194
1943.9707486013308
1974.8568144223593
1941.228393815203
1978.9665091726224
1942.2309320606566
1980.089337002484
1941.0957921179054
1976.3364881026937
1938.2846812098528
1973.4726258807684
1940.9392801727724
1973.1119105390683
1940.4242479519987
1970.5673993694925
1938.2359208338814
1976.9272725723097
1936.0235150160206
1970.3082725674778
1935.758039973438
1979.0634104811531
1937.423344263989
1969.7853791223752
1938.1333516487396
1974.1113061785825
1940.4750657227758
1975.1351614884297
1940.3562080176087
1977.973700914724
1935.4216043094934
1973.809883252764
1937.379445144935
1974.199999909084
1936.3805628065425
1973.0445400305907
1934.7673902955144
1972.7669908121663
1935.4735945459418
1969.261948684831
1933.780381709674
1975.0987625124687
1935.7005243070862
1966.3679186183924
1934.6908243946827
1971.1866981577605
1935.9614715079622
1969.9421605558825
1936.781445320108
1975.1987054991996
1934.399392295808
1976.8636701533574
1937.5188625665864
1972.5223149118845
1933.3149544788148
1974.305833629161
1933.6325177461806
1974.74966248855
1931.5049716846065
1972.2838805043
1928.8044694630626
1973.4801816435543
1930.5309900103614
1963.2291808551543
1930.5014023742594
1968.7272318182247
1929.4015295658294
1963.621668760673
1931.6354918466475
1969.1053953520468
1930.672070456907
1971.3521956561992
1936.5406762544146
1968.360251662887
1930.0743126547623
1967.7992114632152
1931.27707185881
1968.2385762971987
1928.5786723268895
1968.2816985930533
1927.2638083181644
1970.625225578734
1928.2822357899877
1966.5242633684763
1926.7385384413342
1971.4360598287574
1926.63043677223
1966.4320379230721
1925.4184363647898
1972.1201620747895
1925.7586874100284
1972.6328828210712
1927.7143472624705
1971.9352243187702
1922.424658911591
1974.8697987549756
1925.5030692031353
1971.561206742436
1924.8720160552093
1964.08998192666
1922.9519637257047
1972.9858475515189
1925.070965988146
1969.5606106913756
1921.4487661688636
1974.1046171135465
1922.4673963820228
1964.6827409462635
1921.5815059438837
1971.0914104615917
1921.3601408943673
1967.3825143703784
1922.0139376431566
1968.4749333874583
1921.2701468396765
1971.3025376177786
1925.2580636537064
1964.54186961124
1922.1826305309942
1962.79467837229
1918.9363728326664
1970.3461187547741
1920.5622133943366
1962.6448636958398
1918.4699197556872
1966.420446279881
1920.7292010601009
1959.4269434641467
1918.8310625801987
1962.2486572315622
1922.8496176533763
1955.4567534406228
1918.0665384296678
1961.5570195547489
1917.449672865423
1962.6834139979144
1918.0961836669053
1965.1574606292593
1918.6442507011395
1958.4305054538409
1914.0796980907692
1958.3181031513443
1917.9928516234397
1954.2192094002687
1914.2237273164192
1960.7260699408146
1917.5079842078803
1955.7359644725416
1914.3285715652487
1958.8586932992953
1914.2437498757113
1950.7464297189076
1913.5261783312642
1957.2435989865967
1912.3160646790568
1956.292921092646
1913.9181184421934
1958.2705299283807
1914.013688414202
1952.360959586379
1912.974415858926
1954.2570700286165
1911.9161837282827
1947.9174502248052
1909.742165720537
1953.9016908634433
1907.9239891067882
1948.7889458961251
1908.4672644258908
1952.545259225213
1908.0438037331312
1945.496942809673
1907.002173655595
1948.154052766178
1905.7737030418439
1946.38493421903
1907.2054015268386
1951.1169336047365
1907.4097419427853
1947.8288237173385
1909.8267627707155
1953.3983108647149
1906.6552416041443
1946.605099639273
1906.7938847237028
1949.9956368890953
1904.796434506724
1948.029497680567
1907.8840005473658
1946.571758565408
1907.3225156340852
1944.780811914725
1904.8268256117985
1945.4156944974056
1902.6236955171998
1943.474857236362
1901.7456591521843
1948.9063255892354
1904.497928370221
1948.774060880899
1905.186390020395
1953.626467557942
1904.0822834378841
1946.3860446526892
1902.6395134762165
1949.892804147691
1899.8553388917646
1946.7728235409568
1902.454042715329
1949.1036039676098
1900.8208864406722
1942.1408752705365
1902.543474535169
1939.5937776107312
1902.2871918709855
1937.9487793372518
1898.6186907085983
1942.4414143482252
1901.5370717759454
1945.5557900889812
1897.3829870298187
1948.4976854736797
1903.8719069698568
1941.990135209724
1902.400732288017
1940.564123051723
1896.0402180426718
1935.846898254937
1896.1083366563216
1943.6556220910304
1894.556877189042
1935.1522662556329
1892.8736507800234
1938.4054890896969
1897.304245691935
1934.130107876905
1895.579244874067
1936.9314066443305
1897.1431080599543
1937.6299335584017
1896.818568454188
1941.834281692491
1895.162447654076
1940.0654598311553
1896.282460933809
1943.9917864854772
1898.8438189972992
1936.4571287460922
1895.155817424273
1940.071489405729
1896.5841583789982
1937.9301123759697
1892.9217862173855
1943.3306090194583
1895.130495654159
1936.8500550955825
1892.0128701744445
1938.9549557748826
1892.0680709240387
1933.6380203657268
1889.415767009678
1936.5411594059171
1891.8560806641162
1927.66219894599
1892.139788794888
1939.1597888122503
1890.7558889983575
1931.4152671541672
1887.4056190999688
1934.127982070691
1885.8252305945416
1933.3502294672398
1887.8765202429709
1932.15744012125
1885.9685426302428
1928.0790070223197
1885.2212483250019
1930.8506954458585
1883.979824612452
1927.2567812760615
1880.4105446450158
1926.7157604943998
1882.0258670206147
1927.8528462846164
1884.9681545072854
1926.9434205578816
1884.6783591623616
1919.904965430861
1882.2538249014274
1925.3385964435233
1881.6999332905518
1923.2236482399728
1883.4537395194377
1926.4439210492262
1884.106723733893
1922.2566049120192
1881.4685844456003
1922.9952757279607
1880.357154155921
1919.6564563069805
1881.1560412435435
1922.7179609381562
1879.8982509452314
1924.9027040788205
1879.3977181652567
1921.6038135340104
1880.6014813094812
1916.4339530868383
1877.2038824740666
1918.9935893157115
1878.8403815627062
1912.5830921578315
1879.0671986959683
1917.9831329294916
1877.8158782342398
1917.1993852806595
1882.9722120808801
1921.4082015821682
1880.675887086303
1918.5648693560117
1884.2432237544958
1922.5888954695204
1878.4045615292225
1918.114604439837
1875.131979294824
1925.2061685919655
1878.106159897863
1921.5176391466077
1877.6184182111676
1926.1327624130004
1880.9738652126953
1920.7022187789619
1878.2827389512734
1923.7654900863279
1879.0174057352497
1922.3722077340115
1878.4079279246937
1924.0307289809725
1878.986029893966
1918.118662547888
1881.333162033476
1926.4568803885477
1880.291439899665
1920.9895105696926
1878.9885222057344
1925.6302534499234
1878.6452891290903
1920.79382330542
1875.393997305711
1924.0067168846213
1876.8333302028032
1919.4936407414527
1877.054422475454
1922.611497659591
1875.2804893526143
1912.7789147721485
1875.415230213037
1914.079794671579
1876.951019284084
1913.0110715740934
1872.8350648063647
1919.1484380414427
1874.8132580231356
1916.7214132972358
1877.0666365414954
1917.870578747614
1875.6037378467993
1918.2804786792178
1875.2780039098895
1919.6520860213338
1875.70575156628
1921.2096801343105
1874.9689165855123
1919.227177166967
1874.4777688424376
1917.7613674487372
1873.103871345596
1918.2746700199789
1873.9514586166995
1916.1842548982447
1874.8364162518185
1919.8898387794447
1873.3426451648845
1916.4042178663626
1873.6839322617427
1915.6856505662768
1875.6971161177119
1917.9959408978793
1872.7704591820905
1914.8200846466511
1872.563641325277
1915.5299790044724
1873.5058805128783
1917.7251357042726
1874.3652462493812
1912.0950947862489
1872.7942396866754
1914.803493149946
1875.6849533408888
1916.7145006128303
1872.7792411479643
1921.1184158903152
1874.7328325487897
1915.9533133279765
1872.4641032215843
1916.6733413268773
1874.5292038162647
1915.026908863836
1876.585156408564
1917.24036027784
1876.0153651033024
1922.2655002929673
1875.3118917536724
1919.7988381672133
1874.0056838673293
1918.6972088486955
1871.7573379360301
1917.8098935437997
1872.8050215670962
1913.9181126887904
1870.9874729984335
1914.6789935909867
1873.3645633215979
1910.4892750900988
1870.9917905975105
1913.4658724361416
1872.1370589928406
1909.8362800667499
1871.307203939114
1912.1164784688442
1873.3942599911998
1914.2818963822338
1871.0431817299802
1913.4280640355312
1870.8454113910766
1914.9263912793838
1869.7104020631036
1914.3464276997918
1870.8042362478611
1914.05191905916
1870.829861701186
1917.601419690239
1873.6591043122344
1916.340096890979
1871.0672281375548
1920.648781867659
1871.1703933926096
1915.1203678506813
1867.632657173015
1916.8668077677332
1870.7030845700401
1918.5893851891096
1872.411220094914
1918.017973878186
1872.559287206381
1919.3386032725402
1871.5769349950097
1918.5605923147116
1872.310275895896
1912.0736875167165
1868.981717573192
1922.2269577705551
1870.9821687652607
1914.9657651864397
1867.81831975421
1925.9017340049443
1870.7360845582402
1916.0174438978447
1866.0673384467511
1916.783663947754
1872.308266221787
1914.134838128046
1867.7222469189248
1912.951333910768
1874.7946492174656
1915.8246061722662
1870.0166017030986
1915.1448893340569
1870.2651783609758
1909.958636401588
1865.5846215175875
1914.9180505196498
1868.9712625271823
1914.196451401617
1865.3191344896527
1919.0840193385632
1871.2348745731106
1913.7158484511128
1866.9842380887367
1908.8777261574012
1872.4276824591557
1910.386598090206
1866.3275251271732
1911.3641260501731
1871.0327089232699
1915.0454222908634
1870.4499073851132
1914.3019630817753
1869.804967206767
1907.354755718475
1869.189360851428
1913.2461305319414
1868.839148528771
1909.7900877932582
1868.202678698648
1915.1792400438487
1873.3473497585064
1911.9093566595006
1866.8200887421867
1914.2327944732638
1871.022008542488
1907.9633302484717
1863.9215724823569
1911.9889548593599
1870.3389735624517
1909.30304521323
1870.1346953908057
1910.5913551848325
1869.5856227983247
1913.1792150770464
1868.7786225926484
1916.581685873876
1867.1932698539918
1911.5616578955492
1866.0233814709147
1915.6908006093206
1872.1768917286827
1913.1579419499883
1866.7521496920126
1916.4401737393157
1872.463275641422
1911.6791671758897
1864.7572583582162
1914.5233170864046
1870.7626574850583
1914.1889899445512
1865.4832227956103
1911.384247795042
1870.1607954353055
1914.5285210938928
1869.0881917645793
1912.5158718517355
1867.6880446462428
1908.4749348453352
1867.4568918418788
1911.8056137561748
1866.8900588445545
1908.301825875078
1866.0188791724706
1912.808119092327
1871.0883124385305
1910.483195418033
1866.3747041302386
1907.6095847089753
1869.482482304942
1909.5436626125543
1861.75970230789
1912.5660741776355
1867.4803937297859
1913.424711045814
1867.5606331384681
1908.9281202286388
1867.294281963893
1911.9051956501287
1867.1383840408864
1908.9012644634824
1864.238755882341
1905.5556404277413
1862.3387093091628
1906.2960535608688
1868.0530988412422
1900.6407332142207
1862.0609705041581
1907.8646585722288
1869.694833424472
1904.3963459941315
1862.2052127994166
1909.2901146182844
1868.3461472029232
1908.7839915270365
1862.8763232914241
1908.5208131462869
1869.0189733587065
1908.4625444135243
1865.4327736681562
1907.4270860921051
1863.5743479193347
1908.9931693315662
1862.2519339140656
1907.4204386198278
1864.6554687427422
1905.646673262159
1862.2913121266356
1906.932151006063
1868.1641729133535
1906.3192884272994
1860.1903094659442
1905.4516928668475
1863.9939175080244
1906.0553934204106
1862.2526049494656
1908.3555200388284
1865.8033404172368
1907.9971553514008
1860.9441095236327
1902.6493633301302
1863.9328578652905
1905.246865092816
1863.4708338787639
1905.4632715902683
1864.7668417375478
1905.7018538347368
1861.1664065400632
1902.850830256803
1867.514936912972
1902.3317335938516
1863.503922025177
1897.131562268851
1865.2014205009987
1902.7407529774023
1862.0719010911369
1905.5551266312366
1864.578956393637
1908.320386320976
1859.7245402067683
1903.2014248075002
1863.1586234464337
1904.9905664659443
1862.5655415388605
1902.8919631388403
1861.9870302487618
1905.7087273606235
1859.2616982004995
1907.3919432090545
1863.4432386681317
1906.9881670709012
1858.3657158523015
1897.2016990553325
1860.908822834326
1904.152896875575
1858.0858649890374
1900.7895228215837
1858.5078502971778
1906.8321558583075
1858.6632653401844
1903.7051537911466
1861.9098114735675
1904.3474546515201
1859.3349148981822
1901.3692931666928
1861.0131323878231
1901.3417013744763
1856.2490510871335
1904.4271874202905
1863.161634924913
1905.7247127376725
1857.9599377925915
1901.0659702611624
1862.0111462092655
1900.89818236493
1858.9361174643361
1903.0535522239884
1860.6764954107016
1904.5035468110411
1859.4375153942665
1906.570372934505
1863.1353893935586
1905.7781764800266
1857.3197259199837
1904.270569754113
1861.9572498047553
1902.24635777124
1858.361318673393
1906.3047273864236
1863.7533287152276
1905.1623656421384
1859.6481769566462
1904.4922616051774
1864.6813871764232
1904.0259441464325
1858.642225611569
1901.1612524289317
1860.1100767939824
1905.9545013825878
1857.5259076143723
1903.631445982908
1859.4035503701957
1902.1053922707008
1857.8075175723436
1902.1418465066984
1861.640878407637
1903.46525764745
1858.2442656459275
1904.8389623307419
1861.667028806985
1904.2233779511146
1859.256487520258
1903.1155969949434
1863.9243433341435
1903.9602186817585
1860.0081447169314
1902.63494418623
1862.3329153492627
1903.792431201567
1860.8243865964375
1904.3036402886512
1862.030567287704
1904.0484753047554
1860.1131513599155
1906.184211300426
1861.1688323065891
1902.5658993295945
1858.3924489482467
1905.5538259453303
1860.8179551568455
1902.4027563386944
1858.8091099033418
1907.5187346044513
1864.086335656581
1902.7005956215216
1856.7301027453912
1904.655557592691
1861.6953061387535
1904.739199913836
1859.4744394211916
1903.2616011665546
1861.3261874089364
1905.4803781219869
1857.203298092074
1908.4652048339149
1859.0351925295165
1905.3162936208842
1858.808452742794
1901.4808178454077
1859.890394796029
1905.2452245969364
1857.593654584096
1904.2335253663716
1859.2123450888819
1902.5188624507941
1854.8852179358275
1904.088944403129
1861.6309679792585
1903.4639268792218
1858.0287688332867
1898.9309474997958
1857.3880750219
1905.6337374266
1858.2524487264384
1901.9032025056745
1858.8387262393103
1902.8322884887223
1859.2544935310214
1905.0636027122764
1857.079857045516
1905.4377562969132
1858.0635008480665
1901.396889240894
1860.7490811505736
1902.5481552640529
1855.0014729270576
1904.8613214062837
1862.5335694652424
1905.7543779297055
1856.901335904223
1903.9997947244171
1859.4653138204874
1904.017711096886
1858.460291989778
1901.0793106578776
1860.467476446207
1901.7526636631162
1858.6670923612307
1904.172377155527
1858.5164256107173
1901.623907149636
1856.6816302719183
1907.4261263371939
1858.180246607968
1903.0997427795683
1854.8602123850048
1902.989709560971
1860.6506683471728
1904.194050406801
1856.6578420755181
1904.1564725304124
1859.701422521499
1903.4056645468338
1859.1709754065419
1900.9736869072376
1856.3581699917884
1900.1756361335974
1855.3367870715201
1904.8276876911364
1858.9609603745594
1903.443133454011
1855.575555803333
1904.6705333442872
1859.477387840555
1901.0698774554055
1854.607727741114
1899.979335468981
1860.2671525075293
1903.8740821516071
1857.0626244364955
1900.9709520047093
1861.2379628986175
1903.7793071141803
1859.222684188807
1898.5615667604966
1858.330294034104
1903.6517361986782
1856.0467244836623
1897.674353755108
1860.074823760436
1899.1813135145921
1857.4949420286466
1901.737313983456
1859.0994401541268
1901.0643131762183
1856.5042173552308
1901.788504571899
1858.8262341156453
1901.6233170366336
1854.8297894705593
1898.8066026925585
1859.2264042483534
1904.032550729905
1855.4992787210335
1900.4893598621013
1857.9334568483284
1900.4835471351842
1855.70758381004
1896.2375149524137
1855.107788673436
1894.4167922540707
1854.051314801384
1897.5701438692208
1856.0746602539082
1899.5982718756395
1853.842232634208
1900.6694938899693
1857.8928874076996
1902.3615466705012
1854.103565988201
1899.3782237941837
1859.2425007962202
1903.4714896474266
1854.635583572413
1901.3534524907832
1857.7479581549712
1904.1753898282218
1854.8322915144995
1897.000901576875
1856.0451406167435
1898.7549370146476
1854.2628905018546
1900.9318917391831
1855.5079517862407
1900.869279564452
1852.4602221038035
1902.4625451385516
1858.439583425166
1902.4236619417898
1854.8386748470537
1896.9334325399543
1856.2231260411686
1898.950261341371
1853.0118391742003
1896.1279971564168
1852.3619417407922
1899.6731068646206
1851.2147339982218
1894.012658098898
1852.6396149934062
1891.699440038196
1852.1400476742097
1895.4134515246635
1851.567218738088
1895.0198289486282
1849.3825595164053
1897.7640062372936
1851.4483114374934
1893.59667406053
1850.5560006233402
1894.5107977441346
1852.8553415297174
1896.0223984668253
1848.8960399645246
1893.3788235642885
1850.7763404974157
1897.0063031472503
1848.4434308862944
1889.768730644528
1849.5197503010668
1890.6104307656622
1849.109097921161
1891.6805207257544
1850.805642165778
1890.3754574547802
1846.5912305685606
1899.6297416014986
1849.2859590899975
1892.64248731771
1845.5724993921672
1896.5682656503768
1851.5184941505563
1891.1959372562135
1847.8409624395433
1891.708958580799
1850.0951987869284
1896.2635844197337
1846.494692515351
1892.2197103856001
1850.1601116613654
1892.9369259661023
1847.221574466456
1889.5285672876148
1849.784325659438
1888.715912738503
1847.908192289031
1895.254040653423
1846.2270203491573
1892.7364526475515
1844.4092956584357
1896.9583157538664
1848.7766194117403
1887.2574561095585
1842.1313439547678
1888.5506261107207
1844.7312978884904
1893.3111186318945
1843.9895655984476
1888.6737884911568
1846.3593284304804
1893.412491433653
1841.756316256921
1887.019723315203
1846.6344937371814
1886.4289762015167
1841.1443375977578
1887.3455030320565
1845.9094507365019
1891.2372516426221
1844.1089510859308
1894.9593537397748
1847.0549055684148
1891.813826481892
1841.646917936579
1889.4559992438146
1844.8716097396286
1888.4771655027803
1841.729121253636
1887.0087144548004
1847.570942839218
1894.2069114354338
1846.0974100430308
1889.9311932068756
1847.8452622326447
1891.871859302334
1844.0232326702712
1887.9442021052441
1846.040900395288
1888.8065250516506
1843.344135223619
1900.404103873888
1850.0377073128511
1893.8309099376302
1845.5996687155086
1895.0486585105416
1849.8069064786146
1888.9274292772016
1840.7176658221413
1888.585541135725
1848.9040122779038
1894.483531968244
1845.7455795780986
1893.7798607642947
1850.2171993640197
1891.6020445907827
1845.3777729438543
1885.899096391144
1844.8976279549615
1888.65143864971
1841.6877050101377
1896.6073876691698
1848.8702319419472
1893.3733860590335
1844.915689088202
1894.202375676919
1849.2628988783752
1894.3155448646964
1841.2609363332353
1890.40287067302
1846.6582600446332
1891.9841500730763
1845.7036063487144
1892.3058253363974
1851.0592452995427
1894.9592627837396
1843.899793268128
1888.7783674207842
1847.6480877592107
1891.2904138914946
1844.627752985863
1891.6753291921104
1848.6791698832171
1893.2098586760105
1847.1566646841848
1891.588280966935
1850.8650564728728
1891.529899956703
1844.4544367743083
1886.4975750707513
1849.3015433472067
1891.2363526006684
1842.3295647100415
1890.4722181983352
1851.9574028760662
1892.90384934661
1847.7838628042075
1889.043329328532
1850.698263711984
1889.6758559499494
1842.6504269267389
1887.0550683895772
1848.8471902108654
1892.2013201912794
1845.617132364858
1892.6431108350255
1852.076222147495
1894.7942782858522
1846.8063151488343
1888.6030727963557
1846.2598674612368
1891.3391968203832
1843.37059407315
1889.0743165334893
1848.9211999421561
1892.5043092934413
1847.818123267768
1888.9987783026158
1851.0432115233505
1887.4566829322803
1845.7337051547638
1887.2969810330214
1848.4706970422765
1888.4940782796343
1844.6694783630721
1890.7581354250703
1851.401411744736
1891.7593109679572
1847.8756169636258
1892.4813182631005
1850.063712243056
1892.6108717734908
1844.9205938488021
1891.4048179176355
1848.3660636722066
1894.7059406449657
1847.3489095725768
1890.4619456329735
1852.4016830153018
1893.2864842193108
1848.6860347008414
1891.9812653458864
1849.8372461928197
1894.062492460801
1842.4103711153823
1892.9674867415865
1852.0913093138608
1893.324960454145
1847.7918589619305
1893.4798663722304
1850.7620481401532
1891.266434460011
1845.0398047423153
1889.7114844917355
1847.8652486551646
1892.1939852721787
1845.8633344519208
1888.2855668409811
1850.8569828366683
1892.6325739413214
1849.6207846825714
1888.1074153273448
1849.6363482697204
1892.9147349518273
1843.700116677789
1890.9622939003648
1848.7980371584608
1892.9937447890297
1844.7152093044988
1891.5880785664592
1852.3723351448875
1892.2056882238003
1846.5664958150405
1893.725105644514
1847.8736680607733
1896.1794672017118
1842.0351663075817
1887.6045046046154
1847.8841604214922
1895.6077864420179
1848.3536127864656
1890.6187587281643
1850.0208689756894
1894.6306449586386
1846.1208987571229
1888.9980315537164
1848.3484471940212
1894.4947461253716
1843.1878286710996
1892.9742755623
1850.9527501016976
1894.1263187914446
1846.8604772296549
1895.395145746879
1851.9502128652691
1893.9563057657083
1844.5318610081108
1889.1213635921918
1847.8990725317963
1892.7252829017382
1845.2351455945181
1886.5778800155017
1850.0528761916298
1889.490854693878
1846.422235862476
1889.5385817634422
1848.0085423604596
1893.3574897652713
1844.949872890649
1889.1937639563218
1849.9942115044173
1891.9092935400497
1848.6464835759107
1894.8203727352843
1851.434932094908
1894.2924612328648
1846.7612374075131
1892.1136270454244
1850.1767718700771
1893.5743438348409
1846.704926121127
1889.0653984565963
1852.2015438615529
1892.4102941037183
1844.46207159878
1888.4830650116082
1846.6408341516162
1895.6953964404004
1843.3934475566023
1892.7209252594002
1849.3908078023157
1891.6357681902684
1847.6980605880785
1894.9517089905753
1851.3628680575066
1893.5656732739578
1848.6489218857034
1894.9952048753078
1848.6324286662987
1892.9316317984487
1845.3791921258564
1889.0970867407084
1851.9662905382097
1892.6080300409726
1847.2819570536037
1888.4973391896956
1850.731518335849
1895.5180667254733
1845.0372764978672
1890.7848810784396
1847.1644523434586
1892.7556455953334
1847.7154257329787
1889.1590143688763
1850.0136247395396
1890.2436168229876
1847.243213869647
1893.1309128799371
1849.4262026126635
1893.0835582867862
1845.33743710716
1892.3808501056817
1848.9268448875137
1892.0594651408142
1845.1079063526543
1884.9583007576696
1850.1937196465651
1891.6725752699836
1845.0816537326564
1891.638625518496
1849.0598132674224
1894.4467844739647
1848.4623807796195
1891.117450465687
1849.5577575235693
1889.884152650684
1847.3603894774333
1893.6343982065275
1849.9833856015434
1892.142688025557
1843.9819625455361
1892.0776967333645
1850.8827786791917
1895.691184977549
1845.444513786435
1889.075171698842
1850.7527049961827
1891.777746082089
1844.6191913405466
1890.3170926638609
1848.6362181665556
1895.443124623553
1846.5883996475625
1889.186328664196
1850.9177751785971
1891.5097935299384
1845.6671708970875
1893.0000870901747
1848.649993842858
1890.0878822864852
1845.6167102922727
1892.7924535783925
1851.6320361769062
1894.2292563714072
1845.2799162785461
1889.342288961255
1849.3570071767099
1893.013621639893
1844.7639657273317
1888.978911526122
1849.4424739338565
1890.6639127980416
1843.849137600179
1887.019880837809
1851.5124162816996
1895.5201117767338
1847.3536169404656
1892.6985467345264
1850.369858867169
1890.9283872488265
1845.2947751023353
1893.1469961056916
1848.8542448750802
1891.6275756143987
1844.6144791200825
1888.8760102106949
1851.391123902378
1895.4166427300702
1845.6418374775074
1888.308297692285
1850.3499969012648
1893.5935619869726
1842.7700255333257
1889.3229981238817
1852.2701552863136
1890.9848213798548
1846.6168607621903
1889.0874150365046
1849.3522018099568
1890.9190138779472
1847.200716706507
1893.4801677988298
1851.052317632047
1893.0815083879795
1845.1018255039555
1888.54672116073
1852.1474266363896
1894.128066374328
1847.5543676337936
1887.1479533606828
1849.5633157091
1893.2725894168852
1844.7337058265412
1890.356963711692
1850.6663078020003
1890.6553764801292
1843.933422803295
1894.879995278277
1850.2089998879676
1892.278344408321
1848.9514474284142
1895.7085752581256
1852.1081607125132
1890.5311032406144
1845.6633327126772
1890.1172177422445
1850.2237643957023
1894.284481229012
1844.872832882564
1888.001557151448
1851.7685280319301
1894.0128591809475
1848.20950366988
1885.3238052963902
1851.6176125364514
1891.0375156984128
1845.9697349566175
1890.9674620216701
1852.046843418734
1893.6266144709855
1847.7860991723035
1893.8579293687483
1850.5131520878203
1890.6605427361976
1846.1924371718464
1892.2918580053995
1849.225742691354
1892.3612393413619
1844.0863086404154
1890.2705952662518
1851.3200286386668
1894.624279822724
1846.4411263667077
1887.46298151715
1851.9263495234336
1892.9121615127315
1845.7728016470976
1887.273144145512
1852.272251242394
1890.5667875432082
1846.5203076015446
1892.8255885214587
1848.6013942899685
1888.8773323772664
1847.8759094702634
1894.6764483747052
1849.6414120510783
1890.0911196825166
1844.2283791291907
1889.9297482506386
1850.2382698512981
1894.862402711034
1845.904368308216
1888.8553065983187
1849.846613899631
1895.55279436804
1844.4739827758851
1885.873825679103
1850.9746866468313
1892.8420663270679
1844.5739437752652
1895.0849318381252
1849.9745371803458
1893.074368154552
1847.5278341426547
1893.2205738903529
1848.1944787099987
1890.3349778995835
1845.5114948236906
1891.923108211664
1852.0737169724698
1893.4504824310816
1844.3586303864029
1888.1709505795802
1850.772863788903
1895.140249616284
1845.2712250545296
1887.2532360011794
1850.6696103439729
1893.2517954166753
1846.9998223460652
1891.798259681104
1852.1697854816168
1894.8749896951413
1848.2885764407145
1895.7280854828705
1848.672891006259
1888.3648199033962
1848.1020415991156
1892.1062623114026
1850.8389437337999
1892.7991333572272
1845.759571095734
1888.5818720233813
1851.836350014566
1894.603162238894
1843.085137696453
1886.3599223876386
1847.8233226793368
1892.884079043031
1845.1781556775118
1890.7729346732888
1851.8148476405133
1892.0565611852107
1848.5619379749428
1894.8239866894655
1848.7303992729692
1889.2069862249798
1847.7027153552417
1889.1305579312968
1847.8843372419951
1889.644014397554
1846.860703673808
1892.6475677858416
1852.0284897636498
1890.265444923539
1844.7635989061946
1884.3276933726847
1848.0023005686785
1894.2719712374676
1845.1283588009303
1889.0963667472756
1849.9917743366707
1893.0527235132665
1847.596979233402
1894.1601317481309
1850.728838318697
1889.9298035606967
1847.7409846935407
1892.566723600971
1847.6080176429955
1891.7329416019934
1845.7981210861308
1890.6090079559613
1850.9473737797794
1891.1093023963197
1845.7144354106574
1887.2340973132143
1850.2797150372185
1894.4468885719007
1843.7209874221742
1887.5208160870027
1845.6311329639489
1894.461090144217
1844.6517024637549
1892.6730133411686
1848.0108920019104
1892.5724414705444
1846.8307386927988
1891.2345462827845
1846.5346103080717
1890.8232777740448
1844.5201454115468
1889.9569259798839
1848.4790644842167
1890.319961304664
1844.1140482799365
1887.746063222784
1851.4721571971293
1893.3678379431196
1842.4333938383536
1885.423822886535
1845.042733459555
1893.047326005938
1844.5785458897133
1890.8841871547577
1848.0838382954887
1892.1337119916839
1848.2506833824918
1894.156001078961
1846.9225340146215
1887.2398626998236
1847.2444547194534
1895.2139914148722
1846.9353825081448
1891.505653334991
1843.7115039713697
1888.5952986480588
1852.6138089639958
1892.8522891410028
1846.1387054235265
1886.429297025457
1849.3029176296495
1892.729219056495
1844.148283412963
1888.7110141683554
1848.3881834305726
1891.7986507311687
1846.972181594213
1893.528583171204
1849.5355770698534
1888.1323873792337
1847.9220293631229
1895.1903371288604
1848.1881076112963
1889.277786525209
1843.7750367554142
1890.860416754602
1849.42902472969
1890.289392054664
1844.074613420991
1884.3137974452886
1850.1053036122541
1893.7882315200295
1843.7695520608638
1884.8494693341565
1848.183595146287
1891.1613581437596
1844.8791669195134
1889.8511546401892
1847.5858387951757
1891.0657042312064
1846.6858402992473
1894.9658874712468
1842.8834930116325
1885.3347871147946
1843.990178673429
1894.9317122688467
1849.630824166076
1891.272625844667
1845.212712919612
1889.0306163277937
1848.4738550702587
1894.0650847294792
1842.416949602515
1885.777921263923
1846.0025339770339
1892.14517191103
1844.8670694633563
1890.355392210733
1847.598122404657
1894.504699106799
1846.5254416344399
1891.5148931815097
1844.076398494803
1887.435108947939
1845.2061656402268
1890.5452278228101
1848.9671667662667
1890.269551812866
1844.6621418747475
1890.105801662449
1850.2603196771513
1892.5832998141002
1843.2087157692006
1883.9919956499068
1845.8900847684306
1892.5546153541611
1842.930744378983
1890.3536133594068
1844.96153260139
1892.968875951715
1846.2339707089736
1889.9447486829624
1845.9271706417946
1889.0011045024246
1845.3244993008882
1894.341450194049
1846.3196059016077
1890.6638742191262
1842.9210462259189
1891.5783226999556
1849.4911310642053
1892.8871348181394
1844.5084108843218
1885.2351575537898
1848.6221724673646
1893.1511206365094
1842.7779454528688
1888.4006614150485
1845.6998921752593
1893.445071683117
1845.705264529767
1893.7626144935377
1846.7943385489627
1891.2308943448438
1845.7646361682228
1894.9759628643044
1846.6457727188265
1889.5745805125105
1844.2007230954769
1893.0741146885125
1849.570034926333
1894.331999896874
1844.7116622458755
1889.0773601886847
1849.4255356862484
1893.314969190591
1844.752029259462
1886.0344593745185
1845.9751375138808
1895.5120472068181
1843.313155749721
1891.5518536925492
1844.61258446338
1893.244707190778
1844.8631415700281
1890.2616424186429
1845.033670104301
1887.486999344929
1845.0129580980554
1891.055124774111
1847.4091318494748
1893.1354307480376
1844.621755172543
1890.357484209434
1848.4091011905923
1893.079509621552
1845.7059505723043
1887.075151963496
1848.147439606782
1894.7439253698296
1845.6781259170236
1888.7448635871403
1846.055421894092
1889.950006930895
1848.0452961785347
1890.9643070882685
1847.204864257003
1887.995396724583
1846.4347513779085
1889.7475177383385
1846.9875311393632
1890.7758588540094
1845.163642197515
1889.004234397567
1848.792715299441
1889.8677172250416
1846.2708794177167
1887.5432009176318
1848.8813485992746
1895.4708537194583
1845.085393812075
1888.0885685681267
1846.859507203315
1891.6538259229528
1847.1638721674476
1889.6144847806845
1847.4310133725514
1890.7505165515925
1847.1203552418294
1892.1545971116534
1848.8509446720384
1889.5027379475855
1843.6366065842883
1890.2148877978045
1849.203687180811
1889.6890266043326
1845.253425656879
1885.4999039712216
1847.692681968878
1897.0826676331844
1846.2548275255217
1886.7952152420232
1846.2786484456733
1895.5726726244966
1845.469545019703
1892.3322214436519
1847.3080763174933
1890.9346534729314
1846.6346203308758
1894.0000505313383
1846.7786457131713
1889.4479940180488
1844.6975834609407
1892.957583144234
1847.02021645795
1889.856204354564
1842.2619470385466
1889.4988806001122
1846.259794147262
1897.054053333417
1842.61711249587
1886.7413241369386
1845.2547858904306
1896.461343009067
1844.9884416338143
1890.9573068209168
