1423433.8670722945
1423533.024293013
1422976.3769316142
1422214.3286992747
1421416.1120899376
1420564.4367142534
1419728.8719875189
1418873.998142338
1418017.585368245
1417082.5866179022
1416133.1955081616
1415187.3998655586
1414178.6668133119
1413170.465773453
1412171.2066992887
1411140.7009862696
1410130.1739266228
1409101.8364710489
1407959.8437477506
1406732.8829559193
1405538.3012709138
1404297.6996260304
1403073.323741055
1401845.8012466454
1400637.548316989
1399403.698387127
1398184.4992653185
1396955.5651652876
1395701.8256280154
1394247.4617637622
1392805.4822480276
1391353.0013010823
1389804.3520316796
1388102.049221823
1386325.0733387552
1384523.1892283761
1382633.163631326
1380690.8640889807
1378710.0664999138
1376703.1720542333
1374683.075139929
1372667.7463673265
1370625.4004032754
1368581.7872976921
1366542.2001606668
1364510.102006887
1362477.391827529
1360403.8304488175
1358323.9366680314
1356243.6207085063
1354174.9438662063
1352115.2150434533
1350067.512087843
1348010.0064930567
1345977.5296677214
1343935.0053719925
1341905.2023833035
1339892.2906577226
1337872.0390249242
1335870.381086221
1333859.584062297
1331856.4607549119
1329860.932719941
1327850.9545680108
1325852.9654832035
1323854.6902209253
1321860.265498611
1319880.3714438514
1317857.1235012796
1315812.7534786689
1313773.8310852174
1311746.0825778074
1309723.7709490815
1307714.0312640618
1305713.5832337525
1303698.2676621128
1301699.0589590748
1299706.199077649
1297711.7287902834
1295690.899816931
1293511.9624462202
1291327.3013646752
1289126.2009758465
1286934.907244048
1284748.7953011037
1282575.7504691074
1280413.7501322704
1278256.5612890823
1276101.2098048597
1273960.9403754573
1271810.7460169254
1269663.9056749123
1267525.3188055973
1265406.8379068866
1263287.637011707
1261164.0562180027
1259002.7295440815
1256792.2285033131
1254507.7074029879
1252221.7770162034
1249924.8179739567
1247552.9789154006
1245196.8803705531
1242843.6833342283
1240505.0582656893
1238164.9418890306
1235852.3533020718
1233532.608090977
1231219.3080994159
1228851.8653339446
1226464.9550233213
1224088.1192480118
1221713.9297556435
1219329.834803162
1216867.112939503
1214405.7739422426
1211964.1275470243
1209517.8977170472
1207093.9485351003
1204666.1575573655
1202255.9757017095
1199844.8840955966
1197388.3343496015
1194928.6864454094
1192477.5650676454
1189958.0234329253
1187408.1722675692
1184860.1723865324
1182331.2983003408
1179799.301296964
1177279.0740117182
1174781.4460669896
1172278.15117455
1169771.9086991192
1167290.1301744005
1164804.0055116094
1162334.1716694948
1159865.745650683
1157409.6520177799
1154967.1720267085
1152527.0476859638
1150098.0416975182
1147681.4884172084
1145265.1222277572
1142862.5100902885
1140465.8888906436
1138082.651895021
1135694.0615750842
1133314.1738154432
1130920.653340047
1128548.708498413
1126165.5904694127
1123812.0251599303
1121451.2102080889
1119116.307303846
1116769.7140213663
1114448.5897693725
1112123.3097414249
1109815.3969505576
1107504.674879542
1105215.9120873748
1102929.9102668294
1100661.0871625734
1098389.5767508303
1096138.1457444578
1093881.277183386
1091647.2788083218
1089383.432654876
1087105.2433666459
1084763.5813110634
1082438.5251571205
1080116.214868292
1077807.5766780262
1075489.2162821384
1073172.4646623342
1070840.1862476864
1068535.346344375
1066222.979822676
1063932.589145092
1061641.9258973189
1059367.0697529693
1057094.6920857118
1054834.7307818152
1052580.385670538
1050343.3259169632
1048102.1595710751
1045874.7427447742
1043633.0950877529
1041417.3183669844
1039204.4087921946
1036996.0958092548
1034787.4196786345
1032596.9189248374
1030406.0716659635
1028227.682205954
1026054.524794625
1023897.4349259755
1021739.7290683187
1019588.3792260343
1017388.134769708
1015219.836505165
1013036.8251995908
1010882.9908494173
1008723.3701403588
1006583.6986664046
1004444.7497381557
1002319.5987481436
1000194.3820333015
998098.3867173326
995946.2147624155
993823.6495265217
991684.0012258098
989574.3827567537
987456.8994338919
985365.9591875523
983267.278031934
981198.1362080165
979097.3160831939
976982.4013492493
974847.759817511
972750.0020927766
970634.6663713099
968551.2684821683
966455.5235163551
964390.9889003696
962313.9286878455
960267.7924418008
958200.0934320217
956176.0553782472
954130.6811731863
952122.0989129606
950096.8654848193
948102.6210300678
946094.6242595582
944114.0419790045
942122.5171332945
940163.1062619464
938186.1664175176
936222.2802437857
934230.868010765
932261.7264250912
930275.8782212975
928323.2004734938
926350.5205961043
924288.6307236232
922201.6985381994
920141.7288521318
918060.2995001982
915935.7529540628
913783.8390887509
911668.5224986986
909513.0447962526
907397.6283464805
905260.2833792907
903147.2076636407
901022.8664560318
898928.0166226348
896819.6465203906
894733.521937372
892634.0269025562
890561.1096453808
888452.5239126085
886371.4784840752
884274.2660569759
882208.9019802223
880124.1800112725
878077.3644420612
876013.8950032409
873985.0972621023
871875.38683953
869735.0815334939
867604.9866689942
865482.8405496733
863370.4646774775
861269.5293700534
859158.5437688745
857061.2214023573
854929.0353076088
852847.1876009933
850733.8440158871
848637.7694521332
846463.8745843697
844342.7895907983
842192.9975079246
840078.8811961166
837944.7154716796
835849.6240839518
833729.8918676415
831625.015906252
829492.5422675114
827399.5700822959
825285.8113432704
823209.4221405931
821115.1127315774
819060.8515309979
816987.0370401008
814945.8661207997
812896.5358477476
810876.3208558499
808841.3963909408
806843.7801617228
804826.581362217
802850.9661702886
800852.7227260219
798894.4809254382
796918.031758361
794978.8967262037
792957.4113665578
790967.0336969453
788964.113305638
786996.2171868877
785012.8374855733
783061.5253233361
781096.6535772936
779170.043993431
777221.7883275187
775296.0924167349
773346.2873129146
771433.7811760139
769503.1046289582
767609.6291874137
765700.177778581
763819.7508070098
761913.3010054223
760032.3871011469
758130.7069571855
756231.5547925541
754301.038910264
752370.5420697614
750426.5875770783
748517.2325229743
746593.1334058925
744703.3098466445
742797.5725440369
740923.1453452752
739025.3053259489
737168.0561283836
735290.9314700213
733452.2740902163
731594.8764326574
729774.7064847222
727938.1477471035
726138.295130471
724319.7602540107
722540.4480344855
720741.4814743558
718961.7856522428
717169.6208406895
715405.4032545798
713634.4887775624
711893.2094660455
710138.0013253762
708386.3682673078
706569.1217820406
704781.4069693468
702978.0960999979
701208.2852760348
699421.5483701021
697645.6773391375
695866.0526223201
694104.2042138517
692339.5855173712
690587.7880895593
688812.0191383656
687056.2727078695
685281.5052170439
683535.2006050979
681776.4901676348
680047.6724803428
678309.1638826728
676589.310624643
674842.6496733152
673129.3148487153
671402.7542946915
669699.068995403
667980.9478806307
666284.2326366464
664570.7642284916
662892.6532393345
661199.9339180111
659539.7395333414
657868.303924183
656224.6736155531
654529.1646400868
652872.2826204625
651187.9240585759
649549.4621750029
647884.0511774978
646265.0296373087
644615.3848625924
642975.4364157848
641315.1437449112
639697.8998164594
637990.6934405492
636325.0619368512
634636.6684331356
632986.5838832858
631308.704453604
629677.0644437834
628006.2796036616
626366.1238772878
624709.3237508154
623086.0222362629
621450.2450034195
619846.5816880156
618228.5268081751
616645.0983925916
615046.2022296794
613483.6112112013
611904.5015676421
610351.971198125
608771.4752556345
607229.2356360081
605669.8553042628
604141.8128600818
602590.8139506105
601076.7856872327
599544.2819982781
598052.488114835
596527.198393588
595017.0159805596
593483.5581788064
591991.0140308748
590472.304567761
588996.7684259883
587459.8325851302
585963.0311681777
584431.3179277633
582904.634589453
581293.7663160615
579668.4503285873
577984.887988377
576337.3236790902
574666.7674618664
573033.5083489531
571382.0946167569
569755.9094056874
568123.6457057231
566517.6766103102
564901.5192126228
563316.8214284903
561720.7152572222
560153.6700079292
558577.2551597166
557018.0783231535
555419.2369646211
553827.410133769
552220.172740536
550645.2838219111
549058.9812821185
547503.9595163765
545935.9061452217
544398.4435620313
542850.476500422
541332.994891545
539801.4751942197
538305.3922304707
536793.3465632572
535273.4237227136
533735.6407972022
532233.3784432482
530717.7839442885
529236.4054088693
527731.6127393299
526260.2806412204
524767.7544858607
523316.98625333095
521843.52383631427
520410.91053189186
518956.27777185745
517545.5993875674
516108.2305556129
514694.75376837334
513252.2107312049
511852.44982669357
510426.9485442623
509044.4154291391
507641.4143807302
506277.1266403404
504894.0617616276
503547.17124720424
502182.0258036097
500855.99481933983
499509.51275209273
498184.61643339915
496849.8518673021
495543.1455943379
494225.0356551353
492942.2392008868
491642.488366807
490363.45304034255
489014.3974839981
487697.55519791396
486364.6463537794
485063.36456689314
483735.25476386526
482391.0731971264
481037.06407915166
479699.792253479
478336.6105133203
476963.46465227834
475586.8453293074
474171.89325926045
472720.38770533004
471265.6224187105
469809.20578049053
468369.8207133505
466931.706728917
465510.29878375883
464050.2115530893
462603.5989129429
461163.69060684956
459729.27823379845
458286.95697568974
456841.04936952284
455386.12560254167
453947.5827265775
452510.7077202606
451088.09731139574
449674.9120229008
448269.2683781003
446866.4454044214
445473.1321841679
444036.59465333185
442617.86905468896
441198.62494010286
439785.0747989608
438359.77692233055
436957.1892481406
435551.32976416295
434168.9689028108
432781.284400114
431420.7689986632
430042.2520071617
428681.93505104556
427315.9056877283
425964.38456584193
424596.1989753374
423250.1060372125
421891.16393873026
420562.7107498589
419189.71776912163
417837.8684845874
416466.17236709566
415126.7595883454
413774.04511881445
412452.71452733217
411121.55131552863
409822.4571017068
408494.95664812403
407193.69510150485
405877.7274983338
404556.80497956974
403233.9780214666
401921.44475970906
400602.9875958165
399285.15733652824
397956.1285973077
396630.9637679348
395305.31560468243
393982.1285048708
392662.3110004506
391339.78277704987
389986.21732174087
388618.6856875806
387197.7056479427
385774.59445149713
384336.27041719505
382900.4988059459
381460.44038558734
380025.01954768586
378580.45536967734
377136.1002999863
375702.9902506806
374273.9348707163
372846.1290748251
371404.05149786134
369970.91150707897
368541.94060805504
367127.9488041882
365716.31216464395
364322.52658943034
362931.55143581063
361556.74454036116
360186.658899788
358831.84420477354
357478.9428088278
356145.2496112454
354812.50964651257
353497.1912913092
352187.04122659215
350883.6656748616
349563.0961323202
348262.53387235943
346937.86883032654
345611.80453803175
344279.8556710081
342972.2986063286
341658.33933613467
340368.0874738182
339054.72565476625
337762.36560463486
336467.1095047183
335182.34776794637
333873.746140365
332585.8493854324
331293.29025005084
330025.5612236161
328752.35472924623
327506.63124751655
326251.7474922154
325010.5685272865
323747.7467875149
322512.8937865874
321267.7687516016
320051.65788190067
318826.539512569
317615.3817406725
316406.60980203544
315216.041607106
314018.20052293804
312830.01206920424
311643.7799887974
310467.01716001076
309293.1849892217
308100.5683304371
306906.4206202997
305731.47617620754
304558.2031040505
303405.51575052046
302249.0788290982
301115.90115977026
299978.6579115106
298856.29144943296
297716.87461188145
296576.7431257416
295423.3582827841
294297.56839727494
293163.2475796016
292043.91676237696
290916.03428229643
289796.3736071391
288671.5465829637
287552.2912457402
286392.9954269007
285255.4576482074
284118.59332962584
283001.2486404716
281886.39019295154
280787.78998168296
279684.91560126015
278600.7098257094
277521.2424787867
276457.6064806258
275386.62165397964
274339.3193414945
273290.91124539246
272266.26052750583
271233.1374796562
270223.2569869401
269214.7153347976
268227.57188844215
267233.19778529747
266261.7599902128
265280.39722925914
264328.561998939
263344.00178854296
262384.80044434586
261416.5021267776
260455.65776012643
259473.7965853826
258507.16771080453
257533.87708582447
256576.24516975987
255606.77102785493
254662.07078400857
253715.19905133342
252785.53376963374
251844.82672904464
250929.96843880942
250010.09975675182
249110.38981120594
248177.1057394171
247272.69159928075
246362.79547791838
245480.2146003946
244576.77835247503
243695.4736071543
242812.90922806962
241954.55416478263
241088.1238635372
240243.08865572352
239387.74044028472
238540.20680410817
237662.62520024908
236808.43324370333
235936.3077686181
235072.668660007
234208.7805611186
233351.53159600275
232492.65544607546
231656.18974763926
230812.60343369466
229942.59665535117
229038.04236311742
228149.23254209335
227254.37614881073
226379.83492025084
225499.43034317179
224644.45154865822
223789.7666535855
222947.46448342246
222080.88204994655
221243.95613846194
220389.35971021376
219549.82593918947
218695.16692959104
217872.46775027673
217033.42684419782
216220.9805713808
215394.25964371103
214601.61302202687
213794.02099797415
213015.31601475598
212228.420946086
211467.48493378828
210690.59632936114
209946.53441698052
209186.42236616238
208446.22406230707
207674.38796791443
206937.4035075821
206182.76077056592
205463.93951777613
204731.29644755652
204024.7525084414
203289.2913790276
202579.68436132616
201850.2340200106
201146.70038815538
200430.92486727596
199724.7661683172
199007.99172813332
198301.9847774874
197563.74514191973
196856.71290715752
196137.35946400376
195453.31879680025
194742.45617047668
194055.43940802832
193340.7006868104
192665.6203459809
191961.7702622221
191294.5068666017
190614.0752103817
189958.3486338044
189263.92479445835
188586.12303515433
187854.62334679093
187154.6608943356
186418.92099824225
185688.91424528684
184934.1831985177
184196.73270792398
183449.18133262705
182699.8980512159
181939.64479503746
181187.28547018138
180422.87200727357
179668.5126885856
178880.60179195245
178133.17924065984
177354.77634591493
176611.86553634555
175847.88258912976
175104.9772345108
174305.26968049124
173556.39121131855
172773.65535950882
172033.42765629783
171274.8529573247
170558.91601249296
169812.0460881148
169107.1077818485
168357.71220866684
167641.05253599142
166907.3584773726
166203.02673929205
165482.6508582752
164788.21693987589
164082.37410311966
163384.0166317172
162670.70311547795
161989.9920336029
161264.0151437747
160568.25640927264
159855.79434938045
159137.10231713127
158397.50203161748
157681.011582004
156955.98821684232
156249.1329354225
155482.2424561913
154736.9403206371
153980.50092896697
153227.26320253563
152479.1628601884
151738.43473751206
150978.58244672275
150223.77461914782
149475.26306318885
148732.27478386989
147996.71549076936
147261.9029505611
146502.38416830022
145752.599883854
145010.36218388204
144256.6740064827
143527.82777098188
142804.7817994855
142079.96780525116
141368.9635584245
140673.97115875338
139987.78618308375
139287.12417572408
138574.3965398311
137870.60513470418
137175.5195563771
136480.2986740571
135791.26485532807
135107.23138111483
134418.62273365248
133687.66452584148
132986.2721051941
132252.39797580388
131559.79414242643
130819.84139067531
130111.08667730037
129370.5479654994
128670.21998417602
127938.74409567447
127243.49866359054
126506.46695216894
125785.56686486599
125044.79733155473
124331.87336797343
123607.82656393228
122909.3430889868
122204.22536047724
121513.69344225817
120817.40135500996
120142.42590623217
119448.25426930664
118768.91098416933
118077.49579790716
117382.05147275486
116677.4541348911
115993.30746326967
115301.12531511107
114633.0251344555
113965.79496450674
113308.24484452234
112640.18365576571
111981.48857538242
111311.31434463526
110675.85877489655
110013.80869471117
109377.1773968711
108726.74074872881
108094.64611682954
107446.68856382585
106826.3284631295
106187.95969635219
105574.01519899932
104944.78957887027
104337.55782679269
103727.38115551764
103133.62566430145
102534.48898356645
101956.28447352583
101376.63198720299
100817.42439782516
100243.3080367471
99673.539282364
99094.91347290418
98531.23005532153
97952.92086710809
97384.9432357198
96825.91319093996
96263.86885809699
95694.59064892384
95135.33612922337
94564.92712630451
94003.93406373626
93435.2577682112
92886.38994011948
92340.3031641093
91796.43572835966
91252.89928750228
90707.25372868941
90150.04816902899
89585.90856851412
89025.32085917192
88469.36980411588
87938.08457800867
87380.10262264911
86833.5983436435
86285.01031943527
85756.69760117008
85221.10304835111
84689.72601251725
84171.92195594493
83667.79825147531
83167.17563115989
82676.43194207284
82193.8062444087
81717.52419639185
81243.47862819734
80767.64514067805
80300.69336749722
79847.48768347138
79392.68513922866
78935.76531726733
78493.31263167507
78057.05814057932
77614.21369731885
77162.57657692322
76724.0461068733
76296.00726652225
75877.14294411473
75437.67180245303
75012.27274343924
74578.90098188039
74155.6034148359
73730.00129307208
73315.13866982395
72883.76596107736
72478.01082620036
72056.64123135147
71648.65915717762
71216.8598257174
70810.77368140727
70391.2973535399
69978.94913377783
69526.42981062122
69109.48168179582
68664.19841837692
68238.74356730169
67773.27553755228
67337.7204807782
66867.23021381002
66423.71301337045
65955.4027776628
65502.21472391467
65026.18921878372
64578.87912489922
64107.06583524778
63680.80267753788
63234.65549079699
62817.26638752592
62391.030091995075
61993.88159562477
61582.00405403987
61198.262459526566
60802.39944447008
60433.813229739164
60041.1513636719
59664.818114879476
59276.97954667409
58918.9393005289
58531.85361246994
58178.36051469953
57811.22807917387
57474.68688127771
57104.62724785748
56780.24153468969
56409.33683915799
56084.21251691379
55720.20222738155
55396.84746413453
55035.318004415145
54705.6154027711
54341.63051211818
54004.67041394596
53641.85692307789
53317.9069601169
52961.47111241528
52628.99523886271
52280.177342366835
51940.695311656236
51592.13119710778
51249.672711829204
50909.950933426546
50570.59710698119
50220.18029533228
49895.313755634415
49559.71982150536
49230.537367753204
48913.117688517355
48595.62543944438
48275.127824737014
47950.09617256425
47648.06362825563
47331.77443656736
47020.502509780184
46704.335872345124
46391.89225878673
46077.40357930691
45781.112798442686
45452.324975624535
45159.81251448213
44847.58364086559
44525.68881238128
44203.43558328108
43903.145224917906
43592.199278878106
43293.415054695964
43000.08578999713
42707.8391857149
42426.520355676555
42135.425935075546
41870.89781734225
41585.38329742224
41312.80718298666
41034.90209717648
40749.58792100722
40493.81032545372
40190.989868474724
39936.6389481897
39672.003694012754
39430.04082539205
39150.210131645435
38907.503639423485
38650.45841188878
38424.40697512512
38180.38893085595
37942.72258966199
37690.65424558888
37462.51457361652
37187.70247169721
36939.17375269423
36675.058755368795
36428.41141744585
36157.05333624432
35896.55761406218
35615.13267202325
35339.02709457745
35043.45917107855
34755.652568257974
34466.90707470699
34183.980870990184
33904.46677611745
33625.28411011181
33340.3872358457
33063.24060330272
32783.31521295666
32508.885032929382
32231.712607845955
31960.166423320232
31692.797257425955
31419.48286783119
31124.46981363004
30854.637965697213
30557.15158596155
30304.746985245074
30029.11110940568
29768.434171077457
29475.95632046791
29226.47744591585
28944.909129190008
28704.79399934697
28433.99196670209
28204.164776516467
27945.62914773002
27724.88572888998
27478.15048436671
27258.270664941614
27006.384118085338
26791.215822800845
26558.637788350774
26343.88952603959
26114.391422728524
25921.248158643048
25717.67715180056
25531.102052688522
25307.760480655612
25114.423856695583
24898.87748747473
24709.906434372162
24513.967529400004
24312.61331940339
24121.085343546772
23928.851887335633
23730.54098417679
23537.081114206405
23341.631965973636
23162.72118159077
22974.316931517205
22780.37799258091
22589.794169398574
22407.196755192257
22216.6693459684
22028.074706401534
21840.871334559066
21653.058899471616
21472.2680160645
21296.63989818394
21125.169651410804
20950.769670848087
20761.0231615698
20578.435858264107
20395.569215328556
20214.623036737692
20046.014610717295
19863.37288477332
19683.523642556804
19498.628155089762
19330.583295385877
19142.27115796949
18969.94410628945
18769.620112222103
18597.516645363896
18403.068291727777
18234.161038231883
18037.95993937673
17862.50789172986
17665.737686222034
17488.505472556328
17297.842091848437
17115.35293007492
16919.842424383914
16737.025935892194
16535.620528014897
16359.650474800126
16160.611264675765
15966.958278456868
15785.014963773914
15599.731844198084
15428.340141562685
15249.039411172458
15085.57673205546
14921.966370764874
14752.187337972404
14578.013080572102
14422.246955114215
14279.419601326488
14136.03637910814
13990.463227867918
13858.559841066704
13724.070302129641
13589.205389451785
13454.326788486673
13330.853002083515
13198.064781043677
13079.450975397705
12952.708054698458
12850.709768829169
12714.403670011821
12597.566495343199
12468.344080105759
12354.949864990784
12214.38278616145
12092.197360502314
11970.686741570176
11861.202635206648
11751.580663254726
11641.963049950065
11525.199482062233
11420.03927980344
11308.08890036982
11203.548871923
11096.71814840946
10993.721453385675
10907.128522573605
10811.268609073351
10731.209488588693
10636.640647313287
10553.390834409895
10470.587570499549
10397.192279690169
10315.606174526007
10232.70240343437
10161.439721477926
10089.666758394256
10035.726097868266
9962.609054855395
9906.139817828183
9837.79785196951
9766.773791861817
9697.724131009703
9650.46363671836
9590.46808963989
9519.54941404628
9466.42331472917
9420.188627526753
9356.10572957078
9309.652269584323
9263.065411575362
9208.886026226974
9149.173468779307
9105.417572105247
9060.533565742728
9006.225678723558
8950.47925157289
8898.902932803809
8848.358085419768
8806.485521979226
8754.820472674608
8698.441238960731
8658.29990556706
8615.921451163304
8562.813034574909
8537.368294284839
8500.938495973647
8452.636027927372
8409.187911027777
8360.714208363144
8317.555440704176
8269.746403577044
8215.752343933298
8174.7326105998745
8129.049386549618
8094.242006238846
8036.069291706759
7996.979401517236
7937.401927042525
7900.35342138874
7839.382131009433
7805.5084927621265
7742.475709218833
7709.299669256769
7656.037030015747
7601.210463281779
7562.904528260938
7512.115150932739
7462.6418885022995
7418.772283535312
7366.179968454304
7329.92334312019
7274.168209844492
7225.787171755558
7178.410675220348
7135.387346261838
7084.110853700344
7034.847234747745
6987.012713718917
6948.383865845934
6892.186961378392
6857.479040668115
6820.057203446883
6777.064342226063
6743.473849678461
6692.884395850629
6658.616386936828
6615.578436538085
6574.611539128855
6534.129684044455
6490.953981143471
6450.142517328954
6413.670607402003
6366.409362776712
6328.877186680088
6282.174733528349
6240.105386287424
6199.3799312239935
6159.607519320446
6117.685894060474
6076.199402956184
6033.124335021063
5996.139842273562
5959.030014381109
5919.631785904332
5878.018742988559
5842.94193821518
5803.490035656508
5777.957869926177
5728.846098678342
5696.061127597895
5657.627360234971
5618.096205754289
5576.12318337276
5548.168831869917
5506.086890657621
5474.710218177374
5433.515607422426
5408.715696741591
5366.1187800731905
5335.63945373696
5303.792072942189
5262.616242315458
5232.825869567995
5195.532901631669
5155.193195731929
5121.740723004312
5084.617421726201
5047.148339973474
5005.426587386165
4964.642173867612
4924.8242894828345
4879.917643752205
4843.412016916441
4809.847230077997
4772.1559367084
4745.040179740535
4705.75722203517
4674.69316490908
4637.709790773132
4595.965980903837
4553.412580218642
4517.018647194366
4469.235884672311
4427.791753242353
4391.856855946187
4344.844146039364
4301.645122342146
4257.424920858728
4206.8823747987235
4160.614214070163
4122.733578509529
4097.509647898787
4052.1074837367632
4022.6115671147695
3979.7471708922485
3943.3096884451884
3907.8486296712153
3886.1960031197054
3841.9551442890893
3813.902422853536
3777.275600378111
3753.5368008306673
3713.631963957348
3685.0502940061633
3667.717565770017
3630.1480187237566
3613.065129368025
3591.5158302082677
3567.9763994256195
3549.378294821726
3523.521163823804
3506.9795929254133
3490.380939574206
3467.5376404447366
3454.443161795757
3437.5259792984552
3429.125210458326
3411.1765865079938
3403.360960407183
3395.688830488758
3385.807022704707
3370.2000330051487
3360.476702734279
3352.982020744962
3346.527209895874
3335.5877328168176
3330.569741107735
3317.067440368983
3310.859048646851
3306.2249211412322
3295.6281913367857
3284.275968069234
3274.5531611321967
3268.9873870893352
3266.1762051440855
3256.3059460459112
3255.516464501331
3249.185165668855
3238.185134675687
3232.128319649536
3227.2940443376024
3219.190506318765
3211.745044959094
3203.0774254254857
3198.5021663251755
3192.3188976635147
3186.0149858695886
3183.9492239457113
3173.8506676931343
3164.878521036242
3161.942381838312
3156.2703809621653
3151.283263827518
3143.338870587137
3135.6627633079506
3129.1331669473047
3121.7287010762516
3110.3905502624643
3105.2493801754767
3091.4161976088712
3082.2687999139957
3068.2305177392104
3059.2961818804824
3048.4175764631427
3045.1214915653213
3022.8468748531727
3027.7425594539486
3009.5101368414944
3006.8384713659475
2997.3164506418075
2994.0238517978946
2978.0002999229255
2973.75182974662
2965.8286199516324
2960.439367018171
2947.402348737208
2943.3517291609337
2932.630364293071
2927.0511995406077
2919.5316453333253
2913.9248555513723
2905.8433623297133
2899.54611053685
2889.4897172318488
2888.9158115771284
2877.093014731047
2879.4755727285465
2875.8268936403197
2870.560881787018
2869.99090620187
2867.6862255670867
2871.5018008658094
2865.9729939641784
2870.96472804915
2868.9811981461207
2865.213371731473
2862.0145482696166
2865.0884148263767
2862.877789432951
2862.826618499936
2857.4866514547384
2859.7785554154093
2858.512825242025
2862.199857177213
2860.766804496446
2857.113439916368
2858.277056694222
2860.1037284367485
2857.3433235792104
2856.5295029832782
2854.5358589690622
2855.5157357939543
2854.555998353459
2854.3788239636483
2855.0069987747684
2850.5536711932887
2852.0646949218844
2850.041526127131
2850.273244269663
2845.4706040761616
2847.1145110665407
2843.3000338113116
2846.2557774739466
2837.2730751721997
2839.743492105118
2838.0641163149376
2840.48977358671
2835.8777721149527
2839.2307295531255
2833.2932842822506
2834.9519068767195
2825.9881320319173
2830.7564591612
2824.0568303415566
2821.556710815768
2816.335209733214
2817.464779751435
2811.102222223818
2809.207344603232
2798.0617505252
2795.5997130811593
2781.376579103759
2781.6620886201495
2771.988285862397
2766.738310850156
2761.123490685918
2756.8363773861365
2745.8762010054343
2744.6860186900426
2727.844414558594
2724.363725855144
2713.363146298143
2709.6296031488805
2695.3302841453915
2694.3074835568705
2682.4348240866943
2681.437479791572
2671.1085413258224
2670.846350223712
2656.8968794718526
2657.309395290797
2648.7086876169474
2653.4408953943534
2639.6773631584756
2642.569029876954
2635.2922709886084
2635.688115396458
2625.6989885654557
2630.4387138317634
2621.614308744842
2621.6547763574667
2612.1671286479955
2616.476671143868
2602.571244462068
2605.9192996763777
2592.6434930619744
2601.3953470894303
2587.303048626693
2588.0724153474207
2586.096431624669
2586.550413466151
2579.081575518972
2584.359268677652
2571.20601014661
2578.057703921151
2568.0426395447184
2574.0929376839767
2563.961671277125
2568.0526280929134
2563.2468543689447
2564.4122930542376
2557.4672378655714
2564.6112553369503
2545.7959585042954
2548.3382804929606
2531.50372120084
2533.663644105653
2516.0597921781164
2515.8321484046237
2504.237200379652
2502.758087131085
2489.3493240957955
2494.5456711815877
2475.9833412543135
2480.0560929923317
2462.7161006011975
2462.07585499234
2450.7097398631217
2447.4401008763834
2437.1029494600375
2439.1460215002417
2421.165611804424
2428.830136964765
2408.3220492510122
2412.717025426588
2391.15162971469
2391.186945263779
2380.3524557671567
2378.3293714336273
2368.754837351995
2368.7164751062737
2347.406911236493
2357.0405332585706
2339.2472494148274
2341.947974642531
2328.328443606625
2329.8728918488846
2317.754305333193
2320.039504684649
2306.6475981948474
2313.4881781174186
2298.041321475057
2303.857572824265
2290.4905572206317
2294.6761685338474
2288.6988599726305
2293.9234455390215
2287.763100960058
2294.060716211041
2283.0696510489265
2289.5200250319044
2287.2626836203303
2290.2487797637814
2283.2678246449814
2289.8701082220805
2285.605116460179
2288.8694325569877
2277.249402399413
2281.090113080566
2266.6728854229964
2271.8814185973997
2267.8638594919757
2268.5811758886316
2256.695713811006
2264.136643270138
2258.476174907561
2259.671459390997
2250.311047152289
2255.5880589159415
2243.952448675812
2248.1014654935834
2245.846750624796
2248.4861639856035
2242.0074148924377
2248.4513318199843
2244.4639580416365
2249.264120578659
2240.5093735866335
2247.777273874663
2240.426152014324
2241.0665310599297
2240.637871594629
2239.8563742450897
2238.327738592202
2243.9983599841453
2236.763694515805
2242.1357266703
2234.0909971095602
2242.495721327751
2235.4732744835487
2236.065865186876
2235.3718144978006
2236.232351428805
2234.291565939802
2239.9955181973373
2230.1897224430354
2236.2693111583476
2231.9787025350292
2238.4482379737487
2231.900659867406
2234.7215134257335
2232.0751215099444
2233.329999053037
2230.9577081097614
2234.2485437844666
2228.7966642290744
2233.2064983859623
2230.9309305750558
2235.1897743069626
2229.3990353238546
2234.501134755432
2229.5644878473445
2235.411695115313
2229.0925438336785
2232.23426005283
2227.2569209473513
2233.326540837723
2230.5315233119436
2232.2160553615804
2227.7249415932156
2232.0615758373933
2228.3207188283645
2235.2837506534465
2226.1675267780392
2229.4774871770765
2227.2432881591762
2230.6260876291894
2226.924284705615
2230.780923534745
2225.3646121063343
2230.634822403381
2225.6035054735753
2231.1256539821134
2223.04802334552
2228.17190564594
2225.7798064371145
2228.8227326288265
2225.490337730035
2228.016093376539
2223.561574847722
2226.941353598446
2222.3759352185
2229.8889142174894
2220.3052665647174
2226.851121279072
2222.392052395474
2228.281975008878
2224.9998689590034
2224.6998777942395
2220.844970400421
2226.746594307809
2222.774051573998
2225.448942504828
2217.431326789378
2222.471998831485
2221.122216797759
2221.936108996966
2223.190446999045
2223.373241774994
2220.0479795849947
2226.9722311803916
2218.2668707394323
2226.2299102927896
2215.332892891639
2220.839279486697
2220.679574955106
2218.394813136817
2221.224398033201
2220.665304566331
2219.572798698679
2226.6508040348817
2215.785726166296
2222.8791208857297
2213.0658027167165
2222.2867020334647
2219.7129076649953
2219.137661163962
2220.559956352095
2222.2570233328706
2218.8027921199673
2224.2302578083722
2215.0036732359213
2222.184600729652
2214.5478470923244
2223.225377650656
2215.2042852222894
2218.573606211855
2220.9558027666576
2219.791982473033
2219.9559165848646
2222.201818143493
2213.2821651038707
2220.494935463983
2214.718065015518
2222.2653918294113
2211.1841663659034
2216.7686634649685
2215.134410025961
2216.899536100503
2212.5201586161684
2218.8135132581965
2210.5214865986472
2216.1956436093833
2211.3703930099755
2217.324725426082
2205.994190259106
2214.211671493907
2212.218810280986
2214.063996619192
2208.9464504992625
2216.56321271346
2210.30931777738
2215.724254154998
2210.6713426846777
2216.557420668654
2207.2216637841793
2212.948622118929
2211.3477602757466
2210.4683774697005
2208.921595244152
2212.4953862690136
2206.356552618877
2210.1201188297173
2202.7020971915344
2207.4983342968626
2203.814411487797
2204.2411958038783
2200.736218389677
2198.0570661949478
2199.5565949173424
2202.8084055110544
2200.2940511450242
2200.4209043991746
2197.583606609337
2201.3225634123646
2200.2367615267776
2200.221706584294
2194.7861649218726
2194.267820471917
2195.5960081279895
2197.9016959089486
2196.194346790566
2197.2982232769937
2197.665477077271
2201.5680350146645
2197.5619038361688
2198.6945851805676
2193.2053441568237
2194.793176859064
2195.196902549527
2196.012945187297
2196.711541112556
2196.1808234901036
2200.3800100560734
2202.645835427458
2195.5820448299937
2200.1698137289113
2191.383016848625
2194.418920140018
2195.5034962591712
2194.6668438038632
2197.856540856392
2195.289631575792
2200.784949848784
2200.7671918929527
2192.852412285819
2199.933690279266
2191.7772856361644
2196.861756440596
2193.6130062827224
2192.190900056931
2192.769198206784
2192.739215745499
2195.1314151511274
2195.3573942473736
2189.3979135629384
2197.526042121241
2189.924457449292
2194.6295500890483
2191.6441093231133
2189.7779624208297
2194.3472369767373
2191.1094232895784
2193.212734001701
2193.3424402211995
2189.0029517767907
2195.6072638525307
2190.8329363109897
2190.7338661760923
2190.85367973655
2189.020699548449
2192.0636224738378
2190.803668165159
2188.794211753
2190.788693071613
2187.392459316707
2192.6651836480232
2187.211183882367
2187.3594499290425
2188.975315240937
2190.3326643756627
2189.5780252335267
2188.125241273675
2185.260984317049
2189.481463827308
2186.7544584326633
2190.8421342195998
2184.9128428745407
2185.715853777295
2186.732901371397
2191.3783710902712
2187.6893373412076
2185.6533771010063
2183.807261971935
2187.2249306824947
2184.9505137572623
2187.0551974219857
2181.774420913701
2186.566859760106
2184.495362804324
2187.861748328848
2182.970502062164
2182.148469738181
2178.770878522376
2181.9634606077043
2176.5636995335476
2178.104469089576
2172.928673463306
2179.2031486098304
2173.4622929246525
2178.0911884533825
2171.3626516331396
2173.9935208258325
2171.895429169618
2177.1381780557404
2171.6994855680286
2173.7873494266187
2171.7997670158043
2173.952767948087
2169.817592479156
2175.1224642696884
2169.381246614364
2172.026491943491
2168.43287065552
2174.878883076223
2168.7577989044917
2174.5747864597406
2172.4957176836633
2173.229220783811
2168.6226382154387
2171.592328555857
2169.3334490693887
2173.115117522003
2167.3376551083124
2173.2689716528566
2168.4351746281786
2174.865916163012
2172.2261906679273
2173.202059099136
2167.8227879390274
2169.9849304632276
2168.5901204916495
2173.78633452345
2165.696017014776
2171.5795845411817
2168.1880461454903
2172.5297209763216
2170.698668413128
2171.613846469523
2166.9416464765873
2169.188971055997
2166.411233607905
2172.766632238711
2163.8170929270873
2169.050894410834
2162.4578711015515
2165.7291106854886
2164.857314077084
2167.1080057993036
2161.743723901354
2167.2835978136786
2160.937378657418
2165.2245795077056
2157.655367325391
2166.3207859843624
2161.8935337481867
2158.957744007506
2157.811936940516
2162.188873015255
2158.9682852801034
2164.379645192299
2156.717243824074
2160.643920456136
2153.6124248699575
2163.8939926912553
2158.216664388025
2157.46790116863
2155.447315730774
2158.0284331639186
2157.8435095856257
2161.7709697235687
2156.31278877457
2159.5582133871944
2154.307228492997
2163.7971977740613
2155.4421468801966
2157.1779319789075
2153.0467717734696
2158.4966912064847
2156.9115026717254
2160.519861940279
2156.6327721313037
2158.6345328805287
2155.4779602599306
2162.2986617797437
2154.4675071026904
2157.241256784521
2154.452510385902
2158.593307040923
2155.3471972722173
2158.7399660594924
2155.326526322158
2160.136499732344
2157.0781341459433
2160.642476708834
2153.4876802723334
2159.137848606078
2155.739045758679
2159.3479548349073
2154.0350521300343
2158.7719276497705
2155.4368934581894
2161.450392509425
2155.178435515491
2157.553703826858
2150.872881823147
2158.8873929647025
2154.965853431756
2158.113028957628
2151.9504835918237
2157.2299839709135
2155.6062226435038
2159.143766346811
2153.533175321622
2153.9611542469247
2148.556849149284
2157.514665315572
2150.3976142359265
2155.1020303201553
2145.7370131649277
2154.154084268238
2149.4139958853684
2152.8817518701185
2147.770938505647
2151.4747373131413
2146.410036935454
2153.4447171480483
2145.510089873415
2150.240054582172
2144.4274426350935
2151.334904536045
2148.979468127568
2149.3457302408724
2147.709308232767
2151.654474819605
2148.0508710589024
2152.8965663024915
2144.1996673982803
2151.3438794459753
2145.7683879938095
2150.8632802101483
2145.7206164658883
2147.1328780620547
2146.096636902174
2150.1499017567985
2146.581129018473
2148.272705919475
2138.771587811044
2144.6254392646233
2142.290058922894
2144.7711697988807
2138.744189162692
2139.8632235809323
2141.2361739746834
2145.0955163090807
2139.3595898060066
2142.371238450957
2135.6348658481593
2144.2492504408747
2141.6836272617
2140.709799548393
2137.6727707137948
2140.3259475940226
2139.136506557297
2142.341729542634
2137.7780487783643
2140.7126877153505
2135.915813524248
2142.6934774970323
2139.4347245108424
2138.5892465885922
2136.0551530019784
2138.640359313746
2137.008012126426
2138.9385375822803
2136.8231870992972
2139.021905964757
2136.837594186918
2141.251069314045
2136.5845135834606
2137.7615163225846
2135.8354986816776
2138.6769880353995
2135.775099305006
2137.2129452340055
2134.5211014656275
2140.8100323850767
2136.885522131203
2140.8959234961876
2136.992373163066
2137.9547728357943
2136.1102269583653
2137.012191660828
2133.1866559116397
2136.5411684911955
2134.7061518502965
2139.842205448518
2137.2068443142734
2138.366752201759
2134.7479765054823
2138.8600228851083
2133.3157858165123
2135.2015648710303
2131.6540531776473
2136.3068497193776
2134.316778083334
2138.4476209747895
2134.7890507325287
2138.779849826023
2131.9544915777856
2142.1222200185075
2131.2998981386218
2133.1230526846016
2132.66690602508
2133.741352348896
2133.807158996074
2136.6914268703486
2131.988538490338
2137.387196368527
2131.834853253222
2141.1575116241715
2130.0855940071333
2131.3042826436463
2132.6041614284745
2132.58983059659
2133.8890383193243
2134.2420124702917
2131.2541633117985
2136.858251595651
2132.6502920582707
2138.4529352046106
2129.819717996124
2133.2706802028592
2134.4861409822283
2132.423081621944
2132.998390532432
2132.291094731798
2131.2988969789335
2135.579578354998
2132.2978266394102
2133.43300842502
2128.5024377632
2134.496527626291
2135.864130579969
2136.400088370986
2132.564034022916
2132.2310312293857
2130.913308214793
2135.422527536769
2133.234963812838
2132.8261802466454
2130.1116680462483
2136.41108752296
2134.4513079712888
2138.970403034824
2132.100690833718
2135.002265616
2129.964343418782
2135.442174725501
2135.7353013423635
2133.456976036126
2133.004701890764
2135.3645104230723
2134.0732411506397
2136.363249627895
2131.7444227274423
2136.0212236665725
2131.7721260918406
2133.0775948886444
2133.108545948035
2132.355817907908
2132.797867777275
2135.813022041468
2133.1939200210973
2134.9860305198927
2129.4653424945277
2135.890509845681
2130.48495513943
2130.542511520197
2128.0297209319474
2124.769274088337
2124.219463298406
2122.8851292454265
2113.924724917103
2116.487105499456
2105.4970179391853
2109.6964023254955
2099.0860890136055
2097.328835715235
2095.32649890996
2091.0305893410964
2089.4827509966553
2085.364010870868
2078.1047554577194
2082.075896298366
2072.349178212712
2074.4453944597058
2065.45647276119
2066.3948801413394
2065.5067332166764
2064.8904208798526
2061.246698043966
2061.009447239997
2057.3218510583065
2064.5808661284777
2056.1289882524457
2058.6593578925335
2053.4652312809626
2058.448688929942
2055.6885200092943
2057.6929440463714
2055.6263186367805
2054.5175131668416
2054.592715519758
2060.6920875678707
2052.446163566879
2057.148676825143
2051.951823617817
2058.6395911589984
2055.684327784541
2055.008363866984
2053.4793309736806
2052.559105581296
2054.702658302338
2059.8758075424034
2050.8777417611145
2057.4735315827074
2051.851009418976
2060.151171075493
2054.834333844444
2055.2668304140875
2053.0495803645595
2053.031066860393
2056.334062461181
2058.1914419650625
2050.6732607345275
2058.4927274582283
2053.8542278519485
2059.951005602823
2053.678297651172
2056.4962890021234
2052.8459558804716
2054.926931063744
2055.7107636468654
2057.0746690638666
2051.850462398626
2057.6136207541417
2055.022141222269
2056.711453977435
2046.1426670669275
2048.0583896931016
2041.1686672157666
2042.4128239997594
2038.1019247788875
2037.2532847018033
2032.529139036063
2036.8211204085876
2034.1137533629656
2032.925276933366
2025.5762088319918
2030.7841613416338
2026.489682182215
2030.7963364568302
2027.071863124477
2028.0048471521523
2027.601404845215
2030.774974600075
2027.174404276909
2027.5223491647973
2023.043300613094
2029.6604029140535
2023.9291249522628
2029.7867553510434
2023.7003249148938
2026.4398174648677
2027.2786410660158
2027.4318015652134
2023.5012578736157
2026.3117901412343
2021.6502393646879
2028.570730750979
2021.5047456738084
2027.2385374333717
2022.068386998829
2027.055998042441
2025.3626742869947
2023.7939932443903
2020.2405417882148
2025.9276013521405
2020.5852981181577
2027.4378441629515
2020.019526368703
2025.285560627478
2022.1764565655917
2027.4188411174023
2022.564437006021
2022.72423222704
2022.3918914676944
2026.20740142054
2020.944243492974
2025.7318117554928
2020.263564125633
2025.0735856449196
2023.0285403839162
2026.4953213100212
2022.2581022736688
2022.0130086671475
2022.4166144180049
2026.184448361568
2021.1995207406508
2024.937389585783
2020.1025313198897
2024.131531756733
2024.9498221518143
2025.466797471862
2023.0761926016446
2022.326963637277
2023.9789356969904
2026.7933635766178
2021.3341163800303
2024.869843637832
2021.2724418695182
2026.154726241645
2025.6689663833988
2023.9936536189643
2021.4636434684978
2021.6572290407196
2024.154355768622
2024.7280668380088
2021.341133540495
2024.9348534482226
2022.8251087097524
2025.5511929299885
2023.668595052383
2023.8597855419011
2020.4508862264938
2023.351417573298
2021.8408215812397
2024.5268664754813
2022.1394830108268
2024.3259326246286
2024.5376768625274
2026.3691149028955
2023.7023501077656
2025.3221282647182
2020.5360843237743
2025.5529337585351
2022.0405160840482
2023.7042551306818
2023.1940564850195
2025.8125132198104
2025.6097298278078
2026.0372191925892
2023.211616187102
2028.7810456147113
2021.6329682625576
2026.6692850470436
2022.4202368221681
2023.5160325669021
2023.2601158201658
2024.8311039216542
2024.5133372572086
2026.1665000372288
2022.998990810698
2029.7602119530077
2022.17445918346
2023.9794342057282
2021.7037679673983
2023.4901239335488
2022.1501006299507
2023.5623847541365
2022.164230808777
2026.7812765369865
2022.8909355899218
2029.9108243114438
2022.7621866223783
2022.701615178376
2020.4327193500017
2023.6936585974545
2022.8368349038433
2022.2210689535345
2021.4474309822388
2026.1076892325316
2024.885334616604
2028.428017278467
2022.2297530600551
2023.9273997378489
2020.2256398286422
2024.9079067830962
2023.7511940899954
2021.0096979673965
2021.6784898514054
2025.3273249015162
2024.6557450326359
2026.861472758028
2020.642830442975
2025.0180276281053
2022.7480984918948
2022.9592140683897
2024.077470275351
2019.9686085136977
2022.709920894508
2025.4823534946192
2022.5745228445599
2025.4878497488564
2021.5231157514327
2026.3505783647313
2023.8919158307663
2022.6165066327071
2025.065127530288
2021.3732544532218
2023.0680744686933
2025.4717881037104
2022.1685704375045
2024.7058067084868
2022.700805986655
2026.8739613602847
2022.686940854378
2022.3218950171279
2022.9955051042084
2024.2117106840346
2022.3851087192443
2025.4325778773452
2021.744459391103
2022.9794426561145
2025.3081451829498
2026.6263326044116
2025.543996566449
2022.8332457573417
2021.2247239064598
2027.0552863001283
2020.5731354248364
2024.7845200515558
2022.4072394759564
2022.3672118400175
2025.4148566991157
2026.8119136173602
2024.608596742758
2025.281433297447
2019.42912093037
2028.6139449077039
2018.797058299718
2023.5565087737796
2023.1316077654346
2022.3765869694046
2023.8071626069896
2026.2339928417741
2022.8446509056844
2026.9102729553504
2021.0281991399106
2027.7591058243065
2019.2315480178222
2022.6177365837896
2024.5574274956975
2022.5560464502973
2021.852528428339
2024.116689070294
2022.568303820198
2027.5755004385042
2023.066398728446
2026.1220185733755
2019.53827723022
2023.7792699698457
2025.8831305970525
2021.6519177320824
2022.2943258420069
2022.0757947341306
2022.7769330621513
2027.5535329826287
2021.7323009102718
2026.2144258654412
2019.4335655899383
2023.060931426182
2025.6334838381063
2020.6590493916392
2023.3288101379737
2021.0214711876542
2022.3168173797928
2027.2990842267482
2019.1978400664052
2027.1872376078295
2019.5411596326744
2025.44557201748
2024.3927073545235
2020.6352878619896
2023.7638549753067
2021.896540161939
2023.8189044140352
2026.2546677211756
2020.5328140433378
2026.939485198858
2020.6669477764924
2025.9496416818376
2023.1874932793507
2022.3000431388266
2021.7842411260717
2023.5368064182326
2023.5639475060368
2024.4709702238777
2020.8042332180032
2026.2051002647127
2021.7440448358805
2025.4394412240304
2022.622219633054
2023.8510397540558
2020.7895795729871
2025.5715391439917
2022.0038788469785
2023.6643400002959
2024.0995737351734
2025.50390727679
2024.062579154977
2024.8202644368441
2020.4581706019592
2025.5321770022297
2020.6737192698408
2025.6931528568978
2020.8768947798053
2023.6527643608383
2024.9164060667474
2025.715117918765
2025.0384563863518
2024.6818056885982
2020.728264932334
2027.4319706225624
2021.9294051940174
2025.3626542586878
2020.9200978714193
2022.6475093803078
2025.0129700002067
2025.9426882060202
2023.2686262838542
2026.217740220196
2021.4568227149705
2027.9604246332342
2021.4586417885014
2023.5488074447755
2021.677334841091
2023.137109127016
2024.5020439493242
2023.7789743869962
2021.0774172858514
2026.2873701070941
2021.1186925484399
2027.9825148092339
2020.9982420557346
2022.8906885182469
2022.5129556876507
2022.5385856986916
2023.306471257189
2021.9138192813593
2021.9419214822499
2027.6555097475302
2021.4053916658938
2026.8965511996148
2018.1366610711789
2023.2046986138416
2022.799555625076
2022.642491430023
2021.354579381411
2020.8700038117395
2023.2649370490635
2028.0934747615527
2021.5826838838584
2025.1759001228083
2018.3640170058563
2023.8956690141142
2025.338240760773
2021.8037621079143
2021.7790703979042
2020.289351342026
2022.4900586782778
2025.1841239426547
2021.96487271744
2022.5061910386003
2020.1106625517423
2022.7344143196585
2025.4332255144043
2020.9180420599282
2021.6499238110375
2016.028285361111
2019.7983791153156
2021.917496597361
2019.2384433950829
2019.8765301921467
2017.5938923742935
2018.9486754081859
2019.2423070290256
2018.246370717963
2017.5763246144588
2016.3857244015544
2018.211501666393
2020.1005577115632
2018.0767110045592
2018.7127787376276
2019.0226015982146
2020.3429979183538
2016.43854654781
2017.509009547906
2014.0791420680484
2016.219531785649
2014.8647422840615
2013.8548003722544
2012.8276276047307
2013.0175198694324
2013.772854635779
2011.440451379836
2006.8488188867311
2011.9515869896047
2005.9872888749867
2006.2559131559549
2003.9104476500174
2003.7575523787204
2003.2078459157897
2003.5078170293534
2004.4172873951004
2000.2811404940774
1996.4710613970196
2004.2022273611706
1997.2040672039373
1996.8480891427723
1995.4145955660454
1995.6239988134716
1996.7551344017638
1997.7081417401064
1997.9974695949923
1997.8757971133823
1993.896301448641
2002.8918445789377
1995.0219703014388
1997.1654622356969
1995.157926190202
1997.3292340653486
1996.8923549091505
1997.1576244028645
1995.7489483559127
1999.3706971953734
1994.787682024615
2003.562519386926
1993.9601944358924
1996.6715892700213
1995.900449784876
1997.515448602306
1997.6427975164222
1996.0366095979314
1995.4007440947107
1999.2773297237682
1995.6417140528756
2001.6784455796922
1993.2687067119
1996.9723689703073
1996.6397611426075
1995.5780694339282
1995.9356249148382
1994.2765131220578
1994.5413849881854
1999.1150659560103
1996.3831656006323
1999.1779465508457
1993.3540312590092
1998.5546799833376
1997.7559285762832
1997.2413946984234
1995.3422670648165
1994.1521875565788
1994.905976682139
1998.0621515809462
1995.9423896148835
1997.0541517553816
1992.7688940834628
1997.496107980564
1997.3272547448823
1997.216318603773
1994.897295444926
1995.51933114738
1994.4061229376275
1998.6754123760184
1996.4971434724446
1996.033613606213
1993.610447086208
1997.2435177178343
1997.1946655853742
1998.7442352427413
1994.1957545439118
1998.8239670381126
1994.1255156610239
1998.1018878878845
1996.3870928839026
1995.22007303532
1994.7154667628315
1996.888699995074
1996.1846407144494
2000.9800921148797
1992.599029231977
2000.1600686624122
1992.3237253873233
1996.3375611468953
1997.1154440847802
1994.9531807940116
1996.8665721983089
1997.3175250103584
1995.5204372331568
2002.375422786676
1992.1094860816486
2000.2200385356914
1993.904646007578
1993.8199363757358
1996.2753424633295
1994.6402026046565
1996.9869602108386
1997.507256997358
1994.3272237213992
2003.1673329964979
1992.5015844705915
2001.3191402311104
1994.7059709351865
1993.2954428732526
1996.551427039973
1994.9827937693478
1996.4177191022948
1996.6196602316543
1994.601121564962
2003.549980476749
1993.3807285692212
1999.5867411286445
1994.403192863163
1995.1159818301294
1997.0895646164677
1994.4340180275547
1995.191037514643
1995.6894625451837
1995.095004657317
2003.3072180313836
1992.566824209821
1997.2423768396663
1994.6442713047877
1995.5284951250283
1997.4750292342605
1994.2301306899274
1994.114811814479
1996.1331526128456
1996.3655149436602
2001.9379021308694
1993.4325603789853
1995.571081925064
1994.6176037004232
1996.2066370616556
1996.4457345085664
1994.2854343042816
1994.6842691742274
1995.951680041205
1995.435838974147
1998.852865263628
1993.9881842497155
1996.249487763461
1995.2562816778202
1998.270159826543
1995.0795697374529
1995.6348888231043
1993.521121932141
1996.5795621509467
1994.4353628138688
1996.5141712112304
1994.1542501643241
1996.0393212816712
1996.3532426444913
1999.1588015221835
1993.415967170961
1996.7368550696274
1993.6667507419022
1997.6911151968336
1993.6809131817975
1993.904675762921
1994.1736910859154
1996.2428241846771
1997.0353831360985
1998.8872587237895
1991.7280587729158
1996.4711091831123
1994.1718149027813
1998.390340899673
1993.2097857276888
1993.49094839523
1994.8063953558126
1996.3827407564931
1995.929138471868
1999.2121935998198
1991.4227938259871
1997.1371972682668
1994.2926464547515
1997.545610932694
1993.798464589221
1992.7888649480306
1995.825820457866
1995.9927563133344
1995.2184504155189
2000.7716897587916
1991.7600719513657
1997.2283791389195
1994.3016400439014
1995.6885907417236
1994.787723024015
1993.3436929087547
1995.8291291458631
1996.247481961429
1993.784998758484
2000.642898456003
1992.5915206803943
1995.6671830334485
1994.3420628519077
1993.645825680028
1995.8660187362557
1994.361746067438
1995.8409159535663
1995.1587070327878
1993.6556735792317
2000.6960480806856
1994.6281008617807
1996.2853610665077
1993.8410487540382
1996.0510001198932
1997.4969603831437
1994.5012361761012
1994.6835813488638
1994.4170726986597
1993.7714412138669
2000.057608418752
1995.1370880737036
1996.1330645072242
1993.3783270048807
1997.166328820026
1997.7546039528195
1995.291770012257
1993.17946571306
1993.9518721464171
1993.825005406226
1998.796696126543
1995.649457577128
1995.0820818651139
1993.3152665455088
1997.7894623508912
1996.5350896272569
1996.4858931231583
1992.7212263565727
1993.7520737425318
1994.5300845723802
1997.3732526819813
1995.6089986501274
1993.3623111565462
1995.3907566553676
1999.0586296216304
1995.2933900105586
1998.2354909546684
1993.1844761771297
1995.039092533888
1994.3268225486902
1996.4368446860653
1995.2548894681372
1992.868215174969
1996.4840556678087
2000.1757416563887
1993.885322071482
1999.6039507561386
1992.3817929182187
1996.0881092234451
1994.0582589604637
1994.4744491798451
1995.4820210519667
1991.8676697529618
1996.4091004740276
2000.9815760786464
1991.8689017978763
1999.9255531282677
1992.8214319096257
1997.2909292376885
1993.9966577863054
1991.7923712006086
1996.330308263681
1992.0606677434725
1996.8996386511649
1997.9109461073276
1991.2917368216265
1999.5442313194283
1994.2473331334916
1996.87651907904
1994.0261401852663
1993.4611223437341
1996.2888745953626
1994.7473302925584
1995.626681539851
1998.7877220060773
1991.6920951540308
1999.2995959427428
1994.176475329666
1996.8702379500837
1994.2456198534392
1993.2571925496263
1996.4487424748522
1994.6510762638716
1993.717580709135
1998.7385775350729
1993.1202158962467
1998.7909457782152
1993.0084065970614
1997.076833446175
1995.913071890014
1993.8020615804544
1996.599075453619
1992.6475526668394
1993.2935066719713
1998.8430819737632
1993.8856224721123
1997.521405336465
1993.2873797144614
1997.225544793626
1997.4643156667742
1996.0860898234557
1996.292479122691
1991.7857200662322
1993.1023393986243
1999.000526935716
1996.0678067446634
1995.780571853735
1993.9157405275428
1997.4865108352851
1997.3910045514838
1997.4920024551052
1994.0376996616976
1992.1496679489078
1992.3788710926779
1998.6745956982645
1995.9168071869071
1994.7661289205714
1993.943798782172
1997.7187088901328
1997.5623575602935
1996.8035013587046
1992.0420038375455
1993.4016261240731
1992.3255256772063
1997.9075714031537
1995.466292369729
1993.5530132998942
1995.8168203991554
1998.6992794780429
1996.1522299726917
1997.332000265058
1991.963371114579
1995.4309794798996
1992.0414597570627
1995.64694412054
1996.0692592020794
1992.3878234938743
1996.4224042657265
1998.5461074134616
1993.08077933186
1999.2824411562488
1991.3487174418467
1997.3020192986137
1992.2785823154059
1992.6618380490763
1997.0141220551498
1991.3588658488393
1995.5105642372926
1998.1172103972765
1989.9724675721586
1999.831196726991
1993.520306534245
1998.2398223659316
1993.2065581019206
1992.0024852345107
1997.5555351001458
1993.1738412606435
1995.4370556309611
1997.203623885725
1990.4444035060953
2000.399610550596
1993.8437274965866
1998.4095071130164
1993.0333757415033
1993.036371751558
1997.115402191653
1992.464962059227
1995.8505560941173
1996.2105837867332
1992.1274400292918
1999.9937210977448
1992.6600280478226
1997.757826628871
1993.3136493652266
1994.456156838238
1997.3621445174388
1992.7171766864374
1994.6546192853252
1995.2472963722719
1993.1592449619268
1999.7706759995099
1992.348216795229
1996.7358464245588
1992.3346383274682
1997.4270704270689
1997.7946680856876
1992.8905980836773
1993.32573733716
1996.5086757922613
1995.2348930880257
1997.9755379931432
1993.0816024502608
1996.4277023563086
1994.2367950443931
1998.3766407983867
1995.3463189326715
1994.1206565022808
1991.645326760131
1996.8726931973167
1996.1021525576582
1994.861737379222
1994.042844634177
1995.7966029676197
1995.7001772168524
1998.6753057902395
1992.9854994734892
1994.785666579582
1990.7757330435222
1996.900155410038
1994.867589612204
1992.9823850254882
1994.4059857089271
1995.308008179954
1995.1160292851368
1998.2775742873207
1991.3734222302974
1995.250760418654
1991.9874914987404
1996.3603575353325
1994.2398931941077
1992.130408311491
1994.328566671934
1995.4933739003393
1994.5253967216997
1998.8046483410678
1990.87615968542
1996.80057405025
1992.9400496184944
1995.0910045154071
1994.8080552532022
1992.3435090648563
1994.1943865092028
1994.8105953840725
1992.555392800217
2000.305967646504
1991.9240856978765
1997.880744483412
1993.9578140474407
1993.3069457183315
1995.861404938344
1993.1088353152168
1994.3795314289616
1995.2240513353802
1991.6638364103417
2001.975628148987
1992.7470358133282
1997.9088819983574
1994.0901744185526
1993.5155685496964
1997.2881206272891
1993.7233243877317
1993.772976763927
1995.6213355869004
1992.9738532833524
2001.969947186143
1993.4385717824066
1997.5746110058446
1992.2770349042
1993.7477135704485
1998.5706070434576
1993.7113080204206
1993.0266575242374
1994.8897978605905
1993.067405974902
1999.8315520213196
1993.2165146289465
1995.7355967170754
1992.2326157766374
1995.0439362940945
1998.9052336547145
1993.8495936714146
1991.6446340213552
1993.7260992271713
1994.2931135901683
1997.4936626593717
1994.8568453789742
1993.8759399374705
1992.6431755397268
1996.101906288896
1997.6100678069033
1994.8442022215686
1991.5476476518884
1994.0953794057386
1995.0699569868548
1996.554259969841
1996.402197712689
1992.4983890322164
1992.7226590060504
1997.2293422249868
1995.041659231812
1997.2361799933904
1991.233422900742
1994.4729066704595
1994.4188219148914
1994.4454850436182
1995.483651797186
1993.7609254799102
1993.6404624304823
1997.9436175704116
1991.5805736303635
1998.9453575260345
1990.877720629507
1994.0879065707159
1993.6890562839346
1992.1023068845363
1995.416788902938
1994.0401430142792
1995.7642127660276
1997.2739423282549
1989.7806555471584
1998.5241722558753
1990.9294877303464
1994.8757582199455
1993.1812265216233
1991.2655450138755
1995.7130997353001
1994.7581340495187
1995.1037974670662
1998.080895979383
1989.777118526734
1998.1288501612896
1992.3361735094904
1995.0215928219236
1993.90698852772
1992.209018346246
1994.352760010936
1997.6310420509462
1993.9995043585882
1999.1002834822573
1991.719405544668
1997.725533307186
1992.294651528903
1995.8434911603424
1994.791748182395
1993.8560779898805
1994.3886040662612
1997.9329995843573
1993.0462433418522
1998.9762954322148
1993.4218351929926
1997.9415755550185
1991.2314853003877
1995.835668359022
1995.5344062929776
1995.6218805431108
1994.3630589873865
1995.9932294482387
1992.7880797940752
1998.3907639066792
1994.4762919881289
1997.3784667853208
1991.6235332579217
1997.3636636382635
1996.7988608459314
1996.9588470529584
1994.9868113091798
1995.2434849832757
1993.4999294806134
1997.716733104157
1995.6422546234508
1996.5088310984047
1992.556244301351
1997.1256563349732
1996.4952754723397
1999.699912993208
1992.8096754735245
1995.6429194224552
1993.3927306140881
1996.5661563240994
1996.015746230969
1995.5976320753314
1991.9190750188955
1997.4079603401362
1996.7125848746978
1999.8800281590256
1991.6074886408096
1996.826508868134
1993.1770770881371
1995.2709886501966
1995.482285907206
1994.572125700397
1991.717176181551
1998.3152523177696
1994.3289151977842
1999.2962511325893
1990.7423668468707
1997.0976009662677
1991.8797754098737
1994.186744427167
1995.9383273357842
1993.3161002860197
1992.5370733158124
1996.7497007000113
1991.9074419393946
1999.775485287648
1990.0410884057749
1997.1596489868386
1991.1941286553792
1992.577854510738
1996.0559243260077
1993.3504000316207
1994.1044230070358
1997.1597012290147
1990.781465583438
2000.4087984662149
1989.8399745025492
1996.9146069849708
1992.0415986372152
1991.9132579498
1995.8204509537848
1993.7539014345548
1994.9833733800065
1997.0311375699653
1991.4668871450601
2000.9123161427408
1990.0412788485667
1995.8408775351697
1992.8897530601282
1993.109240017491
1995.19436085449
1993.6402971512161
1993.583901679726
1996.3721950678241
1992.9055296734352
2001.116651414519
1989.9475323726972
1995.3453555951596
1993.6167303946327
1994.9069964474816
1994.7560316094816
1994.2047742175598
1992.0838199310845
1995.1903561179986
1994.1676295103284
2000.095018542129
1990.6323740640055
1994.1483457443835
1992.9712913355656
1994.9086994054494
1994.7898623212036
1994.4421104238834
1991.9611361424181
1995.5569268126742
1994.9940064508176
1999.1308201154845
1992.4161053671492
1993.810601050137
1994.4912763511568
1997.164124909511
1995.0372795265837
1996.7122901937555
1991.240161798549
1996.9563122167483
1994.9434222428595
1997.2951741705263
1993.6380173191303
1995.047017368842
1996.0606972351197
1998.4725645628007
1993.5400688206694
1997.4930300745975
1990.2136832039278
1998.1462234252165
1993.615953271973
1994.644919934885
1992.83391723799
1995.0780071001373
1996.1988832507723
1998.0763569282701
1991.2351185106543
1996.2786354127252
1991.381295353456
1998.5478697847461
1993.3913079758618
1992.7733678594211
1992.2002911268246
1995.8718020160834
1996.116132400394
1999.0679783375783
1989.696478773125
1996.2223862354356
1992.0773103627603
1997.6479549368828
1993.5104854991505
1990.495378700216
1992.2897548183014
1994.8704790298668
1994.7204726828909
2000.6068082182771
1989.2513280596809
1995.940890919556
1992.3046699590432
1994.8368444514865
1993.4456966234939
1991.2119216015178
1993.1281850620117
1996.3783181581207
1993.0302340182268
2001.6350396808643
1990.0625220966397
1995.4004370464504
1992.6659847902574
1993.5439021186376
1994.4334276486286
1994.0493904995412
1992.06778636683
1996.0575545222832
1992.0871301049503
2001.632530242833
1991.4461466280975
1996.437999433102
1992.3052661260465
1994.7306524217763
1995.3340830000266
1994.1360879875197
1992.0729516336592
1995.5497626514941
1992.9386375391525
2001.4763150795934
1993.0019338170368
1995.867442340241
1992.7363860742955
1995.9858898230939
1996.444943550081
1994.2567936047913
1991.0777943212436
1994.7677911689561
1992.9091482355436
2000.5153361012403
1994.3795397666681
1994.934485762626
1992.732934741104
1997.316353548334
1997.3628228522634
1996.8223829035114
1990.2319968303948
1995.25606544931
1994.064762581183
1999.2437074474403
1994.7474373109767
1993.146660220173
1994.4122725134464
1998.195619760488
1996.5288528089766
1999.328592294099
1990.8241527882124
1995.3622123185582
1993.4148335037064
1995.5902853023565
1993.7715081977867
1992.3308166502045
1994.5950412419222
1998.172883818224
1993.1306375802972
1999.7192470026848
1990.5313760361169
1995.732475726777
1992.2479848890587
1992.693833053591
1993.2553837451646
1992.3997806465723
1994.745882523123
1998.0843133257968
1990.1657168391841
1998.836504971195
1990.2111502524358
1997.768799536412
1992.1017542152752
1991.8478655762005
1994.1014952083387
1993.970837343126
1994.3958821135056
1999.2348473250797
1989.1960899336361
1998.2930018002783
1990.6455266237833
1997.8044659271832
1991.907815948754
1991.9855703876372
1993.966143617746
1994.1588583793477
1992.7435168225497
1999.7340940205181
1989.444751733235
1997.6630445124924
1992.1242519044902
1996.2320107285752
1992.768061446996
1993.4054416394094
1994.0296479489236
1994.8290775275725
1991.2584527830372
2000.4794167003167
1991.245242529965
1997.5192627339275
1992.2973094623078
1994.8765977831597
1993.9040494167302
1993.6942393675226
1994.2803761160624
1993.9060791051722
1990.7842514603328
2000.2278033400717
1993.453903778677
1996.5183676905328
1992.5684391487166
1996.1277217553088
1995.6065555114203
1994.6676026979842
1994.0191983529248
1994.8027706209416
1990.8749215779505
1998.1043669088908
1994.5355390741577
1996.0116696227017
1993.230430867277
1996.7028829591975
1994.8544922598312
1997.2688081358804
1993.5487468184158
1995.8468015621984
1990.998427101749
1996.3667303037687
1994.5327939483568
1993.8329702266424
1993.8058200962114
1996.9004802067107
1994.8661295192906
1998.771363296109
1991.599612696515
1995.7232697909217
1991.397146935364
1995.9774817323212
1994.3024682895125
1993.3281547126105
1995.5280366238921
1996.9492672141987
1993.0433393647254
1998.9561648860602
1990.922389053109
1996.3397745603215
1991.0776282519198
1993.895255508196
1995.141122728861
1992.8649883378803
1995.0050296961872
1997.333770741933
1990.4507063926562
1999.3245296267178
1990.4813385706655
1997.1683704585796
1990.791814220725
1993.0836323340704
1995.7100071996194
1992.2639047920811
1994.5154148312058
1997.714460691937
1989.6988790085777
1999.8109321105533
1990.6317007751009
1996.3670435861588
1991.9977885118683
1991.8901743424055
1995.670513197877
1992.0341603427441
1994.2541401552653
1997.4714951788749
1989.593876532694
1999.5419859884237
1991.1669337189403
1996.2798676842635
1992.2946547620672
1992.734386069826
1994.6454378373091
1992.536639700083
1994.693522420318
1997.6871523526745
1991.212882977883
1998.8594052755989
1991.4197468744871
1994.9839436881875
1992.3178155882442
1994.6390879456203
1994.5196208285029
1994.388804078214
1993.6476670613029
1996.5857451468548
1993.0670372626637
1998.4162095011388
1991.7935488595263
1994.310068974172
1992.1890499307108
1995.8618955744328
1994.1772428406898
1995.470652104068
1992.9432314855735
1996.151100082846
1994.2446151973818
1997.6802520769813
1992.9676838574062
1993.9416646362697
1993.4372599561295
1997.2558037255294
1993.9915312336311
1997.4124593802426
1991.3527365847192
1995.1308432054448
1995.4092471583006
1995.7494660600566
1993.506195427948
1994.7831971104933
1993.125423907052
1997.649101451184
1991.852348811373
1996.1264247335696
1989.4861733524117
1994.9622306232884
1994.8709518333426
1994.0237679550278
1993.4298001495044
1994.4781928810621
1993.329785776189
1998.1393256413912
1989.2947253920363
1996.0602085234827
1990.501901022254
1995.2306851345177
1995.0093122947844
1991.981483675033
1992.1282754885008
1993.6122078140013
1993.9763976027807
1999.09467370188
1989.0756278938381
1995.925555060958
1991.7607353464864
