1453613.3656837246
1453773.662740218
1453116.1670287014
1452350.7144374924
1451533.8655448486
1450741.8414202307
1449949.9400036593
1449154.6004866923
1448365.5878000436
1447563.720584333
1446701.958467046
1445776.0186263071
1444863.4787794342
1443939.937502953
1443041.1308031315
1442113.895279562
1441108.339348576
1440060.954304954
1439029.6950358679
1437950.0318515766
1436824.4186745498
1435652.5409552974
1434419.829616621
1433167.2782414109
1431785.138869249
1430337.542383205
1428841.8038680563
1427343.6387572512
1425835.3848651387
1424307.8166142649
1422798.5283267396
1421290.3995383615
1419798.5240371681
1418301.9217647812
1416810.7947920605
1415324.9773681262
1413845.7105052727
1412265.5212345452
1410499.8545629906
1408706.8551278284
1406867.108987388
1404960.0173395164
1403037.4226439614
1401142.9822844309
1399221.4127115048
1397335.2196888917
1395429.843739761
1393500.6318960607
1391498.521726725
1389473.2903845815
1387199.5465236474
1384952.1121567793
1382671.4576304385
1380442.2416291987
1378191.1240264347
1375968.22074774
1373717.5228764333
1371511.133334054
1369298.1981417933
1367105.1526467935
1364880.4235887406
1362616.1435553438
1360318.8441096533
1358063.3198650791
1355759.728671154
1353444.669519438
1351104.562883711
1348796.9684292797
1346321.30802566
1343890.8787423545
1341449.496805669
1339032.6269343644
1336604.6484004841
1334201.8399617157
1331777.3590987984
1329320.9701480705
1326782.41677459
1324276.5993232494
1321759.4385341113
1319270.9806366237
1316760.5189566533
1314300.410465692
1311801.84320453
1309349.7982696174
1306875.4256817345
1304441.2745777331
1301983.9914445863
1299559.5572111101
1297119.783974803
1294711.775250107
1292287.652970048
1289894.9339762377
1287490.6571639434
1285115.044341673
1282715.0556458777
1280355.2206049138
1277978.6171634162
1275640.4701624021
1273276.8678751707
1270949.0058430377
1268610.1682385781
1266306.3620690824
1263974.8291553543
1261670.5664071022
1259358.4246358424
1257069.0559834924
1254762.8861979751
1252495.1536371098
1250159.7650807337
1247856.216240571
1245526.8965562496
1243161.8737497476
1240779.898093537
1238400.71519139
1235936.5675072814
1233490.630164537
1231018.2276017054
1228587.6375470075
1226137.0637534005
1223716.2750986808
1221292.1795836214
1218886.372562551
1216470.909701238
1214095.1366503958
1211684.9145485137
1209310.9432459106
1206842.7221113036
1204400.8791386993
1201933.9330231473
1199517.815258689
1197068.827569462
1194647.729522861
1192207.0328505062
1189806.806811016
1187316.048530839
1184860.8219041454
1182372.3236600547
1179900.935570051
1177392.8459201434
1174901.2056661458
1172374.918943199
1169811.530010143
1167224.6234974265
1164666.668770718
1162055.42043244
1159473.8536534877
1156872.6657044142
1154309.8171468538
1151725.645042548
1149183.3232461018
1146616.1154244673
1144093.056732893
1141541.191160139
1139025.7488305545
1136487.5126500905
1133990.6669671554
1131471.308764998
1128990.5448100457
1126491.467004064
1124021.6693301867
1121446.7941489136
1118904.9656869047
1116337.8889348358
1113791.0445803395
1111230.0072225295
1108699.2045374538
1106145.8166671172
1103631.7313083874
1101086.2022426275
1098512.4964492077
1095882.4627981621
1093274.0080706663
1090635.6820602354
1088014.6470674595
1085377.8162110392
1082766.6584760242
1080129.6793444888
1077494.0094354476
1074799.7950688126
1072138.8994256274
1069464.983778967
1066819.8709141926
1064170.9625228185
1061544.0597456538
1058912.8350374706
1056306.3774941685
1053695.7757070796
1051108.1355985964
1048502.7261160476
1045900.1219339105
1043292.4078504683
1040709.1376296992
1038107.3926076759
1035526.7962546098
1032943.2100293038
1030385.1915791057
1027819.9558185771
1025280.347198829
1022737.8365659795
1020218.0579546673
1017674.0573278518
1015163.3164654713
1012640.6896735182
1010147.9753340808
1007642.6707625982
1005171.6944916106
1002685.4631347584
1000232.7473029841
997770.1387922482
995334.040521249
992893.9555203052
990475.3891927113
988051.428084944
985654.0427568707
983252.1612709723
980876.2710891053
978489.7562842859
976135.5700401493
973768.3730850205
971431.2784480981
969088.0240039716
966765.9885563472
964442.92573991
962141.543644792
959840.4007153307
957559.1182942882
955274.4855708159
953015.4983948239
950745.7947069383
948508.9683188277
946259.0435408258
944041.4321554204
941811.6500037977
939611.5170407094
937404.5673525855
935223.8886237161
933034.0781371631
930872.6716626342
928705.6592266554
926566.2494858183
924412.2709252347
922293.0197476599
920160.8162581197
918035.1208717696
915897.7542449676
913783.2719192994
911647.5865371572
909520.7533873875
907352.8899946273
905206.0775676467
903056.5715959984
900932.6849480019
898797.1176672521
896695.2975045512
894580.2004525511
892496.5133032559
890400.6219858364
888337.0494467362
886236.3690098723
884149.3011222719
882065.9026836868
879988.4626739711
877905.8625224727
875843.9264214571
873779.471076375
871735.6396983757
869694.1527112599
867665.2129736486
865519.4201531813
863399.5234097136
861267.0072608438
859166.7517257752
857052.7545987355
854973.9095609006
852878.3238811551
850819.2200263314
848746.0799076612
846695.006326445
844586.2434478024
842507.4863109584
840405.7558622074
838334.1057608279
836251.6949067365
834201.2531416906
832135.8666112367
830105.708091945
828059.8116627334
826047.3671411361
824022.9029079997
822029.5379017117
820028.8756617809
818052.2981289525
816068.2722774704
814109.8146663574
812147.498128342
810210.9259612259
808268.1055211368
806349.6470949568
804426.3304485963
802527.343511079
800610.5957420877
798700.3900738005
796779.2685612264
794891.9608879515
792988.4703882865
791116.8880450516
789206.14321621
787286.3364254761
785319.8207700908
783408.146922313
781460.9143298443
779568.426986331
777640.5864126055
775769.3831105185
773855.7452929043
771979.478672128
770074.0150886818
768213.4643388435
766329.9983272987
764491.9681593966
762624.4081595393
760804.9661389827
758957.7484334083
757162.1026386193
755330.6997240647
753555.3983489238
751745.3486815933
749986.0044245812
748199.0139738312
746455.7530256717
744667.1585688109
742915.5197272658
741078.8301115406
739270.6033410537
737402.2557440398
735541.7074084771
733653.6481034228
731808.5986551774
729940.7130445925
728114.5917398102
726266.5659629276
724410.509477679
722513.6725552878
720659.494261014
718754.4227657532
716865.990897874
714953.0670057004
713074.6260346852
711174.5256043742
709315.1531915765
707437.0492448666
705599.6855432531
703737.810170883
701922.3139568891
700079.0460371639
698281.9172065988
696461.2160526706
694681.5792836527
692880.7300433122
691121.7833446853
689342.1773494771
687601.8139105055
685841.6079994016
684115.0865881237
682354.5929495626
680621.3888755506
678876.2389677569
677155.5652346836
675421.9989980331
673691.4471808589
671945.8661780515
670234.6558602008
668496.9941860838
666784.2857670342
665065.558396123
663350.0694004116
661581.881439223
659798.2463489585
657976.0824275919
656185.8777027908
654362.1405661573
652576.3263836972
650750.8107935195
648966.3964356531
647156.2807607956
645388.4594658737
643570.3691225175
641794.9692589552
639997.9014435034
638230.6525218268
636435.6466184148
634642.477838786
632813.6860740947
631019.6877237334
629211.6815015624
627435.8242311967
625648.4734731135
623893.3233905369
622125.1044049413
620389.403347161
618640.8434432744
616925.275310704
615196.4568033218
613461.7534092978
611705.3046197572
609983.5672071021
608240.6487170708
606534.885019896
604783.4159995279
603077.2701632486
601338.3845051315
599651.839253771
597932.74847338
596229.4279572606
594490.8187255367
592798.5674888251
591080.9665110594
589406.4510572228
587708.6588361722
586054.7929360011
584375.8139795876
582743.6668289865
581085.099641769
579471.7805922444
577826.2762189035
576192.5819345287
574528.7225836755
572904.7491579715
571211.3282602909
569532.8308033105
567830.736906968
566171.5976595003
564489.6820821678
562836.7730469325
561155.0731349991
559521.1475460831
557859.2970147947
556240.541696379
554594.3512278771
552981.2893588328
551354.971916978
549762.7216426679
548153.7455303181
546579.2243852065
544988.429039358
543433.3803272716
541863.2819797168
540326.9567264927
538774.4543105295
537259.5443322897
535728.0333290612
534233.7891208244
532720.7675512921
531219.281490291
529685.7967331164
528186.2957695265
526669.4675867109
525184.6434284205
523674.976705635
522155.2332055667
520634.8677138002
519133.88215718383
517630.51079738885
516147.96269164525
514665.6535334239
513147.5742587727
511625.5550852233
510101.17540836
508578.6339231301
507075.65975905885
505557.457657651
504049.66069182893
502547.0833592637
501061.3097273177
499576.5779750938
498095.15801217494
496613.5061882552
495147.404180465
493685.91780013405
492242.1093925979
490772.33698852605
489317.52146946144
487853.3267718025
486416.7674742868
484958.04457309865
483522.9149701712
482072.93019467685
480648.4323152902
479212.8057163387
477805.3238372208
476353.72949491726
474913.32204192615
473457.5586095423
472030.6856097664
470591.5317723335
469146.834511133
467690.6742998063
466256.8818752
464822.21425593557
463409.04994306766
461991.9496138315
460597.25696869777
459201.9638026739
457822.9631808637
456434.1540805921
455068.0596087113
453697.1139910853
452352.7305207624
451002.7993049329
449677.5941226391
448346.26730928745
447040.6640180636
445700.2773371599
444386.1245353067
443061.6358189353
441764.91897770076
440460.73833494616
439177.57492471224
437892.6685763299
436628.4110524858
435359.4806649636
434100.6287330895
432833.00684276404
431563.4834999667
430274.07361808664
428993.91489472386
427723.293201175
426467.5974048798
425213.909975593
423974.38072667643
422739.9885393399
421523.3075245052
420311.38786160684
419110.0059742118
417911.4512669794
416725.7554736567
415520.3769175924
414308.5838650951
413102.7355175537
411909.7189960861
410717.910500752
409495.6535435648
408258.55629608803
407025.1607634668
405806.43647569366
404596.43002176826
403389.7933732356
402164.02288246696
400941.04445827747
399729.55555653526
398522.2348673515
397314.33936951176
396102.15361905354
394904.8352058898
393696.9993418152
392456.99530105083
391218.09621946374
389989.542527478
388766.65660554887
387559.42902658676
386347.0027718138
385153.7012576425
383952.3692811034
382779.2467295292
381574.9895331449
380391.5687255497
379183.3266255558
377988.72328085155
376788.90441573976
375615.03622385993
374424.3596581592
373247.00015050184
372056.53724148596
370891.8635815559
369722.5324827445
368573.085772613
367401.5013392869
366244.07630309416
365067.6423409755
363911.6547024753
362750.2429203487
361606.94484004064
360433.2719584921
359285.6702301318
358119.64659555734
356982.4172411242
355829.7962531212
354688.0309324017
353533.08365462517
352413.2616104227
351272.95639468904
350162.303782061
349044.3372627881
347923.8633917145
346788.6575809388
345651.9579207414
344513.8249276716
343393.78590185987
342272.75058171677
341166.31897030975
340066.2076569963
338979.61194269033
337858.50964858907
336732.47773093905
335613.6681037718
334501.12250997685
333383.63139505446
332291.3026554213
331155.572191551
330002.90138225706
328841.9854090458
327710.4835150173
326570.81713242567
325462.21435244614
324333.72046185186
323225.1471274023
322095.57268564927
320992.6774373701
319880.91203867004
318799.70089610555
317708.83567950985
316637.91188374045
315551.84339912457
314496.6662480155
313429.98025721265
312375.7440443152
311295.006133257
310251.5680440727
309171.0609116429
308095.8804557746
306993.3250550786
305938.27965298534
304848.05499378097
303806.46210057684
302710.1213116794
301644.15040186653
300551.8546772963
299475.94431586115
298376.02125940245
297310.6873032469
296225.27760035335
295175.8477439697
294107.6721718576
293076.7022402789
292030.6258846895
291017.94031530136
289959.20149556984
288936.76530628436
287892.51810053876
286890.1104906787
285863.66514520114
284866.3525350254
283835.91101730004
282814.78140301426
281751.12375914125
280734.45095583255
279671.45232032705
278653.5660084702
277610.32601880806
276609.29858458764
275574.35892487754
274569.6308510644
273534.73913415096
272547.9780784268
271533.031275677
270569.3813564492
269563.7685431791
268599.43993920996
267595.336469873
266609.72348507436
265565.7289433577
264553.5530098854
263500.6043650982
262459.72272618144
261384.37854823418
260341.8774548444
259290.93619971318
258253.2242827721
257201.44660723716
256148.8194604669
255097.26824239022
254045.02483989153
252977.73599905593
251913.16287720567
250861.16223518597
249803.56212978414
248749.66993707814
247688.6757137992
246640.74075195545
245593.4483889085
244563.76677265053
243539.18760550994
242526.49824422842
241522.50156463048
240525.85323084125
239528.9087709394
238540.86068297568
237555.0555686765
236551.78586643827
235532.87220114973
234527.8245047082
233528.36720500005
232540.5695476701
231559.9216077358
230588.32322846988
229623.50991625706
228669.32640406216
227701.71067109564
226755.11488709602
225810.15091773123
224877.2448160994
223939.94293449863
223009.81232236346
222065.3171867323
221145.3454577407
220223.0246619557
219324.08554177274
218410.60651402065
217523.1994058484
216627.17030686353
215751.3295940662
214878.69459527775
214018.29684233887
213113.68669669188
212215.8703224294
211322.6427407068
210437.72687112272
209560.4558709824
208702.49796348638
207841.2573456463
206993.1380285568
206156.35134098204
205327.9148038877
204471.89325047622
203617.37373545964
202744.20150170688
201887.46096523682
201029.66792800993
200193.95687786865
199347.61242552224
198513.72327723383
197669.4623298694
196844.05068020825
195990.80404177035
195142.5788940397
194275.34758540464
193401.73488782896
192501.81365628724
191620.14102049018
190740.91982694867
189859.62256918856
188936.7792892402
188018.8588159683
187071.49743735316
186147.65900718502
185206.84936890425
184297.30680136688
183374.10383925313
182479.0840857027
181579.29378277395
180705.4596528013
179814.94218141658
178960.37356864975
178083.22778572587
177235.96021215655
176380.99296112638
175551.42135341186
174714.70365627392
173897.83447649292
173067.50243278255
172246.93578597272
171414.91292349432
170594.32483460777
169761.51420635602
168960.20361191692
168145.02284994678
167356.40655962075
166563.57555314654
165802.6038766593
165014.12079636313
164256.417127001
163484.18656383044
162749.44130182292
161975.2552659553
161232.55490019367
160474.89438108238
159746.35877247524
158994.4869241572
158268.8967678809
157517.57535961492
156799.6689249647
156058.36757832344
155352.85815200862
154627.79714809288
153942.9710991747
153232.5627887674
152569.35936170974
151879.59931220138
151240.33805768914
150579.13453737955
149949.7953011262
149285.9392637181
148661.30869099684
147995.54197942116
147374.46996297393
146715.2713806627
146101.35398732463
145443.13395671226
144819.45317847226
144176.49477815867
143574.02116160866
142939.87261437502
142353.79252711072
141737.75291387597
141172.34077637573
140571.81092476766
140023.9038783847
139443.6606301364
138913.3268654539
138341.526744591
137816.61922487814
137262.2269493151
136755.25445090656
136214.52025742186
135682.679307249
135137.74254565572
134616.55982610557
134081.12910332775
133561.4108828918
132994.45338750997
132391.32235363926
131757.3869806654
131140.2087483366
130488.79409873637
129857.1505956534
129214.34521333045
128597.97926746005
127959.23307889012
127364.61478493131
126740.24471750022
126131.74934285764
125498.57698366074
124873.3254656573
124210.01134877552
123580.13111335886
122915.52988101375
122275.8425174039
121623.01088338021
120972.51318757283
120320.84951446374
119675.59016325789
119032.58665333304
118394.31430200618
117746.95337249403
117102.43827411435
116467.83218050674
115841.35740195723
115228.1115925276
114610.61104249742
114011.4485446421
113409.31669727793
112825.51003971859
112243.26033049168
111672.75282105686
111077.00529260086
110500.12931101077
109907.22325062289
109337.88364685561
108763.21116008062
108209.5875512545
107644.65348382162
107106.88641929864
106566.8608469994
106037.62043753071
105503.65563980237
104981.84399099713
104464.62875421876
103962.725692441
103446.0188143486
102946.48093780756
102448.80668612127
101927.67784354529
101403.4316062911
100874.84479753756
100334.3562481271
99788.16669557494
99242.38307044115
98694.68039480924
98159.64716702401
97613.16018064796
97088.22336559273
96556.34285470129
96033.72954103739
95498.96301742006
94947.83976190549
94402.4018051901
93834.9697872805
93285.61244565665
92721.39429505596
92187.142483763
91626.9240663349
91066.66534710253
90502.50740516651
89948.28056837701
89394.8783094013
88856.59049693105
88314.26922552667
87794.70501642584
87260.07856285154
86725.6892508511
86190.86456249116
85673.96913104606
85134.84308004937
84611.15788965448
84069.78171644741
83517.45954401403
82964.86886829235
82423.67004085013
81897.62789739363
81368.4133436887
80855.11973453431
80324.669554307
79813.1099959338
79301.63712477585
78801.42956065718
78307.77017053633
77824.71662820443
77334.17856620414
76851.87106065957
76379.18001391763
75909.72027316238
75457.73602280609
74998.11200731443
74545.53928430012
74098.0085827929
73665.5978126217
73225.62934559835
72781.42595256289
72342.10859830513
71908.2800904465
71470.62900271502
71020.88438982416
70568.5327502074
70114.8626116001
69657.40422694672
69206.7377278664
68760.73570291331
68312.01929035096
67860.8094477629
67392.49272492627
66916.77515605843
66458.56907701664
66002.53695844839
65553.2654653989
65107.54867693135
64688.61988722234
64266.51811628092
63856.44888330561
63441.55272818777
63042.81641373922
62630.86246626907
62238.28745369252
61838.35571888765
61462.8757113232
61078.51959965773
60687.61269138247
60301.9404596164
59915.46546448861
59522.52991029438
59141.39733135566
58749.10143250537
58352.530075639566
57948.65062371575
57556.20439119596
57173.67010440726
56806.3801563767
56433.164782548505
56075.558990483485
55712.37876670462
55360.088503177045
55008.77840649247
54653.011112370434
54281.07632868511
53927.182051828706
53562.0456720402
53204.276917384675
52821.96519224783
52455.48805360118
52064.02020488578
51694.23086694262
51306.858853064616
50946.29792477391
50567.12784026313
50206.72668442306
49844.604147036676
49479.20872503278
49121.845457788644
48762.08981738403
48391.887053610626
48037.11467111466
47667.641568015846
47310.041383409305
46952.539191627395
46600.99800595688
46251.95047851837
45905.98897823236
45557.40793689722
45233.46120664942
44900.875538881504
44574.13434622023
44258.37739785148
43957.5768627622
43664.11658602027
43364.85766535557
43050.3145761069
42749.22325388078
42449.892982536294
42136.47757553801
41841.61354904467
41542.556138477004
41261.210800623514
40981.56564420721
40701.20656066615
40409.41426515342
40119.33774402114
39800.142294825724
39468.32831097197
39155.592874744914
38838.19075523923
38534.60260582452
38240.624103069254
37937.058136968495
37620.881258654204
37311.81455933777
37009.32802842897
36710.01581185599
36399.37873704781
36105.27252624733
35797.214388905406
35497.68482536699
35203.97668500414
34920.220357505474
34638.61417860171
34354.18119947458
34073.04345943657
33815.76445626738
33539.717077301946
33284.96444878679
33027.91464275446
32782.571599630246
32528.34516807389
32278.93275924607
32048.1105031624
31822.494126222908
31586.193657860535
31342.19666096532
31108.637893563755
30857.6542420528
30625.48425429728
30381.56893179903
30153.97518148445
29923.701736193
29693.519501416697
29455.731805121894
29217.82151651027
28966.01546164761
28726.12158250769
28490.01294927559
28238.133859697686
27998.5163069393
27727.393741148655
27480.376351286024
27214.598882695132
26974.07196883641
26708.362072301745
26469.371299485436
26234.60249437487
25993.98316629648
25752.577611335488
25518.145118695407
25287.533151677515
25054.575450695073
24825.89397526153
24583.344977739238
24360.2927700325
24130.158368807777
23895.87348087745
23669.542895038707
23450.47058220194
23234.45271312979
23024.80505695738
22800.356504877473
22604.571191460393
22392.50794397307
22199.13323549832
21999.789794880042
21824.04724414962
21618.6236980114
21436.72307119246
21220.518413249174
21043.204765912527
20835.440250670457
20658.249693776397
20447.58014721363
20278.4281090212
20077.791023886726
19925.95174083666
19731.325452234723
19578.198901781292
19396.45285398156
19251.346690082257
19075.524947757352
18934.008909842287
18761.14449221639
18631.215763728058
18480.42866251935
18336.181685719268
18173.810696757384
18028.12871797112
17872.060835850498
17715.34649914759
17574.619329637553
17412.736179520336
17258.236313336325
17117.844766231996
16962.554036775437
16822.39499748035
16686.985148262083
16541.322658493813
16404.55226552651
16261.147557646153
16111.795394147677
15955.383448197055
15818.649150875262
15677.449815423099
15536.689027861077
15405.301455519355
15275.609085623468
15153.659905075394
15039.615256021347
14914.474752897184
14787.9716644481
14651.097658654378
14525.082043754697
14400.162696801875
14283.542024202712
14145.5805392889
14019.479887170613
13895.85620662354
13779.577249245789
13670.453200436234
13551.168205979047
13437.20297683974
13324.562809850551
13224.064066791187
13109.583433056077
12995.678706347735
12886.733989868331
12773.646017209276
12653.122731950114
12527.75790096241
12424.437271765368
12300.505621769807
12172.979417349283
12046.333693877099
11929.681176390663
11813.152163675928
11693.818759170194
11578.295629605142
11477.701842489329
11348.132010545354
11245.139993454537
11137.452788673181
11035.068951359775
10917.864373690489
10826.800631017231
10707.916295111245
10612.269920167739
10490.254057430646
10392.79362763192
10275.89060473785
10186.205947534036
10083.359491101766
10006.167426334978
9899.09669974291
9823.719143364677
9728.23263737507
9649.568713136829
9548.782206722783
9473.088779271775
9379.838489350435
9295.577614393682
9208.414408256414
9127.656026579056
9040.15093061765
8961.121072805468
8857.351540971382
8789.011457857709
8710.597876769243
8628.01082799571
8559.481646652694
8476.846975488133
8413.256916519913
8341.651226614083
8265.189427456016
8209.386339668348
8143.765775531653
8080.3580274892665
8022.903456463293
7961.285761987288
7894.662040052096
7860.069967596884
7802.063916697688
7757.848948115255
7699.607289205933
7643.45272022165
7605.470051241382
7545.472800478702
7497.329677323887
7449.140454602883
7390.849911194977
7351.315439132228
7279.892587229053
7224.968297614978
7154.760329586369
7100.976232227446
7033.522924254274
6959.201680268216
6887.948151043562
6807.750653383108
6746.577324518258
6675.331590449135
6589.609253267505
6512.369531329779
6420.294916689214
6339.605312194639
6253.240817559016
6164.530828204606
6081.448675237988
5995.838154279092
5922.828359617583
5821.936898231803
5750.493500883496
5654.646199789468
5580.602260710396
5481.617781838586
5406.738446418157
5323.0786574533195
5245.621236240493
5162.847287049818
5088.8279013142155
5006.846420284941
4925.508546342527
4848.429638914032
4772.867600036146
4698.214941573719
4620.7159403091155
4559.302249642276
4477.273119162396
4410.676901539161
4326.107609685441
4264.1248444657895
4183.328982680027
4121.192123525898
4047.2293550477484
3982.7576379152933
3918.201001374844
3864.936563077045
3786.96246485918
3748.0339410433357
3667.130006031422
3613.194226863462
3551.3645326617925
3507.5768064121357
3443.351316799509
3391.914245151714
3336.9919620750616
3300.557144232637
3244.3551770072777
3210.252664926539
3161.3079937560397
3124.3893232255864
3081.825977302405
3054.689762500636
3005.1331913960094
2977.245047748015
2935.9451359890313
2902.860143796537
2853.3848443505813
2832.205003576215
2786.6184705889177
2774.3225803483515
2740.2249732351347
2726.746342153835
2687.222684838651
2678.6287191668875
2650.3610556483586
2642.227168882842
2609.2095630493227
2606.1755598536192
2578.0948458576904
2572.4606371703003
2547.4345254347436
2549.0881476149284
2523.5264401266527
2524.6591949359145
2500.168247236348
2502.0523071403727
2478.443955577915
2484.279200150536
2458.669037747129
2460.057031081065
2440.122685021617
2445.009173835856
2417.5607799460795
2432.298489760857
2407.1549310836604
2419.9726477422114
2397.003845305126
2411.3399320420276
2387.446877600191
2401.4511692557817
2380.3886017705863
2396.4056244288336
2372.3259235618216
2385.148724265404
2371.6764578142247
2388.482690702106
2364.6192632493394
2384.2235825342286
2363.97377597609
2382.4944420014353
2353.7003837578336
2372.2367721578025
2348.0254826126825
2362.359456339563
2338.2023673041217
2359.2247676823977
2328.8589680042896
2352.063498278757
2321.659735445991
2345.3742376872488
2318.5383152929276
2339.1570652039654
2311.126563078446
2333.146581341989
2304.366471659167
2331.0232808401547
2297.9885969979214
2314.7695976969403
2288.0248021387315
2315.5591748419715
2279.620229441671
2315.4301489724803
2281.6561931946753
2312.81249880795
2275.242937737571
2308.7286422029133
2271.6507937438655
2304.5904884070465
2266.398919688431
2287.301680202885
2258.749999804589
2284.2479679189114
2249.002058109752
2270.082602366317
2240.2882585450225
2268.4568277800686
2233.0268904850545
2251.542957466253
2222.2012522779123
2246.4057122869053
2210.957686613391
2232.681875126209
2203.2951211633103
2231.571204429704
2200.1854131843897
2219.583803477722
2192.448740812056
2214.1201793089363
2182.29830279169
2197.218670710995
2177.752270767244
2201.445750799361
2171.6976879854483
2194.75596898711
2170.735142944609
2193.8957950022123
2169.604536886599
2184.6914821497385
2166.5129577589155
2190.6410239027146
2160.598538473832
2191.6295678649967
2163.1548358474884
2189.4467345765743
2159.8695384174334
2185.766555539511
2158.5533419867265
2183.864203194979
2157.8082776996757
2175.1462094009526
2158.237690882984
2180.8751438106897
2151.753812788013
2174.2484717246903
2154.950772808673
2180.9110648745805
2151.756951600929
2167.2466071195913
2153.9402559823848
2173.586802614529
2149.3539123569067
2165.071051567799
2151.220462841833
2169.801810960547
2146.5456397426724
2171.395781316676
2152.027608827694
2173.1912594015926
2148.5142002876487
2166.0307996171605
2145.987895396549
2169.243568388888
2142.8014524973855
2166.3817208746555
2143.498381262253
2172.458024579929
2141.832331429384
2162.33949241881
2143.781181764011
2168.4098104122004
2142.3746541686182
2155.105767639367
2141.5445076874807
2162.143773486011
2139.9260947310613
2158.676257889785
2139.875815652065
2162.990821415423
2138.8479632119506
2156.577668204421
2138.503699656421
2158.051316821195
2134.875494601079
2153.334820768872
2136.0317467171617
2159.4845848535438
2132.5900999950204
2155.790458472184
2133.1961321362874
2157.741800585739
2133.226163426343
2150.237970242979
2136.488236354705
2155.0535753714666
2130.5820041047305
2152.9267629564997
2130.684566777467
2154.664778783273
2129.7889959016993
2146.3411348273507
2128.1823217939677
2149.06112208574
2129.333003589146
2145.344521418952
2128.7589057258624
2148.8218733893764
2123.387571216138
2145.1454963183855
2125.5468716469845
2152.889929950592
2124.721129555749
2142.8615788379543
2126.8949558744484
2152.5528277583135
2122.978867248405
2148.5821532659493
2121.4334350661916
2145.2312718411954
2120.463044680335
2142.2958953240923
2120.289897215702
2141.4448569573115
2120.534523831678
2135.5627107333285
2121.653027556856
2140.1046961096017
2118.2838296544232
2137.281420130943
2121.3457556404
2143.4695527673466
2119.2706464641788
2135.3964680519666
2121.84425579342
2143.8596007107994
2117.143257019856
2134.912940173046
2119.668577543549
2138.375196912009
2114.6005569518998
2138.27513653546
2117.6727363545006
2138.5479491515807
2116.3927920957817
2133.567790386058
2114.4359218215805
2136.5863902252713
2111.4852713410337
2137.1769453015404
2114.350594024082
2141.0108874079424
2112.668733618108
2136.652552213433
2114.813998894643
2143.1319416128695
2111.3048892977617
2136.323054210557
2115.9992715090966
2144.002549838152
2109.1139715012305
2143.258710510345
2111.8110338214756
2147.0950789095878
2112.0284468065793
2145.492660715554
2111.64318137762
2146.168195906017
2113.129031727531
2142.684724355224
2114.364282896903
2145.5840019620246
2110.8963535358407
2143.659264792677
2112.5692956038724
2146.8834146276786
2109.957760744141
2140.2118816488364
2114.188033502864
2144.534650810474
2106.3044374633337
2143.2277684693813
2108.292725802468
2139.7096332529227
2108.0982113135287
2138.286979886519
2111.3714957378916
2136.3826394332677
2111.0311858928985
2133.9028081592132
2112.0197106408514
2138.9605046184383
2109.535787721577
2136.1812264808887
2112.1300367880044
2141.6728368895037
2109.405187046512
2134.739781189738
2116.0802859069604
2139.8355501608944
2106.8280793862205
2135.2661487066107
2111.177617459608
2137.035505709415
2106.363457417642
2137.0457748506897
2110.8181016302074
2140.1862628395647
2110.734572119147
2139.451704418234
2112.166642207096
2144.638323919761
2108.8531247935216
2136.3264650092387
2113.1707823775555
2145.956415846395
2110.3112727281427
2135.3775610573416
2115.7985539072897
2143.2408853776883
2108.182719426778
2136.476904680559
2115.50521135832
2141.2718720101816
2108.75321719763
2139.095057059958
2114.88982979723
2142.8348882430973
2110.4916408178206
2142.0857693210583
2112.19501563756
2144.4298088521537
2110.418263403311
2137.659724176668
2113.2544263423824
2145.8994173081524
2111.860625289443
2137.731807510655
2114.8170504118275
2146.2857769312327
2111.0007539787644
2139.545113533478
2117.638214706067
2144.639458554714
2107.674959300486
2141.25838741897
2112.3534555310916
2145.7673997983466
2110.0965832950956
2142.210804547215
2113.1456050958577
2145.4590708387454
2111.583850562131
2138.1037294544026
2113.5841317237905
2144.9606439491176
2111.9735763631725
2137.6309390989672
2115.7108247424985
2147.191458907702
2113.0855206048277
2139.568065140052
2119.0768356725703
2145.2791464011457
2108.502902011076
2142.2317187161
2114.0062723807055
2145.2256266026534
2109.5259704631553
2140.726679627859
2113.744118352506
2143.059027734303
2113.5460526042116
2139.5353241071784
2112.9988617309727
2144.5580069187895
2111.3593116529187
2137.1172309672033
2115.392497107062
2146.9048166668335
2110.6472547165235
2139.3171606293163
2116.641941650873
2145.049355702165
2106.0766998137296
2140.090744434186
2109.812545892318
2141.0710190261566
2106.6202179864745
2135.910880398234
2111.4849369877634
2137.3257487242513
2109.500173618647
2135.4359419285793
2109.227988047758
2139.465955563532
2106.2087260475087
2132.799228831966
2109.7984695223495
2141.7943042204865
2107.553925275415
2133.72545647536
2112.2118071485143
2138.8592647351215
2106.139122289688
2133.4708016493446
2109.7152721696007
2137.7241814764566
2104.795378675195
2136.4051358225342
2109.747813679414
2138.0285348795496
2109.025021068193
2137.586640497707
2109.389270498576
2140.4930376724424
2107.198129959017
2134.0705289487573
2110.7895315344354
2140.3869466204233
2107.868554207398
2134.6950396212223
2112.140586797594
2141.918802919687
2109.1765950931176
2136.1899399913364
2113.6509942290313
2140.6030609627555
2105.460227677269
2138.327136951186
2108.920664336381
2140.6639940966065
2107.7301419432015
2139.3871396566865
2107.802351036033
2141.4883830408994
2108.3559773254347
2135.768358450093
2109.845579326823
2140.1539364373007
2107.2236309282835
2135.7544396161657
2109.4512123208083
2142.0957415539506
2108.527962407597
2136.583799481128
2113.074344885972
2141.4602427001564
2105.8589900642633
2139.438390587506
2107.46629022951
2139.8941004231033
2107.5554988344516
2138.583299745274
2107.9533537584407
2139.007140317597
2111.2963941536213
2136.620100650856
2109.2943914544185
2140.7400659941004
2107.6991727640825
2134.431753838062
2109.377398418046
2141.7953778948445
2109.0843345070816
2135.578515463365
2111.8701095056663
2141.465676213238
2106.725045326885
2137.1863391554302
2108.8160920993273
2138.995952597661
2106.6199443750743
2137.9791500826864
2108.478674896046
2138.946517472999
2110.2088008536307
2137.9327534423383
2108.347754979396
2141.004978134594
2107.1681888092166
2134.516166569056
2107.8585629595623
2141.4337846872245
2108.2462100116545
2135.348421728663
2108.8943732894636
2141.506974411114
2106.973384792406
2135.5358413837575
2110.133323357018
2139.8629589264565
2105.9538472020195
2137.985621965175
2108.276460057917
2139.698741115499
2109.238162893946
2139.7132503648095
2107.493765379776
2141.843641214466
2107.976193578558
2134.3894284717776
2109.4932878256914
2140.216161601565
2107.0757853942446
2134.8108086203733
2109.3721384263076
2141.9361116773252
2108.260467332843
2135.7776646376983
2112.7975512330004
2141.0362997459915
2103.709051185817
2138.0556191046185
2106.786392697792
2137.7123452058695
2105.523522634933
2134.7202428960054
2105.995923694848
2136.3050777667754
2106.7243980606345
2129.966250864014
2106.6769804628348
2135.030555869777
2104.5069428486763
2129.059534343355
2106.424094946798
2138.337077608308
2104.9557589712126
2130.357348261894
2110.3337417658913
2136.3335112221275
2101.593980767438
2133.1655491405572
2104.2390556791674
2133.792994523659
2102.590804148576
2131.966180474987
2105.005099409421
2132.6191729524403
2106.778376795592
2130.0473975181126
2105.9152394732996
2134.0867906653584
2103.1758983327345
2128.0662264467223
2106.017378185279
2135.998349524312
2104.081500036722
2130.358720015475
2109.3770403343365
2136.2944070549242
2102.630574884965
2130.926696319935
2107.180605131349
2134.069278867067
2101.5158978493337
2133.17597847362
2106.0135566892764
2134.8654520388714
2105.410182034822
2131.995185328668
2106.7400073917647
2134.4781330939995
2103.7175726719215
2126.3709073243335
2105.9979701894295
2135.3051224265946
2104.7258663541397
2129.563913977267
2107.4555803460994
2134.339353622999
2101.7633713739915
2127.7517057547934
2106.772437357125
2130.814331486811
2098.408259944235
2127.9884665336294
2102.558243582062
2131.1921078606647
2101.6254900360186
2129.068777064834
2102.040847775761
2131.1107590964966
2101.410472288111
2124.8449093377435
2102.9486606724286
2130.7017352488174
2100.391422597873
2126.669223557342
2103.4400098823976
2132.5459692592176
2101.121144434845
2126.401554267216
2106.6495072222087
2129.288072300967
2098.0812932194463
2127.682015101879
2100.3667661979184
2130.5496063347505
2100.1671537672237
2127.4852118189715
2102.3365205490622
2129.058923324057
2103.2750596082587
2124.065220854381
2102.888503818227
2130.1563133470854
2100.319642176827
2124.221119641221
2104.1393475998234
2134.105257750152
2101.1428805836053
2126.370732465282
2106.703442338206
2131.3621511129595
2097.8003438797136
2127.3976296714686
2099.9487255074796
2128.814233932261
2097.7185110482274
2127.4564732311273
2099.4371229194862
2127.441568650041
2101.1155713266066
2122.657453165037
2099.6852596020053
2126.9114885639797
2096.8142890704466
2120.6269879426754
2099.357946512057
2128.906554605279
2097.096316865849
2121.3770222018734
2101.336811451412
2126.7664559732457
2094.5977032287296
2120.9934419529804
2098.7735545158116
2123.0108847662163
2094.218208237793
2122.1979790045543
2097.658906560759
2124.8663141945817
2096.875706753831
2122.286442052948
2097.275427006636
2124.839588472
2094.8711856950395
2118.329607579882
2096.9844222310157
2125.7160582287343
2095.552708303422
2119.8989611630823
2098.549624123048
2126.5866725735154
2094.5797732143405
2120.5092195776674
2099.7982611947314
2125.0113589419693
2092.749387251005
2123.3244713883237
2095.7789051643263
2127.662571929025
2095.480321763966
2125.2267127381347
2096.3098716100444
2128.352734726533
2095.979795402616
2119.6351835170003
2097.436818621982
2127.0198419810727
2094.6966557490746
2121.268932396792
2097.8007221258626
2130.3843538576775
2095.7220735001497
2121.6916177479143
2101.1980523572174
2127.103296881027
2092.564645316927
2124.8531367406686
2094.8456426147222
2126.264991813505
2093.7330096086453
2122.0426240989123
2096.341700954556
2123.442163052315
2097.242393451734
2118.658869755008
2097.3768106263515
2123.509534890926
2093.183158369049
2117.1758088469687
2096.4441064980324
2125.65914067482
2093.855706752472
2118.3253431501744
2099.743123529674
2123.341200446254
2091.585176642917
2120.09095462347
2095.0337793223393
2121.602652430952
2091.3073268760472
2120.3601937199223
2094.6431205632925
2120.85295967734
2095.391073776329
2117.5508431285957
2094.78670889467
2121.550396429374
2091.563026538692
2114.877649217726
2094.369069869692
2123.8208439027167
2092.6881967579457
2117.772056286464
2097.071905945211
2123.10796245446
2090.852213485415
2118.499543337558
2095.064745299211
2120.9017164373367
2090.6568121274568
2120.267646994019
2094.3614157421353
2122.6017206027
2093.5191277037216
2119.6919162424283
2094.405888349094
2121.4950307823347
2090.921311641446
2115.9793483608346
2093.488677856289
2123.7255608706423
2092.1581713786245
2116.7666081553125
2094.6595304037032
2123.596752465098
2091.1346982847845
2118.3577217356788
2096.6697506694763
2121.8816886977925
2089.9048284360233
2120.338071565406
2092.6247078536135
2124.843359826187
2092.4215274424832
2121.8174393945574
2092.993780486319
2123.792725127191
2093.7099399361396
2117.718105060548
2093.8714764793085
2121.884401808585
2091.771796431979
2118.580311209497
2094.6945221702795
2125.9996223688654
2093.2494245839416
2118.940353418888
2097.8998402023117
2123.922603023074
2090.1256338899166
2121.1025868932657
2092.11443228188
2124.040104620933
2090.590429730117
2121.026975641291
2093.087459050371
2120.1083022852913
2094.972650848958
2115.809631878932
2093.499527777967
2120.4002313524425
2090.699960233851
2113.777809083501
2093.2547056862504
2122.658663184602
2091.3276067244497
2115.2899867026417
2097.004362692118
2120.455488346108
2089.0949546831234
2116.8061704982097
2092.7950439072606
2119.7685948933417
2087.87178200591
2116.6009406171406
2091.6555629097725
2117.4198711306767
2091.574362742182
2115.1426817505917
2091.3326887016833
2119.212600122272
2088.731538060118
2112.4409834007974
2091.2076671624923
2122.1616973632536
2090.0946138870436
2114.225942327743
2093.356601055133
2120.467686551324
2087.50672066159
2114.7968471895756
2091.627290654759
2116.7085385188134
2086.485626010936
2115.2342012808367
2090.39089212708
2117.661772668284
2089.51394599349
2115.8196901632227
2090.0497205559413
2117.614458175719
2088.0312706835025
2111.1455096101786
2090.455966215542
2118.647534005044
2088.2995529690734
2113.537808241138
2091.2866631533016
2118.8120722410354
2086.784308560201
2111.661937896309
2092.4179606413077
2115.313165873926
2084.315738732973
2113.3048096389634
2086.66333072497
2116.994008156684
2086.513955300941
2114.1455821621225
2088.073346023749
2115.644261479227
2087.9706408922752
2108.9627730477587
2088.3142928292805
2114.9000707091363
2085.8997712716678
2109.550273092028
2088.7063224720578
2117.8749680793244
2086.491878128105
2110.4782144201317
2092.072227403026
2115.1288747345
2083.410581872375
2112.947612285824
2085.9825335515284
2115.3400609982887
2084.8502547827043
2112.850555682499
2087.262559407968
2114.25866844947
2089.189097485058
2111.5718157212104
2088.075932044021
2116.241338847331
2085.319222146538
2110.920176462554
2088.556278945316
2119.5581942126723
2086.0366325262366
2113.213975502718
2091.4246978891574
2117.5911411077313
2084.1118853553694
2115.0287211329114
2087.8104594832357
2115.4667962173867
2084.5692784037255
2115.079176262142
2088.193532887213
2116.780435359921
2088.5278808879452
2114.147000780017
2088.307845930607
2118.050333249559
2085.643352496706
2111.687843881819
2088.2091872623623
2120.683785094261
2086.9550054797205
2113.2763850265146
2090.866806919115
2118.3298939988445
2085.2900372444437
2113.618215577513
2089.849356933179
2115.6926914514397
2084.223046917727
2115.146070738873
2087.961673473694
2117.7151505442134
2087.269824246871
2115.6963099353966
2087.754453328345
2118.046889610795
2086.481068096699
2111.454612470369
2088.44146615215
2118.9588554161337
2086.06372383083
2112.6603428712842
2089.746038780644
2119.816002409066
2086.5180019578756
2113.8727244454044
2091.892313452417
2116.290858392917
2083.890871226738
2115.8645265660025
2086.3958484532404
2118.303945085928
2086.453880959773
2115.387718976619
2088.0238119650026
2117.8196755988015
2088.567710921478
2111.9167761925733
2088.798062470445
2118.008838234354
2086.4148646098242
2112.292818480845
2089.3359267541773
2121.1040177289797
2087.0047807264677
2113.5582943026316
2092.5236329719455
2117.0754484491276
2084.011917542899
2115.94694047692
2086.9091182738593
2116.8436735744267
2085.305873151384
2114.9280720157017
2087.999427904734
2116.5605425341832
2089.7685009983375
2113.1132922220863
2088.7456393494867
2118.1968717981326
2085.8142694247526
2111.6013821146134
2089.082142662798
2121.1798160776534
2086.674594854874
2113.2885159402836
2091.902075195079
2117.557171091896
2084.6652885962717
2114.355691026537
2088.523831195642
2115.293704245189
2084.708988754643
2115.089624342363
2088.379606615138
2117.0542915318356
2088.37725608424
2114.343506123428
2088.306398458454
2118.00328799233
2085.796502608731
2111.833777658582
2088.1631090646433
2120.4205045423464
2087.0475938557224
2113.2263991615227
2090.4988562817994
2118.5871333578234
2085.516804711956
2113.626770140218
2090.1458448503363
2115.833308023907
2084.1495764181304
2115.2230048374126
2087.6305102827796
2117.9152580773853
2087.238904347583
2115.9804992026325
2087.6823053725398
2118.2520358253823
2086.8445994141307
2111.3819804168356
2088.579766346796
2118.519589757257
2085.9967636494102
2112.512673018086
2089.5162758810184
2120.1289286223932
2086.705689043697
2113.8804413938806
2092.0211504563554
2116.4501996083836
2083.9187044990385
2116.045048688838
2086.2807856251397
2118.110592112171
2086.2996567982073
2115.1991469094582
2088.0462487199648
2117.492460977774
2089.0127138627163
2112.142675016159
2088.792146324488
2118.145621158478
2086.3610760401116
2112.2515318377796
2089.3619326320872
2121.273574014085
2087.018456554606
2113.4625822854523
2092.430672101851
2117.0677449683008
2084.1145150727407
2115.5927076469634
2087.2258219250743
2116.430389911099
2085.1473255329593
2114.898635544598
2088.088198632356
2116.505321179099
2089.537820491279
2113.235869779356
2088.677803480276
2118.0024747648126
2085.6734835661755
2111.546643880587
2088.89249504344
2121.1461647461156
2086.7059062967355
2113.225683895634
2091.7092908084896
2117.6359713506367
2084.8319791382805
2114.1069765092216
2088.7268555502856
2115.23165160974
2084.6694809086193
2115.136685977873
2088.3875287456403
2117.30695959183
2088.0818682665144
2114.6380475455817
2088.2933400458505
2118.042877058831
2085.8166737338383
2111.8767138714024
2088.193098410231
2120.167756979006
2086.7788762727914
2113.0291717234873
2090.2126646835104
2118.7781420722777
2085.7763113257442
2113.6470072791876
2090.5891818503505
2116.0050320922164
2084.1047774937815
2115.3276018557995
2087.2956842281956
2118.228531678669
2087.098341290979
2115.9756182340116
2087.670227232728
2118.460240069531
2087.2477241568013
2111.3156533811903
2088.7414308472826
2118.173230123046
2085.9619162881363
2112.3990074639055
2089.390466467325
2120.3626099464377
2086.9469651707873
2113.797516372655
2092.158507860936
2116.6901874601754
2083.8493851969856
2116.0175516497943
2086.3276894445376
2117.9720869938724
2086.0752614238413
2115.069746187982
2087.9971478729817
2117.223116901479
2089.39123197814
2112.3884181002995
2088.7996151734487
2118.150375751497
2086.1862945012117
2112.091271789334
2089.348991356799
2121.3769208968724
2086.8586975096177
2113.3408947170747
2091.9991140637767
2117.0935590242107
2084.1611081719675
2115.22546222458
2087.5748811365065
2116.0925585095465
2085.0456016182325
2114.925139993352
2088.151007219527
2116.459367816449
2089.314585977961
2113.4496253558764
2088.573726870588
2117.9341465550096
2085.546612836251
2111.4711652647
2088.672148783174
2121.0813219672286
2086.7034307297554
2113.2175090524233
2091.4905056706352
2117.7745788103757
2084.905187110861
2113.828473385332
2088.9980049972296
2115.289885861003
2084.6105965176876
2115.1557838684353
2088.321032770857
2117.395933729099
2087.7728433813086
2114.9783732790393
2088.15183678024
2118.0390244432997
2085.9161783600257
2111.807896021934
2088.2936093901562
2118.9816766833687
2086.518096944074
2112.869857771969
2090.0196584589667
2118.989109194659
2086.002597579831
2113.7432093926013
2091.0036967140963
2116.0708959613826
2083.9686170994282
2115.4053039125247
2087.007206002497
2118.4316129868866
2086.8764468960912
2115.8926195068143
2087.7808590866803
2118.393459784283
2087.6267983331645
2111.3745124857073
2088.814658729376
2117.089341231506
2086.0059965281416
2112.3710531813654
2089.3324732811443
2120.659236398729
2087.098375902543
2113.7595009938873
2092.296427152689
2116.9716514740717
2083.86380738172
2115.9517045373236
2086.481547909763
2117.8392802017916
2085.7912950022296
2114.9979930236773
2087.9058991622805
2116.9355572054696
2089.704551791272
2112.6751942298447
2088.802771139557
2117.575697510136
2086.0723969155533
2111.918809849543
2089.2460647056478
2121.3748143703524
2086.7374370629586
2113.294053504435
2092.154469321761
2117.218920387406
2084.2612954931296
2114.903762039255
2087.888597022696
2115.7984118868158
2084.959664800995
2115.0015733833325
2088.172035431131
2116.4850030708576
2089.0484188682594
2113.698888632115
2088.437734967052
2117.89923569777
2085.536946064455
2111.4772193146446
2088.473280865134
2120.5050766258214
2086.765867702409
2113.24224714154
2091.2634568169233
2117.9800423161996
2084.998750921412
2113.655822897826
2089.3414827141332
2115.4270887091743
2084.5619053048936
2115.1591140306678
2088.253289466237
2117.4671401392798
2087.5194378020624
2115.3078388203753
2088.0056890279848
2118.0280121058418
2086.092933000929
2111.6689228470473
2088.3513633243138
2118.6409724825753
2086.2683245716385
2112.775840938843
2089.929308288332
2119.2873100406146
2086.1906615844896
2113.811412278751
2091.3723957881525
2116.1773182807383
2083.884446709957
2115.535699260451
2086.7403271350727
2118.3724775583655
2086.6584035045294
2115.7239903242235
2087.979702019207
2118.2215403895557
2087.9535243326973
2111.561670348293
2088.8443344223006
2117.068996445117
2086.1442537638045
2112.3886936940166
2089.3534350145937
2120.8172892439516
2087.045292287536
2113.6517936138616
2092.3922548847395
2117.054166876323
2083.8639191789307
2115.9925222787338
2086.6014688184014
2117.50236333718
2085.5734048888858
2114.9658457131554
2087.9110049470814
2116.736316322807
2089.8425527640225
2112.906296932495
2088.7631338612136
2117.673645829567
2086.034314766164
2111.762603159433
2089.2112441200607
2121.2819468139382
2086.6506322251857
2113.322579534788
2092.0727516702896
2117.4164538154905
2084.3930968544933
2114.7150529669443
2088.193140834586
2115.559998781808
2084.864968551305
2114.979507434245
2088.211569916333
2116.6173318847864
2088.7881342598257
2113.965262561269
2088.370944689541
2118.021844936177
2085.641521765024
2111.56276457121
2088.2824567283496
2120.197104301942
2086.8981940399353
2113.2586795026295
2091.023605326682
2118.195576400417
2085.1713535441804
2113.6007552672363
2089.63238141182
2115.5684962583964
2084.32733538337
2115.129502295562
2088.120530574073
2117.604346984039
2087.3383899268856
2115.527583917362
2087.8205927323866
2118.115385309775
2086.3166773852804
2111.501195416089
2088.39949851361
2118.182912540218
2086.112082986551
2112.7423045878827
2089.879618490065
2119.595815925942
2086.4105729203075
2113.835476822076
2091.751791033631
2116.24638434073
2083.8894443657978
2115.753561946787
2086.534296481809
2118.3272627366714
2086.509145398632
2115.504146728019
2088.036218743206
2117.8629394841705
2088.328279457285
2111.750457919938
2088.8145073775654
2117.1779389176927
2086.3431054862417
2112.3305133540744
2089.3448588059923
2120.97011281557
2086.990561978344
2113.5962433701184
2092.459130481724
2117.0649079482673
2083.936828969761
2116.0340210139616
2086.7582800333016
2117.101566784204
2085.3945578633534
2114.964714101691
2087.9687154928665
2116.5912842277658
2089.7972675934097
2113.0658717815977
2088.747704236589
2117.823314425857
2085.896202355199
2111.649856033937
2089.144572873172
2121.2092462663586
2086.6480450359295
2113.3426110300315
2091.9943401067035
2117.5562449547233
2084.578056932153
2114.5053953313536
2088.4485764747114
2115.357978468951
2084.7387920179326
2115.0199097276754
2088.3147796412322
2116.8612447769688
2088.5249855987568
2114.1797807653884
2088.308630230093
2118.0183335432307
2085.7356210510216
2111.7151899323926
2088.1777868373156
2119.869922868827
2087.027539236285
2113.3201091772803
2090.709633375443
2118.437249628848
2085.401475200661
2113.6204592675494
2089.9515146941153
2115.739522546219
2084.1930596185916
2115.1661946242525
2087.8038984540667
2117.773990403602
2087.2500739992347
2115.7953107796793
2087.7233633451724
2118.272259598031
2086.6266052688115
2111.417002709316
2088.4898893695295
2117.8038317876467
2086.045951209366
2112.594992881198
2089.63462840598
2119.97438032616
2086.5866179488157
2113.898739202501
2091.960739625259
2116.341385797376
2083.912705644898
2115.9498612157295
2086.3271852033927
2118.2363252344194
2086.4211302357285
2115.2951753044217
2088.0194594351256
2117.527112480303
2088.750364956591
2111.999874277019
2088.78517321393
2117.372220488196
2086.4569092067627
2112.268724862336
2089.3424975308485
2121.174275821655
2087.0367972780246
2113.5186790960392
2092.487540449745
2117.0871497429266
2084.081716888976
2115.7844580887677
2087.046869940175
2116.670855363321
2085.2284652708686
2114.9044929061483
2088.0406177738732
2116.545648845162
2089.6953652748143
2113.155194119567
2088.7241529184594
2117.748413166246
2085.7489140262587
2111.5821405961783
2089.0067504132753
2120.968261523376
2086.695297589101
2113.255452262313
2091.8181909464006
2117.5740304740884
2084.745977586221
2114.2441728341264
2088.6001222401474
2115.2529160695867
2084.67986819067
2115.123411806616
2088.403978747403
2117.197015414511
2088.2704105900034
2114.4822401777146
2088.32061178353
2118.0202288070536
2085.800422585628
2111.8609371592693
2088.173820682354
2119.524838904067
2086.936458422476
2113.150059688517
2090.3682130019724
2118.6883316553926
2085.619622072342
2113.6341965724823
2090.3134916825875
2115.8970980480312
2084.1197834576833
2115.261727367605
2087.510557069168
2118.0361357396955
2087.2035663158063
2116.0218029310577
2087.6623356762652
2118.494651495504
2087.0213690234314
2111.339149360932
2088.652527284136
2117.4051999958647
2085.9711430421257
2112.4546230630153
2089.4529348614296
2120.210795949633
2086.8129984245393
2113.8364702223653
2092.0696047509905
2116.542489437778
2083.8790148770527
2116.060964984864
2086.2809053605183
2118.039222791572
2086.211282801053
2115.140472686629
2088.0816319702117
2117.2262661424015
2089.199519034999
2112.255763161989
2088.7924407033356
2117.4974430093826
2086.2874417360003
2112.2092665046607
2089.371008551742
2121.331242222519
2086.9442795081295
2113.402727581907
2092.385167995507
2117.0646832816865
2084.1347331733573
2115.469076939713
2087.3715029779664
2116.273248561998
2085.106105190213
2114.911410079055
2088.1183205961433
2116.470333691763
2089.4355123507
2113.3215775924127
2088.6586237466777
2117.722853221179
2085.608186711273
2111.5051382229544
2088.823283725785
2120.794458758379
2086.6993837422615
2113.2159286267874
2091.60483674039
2117.688083217259
2084.8574922450607
2113.9788920385613
2088.824685546286
2115.2423294131013
2084.6326713755316
2115.1305118824343
2088.356894013643
2117.367218381134
2087.957198930984
2114.7709674735697
2088.261285552391
2118.057844993124
2085.8477813122486
2111.8518486616545
2088.225793445928
2119.161876818436
2086.679791041822
2112.9538624995685
2090.1155088645987
2118.850520894705
2085.879144090622
2113.680407814312
2090.797638717389
2116.041156094501
2084.0481620629284
2115.345565312177
2087.1676255783573
2118.35858965203
2087.0165460355406
2115.952085281324
2087.7019021249444
2118.594483510539
2087.4116730051205
2111.3253248982896
2088.774250083185
2117.166068113786
2085.9696408673926
2112.3761067469154
2089.354283631678
2120.4802590841246
2087.0321403729627
2113.79026446686
2092.218277924894
2116.817498130532
2083.8453633243616
2115.9827329856807
2086.3809322712495
2117.910170287537
2085.953573011628
2115.029365400908
2087.9468642207444
2116.9544437997447
2089.5271674992878
2112.5118714779856
2088.818812484539
2117.5626235253944
2086.1285521956647
2112.020908817514
2089.298799207741
2121.400468573629
2086.7957443544447
2113.312928823007
2092.247118339467
2117.1323954924187
2084.1975097254235
2115.075831282598
2087.7394370968764
2115.956357180328
2084.9979329303696
2114.942599692668
2088.148901315107
2116.461800671236
2089.2205624870103
2113.5473331463404
2088.507167758272
2117.8208457175033
2085.5274911516863
2111.464014500899
2088.578171455233
2120.607778868978
2086.721231877913
2113.230018612472
2091.403739570183
2117.8469629212073
2084.9352778601897
2113.7449488535503
2089.145425116689
2115.3502792868085
2084.6194409156637
2115.15550203792
2088.305903511818
2117.429214306731
2087.655585048803
2115.1335555647643
2088.087673639113
2118.0260026086635
2085.9847678584747
2111.7356829739747
2088.3442385698168
2118.846128877805
2086.4014515800436
2112.8218668484724
2089.9765001116057
2119.098123862462
2086.0700875457933
2113.7858195551366
2091.1599783345764
2116.1037428640902
2083.9214769781456
2115.4439958364574
2086.894580187406
2118.4055595588898
2086.775943395363
2115.852733131278
2087.864706584247
2118.497715231604
2087.761650638068
2111.437485543297
2088.8304548138394
2117.0586245834934
2086.0526984635876
2112.385876844058
2089.3364440010073
2120.7451095752335
2087.072651219456
2113.70903847467
2092.332203202507
2117.0223941593676
2083.8558628298424
2115.9536610596756
2086.551150233461
2117.6969196520986
2085.6893200676736
2114.9869371223567
2087.896277278524
2116.6843326209955
2089.7922444081014
2112.7586916048404
2088.7840704487853
2117.6100806037034
2086.0480055322623
2111.8426560038024
2089.2224945224625
2121.348115173606
2086.6931618804224
2113.2968041679246
2092.1076037603925
2117.2990243692066
2084.3071635011793
2114.807804051441
2088.018625247183
2115.6912713569945
2084.9149730996464
2115.0140368587126
2088.1931889034036
2116.525962880797
2088.9360815914597
2113.8068453113233
2088.402724573324
2117.9328856369643
2085.569652869976
2111.5049647420815
2088.38761700399
2120.401226647581
2086.813273785181
2113.242534981033
2091.1506375337813
2118.074580461377
2085.0618075218595
2113.617525823265
2089.4542098040783
2115.4820363388194
2084.4581898247593
2115.1336652502105
2088.218554748905
2117.5168853012824
2087.431495482012
2115.3912921152637
2087.9244162783775
2118.0523935047418
2086.178386540588
2111.600255945118
2088.3794112148726
2118.4442341707286
2086.19060453137
2112.755914169028
2089.911977301204
2119.412089221513
2086.299795937507
2113.817847207393
2091.5549006278493
2116.2154246022815
2083.877126324339
2115.6241755912297
2086.6621003264886
2118.3637720139777
2086.586878785328
2115.63885153755
2088.0581717390946
2118.2423464430585
2088.1054123058634
2111.639071356652
2088.844776831564
2117.109336587756
2086.2314627683427
2112.3732058828473
2089.3561392096776
2120.877594076252
2087.009857033403
2113.621556312002
2092.4109741193565
2117.076743284607
2083.885690534771
2116.0396899470907
2086.6514889085106
2117.3661075910613
2085.5057641919266
2114.966647926009
2087.9420678208735
2116.507651224864
2089.829195490312
2113.004385258686
2088.7537613059008
2117.7309223744105
2085.9720992477974
2111.719661941663
2089.203796315293
2121.2476168352914
2086.6384834935216
2113.327073591283
2092.045999253829
2117.519606445176
2084.4728445850837
2114.654326232889
2088.313821254575
2115.4591518064794
2084.807854860027
2114.9905779416904
2088.2441825423525
2116.7054927598
2088.6779250668683
2114.0482607207946
2088.335655391541
2117.881653227597
2085.6922622396414
2111.6135736478022
2088.226081627256
2120.061682478621
2086.9748701648177
2113.2793083197053
2090.906629412724
2118.29185490302
2085.268813708021
2113.597327622157
2089.7507287819376
2115.6485778115793
2084.254467443819
2115.141624412409
2088.009482949659
2117.6642547519023
2087.289853491615
2115.632613724029
2087.76649446856
2118.166733348815
2086.436893221655
2111.4502682576176
2088.425284760937
2118.021647129431
2086.0752009439066
2112.6890267511226
2089.789763384152
2119.7585881562964
2086.492707449204
2113.8554760032016
2091.8555374399334
2116.2709957077545
2083.8881487379913
2115.8308949032776
2086.4272474542936
2118.304346151162
2086.4668498307465
2115.409494747928
2088.029683377343
2117.869297828024
2088.50207744368
2111.8611995237225
2088.80620514458
2117.2435015704923
2086.3966456478297
2112.2971821422448
2089.336445149853
2121.0593417754685
2086.9977609902157
2113.5732104367453
2092.5105135731596
2117.068336075032
2083.989446682449
2115.999634591258
2086.8642687927477
2116.908898714958
2085.3292277413593
2114.939257434407
2087.9881912201854
2116.415035401541
2089.7817005923694
2113.0942375814034
2088.7515842652097
2117.8042603762005
2085.8326958571333
2111.6119253797915
2089.1103863711255
2121.116231500447
2086.668360254176
2113.3036426704916
2091.937580153278
2117.5509852797263
2084.6392277754285
2114.397651485714
2088.499772376981
2115.3093957848373
2084.7129989879463
2115.0634917256693
2088.3590625037955
2116.998517121134
2088.414217641873
2114.296211088831
2088.3045022564793
2117.853144994149
2085.7772700552646
2111.8109897422223
2088.1636797491365
2119.728656341883
2087.0623652198947
2113.2500750748977
2090.5517185373956
2118.5458444201886
2085.4829426782258
2113.625299823693
2090.0893488563815
2115.805819853259
2084.1661527482174
2115.2105120707533
2087.672641462957
2117.8736776567257
2087.24000881564
2115.9283909757264
2087.6949871137704
2118.3674144114348
2086.783352076466
2111.4010581834114
2088.5532057692803
2117.616168505722
2086.0099422212215
2112.5323150137256
2089.544365600971
2120.0889410948653
2086.6705889861864
2113.8859337081217
2092.006818749745
2116.417390539803
2083.9308895632794
2116.0320957977933
2086.287903390684
2118.140728617256
2086.335287767914
2115.222893146828
2088.035368937272
2117.5401793031388
2088.9403112983073
2112.099189560975
2088.7877730133464
2117.4495871665486
2086.385401027937
2112.2530946875713
2089.361765331875
2121.246940159071
2087.0383212753286
2113.483284052148
2092.448821236576
2117.0711163881956
2084.1104708467865
2115.641304951365
2087.175348554222
2116.4931874779804
2085.166209247088
2114.8972462291827
2088.0812137053517
2116.3653807723176
2089.578035017316
2113.209913914881
2088.6878948030053
2117.7207382417796
2085.6943142845253
2111.5656333892207
2088.920626628305
2120.882471932083
2086.7002643473834
2113.232009688592
2091.744069571538
2117.6130761087657
2084.812735156036
2114.147606227963
2088.6933335342533
2115.2336942703473
2084.6684393223345
2115.1287773102003
2088.3998744248615
2117.275857134957
2088.1299285010455
2114.593142412593
2088.3058865540675
2117.887858882333
2085.809292973666
2111.87761255259
2088.186045210922
2119.4005633858887
2086.8173765498996
2113.0591368736204
2090.2562562070907
2118.7480512123902
2085.7388261779142
2113.6426469384946
2090.512871488637
2115.9736472716586
2084.1128949108215
2115.3091237799695
2087.347649065237
2118.173687028347
2087.132748133272
2115.986326678149
2087.6647546807844
2118.5934335744587
2087.188376274754
2111.3181083485415
2088.7144087668285
2117.2843830498923
2085.960464703357
2112.4109958579074
2089.4096048962574
2120.3143464401805
2086.920277665281
2113.8067364298595
2092.137377009467
2116.647458575638
2083.8549895972883
2116.0298994750424
2086.3093334731902
2117.986354949688
2086.1152391493306
2115.0879522705854
2088.0199266823465
2117.2688953148795
2089.346407054055
2112.3480123465333
2088.79631427448
2117.51990265307
2086.2109742609973
2112.12081322123
2089.3600508267573
2121.357648446426
2086.885765360004
2113.3560211512513
2092.3334220940383
2117.0811195790257
2084.152196093924
2115.287125691482
2087.517614285912
2116.1370650528484
2085.0591802136587
2114.913622553788
2088.1442214644244
2116.3062120185327
2089.347761264827
2113.4186858016315
2088.6023401399793
2117.753329492331
2085.560593498385
2111.4777194059766
2088.7102818269077
2120.7080634767276
2086.69911729949
2113.215825571642
2091.520660621912
2117.7468976404225
2084.8946140987696
2113.867417184024
2088.94918467672
2115.2736003444934
2084.6125983689913
2115.1464017865137
2088.326101103826
2117.384690217483
2087.822031671066
2114.919874552916
2088.180517404395
2117.898905888232
2085.8975661331974
2111.823776465685
2088.2768851316796
2119.010630483035
2086.5635875511
2112.889669137241
2090.043374149043
2118.9450170280684
2085.980738530889
2113.728669801732
2090.9538670906068
2116.064376786991
2083.990175772483
2115.387210739491
2087.048971901702
2118.423653361896
2086.9181286681587
2115.9092454607962
2087.756204871586
2118.569957421631
2087.5701264191507
2111.3573402160164
2088.810379205634
2117.101785928096
2085.9922977421916
2112.36935634368
2089.3366749819556
2120.6216504581253
2087.0978687897223
2113.7787659767955
2092.2759976346047
2116.934610712252
2083.856684852055
2115.9554366220564
2086.460811060761
2117.865814690488
2085.833272539443
2115.0035292305033
2087.9137076007287
2116.978344860397
2089.6676984627734
2112.648301549077
2088.81359828008
2117.5694942225896
2086.085174912747
2111.950200122154
2089.2585436744653
2121.3797239368787
2086.7495448431964
2113.2976655194448
2092.179011450574
2117.19078699347
2084.248942247642
2114.946212595843
2087.846830317275
2115.83687094793
2084.966837037411
2114.9824544552803
2088.161644604234
2116.369027983517
2089.0955120516674
2113.6645325510563
2088.454889717729
2117.876528330117
2085.532121052877
2111.4711396476932
2088.49879758553
2120.5258410578026
2086.7505798521943
2113.244943529899
2091.3007515185773
2117.9424395561223
2084.9801315274194
2113.678326495133
2089.3058122181155
2115.410265073265
2084.5917553128756
2115.1604149243417
2088.2617621646973
2117.453364400186
2087.5557760173624
2115.275951496894
2088.038369020637
2117.8741189764305
2086.06748588593
2111.6833555972
2088.345898769414
2118.7076202073436
2086.2997916267473
2112.785371227293
2089.943398869486
2119.229539835442
2086.1557842657744
2113.805781751446
2091.314125472459
2116.154578663393
2083.8914317225676
2115.5058853235423
2086.7752961011356
2118.3784927352403
2086.6894002535523
2115.7571082003283
2087.949142285651
2118.4037232279875
2087.903432633241
2111.5231603271236
2088.848817793513
2117.060543867532
2086.1158740910146
2112.397904863336
2089.357128338234
2120.8204203661508
2087.0620327105457
2113.6607572995094
2092.3839388215265
2117.0475053864825
2083.8598573211602
2115.975172409201
2086.5889837578143
2117.5534833645
2085.602745325732
2114.968809231533
2087.9037587581197
2116.756418704272
2089.8446356048494
2112.8645544882133
2088.7704346193764
2117.6503021363174
2086.038526567855
2111.780798601939
2089.212409192599
2121.3178044701162
2086.65859708867
2113.3117718166627
2092.081761156431
2117.385973438048
2084.3683505657064
2114.7318962670424
2088.1491326279015
2115.5939269522064
2084.885259238919
2114.9960361903577
2088.2028294248094
2116.5506778007034
2088.8350491478595
2113.93656171071
2088.382296537438
2118.006601222953
2085.6222494404133
2111.5459827102572
2088.3075254892847
2120.263873696644
2086.8720401550077
2113.252200584299
2091.056896883009
2118.177535975605
2085.140241427581
2113.5962186105676
2089.595583917369
2115.5402537444456
2084.359876827687
2115.1312107696344
2088.141025025633
2117.5854152738502
2087.3625791558347
2115.4885485244768
2087.845909784025
2117.937807867172
2086.2794900892745
2111.521983894158
2088.394667147991
2118.2547210511134
2086.128785039405
2112.7477673324156
2089.903530124283
2119.5540858585723
2086.385033341662
2113.823174570244
2091.7019509451334
2116.235663763096
2083.886686535859
2115.728849181642
2086.5704503746674
2118.339235910587
2086.5292928178446
2115.540968695592
2088.0429048288624
2118.073335885277
2088.2700131625115
2111.7163181351334
2088.8214954574005
2117.1563353998476
2086.3096386323277
2112.3463537235607
2089.3504633550006
2120.9404802370063
2086.9924791351914
2113.6069299555197
2092.446842205448
2117.0681330869497
2083.921403159159
2116.0399496639784
2086.7254324618007
2117.176761956052
2085.4233540129667
2114.9731671050704
2087.9653334674153
2116.6058597395954
2089.8077187689364
2113.0456228115086
2088.7491418389254
2117.812769265435
2085.923276669559
2111.6670778940565
2089.158878542149
2121.2154229670928
2086.6418780054164
2113.3371130715077
2092.009597936616
2117.560454709063
2084.5601226093554
2114.5475241796894
2088.425729068249
2115.3811723018716
