1501135.8552930444
1501107.9631068432
1500599.2175119459
1499998.0104045589
1499380.512478758
1498565.1469158551
1497674.4904160171
1496764.6798546284
1495882.685024369
1494881.5518759491
1493876.1147856181
1492760.8135959003
1491587.3682462464
1490425.3245611042
1489262.665115126
1488097.1617446449
1486844.4536483586
1485582.3140232295
1484264.47280711
1482896.5992765555
1481540.2816721785
1480189.981357172
1478849.2917707597
1477480.378005655
1476131.2827857526
1474784.9186465172
1473321.7292460597
1471847.4434365414
1470361.0101811155
1468894.00644718
1467432.0547129603
1465966.4982031188
1464499.6632014834
1462949.9663724145
1461292.9384318755
1459571.2296324582
1457804.3817392725
1456047.6099256787
1454260.9453905963
1452408.6424783675
1450541.2752975952
1448680.3811649384
1446819.6155542755
1444969.7289059185
1443093.1155623705
1441064.0263376252
1438969.678070198
1436879.6458465792
1434760.8535313008
1432641.1368691411
1430520.6824335488
1428405.4727929083
1426300.977588304
1424203.2232734684
1422111.5161083564
1419897.647016234
1417601.323917463
1415191.541071737
1412674.6381977103
1410162.1606246578
1407661.2473836334
1405162.3959695937
1402637.0181832993
1400074.6122682104
1397505.0698492036
1394926.7926132577
1392374.1166639728
1389805.918696727
1387264.147615666
1384712.9172823373
1382178.431528392
1379631.9889606568
1377119.941516425
1374603.6415934367
1372088.6302669602
1369565.7640950843
1367028.0696238498
1364483.9824723052
1361967.3855212943
1359436.8460983692
1356936.4572782195
1354421.8584594335
1351935.6572781445
1349437.590848498
1346901.9612530454
1344335.6728556645
1341797.756012237
1339250.9308728483
1336722.6508573217
1334164.2758178688
1331642.6467843724
1329107.841271087
1326598.122474485
1324078.2968908772
1321588.252785745
1319071.0402257512
1316562.9525127187
1314027.322505392
1311521.4383739836
1309006.6888167053
1306504.6172523063
1303977.1850602198
1301477.0245254156
1298964.6675108864
1296490.1549173575
1293956.1195578391
1291416.530722154
1288854.903324733
1286326.4712893108
1283782.5312517753
1281265.8118585087
1278734.0893140228
1276236.2961722787
1273718.1785468366
1271231.9883825262
1268729.9794257418
1266199.3635173305
1263614.3300189641
1261070.5889965475
1258513.8287201454
1255986.1563602418
1253436.6739065268
1250930.1329767026
1248397.8641200194
1245841.0468426237
1243267.3349586695
1240719.233161231
1238137.605537456
1235562.9903873578
1232958.4619957458
1230367.163879253
1227624.209726857
1224907.1105601185
1222174.654260548
1219474.0241265697
1216760.7473209365
1214048.7330034385
1211292.683311491
1208494.9201900065
1205681.0792776616
1202897.4042297637
1200093.730134994
1197328.134461087
1194541.705042871
1191797.9020807722
1189033.2479508827
1186303.8414555849
1183555.4643426812
1180830.1984863458
1178071.100357164
1175354.1301917634
1172609.602198823
1169892.295173244
1167149.0887408806
1164445.0702629013
1161725.8966775218
1159030.5352913504
1156302.6474929831
1153607.387618942
1150901.534508264
1148203.8272483537
1145473.491608115
1142739.1418661573
1140003.2218580898
1137288.545671901
1134570.1332926028
1131878.2291525006
1129172.790804306
1126481.5069011075
1123788.7878346404
1121098.2304484108
1118349.1047635858
1115629.6685043145
1112900.792004566
1110198.7702403672
1107490.4724034406
1104785.8807532887
1102063.040114641
1099368.4462806527
1096665.8106014908
1093968.3021738576
1091252.5793726554
1088568.8256473395
1085872.505123922
1083207.4035129016
1080532.655478861
1077884.507010079
1075233.2629669183
1072602.2922632182
1069967.628711377
1067358.4294663977
1064739.2739872548
1062149.909195654
1059552.9382877713
1056982.5190590466
1054401.4627132758
1051852.1880362537
1049292.0964385837
1046761.3998202308
1044222.4061488385
1041710.8776414322
1039187.690432256
1036670.615903041
1034149.9972059347
1031647.4282187856
1029146.257998308
1026663.8991343004
1024179.1855624996
1021720.4983036654
1019253.7528420802
1016811.3188012716
1014367.2717034463
1011942.8809668346
1009515.8335519134
1007111.6598792926
1004707.1663461993
1002318.0789228845
999924.9637118629
997541.3693289483
995148.970655381
992712.3496860043
990262.0991020122
987845.2392344612
985415.124569374
983019.5117393213
980590.6338228381
978154.5352984197
975697.277498054
973277.9749440057
970843.0903910162
968398.3133302211
965945.9485847445
963517.0860429121
961076.2542436862
958666.5327196817
956245.4260073587
953843.9179771026
951418.8246786278
949015.2661633979
946606.9730291767
944223.2056239303
941838.0957789428
939471.6196364352
937108.4077201759
934761.9763734746
932416.952439025
930090.3770382124
927764.1659051905
925459.1477383667
923150.6096223755
920847.7271945537
918505.6529832972
916181.4810748489
913860.7178670301
911555.8256866598
909255.9544767223
906970.5676727066
904688.3446419286
902422.764393369
900161.3477789239
897914.3937613986
895673.042133508
893447.8056755814
891223.517717205
889018.1726419597
886815.0302769113
884628.3152422191
882446.0575077255
880278.7991030068
878114.7913569188
875968.395709785
873822.3146077734
871696.7149433951
869571.6445093818
867464.3648879571
865359.5295300519
863270.6523916641
861187.4063050683
859116.4574105437
857054.6077366815
854987.7437952075
852908.5870646484
850830.7347611169
848767.791485963
846708.7073311751
844666.4307935548
842628.1677865275
840604.5808203521
838587.2898287012
836582.6996012006
834585.0611549773
832601.7915185501
830622.8728624694
828657.4727372158
826700.0498541178
824751.8959701676
822790.18504209
820820.5912400286
818833.9276968017
816860.0574714926
814892.3606126134
812938.7537623236
810989.4266376037
809055.4644736334
807127.2540940233
805212.4843871836
803304.0944426957
801407.5579973937
799507.9841687616
797610.4581894063
795715.8176477145
793799.8800108002
791863.6581152864
789942.2129517781
788026.1293660132
786108.6757643588
784195.3242127469
782278.4458979641
780368.7535230701
778458.9880108624
776567.521798492
774677.7152635432
772807.0810914657
770938.9675909837
769086.5544001664
767236.8302376553
765405.2988570418
763575.7976033414
761764.604781762
759953.3754349931
758160.9078896996
756370.1840569787
754596.0634941425
752803.9824810942
751026.5707997946
749245.6844761017
747469.0033494062
745672.0459662882
743847.6318267568
742000.7736061633
740171.0494961133
738293.149465287
736431.9429067337
734573.0150538017
732731.895475614
730894.557173088
729073.4956702968
727253.1350501608
725444.9923991065
723636.3055778691
721843.578552666
720053.9648072653
718255.7046535008
716408.8818490859
714569.3031203067
712737.0445008622
710914.6169726385
709101.3291672376
707299.6837564106
705494.9058866831
703708.6725506322
701918.2126113705
700097.9067225595
698269.4062548841
696467.3523021893
694658.6600591157
692876.7141321441
691089.2294875558
689324.3436019836
687556.9835506702
685812.3250114408
684064.7603007758
682341.7063503173
680611.543913648
678907.140420382
677172.0490893187
675465.2736725301
673748.9962996733
672050.1789131267
670335.2683284525
668644.0349768827
666950.6093129343
665274.6279237694
663599.8518153236
661946.3926990137
660279.6140502328
658626.5172972666
656965.3736309377
655330.738474645
653691.1767033595
652064.8613693148
650429.2976051943
648794.2288128332
647156.1376829678
645524.2241419837
643846.5852174008
642193.4271207241
640480.3762673629
638739.278342411
636995.2519052293
635255.730272705
633524.268379916
631805.2042336529
630095.391493929
628396.3140123256
626699.0361470653
625006.9333622708
623297.7033822687
621611.2609997817
619920.6203024933
618251.9003121355
616580.7059177781
614896.3302334627
613168.6148316861
611462.5880299744
609741.6201836537
608031.8778354618
606278.5993746269
604552.3962125316
602812.5409683135
601067.4090492488
599272.8187753191
597522.2792104956
595747.957740533
594014.7119163371
592260.9520852206
590548.4984014939
588814.9999332043
587120.2245301749
585407.0054572154
583733.4057126992
582032.632215497
580370.3707375865
578666.819146107
576986.3571476294
575289.3603853456
573626.6355680022
571950.3055491642
570307.5357923693
568651.0653058339
567028.247338095
565390.0171289397
563772.2037153603
562125.0908690689
560475.283720844
558786.2165620765
557069.3946592952
555303.0491136053
553595.2610965981
551846.040193439
550157.2239596363
548429.5688177516
546731.9881668882
544988.8955118611
543301.4545925187
541577.462534561
539906.7751592735
538202.1302595221
536548.2880330681
534864.0519371971
533228.5683283138
531564.7019037354
529932.7331256603
528261.7314352486
526641.3382315374
524987.4600223243
523384.432484767
521740.45133134426
520147.2832541762
518522.91874263866
516945.5420560268
515344.2172071867
513789.5903049317
512204.27960386523
510654.82969207386
509075.89924877166
507543.5828215963
505985.5138427408
504471.563448628
502920.80222309404
501412.35541029955
499880.3355906271
498390.07852146734
496876.2090080737
495381.5082733144
493857.50150532037
492357.9157280965
490853.1150763191
489372.5287745482
487886.13690426166
486401.3140456587
484885.27678722027
483396.26192024496
481901.0036838456
480429.7798144788
478954.0671564043
477504.0234142947
476048.78734696575
474617.51231953566
473175.1619340346
471731.0563375343
470288.0956521577
468865.3865202038
467440.87147226604
466034.78997115867
464632.1555632595
463246.80517984467
461855.34890705213
460461.80775129853
459061.66777948715
457683.1672312403
456295.8720964518
454925.40478131373
453533.9622226077
452164.2966153997
450780.93788555654
449429.16096902866
448064.4507692945
446725.95272205124
445370.2034406047
444053.74320105376
442718.8321579518
441418.7354224871
440102.264471589
438823.0898581487
437533.0687997027
436278.5606517345
434993.2323044188
433743.8268283763
432480.02228070627
431207.04386775417
429909.07191045146
428622.1701734122
427316.0016857098
426050.48747437564
424762.9280058265
423497.05068202026
422202.9077338664
420947.3836324571
419675.7251774029
418436.07944679
417182.5260277592
415963.79140013095
414728.5357851612
413529.462683594
412314.01249582414
411133.3735053444
409938.3102638881
408771.3637758953
407584.6132262761
406423.42375088105
405229.71879525855
404071.6777160625
402878.23561333487
401704.0101718707
400513.3305805929
399353.4291945717
398174.764400545
397021.47485710826
395830.6542585345
394674.65258903056
393496.5957491271
392360.910964531
391193.53030856134
390072.071322922
388926.27076699166
387818.4362530331
386648.8638655131
385524.6540093489
384370.07057271013
383260.03080069413
382146.3424913354
381060.84085233964
379945.0221586498
378860.9406062676
377745.601110619
376658.41689514177
375532.60480633675
374446.90818894067
373334.9707889357
372269.59980250534
371180.4631788766
370141.4041987561
369068.1034781895
368045.80964382493
366992.1322058523
365984.4379527452
364922.5565268837
363912.78369759285
362870.18141464744
361863.68625887064
360812.0823937036
359800.4866895285
358770.65486784757
357769.0032421083
356733.8734715411
355726.6074284254
354697.05288342375
353680.40664980933
352640.29430338956
351628.73918948666
350606.4227819536
349586.99282633833
348491.52588680363
347397.7950303459
346300.5684041451
345216.5228981336
344118.5300245087
343029.77402097394
341913.6950203335
340810.04068155703
339703.3717337483
338620.9018697145
337529.6201985947
336458.05929067906
335359.8104876598
334257.2567979331
333146.93844837736
332061.0157350322
330953.0984215992
329861.0154047672
328734.3093903778
327612.51835947717
326458.67795737914
325263.7327588336
324063.99051381496
322883.2116118019
321701.9547079475
320538.985686328
319331.6038254566
318093.923339067
316860.1055293013
315634.25984141027
314406.3209402262
313192.4578060118
311995.9511730235
310791.2891225239
309576.31723155075
308358.1187379319
307153.84129467333
305929.6763948583
304695.9188890184
303466.10377590504
302250.0523564667
301037.4873587577
299832.42117390985
298639.1859871311
297447.02584158024
296261.4780604311
295080.49047448323
293911.15757488285
292753.363048465
291594.77828407765
290448.918250932
289311.1201792654
288185.7093294408
287057.44579195214
285931.9994076752
284816.38803261606
283713.4730803615
282624.5192845779
281538.62555790803
280461.73610751407
279394.1916880875
278338.87567169056
277255.76569193235
276200.3058735733
275133.8915757175
274094.26525579224
273051.6616049336
272016.5470179868
270953.94658982876
269916.9107547814
268873.1292549497
267844.7668629608
266815.3494926355
265802.0613698314
264790.321834938
263783.46068939037
262788.0536745116
261779.08369689927
260784.5048746108
259785.31559725574
258788.33966952885
257799.01321369255
256820.51428426467
255845.32416915434
254871.74642917723
253916.20334307468
252956.25186248287
252013.4682583158
251067.4939625769
250146.0593589081
249212.7937603789
248305.11363232325
247375.27211949544
246460.23677274506
245535.98342891474
244629.7074828242
243712.16139788408
242826.23389596486
241924.4305841583
241053.08724499473
240163.4812775727
239291.73857387088
238388.26924737115
237468.5084040822
236514.24831400794
235588.81268903989
234644.3236745443
233739.09633809407
232815.48201847295
231890.8403072602
230939.15695659848
230042.59643554952
229110.6116236518
228231.57970158098
227316.20617427406
226446.11849299844
225532.3105397918
224653.80088207492
223741.02649602297
222869.730936606
221962.63870461172
221098.3762695854
220204.06877020668
219322.6388812985
218432.76106238313
217556.5572345485
216672.67035735617
215793.37450804532
214910.19118091348
214026.86764534964
213141.73485144632
212259.04843883403
211371.27523341344
210504.3430453599
209636.35557348788
208789.35415231678
207928.1747301041
207081.76200430375
206229.4402759283
205397.11135752278
204557.1071993386
203735.91814435605
202894.94949494867
202080.26864278415
201265.06098368124
200469.30349337886
199659.116681811
198861.08629983937
198053.15540228313
197263.7207745041
196440.24423794314
195611.43779299187
194755.45010894435
193930.45995656998
193093.68675030218
192289.40126640367
191468.91268425775
190685.8466467958
189887.09383402087
189119.87938279507
188336.90807063086
187523.35363583107
186696.32978765463
185878.28147834507
185046.75500449093
184238.6608001439
183430.8189155358
182624.4785698164
181786.14637703652
180973.5842927999
180135.140343812
179299.00343453424
178447.49877600407
177621.11196201426
176788.47763220326
175980.53063972626
175166.17128197447
174363.5266104008
173554.65830715
172757.1027454488
171961.93592575216
171184.49504762294
170367.1157346998
169573.37873025218
168772.05958368749
167983.76911236253
167178.16799474045
166388.35103498102
165585.86905195445
164810.41480416444
164024.75878532892
163269.88974209368
162505.1369830417
161768.9998782562
161020.92945261323
160298.35177253128
159517.96621332256
158773.3007941438
158009.04960609743
157285.93622299656
156536.51972217485
155827.57660467038
155089.04073503122
154391.25096938503
153671.0092402518
152979.0884714962
152266.3536704291
151580.12799383875
150868.71308511792
150189.57385670432
149496.6618834252
148833.8520476844
148157.3049280787
147514.20622765596
146860.16316165266
146218.18200207574
145549.15380756522
144854.33378543323
144163.44830792103
143463.96880388178
142775.42598735236
142094.7805021702
141405.46871046448
140705.6138943888
140025.76718588
139337.2272844738
138664.3981682698
137977.09293032298
137312.69452473507
136629.03785626957
135972.42730268466
135302.5760168865
134664.5223642535
134015.10893242105
133385.98504115827
132710.0682199146
132050.43290336573
131376.69289168582
130726.47860749792
130048.57721559626
129394.78326372981
128720.33056037611
128064.21928937522
127396.9264258221
126758.2095954586
126100.0658896411
125477.00091742778
124833.2545335712
124216.55723021235
123578.59546952829
122956.87905631824
122322.90058798053
121674.58844021105
121014.48478959853
120363.19955632147
119709.8344401957
119075.19165391343
118438.23821777281
117806.46166427738
117157.68985314747
116531.78147935822
115894.2016724318
115284.51182048785
114668.0954379698
114066.23343056676
113458.80646433393
112873.75689010936
112286.10980813418
111695.6530803389
111099.81892320795
110514.06808428738
109936.711097707
109369.91187585577
108812.56262216723
108258.77497811723
107698.67157020027
107156.85938387073
106602.17210062082
106061.76306460347
105514.15709295373
104958.00611775796
104404.02558020195
103856.44485777202
103311.7838534433
102763.31517118879
102214.81196852027
101664.79099755108
101120.72693036958
100588.89333590958
100031.31345259098
99483.92840956448
98931.4409427561
98399.58507476402
97823.39969398905
97258.2343217496
96670.37555641728
96121.36973704412
95546.00117271315
95018.50700062235
94459.06143046939
93943.90812139721
93376.1472434252
92871.97858572312
92324.3545204667
91809.22467804061
91257.9373847375
90755.22361661922
90194.00882979651
89684.63286421464
89144.15944411798
88654.71698674625
88135.65770104999
87666.98376513185
87158.22557795444
86681.85770586328
86184.75537008984
85686.36444562124
85148.13847471595
84637.88279252709
84116.76329110474
83605.74561660868
83078.84682992844
82578.12398491586
82061.47576651812
81558.6453578803
81039.20112228251
80521.31507923098
79994.97359274779
79463.53119684412
78946.0710824579
78430.42276022425
77924.34030295027
77411.27525053812
76918.9574498586
76420.64506212845
75939.93299531142
75463.31659412262
74994.51397074515
74521.36045733397
74066.52434473576
73616.03144944475
73163.68820184411
72727.94832991768
72296.2936683954
71868.0086502899
71453.15964798562
71039.00498877931
70623.44104630135
70210.6473189398
69805.88602886473
69400.43681509058
69006.17119602929
68622.91695520659
68242.25094101125
67846.77125156618
67441.12442389772
67033.09350178174
66610.96077821829
66211.53372132442
65802.96063428879
65419.44131184022
65017.68936756317
64636.992780398534
64253.71839421377
63897.85843430917
63527.801196785076
63171.90923286562
62790.29941397037
62441.75996024899
62075.03003075377
61724.80906169765
61353.07928194211
61002.824178043615
60654.26691756683
60326.32922519721
59995.4947426626
59686.33435265414
59366.73332305628
59076.64202715718
58762.88131698269
58456.16427276404
58112.700681330025
57800.613687452176
57472.888012525415
57167.23324264881
56849.958742301416
56561.224246481914
56220.10627628179
55914.828838261776
55564.52551062194
55262.43640557746
54921.02591890001
54611.542547489946
54275.92487646782
53967.77853581969
53627.947175072615
53307.234836866555
52964.61389128526
52654.247727532405
52318.55825628748
51995.90518965055
51639.01277663019
51277.39476899002
50897.75461008168
50530.99838888102
50159.24176574969
49776.63571338778
49404.55564507086
49021.26739734556
48642.51199164642
48259.492948888656
47877.89389254371
47493.96462396018
47106.54907543403
46733.250440324
46345.01102303037
45978.9705423576
45595.52110660432
45232.682221468465
44851.91663756363
44497.30841867214
44132.50007457292
43794.06773213545
43437.840154570054
43093.140022774125
42738.682413419345
42412.860044577115
42072.69937113896
41750.40815574697
41418.26750074331
41116.97940683988
40789.77078034522
40483.87054549419
40174.9262131185
39873.85212313602
39560.27667775902
39235.040895020415
38948.24336047006
38647.75417132514
38368.09069864017
38045.86422393527
37750.186083655186
37426.943318002115
37132.95620260374
36826.437121031115
36535.04377017423
36234.96537993329
35936.00339586404
35626.879373708005
35321.61617376917
34996.229580693784
34696.797493635546
34385.12481840663
34102.66804279837
33800.86246923506
33530.96196283475
33236.76449396951
32961.11060273811
32667.944325809734
32391.048795895345
32080.634863810963
31798.99382741542
31507.985992278296
31234.940658417225
30938.206352021825
30649.65462330289
30350.521864649112
30056.136439088732
29764.151391936146
29482.189850551407
29194.92257079062
28915.7820472262
28636.003165936017
28361.425445246427
28083.45855667344
27801.3268922983
27528.644525550455
27271.185909201264
27003.484297748953
26746.873113603437
26467.939265763915
26213.68393332329
25946.24290364083
25697.73860166052
25446.787664486113
25204.17529522489
24976.643555417402
24736.74206927696
24515.429996489376
24288.845262633924
24080.761586337943
23858.803670748744
23654.9261078097
23438.466104584793
23239.096385671142
23017.731593393786
22819.932735612485
22606.782757616642
22396.062499254986
22181.178233153707
21979.17486681146
21767.03886091857
21575.63371191616
21354.30041977599
21157.669804666708
20940.105564538517
20750.063079854466
20525.76234735108
20351.762584676417
20131.03103391058
19960.666085497436
19750.804136675564
19583.3688932655
19379.57696009546
19202.204160086676
19009.670197621097
18846.057379877842
18659.58716535957
18491.976139151622
18298.067359769586
18135.500354624543
17926.476926570875
17782.76173461833
17584.9517540002
17433.73440109664
17233.623341860006
17086.26992663036
16901.564869235684
16780.628749413172
16573.54987229738
16453.032351580616
16266.29220588144
16147.290695988395
15970.969483445235
15862.272685279722
15694.205572539155
15568.650168307553
15396.468297322572
15276.545900216055
15113.81479130674
14988.174055924303
14815.352663473099
14681.652724006302
14498.95240379265
14362.200561587017
14195.99898369119
14076.931688010247
13919.468340482326
13779.457363922844
13628.919159150097
13515.713958523584
13380.667715456439
13278.099370601498
13133.809393574767
13010.189874180041
12880.381413359837
12752.113266607392
12613.43515182839
12477.852957735846
12352.168052645842
12214.783136488044
12088.0811798625
11950.615017872387
11812.805356705026
11685.216830697706
11542.783215876934
11416.730100918667
11299.247422656774
11162.305503254453
11066.519913978247
10934.630776180094
10824.47201490552
10694.463044832804
10589.718081292376
10471.115613188145
10363.931673165856
10248.514864448456
10142.79593824841
10015.709236920376
9915.069374151071
9809.895380036121
9681.76808691681
9579.23480371531
9469.687930826805
9391.74131076231
9312.912830454972
9224.019249270794
9135.046757820059
9050.748670771181
8966.847255796376
8901.172560245193
8807.734067001733
8749.431457637373
8665.929350894712
8610.776134937594
8549.192521856086
8484.343769879059
8428.819916684972
8363.335185152448
8309.88465397722
8241.096566205793
8178.728573607221
8108.633572695967
8027.443020114228
7956.399542910595
7878.235946647298
7806.826467070056
7733.529151903906
7659.313294760301
7567.649418752291
7479.190351346199
7387.837228498966
7304.776233292072
7229.260715385331
7158.4732192362835
7076.666194194934
6994.255121327118
6900.343310399701
6824.627421883031
6736.70137163081
6654.316927620412
6567.74505764063
6472.406056350016
6392.193842311551
6302.256887783019
6231.7828827041885
6143.570246738042
6057.150001805383
5976.187639087746
5890.109201964467
5812.366025386028
5731.407248882782
5655.209863702821
5583.369427562403
5500.309117761207
5425.603727972281
5345.192431831907
5263.944384168547
5200.291718562866
5121.5190795493
5044.012620830327
4976.015412621092
4903.724009798991
4839.711073655975
4747.476071092088
4688.008951613465
4612.304214638277
4563.839290906766
4494.986295089318
4436.159615636095
4356.803119953036
4305.206772438136
4226.928345202963
4153.827100162723
4089.862561767793
4032.6240401522214
3972.0339496358083
3907.211922823954
3837.128322751619
3777.479361861899
3730.6184975356414
3661.2887273034908
3601.2361925512237
3547.8303104495844
3478.3008863720447
3419.994504545451
3363.7392514209073
3302.262037053773
3252.923276487071
3199.0000004877684
3142.8146854421584
3094.7793512736266
3048.3024252677633
2988.637726967854
2940.764872504231
2891.0298171098266
2843.3270884487197
2798.7342304181875
2749.752754706108
2702.5582962832173
2660.0235557983983
2614.3327117944586
2565.8899443136706
2522.674150064473
2480.3648171581945
2436.184824755131
2398.5209854835316
2365.570505458052
2321.66114954551
2274.0143629678323
2243.3110906699885
2190.1394613570237
2150.0234829126402
2101.596164096945
2067.1251588699092
2037.782540279572
2000.9820685526922
1972.2297481051987
1934.0459588583524
1908.9653483435793
1864.8550427248808
1844.591397279514
1804.6176710933496
1776.5841682086516
1746.6115753590007
1716.4923392013752
1679.7542226097478
1653.157345903104
1630.4987639729206
1596.9352489321254
1564.5828190561501
1531.5070350824385
1506.4205728694444
1473.2992140454705
1452.396868050617
1424.804390223135
1396.117520998982
1366.7097618751886
1339.152547701258
1313.7208091530854
1283.2744845327445
1259.3878090874841
1238.6160228550657
1206.5688554560122
1187.8390950957687
1155.2570139573065
1139.0103359906245
1111.0344026628718
1093.737833796195
1078.3776866267601
1060.6351787706867
1045.0512387112972
1034.862982593042
1018.5536697069397
1001.9797150016483
1000.4584992438467
982.5458087811296
976.3882205835706
962.4618977410094
940.6650278274069
933.4949749371611
924.0889937498373
909.0240430528384
908.7751364116224
888.1684804980046
884.2711725065259
873.0450319386301
867.9314041813859
859.836593043658
855.6806640073804
846.1467465470608
839.5395254995916
837.9696556089876
830.9653266192917
826.2344548387201
821.6251372114134
817.7465905931133
815.0380447660106
804.5366815442549
798.1140443780807
787.3820474164554
792.4308267177828
786.5407813051952
777.9701104090407
772.5236438908182
774.7065495838386
760.8527741631405
756.7218020389022
755.9969848314288
747.5045725968225
750.5432814199128
744.4087555367794
736.8167425607497
737.9764133736439
731.6928704372319
731.4524147502112
725.6879252177056
724.5431228333443
718.3465792591433
717.1850200814483
715.3361757933029
713.4573332921505
709.4325848208313
699.4852620733633
703.4185528941431
697.8167635829543
693.098083448267
688.4993369076119
692.0258387632136
689.5568616049416
688.9842849011399
684.2238590434199
678.5402741291011
683.6333037066513
681.1001606000531
673.3457348026611
669.7081826306179
664.9284413892864
665.9922307087504
664.547187965247
657.3568693963928
657.9186255453802
660.341557578216
652.5266254298994
647.9199420635136
649.1512075978283
643.6163132808691
640.4567463797804
634.9338742198255
637.4045590620522
632.7297064063868
629.966913243053
623.3890290387463
628.4119734782219
619.7649902205133
619.0958955568619
613.8208163276639
610.9959346590998
608.5390458867406
600.5525889953359
596.5931252198402
599.0641916037431
590.2366968718344
597.247031496021
591.564544108945
593.2069588143797
585.0430453638087
589.307433883986
586.7961266515929
580.2731509495958
581.27738626287
577.392840725988
579.4605592410903
581.6632303319565
575.9752753015655
572.2577822030994
576.7072884764598
575.0558036899306
569.1453137622461
571.220849308875
575.8806440034695
564.9696676943526
567.3506144011154
568.9423594528146
566.8715524915743
566.978996505592
563.4663362861547
562.3362487101931
567.1259566950619
563.344276268318
555.0877842011454
552.1144937450373
556.8747817735759
556.9133854182438
558.9831780319935
557.6841839884786
558.7294721742145
546.9144031025228
557.8815326972641
555.3973403810115
550.1707652528388
550.4628999493488
549.4584586094115
544.762370822939
547.8431984627491
540.3788817718066
543.380437046739
544.0259804903501
542.1288210305086
538.9537741633864
545.167101592465
538.2142943685333
538.367789733018
535.6050779616485
537.0872985314304
535.2652265076171
534.1845390626759
535.0931448160685
529.3042086706738
531.0391185378468
532.169233729434
531.1760657254521
532.0886379947291
523.3089694004057
525.2613090530331
524.1851544591634
524.6996561485621
527.752979379624
519.4033561240755
522.1386038300976
523.5260534453982
524.497082280981
523.1052516584039
521.716513458079
519.2339406754369
518.5260865570624
516.4832790655284
521.267090494176
522.3737591783606
518.9060099990501
517.8289133357141
511.8206639437728
516.9021228866445
517.7348911380024
515.3733838623608
507.85827795268364
516.475864932094
503.40812718130064
513.1128007567581
511.44904250596653
506.8760925235096
508.23377361767996
507.33432324962837
502.0967043485551
507.7165741745325
503.41393278916047
502.2302078284245
503.35111860946193
504.1606298023618
496.7087749762308
505.0087906398543
501.94723744024907
498.0949343561433
496.6116984986562
497.03289480437485
498.4613073650028
499.9921981139636
497.4612981910314
493.5102958715001
494.3044492287373
490.7028298253407
496.4743773175127
497.246201496464
489.6681919646549
495.7030698585989
492.0406265022082
492.2203529286202
494.4780045871414
495.1777560718714
491.6156089152576
491.28683162884164
488.1007273366969
490.92898484660344
488.7110038221713
486.4913987413905
484.9297773349439
482.75824501681785
488.84998672835843
482.2799782795383
480.73594342159714
484.4757834384154
482.3510332596889
479.26231668302125
484.7364234190381
478.4843630899709
480.95450436525897
475.24594241821933
479.93748002645043
476.161183261178
478.97258177284397
477.550829150044
473.42154571755424
476.4945736940714
479.5106663302908
471.51391707172695
480.4377652422087
474.42976756383626
477.0236194349948
475.35010234933026
474.7935172385111
471.95979117426936
472.04742434527014
471.0388567250491
472.1263187126946
467.1303262180171
465.10538013474786
463.1665646393078
470.3233229400244
466.91132504803517
471.16442218561826
462.22329559044084
468.5447670499732
463.0780034138918
469.72623541486087
463.9919209829543
470.7241232398078
462.5599344921261
463.74154853284665
461.83649454357646
463.6788097077855
463.126574892205
465.661059589443
460.11977861748875
465.03317418073556
464.7469364305591
461.07747166832604
458.0489303634016
461.8660705108854
462.2743393556757
462.0388588615094
457.82639586608803
458.8158518689654
458.1439665630696
459.33046896659636
450.8101689280359
458.1168860033451
455.1930895350773
457.5345207543957
452.6486355398676
454.52990380842004
452.3430442712002
455.3176833815624
454.3082097072388
456.68555775085105
452.71448757267007
453.8298834009904
452.4617485343823
454.2231396628917
453.0634394879078
451.5795899717505
453.478195087311
449.52799493777525
452.14774673124265
453.79544354513115
453.0878613279139
452.1904782830848
453.0736458252987
449.4358583356336
448.0236147411432
450.0999572351889
452.4050136614367
444.61778227346053
442.1211577377805
444.8109177575383
451.374870593604
451.0035546510083
445.545784801504
446.96544420629925
448.45788826864657
446.84832587274747
442.75966847719343
448.952710068073
445.26016724922704
447.55894344305784
445.96652493039653
443.63220636714107
443.34080772406514
444.2137359188167
441.833171030335
444.8653123452494
442.1183981976945
435.68914602998876
441.5856574945566
441.8646863569694
440.6449988929636
439.609936108684
436.7643114454732
438.5456360910593
435.75480016284513
439.15649140702993
438.87724769730454
438.28819353829596
436.4811135978334
437.75491102289726
439.30545893006985
440.34433551952134
437.11324465273776
436.5956846862456
435.1633023611916
438.09647952979
437.2630589311678
441.40871087719324
435.3728251015047
434.0683712338142
434.4856452392305
437.96870307190227
436.7244101869873
434.5563329191075
435.63110370313484
433.05812983454115
436.25350256388907
430.773726878687
436.13599268626564
435.9201543562953
433.3871301253426
431.9425899864172
427.8523969148722
428.82657624467527
430.3430951721947
435.9277422792469
427.9414575430565
428.26364267701325
427.19178974208444
430.6395674384179
427.9801932382624
425.1582118881346
425.617737129446
428.8607985271398
428.8797797952114
428.9697748878676
427.2424032687536
427.2446916971166
429.0199364336304
426.6518620603474
427.4546028598882
424.30660521316287
428.10574880063535
432.13317745331295
426.1553376925194
425.8854057710659
421.985102350269
429.149726319415
424.69814287872896
431.41631709327726
419.7641583344947
425.9613342723394
425.92281934140937
424.125525642332
421.9381146592739
423.2507582157798
423.2713669914148
422.6343145253693
420.878501183239
423.9747525794458
422.33906009111206
424.0618014282873
425.71004337999017
423.8975499204261
422.64170372141075
419.30568638500944
420.74967154684254
423.471455558402
422.76357421925223
418.8594877223328
415.2071727824339
417.5027351198584
422.00598623514395
423.33275930460394
417.48244474640364
416.3251411502304
420.6234900900652
417.909677904965
416.74581229242034
418.2747186024686
420.0350314067651
418.489757485243
415.7469165288035
415.62606831278777
411.04801048089575
415.87341023718056
414.19679400727824
419.8161333540187
419.73130911357987
414.1676557603785
415.0891722879978
417.25326840858486
415.5278425507746
417.2841373555309
412.96059713324735
419.63828541507695
412.3611244459888
415.4607398860851
413.5277832060223
414.4990852532056
415.6312414318798
413.66410542178045
413.2676863847495
416.8827778733982
415.30197733843727
415.1000232394807
415.9037402812666
411.7779435639186
412.7280999903259
420.3571946295706
414.29448462745654
412.05444388598596
412.0067277808469
414.14060060353825
411.1208954346108
415.70192624975874
409.75381485630527
413.5437183805569
414.8292924278925
410.1797951070088
415.18552709741124
416.3900721150451
416.1904019319643
416.5320015990679
412.83309573269565
408.83219061682684
412.4692354604676
412.56657809518026
415.0971085568726
416.2898483237896
413.900033332348
407.22546413213826
411.84918574596355
416.5212704901443
410.3081635187162
412.92722716859134
411.010149600464
413.1891935721722
408.90102066218543
414.8820637425123
413.7603820700676
413.60135516794537
409.6994018880557
410.6999693933221
413.0356883977459
414.2163042365313
407.28477578069817
411.578449002394
414.4622086583967
409.16425554892254
412.64341769208556
413.46542731880504
411.84692123372133
406.48796286794226
409.7639125272803
408.991876938115
409.96637279288063
407.5728267473868
406.60697377017965
415.8505775214873
412.5717672250546
409.68146890181157
411.0048955845581
413.04764719495773
407.9483290398513
408.0384681327675
411.93030626709447
409.32006493338463
406.3944217359746
411.2618969564251
408.1679196870296
407.706394994088
406.4906659397402
409.4884461286712
409.5030548906677
406.57969005906233
405.4912950473291
412.26110396616343
410.49313098842333
402.96925803724633
405.2883423328311
410.9388779528028
407.0597127015909
402.53987626976146
404.21742599272017
407.40160874167435
409.1563554379163
407.87914019899654
404.9524154094444
406.4607821068494
409.22465053433274
406.0933004850971
404.19553709362714
413.7233576703013
402.4898704919243
406.56418258142304
406.61476987930695
405.1289692041729
406.8827183532106
407.0507737186333
409.82175287941925
409.11765117560213
407.55577224522006
406.28647729260456
409.5882005769031
406.369184606966
400.68330588256293
405.71952486236114
409.258968653358
399.3745970977868
401.12101763130426
405.09710174436043
406.836886274159
403.4661949479462
401.7831660137499
403.00827495413796
406.95079321048627
403.89820226928236
402.94425652545607
402.64936606132835
404.1677473058851
399.62938769991206
406.80247860537537
406.99196315547624
401.14004542862733
401.7320388092337
399.65355499562895
402.7123811891551
402.2541559056322
401.27318732495775
401.2845863981096
402.6028515699054
400.6633571066177
401.55456332884114
403.6455891506624
400.43353401177586
398.6433946788691
405.08884652909967
403.7571543733376
400.16743230671483
398.8191663547311
404.15126132855517
401.14827138192754
400.3958969630467
397.51199525063373
402.5658390341825
401.27698303413877
400.9345379883911
395.2459399344228
404.09035736854
400.9436275653033
395.51496270405033
394.1726164871013
405.88988575396354
397.76398632435047
394.77375104852166
396.3685640583136
392.79985984698885
400.21900947896023
398.8648177487545
396.73418320696356
396.9008075583185
399.72669934338376
396.09828562967044
393.22696425483826
402.3215973656675
393.4719163846956
391.1316288017441
398.5091521481213
391.3143436376301
397.30874758658905
398.46364415654546
397.7206114217056
396.4524929016931
396.6746939956044
396.77397710119743
397.9175177330206
400.4451025816863
393.7882240343568
396.24780747372495
395.0642102007746
394.9825765944755
396.29687967517253
396.76645063659765
395.77789272814726
394.72653197233717
396.94789077751665
393.05356502520874
396.4243037140121
398.56291174245905
394.26551346156265
395.20040213932083
395.60615657095093
394.6489616805847
390.9785842884654
394.5145188544923
392.74090244658356
395.064683014662
395.02966216165953
390.3265728158562
394.74175399879965
392.862056647956
392.04877231260525
389.86472824652975
394.8109161926574
392.1051726468478
391.8839975003477
395.5438564251326
393.74753073381476
393.959114495739
393.67560185547956
388.1798716400634
390.46775794996336
391.816250722816
391.6057215145205
393.1952873287228
393.4093993364851
389.33683138985685
392.2666074231723
395.0112016138391
394.18964075141906
387.323278489743
399.39252814645755
391.8500217708264
391.4447423046251
392.0881216459909
389.94934035104615
391.8136353759047
388.2222733862075
386.53599020390135
397.1382328197477
392.0254049906444
393.0397584659816
390.9260104651072
396.78566198111764
392.1955221781633
390.93005805755377
392.9732392655025
389.5800765711744
388.05938943190125
389.75926287559355
385.3501870151196
392.25888097158366
392.64602854219856
391.75849704562046
393.19443947987554
397.620066209757
387.83833845316457
388.5561787026322
391.56273618865316
388.8872045424541
390.4817127069821
391.0502109256954
389.8605327889562
389.13327788059274
387.8192624663513
389.00976495341337
391.40107315349945
394.259928506709
382.68037952854127
387.45097855662704
392.1707036610556
389.81285399130076
392.47510617144115
392.7659386334492
388.67344465911754
386.9104389858785
389.8632023412767
391.4472336551683
389.95165205770854
388.8001761070231
385.3102269454905
394.4209309449545
389.6732924032394
386.41664288350194
387.1370833508124
394.06712950304825
384.11376775742264
388.78243408323965
394.4695507246863
388.04624840542397
392.64144902448146
385.8406717201846
386.49463017773735
388.07746932309186
388.31959813837767
385.15724811188323
389.319654828059
388.54709477076625
381.8928175645465
387.4030768904976
389.22735897212937
392.27627247474584
389.73386808625906
390.8617455477983
385.83361701824566
383.4351193898426
387.1641610620969
385.39941742132936
385.20795618581576
386.56248166788373
381.8190699639855
386.7801920754232
388.54055305315865
384.57630978803763
388.4960090774313
386.63043431614227
386.4931003819709
384.72031942561586
387.9708752890362
385.8678351798582
384.5871505355454
384.782556853476
384.97929880418883
385.3510614335971
387.67684446211763
387.1648420260461
385.5908756923259
385.7625212911238
382.12967112616536
386.43759282209476
381.1800167989085
385.42000269817754
384.89291749226135
385.4988479581098
380.844418519965
380.9457823105985
385.9708965042277
386.36919575258565
384.577678931457
382.5002700042296
380.27016337090333
386.29738218098424
382.1211034138708
385.6718496400483
383.2512451065937
384.3370986499908
380.3396778193082
383.0398827280176
382.5365326478552
384.7398220763978
384.222967744915
382.2890003194008
379.94226052966275
384.64481564603824
383.24777037252954
383.686481460073
378.1043223256508
380.5182347475776
380.3424133760501
381.2865015317477
386.8745085163411
379.3920187622544
385.2248426209762
380.993116963433
382.13830332316724
380.99118027632085
387.7225711248038
378.6118946638306
382.99357303007287
381.62941710487
375.5632518233733
380.280532830335
382.3608209306475
382.2888752966355
385.95334430046654
383.1074568097139
375.9093967721609
379.300114163998
383.6808179705753
380.60599808005287
380.7651937806545
376.331368691446
377.2739619799323
380.0081583846827
383.64496016809244
379.63199324602357
385.13023317425797
383.6018842227504
375.50925234185456
377.7385587188742
380.9131025942427
377.70402897125757
380.842347020116
380.6226439592011
373.1608117204976
381.86141365366456
377.50592327887085
381.2903096848066
378.62143139774133
378.3574557779825
376.4970114020197
376.2985209273432
382.38559895353734
372.4900046324788
377.37324362860284
378.4848119671553
372.9320220886099
375.18432956571104
376.1837592980821
374.28248551278494
375.8817021980102
377.62524456734025
374.1638298748464
373.44797934199187
374.5022166257284
377.0684732664185
379.8183991526506
371.9730686743588
375.10532426054675
375.20223555067605
379.125695488195
370.2012216123948
377.4373175671756
375.31267167596377
372.97601112395307
376.10983096598784
373.3954612657727
378.96260873510016
373.9474713513758
371.4498838180798
371.593179105048
375.1687755812503
374.30759935777047
370.54132824417445
368.71304300059523
374.12017723369473
369.40998712333237
373.0665584208917
373.53894628146975
369.92903572709383
373.9688245695248
373.91975141650164
369.3429935842594
372.5275541013486
368.8675584437425
370.8810650278698
370.4554981552113
373.77930295849256
368.61354160283935
370.51816761735495
366.87040341213793
365.56944519248515
371.19227741441506
371.64498572696255
366.28574766192605
371.5426821436974
373.2744782668674
363.16007795947314
369.7612027833693
369.21761034904495
365.99365342582456
367.80170543264035
367.6540655688427
364.08776942357224
370.6465512575448
367.49708731708756
367.1170006092398
370.7194886522997
368.22064218380143
366.22116717613164
369.0654967704616
365.4482141987916
366.74283158339546
369.69502818968067
370.7676045419678
362.4867911201818
369.4896947818797
367.4845385223035
363.5092121385753
365.77462464422507
367.889244483926
364.6135446123801
366.48300128340423
370.79634373667005
364.6321176208827
367.26788609553233
365.74315080654713
365.8216699958228
366.85568397142777
368.5027903133264
364.24228595285837
368.0692668275248
366.8982098317516
361.414043258367
367.66578702772176
366.4879827964373
362.7274403430444
366.61441080489215
365.4691475203628
363.25231241810957
366.9737226389394
364.17488511415826
365.33316659468136
363.4249433153228
368.9529550622153
359.3696993963711
368.1882035875104
364.1535764996784
362.5077023819437
365.3558540842946
365.82873790808577
361.69027645769756
366.4163013093644
364.7309529109032
358.92588340278417
363.55101948020257
364.47251007699583
365.27317550366206
368.02700263639883
370.03393793428245
361.87273294385557
366.905604579864
359.3894586137354
361.55289800258464
363.3397642240991
364.5487249064708
362.1769250766002
365.07408327924986
361.0357535308242
363.93290891425244
362.5015730486005
367.78451138724637
359.3475612387774
364.42638835252006
364.8101138334925
362.3158117265733
367.5453996182665
362.15121487721603
360.30803804385255
362.6733257339552
361.96888835265764
361.1823876491927
361.64335879610536
363.7937610469565
360.03499727429147
364.1244243653958
367.71745211271843
362.46138013002
365.48794662768154
363.5383496422907
359.0483352451479
364.8851095472803
362.8984556271011
362.39235991895106
359.205025196594
367.3323045159378
361.0708752691262
367.323286360194
361.97822041854965
364.72104639130777
362.7746145614615
364.08434402275316
363.1023314999316
365.4278929133433
362.9044936706666
361.7083761788421
363.2908090008047
362.8525303231203
357.47635222106453
362.947999598914
363.73762934791677
363.8596591916464
363.1380799201756
362.40883145281856
362.6970203653846
361.9768585987602
364.0393071757762
357.288619956898
362.9526969999739
362.27888835149616
361.28741242170804
364.46703626411227
365.44829961794295
361.96441901012577
361.50893314910536
362.617102861069
357.2750213058976
360.60657027783645
363.46841985145494
363.97771200950103
363.34670448877506
365.8888816223172
358.5713386605913
365.47728896364515
360.05718279434006
358.7405357724458
359.7705105595398
364.4242649051631
359.1356561458429
362.78439878641785
363.083635546633
363.7235421844618
361.45800832695153
362.10441867492585
360.7278432157322
365.2252198948751
365.20422297533014
359.50643780967675
366.2234261549704
362.5263583686805
360.22555754827226
363.5561332677629
365.85811577509077
361.6068687324793
362.88187272079404
360.80100043156244
361.8414196532549
363.7230158334769
364.76907774738595
357.6487450548154
364.12626456272596
363.9815076336074
359.1143169033151
361.0277296559091
363.085751774115
359.2752758401507
361.2417750788856
367.7220839420687
359.4205426372159
364.84871948706507
361.0896826412292
360.15682935721367
364.9790816844838
361.186487664349
358.04451795200094
363.6302450734883
363.26375658430953
358.48263556234116
364.0721451888145
362.99382783717914
356.00689693301706
360.01403002436325
360.62613342839353
358.4749343695114
360.7961596924779
359.8831419770704
359.3588130319402
364.1866149493346
365.62593778552434
357.8553211850837
365.4756036753678
361.171443609108
358.22255486029275
359.5564962970447
365.46844524403934
358.7665744051685
359.76926434991645
360.40778656462345
359.589228171778
359.83610939283335
359.9191720557593
362.4972443294687
366.51785485402337
364.7095902517517
358.49510638011276
363.19306090147546
360.98113444153205
358.6448220533931
357.1069243083561
364.1123542013031
360.1915875269886
364.7934803022257
359.82327354630763
360.7440341569252
365.20489213369353
361.20857493307767
356.14574667043706
361.76785021174356
362.4666704823414
360.29013525034
360.8071602303953
360.56837611535474
360.3481210801026
362.05118404067207
361.35170162803314
361.52469805964506
359.30400275818835
357.3255390719071
359.10482160874227
364.0250047413477
363.7957027992047
357.32992480574444
362.6721303023292
360.6291304120179
360.83988849550025
357.31146737928594
361.72845329358233
358.9834963056299
357.58365256966925
361.72202631731795
357.9595669505455
361.98298180838634
357.031033055982
361.34686627689433
363.2127467341907
360.33482411502615
357.6839361881964
364.6632608723572
362.6481586769845
357.75269153474875
360.0214506998006
360.22125271352763
357.2374943045131
360.5904619759966
357.85050727968326
360.72415789967795
360.2125683451365
358.0769602902765
360.907910087869
366.9521928580971
362.65727400172767
357.6466072477259
360.03819935457864
357.81536310545846
359.2434717172218
361.6914993280581
365.5309608136509
361.1697495823106
362.159508356435
359.60680366224443
357.21754674303264
362.0045687436662
357.7119730985092
361.3503808917838
361.80058839977687
362.0956225831893
357.0951220555379
362.9607980434339
358.19222399965577
359.81762792584504
357.44110085372364
363.027953013133
358.85625898048585
362.8927650063241
359.54825559103404
360.5758927606086
363.99992644858776
357.59821095337446
357.99635835246255
363.7350820973163
361.4615088286336
358.42106415749885
360.4527150429122
358.1335425721524
359.9791917152367
363.5104292994521
362.00327608459816
360.94131683988064
355.70318966766985
354.91780790030316
356.2810399170328
365.08532343102354
362.61193469235394
356.49901411885173
361.37581912180235
361.2476601732241
357.9597592098619
359.8218115568696
362.95559666981063
360.55938625190873
355.0929275795247
363.30839722357103
356.3998002354198
361.87674854290873
356.7163758417166
360.51814655771335
360.22738569631855
362.1151783260175
355.52319232236334
363.01574581662055
362.9575329555383
360.6704143910249
358.9055746740304
360.0348002779564
356.4500273693495
356.0755497947987
355.2329622395412
358.90543717645926
355.40164920880545
357.8563335343126
355.95222188473156
363.82618443391766
363.96982832795413
355.969289615213
357.42079582370235
360.18934325115436
356.4541706109452
356.35475043700256
361.80309926013626
360.7037175996728
358.45071281190303
353.0039128702887
352.39806974134433
357.60017516092233
359.8230825091111
358.3649794483137
362.98504302976124
362.29404132662205
356.6534537368215
358.40899627918935
358.3466268499492
359.3148599684981
351.9439430053936
357.0344733265823
355.8578366401904
357.0207662118059
355.3200353484881
355.54752110723194
360.8436355282686
358.55255243494514
355.5233946190721
356.6080446609822
360.0259062760812
356.6785560111769
356.7475967707968
357.2254708012898
356.1533281681452
357.04369233965167
356.8598083590305
359.40273927837706
355.0381319998043
352.404657863036
355.09707047109316
358.90421639557
358.5626099754923
353.46659036250537
358.4880116166406
359.7649922377428
356.96975510865394
354.93604272400324
356.40301774091006
357.14006145544033
354.1076510250895
354.3855215536927
355.3516568390323
362.39154502311777
355.64912675418583
357.0642021255097
359.22025206675966
360.1059385957938
356.0652390052889
358.5185673439152
355.4139217286541
357.87900324983
356.31435223434084
357.1388292587143
356.61247544684505
357.67340115338413
354.7576109273063
355.6549017073645
356.31958379543255
357.72690876593765
355.7260564163194
360.3177278312283
360.4607937135177
354.586500822072
356.03506796733063
357.09686402007117
358.50440822008784
357.7982931122806
357.15220917302776
361.01258085247554
356.0315524817017
355.8360788089605
352.82655181877766
359.9254195640453
356.8144968181472
357.7364843540658
358.99748828207987
360.5243930282277
355.904531711886
357.354085413373
355.5654005037746
357.7339151918223
350.5779126963484
355.0722631533853
354.6809739367351
358.374712970182
355.5974071296855
355.0635994241881
358.43814584242
358.0830404877136
353.5491040775875
358.2650179969388
357.7134722231862
357.30443759157674
355.8513318957765
355.82150487335747
354.5471771534059
357.3867386755391
355.3312621415769
358.31706388155465
354.8563229018388
352.1457398696542
353.10321296816
358.78033182467584
360.5692482367125
355.2546411218956
356.57730735086284
358.7422239475881
355.3751432004132
354.800909002359
355.5559699709164
355.78826330805856
354.8882351953638
355.6484200033152
352.1208497973943
358.3803970811289
357.6512088662168
356.84680200091645
358.2895097057317
360.0129357783023
353.81669356491943
355.53598518617645
357.1958951164422
356.77558198970064
354.1947413945443
353.77343459738205
355.9529288076044
354.82120733593837
351.45600868246646
355.03114246451435
357.56172322907344
357.8257680619979
352.19010637170607
359.20241262042896
361.46291769988875
353.56410495054666
353.04834907713445
356.5632371166771
354.96394678793126
353.3915880477862
355.8920676412081
358.8200276103757
354.03540656782724
354.14868911525616
354.2465283331448
359.4968793921935
357.8808465090506
356.5180751409254
355.3433364555041
360.0569138785764
354.1411005926375
355.24976926941264
354.9504052551772
356.2012961616082
350.52730901208173
353.6570672392269
354.7521763075526
356.7051674745004
354.7709371540128
354.4895449264757
358.88542091331016
356.86896280522365
353.409563740755
356.3535960866864
357.08648054608386
355.40324549785856
353.1640322068067
354.69837668745384
356.1833338274451
357.4074038027042
357.3777286138684
356.9547557913286
353.42525861294934
350.94507946126396
354.5660201541839
357.9384131867945
358.8119541684638
353.6299887242577
353.71318138363296
357.40976713747966
352.71017419195675
352.9168572979061
355.2675351523712
356.9143049218281
350.39878829304234
351.88415158878126
353.11401958598157
357.5285699609122
356.1993933807874
358.61198866000007
356.2736023427698
356.92968408543743
351.9952222219171
352.43419537112703
353.9078993527727
356.2269294094791
353.0986740621949
353.8519850886962
353.02187020966073
356.03219088108295
351.415915241626
354.25368414096266
354.75042690238513
356.3407072017267
354.2810847189792
356.78769733581635
357.05673182355696
354.56990811996417
352.65230347898193
352.57705552695745
354.5422098826811
353.4718631605275
354.8725851665365
359.08090520770975
352.85597720666857
351.94290837785417
351.8731020959433
354.9884011173237
355.3246869474927
355.2987429238558
354.5104268209621
355.20830477817486
354.5211335507494
353.7330135518423
354.221751975463
354.34926637068884
350.91678584942923
350.5442378416658
350.31195588324226
353.45835447475025
353.363300778263
353.3548407135957
357.10328530348954
356.56592416227926
352.18432619655937
353.1536148433963
354.4830279372177
356.720139299344
351.8225816985493
354.00841505176106
353.7922224317691
355.78915609118025
350.78525054121656
354.6011404952599
352.22475117056194
351.3474231019147
351.9448116342194
357.56283639635916
356.82143622519595
352.43091531094257
352.32707261066366
355.95424634210246
350.46774920907
350.8854020461515
351.1167776677547
355.3485807771572
348.80389350639183
351.4741348971774
351.120091096546
352.5145409761637
355.6452529251303
355.6671224508074
354.8400594702739
355.7433281232351
353.6603774864676
349.4817634557297
352.666772653842
352.6613716244542
351.94387352013763
351.8584449368099
351.96106448020356
350.94934864467376
349.6913012335296
353.44999579049147
354.55722731853484
355.60494196778325
353.27443345500166
353.616832895353
358.9443968053348
352.30010778659596
351.9631469462663
349.9828034680154
354.2192224921837
349.8025302703338
353.64826021724747
356.4394449458169
351.9988518150092
352.24367990698556
352.752672240643
352.7615092626691
354.6727115523479
354.20077800514514
352.78373653741664
353.0097397509354
351.87121850120553
351.8777831827081
355.4563639050426
354.28485321034424
349.253830617566
349.9001405863868
350.77771627394213
353.29534664458663
352.1035511207506
353.4590436915323
356.67696292225355
353.3114279840007
349.8761754200315
353.08242586616853
351.4980468316572
353.90096402937974
351.099887572168
350.55566201249803
355.1511291655358
352.8614855087449
350.41063078214694
354.7256102160182
351.1262353633322
348.13265059084335
349.12235748831205
354.75307961570695
355.3041718948007
349.69365024621027
350.13741545553427
352.92725166208453
352.16532139293673
351.77642849295216
351.97156188765393
352.8024194493644
349.46345652731253
348.0100946042464
347.98390281194037
354.11708189668525
351.64597927361734
349.54147697403806
352.2887579278875
354.1878638193755
351.1241602306409
348.309697120637
349.8562673798141
351.0781711974576
351.6127577230419
351.84047456306376
345.25169079318835
351.6693847691173
347.43435943974134
350.2895206834212
352.2730841694658
354.1207058414533
350.93416076102255
354.44401078236393
353.97750132142943
349.25886147385387
351.2723200812431
350.6842306432441
352.8409974448791
349.0810227160116
350.35741983799824
353.7676364953409
351.98539813691224
349.17073964124523
352.1724568774985
350.61196150465105
352.767201663617
350.86928463773904
353.71431042503525
352.74925214830114
349.8503911976174
349.2228479294604
350.17179763532295
349.54260703428764
346.4926782762199
346.1189111976648
345.6904179760959
350.3625369482052
349.5975091930547
349.9507888259652
355.84721718286005
355.6471273377347
344.52808940097873
350.5901074955805
351.134972174447
349.3294951858993
347.8193588992337
350.3674951631679
349.24852756877897
348.81769741216095
348.8943264271599
349.31216571274564
348.9292937688561
347.31697446224365
347.51459442107665
352.36367206637544
351.56361285219907
345.06085846877215
347.59046611902187
347.0850118218131
345.6697401205638
346.59217494775754
346.407657418333
345.9350670958932
344.2244186613183
341.6057519036696
346.0706174519346
347.083752215376
350.60276403048493
347.3397096347967
350.7593451561332
350.6306060435825
345.7636715111047
346.56628312422635
349.35624389463777
349.21508677932184
345.95903417890025
345.1716408096391
345.10286447138986
347.4913712160227
346.71208743470004
347.09950206168355
351.75805893848366
347.2577196058957
346.8130214230376
348.62361887612997
352.9324992820084
345.6098776438214
345.6230027538546
348.3668906922293
348.7771250247311
346.05146931505584
346.25363760320556
348.59009880263915
347.72455624135057
343.61484123470973
347.2873534639454
350.512447498317
351.03566530271786
344.6408814762814
350.02128716713736
350.77433557195127
346.41966290555376
343.01275212641207
348.288754183598
346.4088151716183
343.35589568962337
346.9128307242398
344.37669271583195
348.38382017198575
346.28718068231984
347.04451631837816
352.0235686978062
350.89277884602683
341.8847147861214
346.5265648193498
349.0800711518712
346.73601604350137
344.5673668361484
345.26018033052486
348.091061788276
343.32298282824814
345.4733892642451
345.1354722084857
347.64072763902595
344.8131272975437
345.49159719285086
346.09354340371397
348.6768266093058
342.1519519054802
348.12813609326633
345.3201995524017
347.4761224533017
343.71456491115725
345.7608613852301
342.9439164285321
344.0605734571009
344.3883164100281
345.1656856817568
346.4010180935109
350.0338476076147
343.13977411141747
348.6362564226838
349.9026810248856
345.50432481583704
345.78495680228673
346.2610493348972
346.18886795803763
344.2888462905035
345.31576205342293
345.0247325788061
343.0019368088937
344.4157003358196
345.6599517120705
348.18815849550333
347.1359709834484
342.76424185935224
349.0563358834436
350.96852709250976
344.61128097963194
344.4923844691922
345.5197243624178
345.1271476097608
344.1068473010073
346.8314192193991
343.39853404878517
344.51728608300954
344.281441017866
344.9036370601183
346.1553838568215
350.572015201059
343.2705429847662
344.9829319283578
348.311615774029
345.57280826313746
344.2724930788893
347.35927403675646
343.230210915935
340.80811344322893
345.0828192467448
344.76709681421187
345.97296359243853
345.50608631745206
341.12565578009213
348.7349665443162
346.20322020427454
344.6446407348805
345.6130563117521
347.5473060086991
342.5153112199471
343.25260191486
346.25095445131507
344.02130467326504
346.3600880272372
345.8625290443671
343.4085845095887
344.5902284258724
344.28975455871586
346.06772975607487
346.1721978264882
348.4069613056486
341.7622551256409
343.315843210897
342.12521003769746
343.12766077101804
343.0238826362488
343.2531649047673
344.33590197138665
340.5401225421491
342.91307753388037
342.92628923074307
344.55604665454024
347.87583463736115
342.48448609162966
342.86663967438807
346.89524283342575
344.13079955400246
342.6963536031848
344.0283379178776
342.1612177333009
342.64704180344063
345.7720270984225
342.71258358861843
344.98610404820835
341.8709379753055
342.6911050542701
343.28841018299227
344.5596513557977
340.99800785409855
343.6587389400966
346.2306131898545
338.8425465127191
339.5746073522365
343.0293736354787
341.8624934926218
342.0371241118489
342.6871555016011
342.73967491841745
339.8725103726686
339.5284829342352
341.5551224201224
344.28820125070183
343.8796558580858
340.4297509093243
339.65534996100047
345.02285228206347
340.9530458796619
340.85276188191114
342.75700173601666
344.1202361201096
337.5100928373077
341.15048677186337
340.94513842559655
342.6980395257901
341.3155074843898
342.1375472401445
342.50969532100777
346.46123998693616
335.00485294548577
341.1510646560912
344.2543195795091
341.1878220942438
336.0720671695431
344.149686045775
340.7637400614235
340.6300045564644
339.68370892280126
342.66961325934466
337.8301866429853
343.00256167886135
341.19220406624476
341.65749182671175
345.4661710336467
337.5049657436282
340.4359516952483
340.3249621963049
339.36325812711635
341.4373642314771
339.2743544571821
338.7722167630783
338.1865083564216
340.08798392403423
341.1028518632346
341.02352779217074
344.6147533460849
339.330489622739
340.63225293465564
345.8183247257173
340.75319668593033
339.0061142086533
339.0236975074679
338.9256732601942
339.80696377297045
341.38133708664674
340.80136310951485
339.8295978942158
338.19989935714494
340.6057626533721
343.7490979034113
343.3895754765293
340.7897384897367
343.5960452676237
343.3946125107443
336.167803242941
339.5723297281559
340.1646193421327
339.96399247972846
339.89959096834644
340.7102988071624
340.4128205860355
338.5716734586484
340.64653730636263
340.7048243572192
345.47477114268975
341.21867987049217
338.85415386116654
339.37323497835683
340.7580165078274
341.2351459351931
340.489235335142
341.84672051761544
337.0975516525012
335.999081255869
339.46400970204405
342.2103845400928
342.0054934388747
340.3777905955427
341.4844366079978
343.29706016025773
341.50911910463066
335.89833532185156
341.1825374394619
341.2787102945438
337.5408236922018
338.82334272711
340.1204012390869
341.1694932142013
340.24988458992664
340.3530986196246
340.030737425662
340.85156633146465
335.46707951908616
340.3861414814478
342.124140680668
344.24355948271767
335.85204988698746
338.15669619432816
339.07798060567524
340.39852307157884
341.5699152710181
339.61806639046057
340.8993321370673
337.09587544464586
338.1610680927252
337.31571222235726
343.07701079675155
341.33737634365554
336.565602096904
338.71184836134034
342.35737108439434
338.3606993528756
337.5254933694898
337.527581044105
339.6541780617625
341.1537235834478
335.0829720396854
340.2198635950009
339.6540645694659
337.67990957749004
337.74635621813974
344.245773726299
340.0817114319081
338.5236327261902
339.2812332259897
343.33465989358336
336.85451650105244
340.5490568505673
337.387357742923
339.4862174897044
340.63166786419475
338.66122483925403
337.59759563915725
341.06909503799943
338.6189477803616
336.8714596996829
341.44374581220677
340.35291134323916
336.91915762686614
339.9513593685017
341.39098887253493
340.8938153937227
339.76911421109315
339.5915847185174
337.5292312287093
337.39668849917246
336.8127274888313
339.89360700338204
340.98579523716865
339.93139666974497
339.7009198797522
343.3439332720088
341.58061346015785
336.74299009857623
339.14140675894635
339.8893447469239
337.7185836635634
338.615417623688
337.73531163648994
341.614603525666
339.38718919452236
340.1328646946794
335.3403359735638
342.2644424599778
339.0846961707774
338.4953849465509
340.91188560037483
341.78764828420196
335.6053702150898
339.31378398852064
337.70741407749375
337.94340983054576
339.40906682355893
336.7147405978744
336.10702825232994
337.74180769971247
337.2779730868244
337.99427131622815
339.3180302171328
342.873338049224
336.7064806565857
337.890737131343
341.9772524605997
339.63567738848917
337.12537832227815
337.94526780592395
338.16740834959967
339.62420470845143
337.80248202123164
338.93152422231685
337.9803113173912
337.51507746527454
338.39566106308234
346.05811685006745
340.15046076903263
337.39371250211485
339.3147444812528
342.6483263805236
335.25542034782916
338.19946273772763
336.3196979343138
338.86190668498296
338.78315696172945
337.5485195872132
336.7553194554535
343.5097871894314
337.6605687795985
335.2870816244704
342.4182664776222
340.70335904854585
336.6569020382519
338.4156327354761
338.6938331901928
338.0963003143941
337.11065658006686
336.19799907812546
337.2713523646596
337.352008455923
337.2765572428573
339.28280849469013
342.5800818877561
338.5609163955189
337.13111351446616
343.6783062205384
340.1723040373503
334.50874102325326
336.13097315891144
339.765638864616
337.52390352993024
339.4741424047975
336.8030387546657
337.8031505394396
340.20911263652
339.0020524366328
334.92977209809897
343.57592927636676
338.7454922178595
339.0243369510892
340.04458922006233
339.6803144456515
335.490223044244
338.11963135527697
337.98974402699054
336.91200895575685
339.6042911887857
338.1860651082165
335.9304312505421
338.71386018725224
336.01099400681255
337.16963875219864
341.9316292052011
339.8663856412196
336.381196217964
337.7536657059209
341.5726260169345
337.5567548387678
334.5774039693141
338.63399739750855
339.0584462167463
338.8035403263881
336.4581833096448
337.9777478776934
340.237840198213
338.28227424276247
335.82092623335177
344.1391887998193
339.9317176701185
338.10429309535067
339.5523513762374
341.36647458925125
338.3176822916614
337.65293452231583
336.74428101383387
337.5726193048904
338.94690254080905
338.0733913822189
334.77396127246476
342.7883415119569
337.3999375917978
337.09960297503693
340.5297919327326
341.28723001487896
335.56725897033783
338.9280597183452
339.1564127552931
338.7378863752272
339.8753152418618
339.20510643551734
338.12882104028716
336.4516879895192
336.1446036886492
336.4220299177355
340.85159841089353
337.3720500286234
337.8107329672302
342.8716803082079
339.80425303260387
335.8579826983308
338.1035886318529
342.09972275598693
338.81197973978095
337.56109847330555
336.9692709964617
338.83451591555905
339.5756776486187
338.68754321521345
336.56921775714534
345.8721752733558
339.60491702645396
337.91335227336367
339.0485845100937
341.0597343681535
335.2068057883236
339.29339293069785
335.6795832833165
337.77279256248625
337.82012626465274
338.7365126870538
337.09687176810894
339.7008684530545
336.1312766411768
337.40510925778557
343.02435661975414
339.0738712462258
335.1024429440856
336.9779895132684
342.17632078958786
338.13235398702506
333.3375584155645
338.4841578828707
336.26581663460024
337.25597231043156
337.902830886538
337.9621960312201
340.8578027912121
337.4572276394892
336.8443739611648
342.38729500876445
342.4606209194952
337.8396134494895
339.45830426413545
342.66943787773386
336.02927019828024
336.8767996736469
337.8014003393157
337.39875763036076
338.2667350859088
338.5961342323674
335.4180228143219
341.6260362888797
336.2791690336249
336.8492593507998
341.4306968861073
342.06115077923556
335.68363950694885
