131869019.96082433
130140610.01041266
124955355.02788696
118495720.89042974
111420982.62570052
103707128.0572423
96081165.96125208
88870562.37187807
82186002.14531314
75761835.0268767
69404468.48547845
63460280.34955679
58053683.425402515
53114352.984380364
48628254.02107636
44263138.250562355
40102040.55941706
36203210.35642144
32738789.98470051
29496147.322917733
26504736.92710688
23780839.761471402
21240355.39927164
19025454.428407736
17079544.33173523
15392086.228890052
13800171.397301275
12263520.722117769
10885057.719147213
9699147.371103773
8649888.177759869
7731060.936928219
6946810.259857131
6200595.419093935
5484371.92223109
4776005.686641296
4068617.8884135825
3433243.160425091
2864952.117477075
2386372.6045345366
1972116.3889491416
1641733.5869292456
1362598.322526254
1104211.1724600305
899227.1806945847
739368.9674799081
615733.3329372872
508372.89812022966
399415.76463957643
315902.43871584936
247349.76405153563
200083.3603883878
159173.75218099653
120136.48737165904
87804.95658843167
63700.70884368154
46640.19653326261
35953.686397180965
28331.28023359875
22639.35192411185
17008.22514318375
14156.852196659895
11011.393073281895
8984.799874615921
7574.614790187335
6273.287290388027
5097.290323892614
4251.462701440474
3728.8179748312878
3150.821646542503
2659.6232838911333
2205.7108291345585
1971.1782547350422
1659.3226186268719
1486.2936257045671
1315.0018589625581
1210.5630909203173
1139.0997751272278
1029.8914201486657
843.6682675205757
800.486354670617
780.0180388252148
668.5158291568772
657.2595043492664
592.4813689567225
557.4508935255911
519.1533343001818
488.2676878059056
484.71803149073116
456.0521609705849
449.64750835687323
424.3183176045164
401.31683417294363
407.35561988880835
399.5168066066277
382.34010588697396
383.7672183930556
379.35841335985407
356.37590559872024
322.38591560518825
337.57073449399684
339.5100505465498
319.5112951534353
297.5211826510327
324.74676754635357
293.70398226588816
297.65159698863386
300.9760094744538
308.92225512004916
299.87833992913716
304.18041690840437
299.2426251925606
296.132035153606
283.60394176623777
284.2752421334858
295.4212503631027
275.4218469303492
297.8551401407466
293.16362810095296
272.2244784191805
277.18966476366757
293.3049730001745
276.11557594153095
286.13742185841954
279.7648947991187
271.45590331435125
270.5072125173167
264.77064510734795
264.98518529939633
269.1653071627715
265.960346463955
262.83070793054236
262.9454172173693
286.0816311745636
270.37066400916353
256.4753209075245
269.3599549942262
271.8681913270377
276.4764144953463
260.2100420149238
263.31034965756606
249.62560435611692
265.53600737235803
259.7245585557391
259.3912760206259
269.06236496345986
240.80215675932433
252.1389451430162
250.57388654128093
245.5137311564731
231.22336013120938
242.95218344024153
246.50113582106067
257.60478747523536
244.12258399620532
249.61285748080928
245.3871656732633
266.065389037552
244.2513171346601
248.07197880501116
240.37889884058802
241.41369319155123
246.12990453773537
233.5584011579974
253.92530229058897
257.05946339599933
251.86749352622545
231.4941694804507
238.8459383403541
241.35030712021472
224.6047222065547
221.84539008584815
240.931364663956
231.5851503925712
240.9185058133598
217.74645949832546
243.06565646367838
215.6764615971912
236.06580876762237
228.45175110648285
236.76810847017555
239.19511643067787
238.68337259534263
229.74569805788
232.28738954069516
226.15309225591116
215.64422039313297
226.1134488123799
232.3428150336499
237.28307800055717
231.36409895482893
222.73613080866593
212.99136134097108
225.6955680499172
222.4768005759651
215.05392429533774
219.01756344494316
234.6019693637212
238.489661118947
222.60587857397556
221.14405760936768
230.123001127865
219.45229024831747
238.36548321523537
223.13656847906773
228.31002711191786
228.80255470784945
219.58544261638863
225.5935952805553
239.3576782731228
235.38039681360485
233.8764574607867
231.06288783806957
234.99548933978588
226.43154255739205
224.06985659784195
218.16489259431856
215.7624749644816
220.84432617425384
207.61545162027463
219.80159288460362
222.61404129824277
217.89150798132394
228.83705072364967
215.12821971868829
215.93851425990877
233.3850705184562
212.8053102883799
218.72419616971334
213.19623918503007
222.9554304707703
223.0091926767987
218.2044000051528
230.18881085444215
213.52802179385935
219.7804120925931
219.9435391917865
225.3786941475826
223.63111670582464
211.62481738749025
216.91284112574067
212.65457364174227
229.0674975287819
218.55129443150776
215.20105958328799
212.37840189847378
229.36130001639742
208.31706707934185
226.55185222525108
218.12394862165547
219.9473610337047
219.7649169294505
220.163590431529
214.1158540517565
214.0594841273596
211.89666721603515
219.42384333394756
216.1397757475589
208.37944743054092
211.61234135275785
221.61051962968753
214.92370014343962
211.97505175950033
228.55512102390756
224.79366487423152
200.0535439320172
204.90391896197548
201.90774819592917
214.50751488730938
207.4379650990175
229.57198437191215
218.81028284609246
205.17374216103
207.90577096734538
212.79113768547074
213.63018211572304
207.47879657984026
211.12611542085997
204.3681372698784
218.54141303941967
210.16788872792083
210.95203289533475
207.6774492751985
200.02235727098835
205.00240510622092
207.80695767563196
198.50826358052637
205.79104405942365
206.98170887379223
186.99859151743547
205.13766943420876
204.65495238689252
206.97191287619532
201.62766155116947
199.10044465549038
205.00200539798857
208.48980764064385
205.51433452297607
208.93797603799737
202.08223118773495
200.4480023745903
205.96944787099753
216.98032661572748
209.64922440140077
203.23664412485567
206.36942815485938
197.20245101978912
214.84327366423986
211.6168652710379
205.65410656730145
205.0832240398466
193.38664525425742
191.31570575993857
187.4028275535661
201.7588816709541
201.3496200948393
210.4501429736229
192.2074887049316
203.34214329008512
209.81101290134464
200.1457473706087
192.11133784391347
190.58227465233136
202.10453789892003
189.5357383303946
199.21130853160676
188.65492063790478
209.25354710778498
195.4580083438366
197.3744365430172
192.7779667848695
195.92285780957747
209.1328758249069
199.004534759351
195.5543431777197
195.5365528271827
193.1584929186624
198.62132179118086
192.27412204332504
195.24850703762897
187.55758178554845
182.46384518944026
197.7008749580624
186.04554943872935
176.51804840762472
198.5839259165548
189.61154230442307
187.6858030012227
191.1985305954013
205.55512510949507
183.6977433206503
185.1648574278938
189.050256455412
189.05834765960373
188.47206276081306
192.11460828283006
181.0342518673316
197.71090222134242
183.2292433098893
186.61410724342693
191.28353789731116
196.18829069122145
189.74086228051692
193.82149008352891
193.80061624498575
189.08266896921242
187.95570367859057
191.9714969167516
190.22847043447337
186.9213570626779
186.23593403197248
197.4459052115708
199.2577481601142
182.13930667713518
203.1016781247847
203.40126681001675
198.05824669646128
187.76104223318944
198.20126376519318
198.47955270474034
187.2759302636288
192.15967528992624
189.5534027222097
197.24656667742155
200.64149671482986
196.81903453528008
193.80405676328127
188.01683364825368
194.68730446333893
183.03747901724398
189.17225617342694
201.02629263151604
192.28003491755078
190.30323217937408
202.5609898978841
185.83995923585312
190.76531435248086
201.88098573851317
194.7401031957161
187.17707645554287
182.53088085393313
189.00954986375305
181.55838590390726
188.07214281155493
186.5924817131799
188.80793805545338
197.37446667687635
194.25595042981638
186.18407608596848
184.4652965154968
192.50624443215446
185.4959760214432
183.04728738479514
186.36620272079267
197.97902760240748
188.14883481132426
187.85190709471664
199.89053699999286
182.27983423971273
188.17303890311246
195.15270754349203
194.83027707686884
195.6422823037542
180.76207500011478
192.88913220465454
193.5712893301736
193.10128502748103
185.2170543710908
193.8140638707352
190.15925197267285
187.19191688735427
187.16472296452264
184.6196394014167
188.17170925328372
183.8950950389078
189.61278482105558
184.30453596619233
189.50449087168226
203.9143352809529
181.57352918067886
178.98318050631187
196.84869093795822
191.99597842522405
184.65853619419715
178.38249471876586
194.4527808066953
177.1185863788402
178.002074344976
182.32874739663941
183.94881373674994
187.97690427968996
191.6360212927055
188.57450780495773
187.50176876604044
189.6143974703431
190.455635912698
195.26728347655168
185.47164342873947
187.4925750889338
192.8311000544931
187.49907056968053
204.66929603484044
190.84514318129456
196.9920864551886
180.78234830151328
184.37396114544282
183.80450666689424
185.74850542808062
191.72692356340897
177.8464352687133
170.55925124193354
181.56204686375722
205.8851221372378
171.36301298087616
189.83873679989568
190.12058621284305
189.07884544421594
185.99159121016123
187.34729161078724
189.95393449932544
193.32092158669963
184.8591894421602
185.6925642633696
179.45360802307994
188.23794171879544
179.94497319210012
177.97729307242736
180.7309750927769
183.07686549683407
188.3768233268727
178.28591189376388
179.38297462732504
192.97628081006332
183.39176814327396
174.67139244706507
187.6948017249845
180.3955361625227
178.4515502527813
180.3039974051703
186.15089194109248
180.41822919201724
171.87998752088012
178.86603217168098
181.16229688284963
190.81411507824868
178.6315893202088
178.32100711164583
184.93841520807905
177.33165384672003
195.53851847778586
174.44862920910066
191.45614482621747
172.97906607824777
191.46594394039346
180.42546461009243
188.3549687539768
181.35912205003962
172.654491145447
172.76877032008696
171.10926220910832
166.19208987990461
180.68511280177722
174.2443284964946
176.69787820082735
183.32474141488223
181.20806211223376
173.82447092215145
186.84497162459664
172.38265055055072
181.07690363503986
163.79212623043117
180.77553689004554
187.31954195513077
180.05139532586674
171.0408665811849
182.28019449370257
180.57728044748103
174.58643884354814
177.9623025068208
184.2280594661631
175.6998489224302
186.86232109907817
191.752927189236
194.866362367222
180.13791471755943
178.55455700178607
168.42369655142596
184.14933969490778
182.24342534839454
183.6899846001574
173.0349460808132
172.20228287665128
173.08182668197142
174.94060494206957
187.70606007911314
181.40536609937087
167.15021347033291
189.29740152256997
177.90570179735008
183.2430679568759
171.3150308806023
183.7436508103557
186.44961736467744
171.11743709726738
182.50518668083612
178.95853030814254
175.74174766118762
183.96112546227212
167.1609211357253
173.22701147901248
173.781624866309
179.24125785007965
180.41896178926638
174.04266498734003
174.92599581573936
174.7215584339798
187.77301031947283
179.72781624739181
186.23014330540164
179.3563097512613
189.03209174451186
181.28977055226113
191.9499783701849
171.32306751844672
180.23032847780766
178.16859325876553
177.73394306154378
170.82184243226655
171.5458310274746
174.0757857907822
171.12194630913143
174.6652392141517
176.69560704301784
175.2763434081345
173.25094564058892
169.76305520533978
178.25314792336832
176.55380375191356
174.1270942843618
182.77356803529383
167.62130868131018
179.93555151434308
178.8482756366893
176.62428895497624
173.4274436362946
178.7847736129432
177.02624211228516
173.589998993613
169.87666556487414
188.69553897350883
187.15351023817112
188.52380059966364
172.58106826024334
173.5524910037962
165.44939031195145
179.65655053740284
175.82142419901413
189.95854292765853
171.56091101198277
181.738584210789
192.26336715781935
180.438356087571
164.75868576438285
187.10563815083245
178.01608134357565
173.53852700801187
168.85537261104486
173.01644358475016
172.41979392715962
171.28922866504723
179.83928118432527
182.2907191138396
179.0337236640121
167.76207552341776
170.85361547191803
173.0069121177485
177.6164395549258
179.8017072354539
179.31726688085968
184.12494345629244
182.47390988577254
160.44223470732976
174.93339813635214
167.60174458252354
197.06916620613248
178.38956043987272
170.70413605555237
170.20281069149266
176.01689687735447
176.7548405945377
171.81109780329646
171.22044219116586
170.2059667791853
175.12666296154276
186.86630938070923
171.6503315411022
176.32022689236186
166.15791596505747
173.2893697998253
185.6668851229954
165.6483851538092
177.67090337730107
179.3466305698574
176.74475225453284
170.32406832566903
170.25457327718948
178.05746196985186
174.96044054364762
187.49013898874807
173.32062127575233
182.1358882856329
184.91605291711832
182.33651912677712
172.4789626105003
162.7561053662099
175.5361062606996
178.96684981654897
179.96622984787433
171.94643237686208
170.08071437601276
173.17156547710178
170.81175312897753
179.89354109715921
160.10196637200235
180.90376037255393
184.7763541628612
172.11708357858907
175.7285599200449
183.28127961693508
176.11010006419295
175.4595509158549
173.35021239149728
176.42816579040607
178.98232767280834
175.52418172743697
177.73694155305913
183.39591879597046
172.9862166857721
161.3772211983383
173.66430325151148
176.02121581436987
176.7109385028752
181.16321856878668
171.85960212038535
182.2438707154681
172.3865919336639
172.5833603806911
168.28771815510686
173.54030881891165
173.87227495623532
181.13568036547295
174.21342744115177
176.70143713188904
164.25952708834197
170.07962114566809
166.1905419389586
163.97453694795973
173.70098440034096
182.67208421326177
177.03445145557208
175.32856068058982
179.09577012931717
176.98037560604945
166.44646772037916
172.5382701012809
174.60192780948884
181.15910463598343
179.93881549501938
181.59294753638272
172.09088856667825
171.59146310223764
183.90967789370444
177.8398881828821
177.58928319190525
180.35646698473704
171.09516967870582
183.11453610254765
164.9293564443394
174.27820165424427
169.44840699662709
163.56154865616122
182.12574866140702
179.83392571943992
166.25816350443358
172.47655403355114
164.87752776951456
176.54715490119935
179.06117529811124
174.2979148058382
179.20977285057342
174.13468542645248
169.15096581196894
170.16034740452994
180.00173324194344
180.16012115539553
160.8606749887887
169.60263871263462
175.85130780068337
171.6886443329433
174.65787767248273
182.00259008639938
175.27696977407916
177.68794801192723
171.68506618017872
179.0578971464565
176.27078683786598
173.6998784129339
180.96301850720775
163.79612000575437
183.72621357586496
166.96892522325965
188.80510110494924
164.71610239259047
178.41136812479462
183.48847207032165
170.89419487038563
177.54830180093464
170.67950166690315
176.58434612179062
169.4350862230685
185.80930811715893
171.94910857483978
176.0152358824005
163.46094047482867
182.6281412008511
167.9112938775413
190.045980046452
175.12152902650124
165.53846078158418
161.5859699514005
168.32001390756565
177.71052735322453
176.717140830303
168.34403717071982
169.82370227580148
162.02160116914013
176.1242530086008
172.71788403876027
165.10213441866918
173.12892685436222
171.81597908942652
178.405327671496
171.05352860817302
165.5858439294347
175.59299804014452
168.44168208824138
157.3859152537492
173.76457917357146
178.29981941201262
180.7030368837086
162.87742852777743
177.87178173270357
171.54844056927945
181.86970630538184
165.24099032522847
166.38761518375827
171.81633508888063
178.28792261340644
166.675850858352
175.4942573621908
171.76630195931278
163.59675531413697
171.70139899809146
173.1386349936921
174.13304291844025
179.09360464123316
167.44776263232734
158.2948145215472
171.8111478544299
172.13033359548882
177.013109634554
170.92884279813723
166.21082571009427
181.1001569884771
192.9100102364034
165.2605324961542
172.86810552314913
175.98854414296838
163.7657708320828
179.32355018583982
172.96119981757255
172.175589391149
150.45529331919707
175.40330330552794
175.1423016174587
177.66969656586474
168.4802599468149
176.46894290563583
180.3122567237537
179.37697427002843
162.07325274225357
170.79535912056193
160.20595897815795
176.7367238761222
166.55436724657807
176.76093836569552
169.47249465446794
171.24471856749864
176.80729045780308
174.09495467377482
161.58602349615
177.121161902641
160.24076688479906
182.13758973605576
183.79560073830223
166.26765638469485
174.63901858626605
168.56070260444545
173.1974149398167
176.61882459180413
168.23946714748885
162.57638127267836
166.99088772664294
177.3189447763435
164.88705443983662
169.6884241812527
172.2279489136336
168.35035417360558
174.84793792579742
164.97775520524462
178.68090006386163
179.20077426815843
173.91293101111626
173.4326480757633
172.17357643979085
171.05458658508843
177.9869678695039
162.00529030605975
175.92267017952884
172.79442525796563
164.75097818131408
176.20739331125986
178.55294970664536
184.08803317447
164.35398451866646
181.24874030309442
177.2587168695781
169.91575117280823
170.1424584602048
182.93590555569082
176.78605843933943
180.05690139164935
165.2165252774821
172.4553545180668
170.63028395095853
168.69171078575835
155.50106180997912
161.86976284573507
177.06833573758996
173.4242383396155
168.97887082034876
166.1352864632585
168.76171441400788
182.12645667666794
168.2799172425806
180.46378473021102
165.225418097582
165.9803932555955
170.66794000892875
164.2045422732247
165.75777517640935
158.51782981429577
178.06061703103327
155.6413345168972
177.29095598419366
180.6022769999404
164.22337850065236
177.82059456076144
170.07021875641973
170.1505949635051
171.0780283597489
174.448287989985
180.49947011449794
170.49405923603896
161.17564077778042
168.4302558484596
175.45364488524618
178.70293110623984
167.9695232093578
164.42070726505386
169.88460091404284
174.9357065863541
168.74665965005653
182.4324077391496
170.28396050852916
188.84317589141128
168.963542451368
157.18190681217118
165.37181694758863
173.09657048824482
171.76376142971506
159.11777441961993
162.03571500351256
173.41401060516657
172.70004135485982
173.59911216962374
162.30081257167936
176.90255563870986
173.55270178658407
175.86876746038374
173.40602630331597
165.99235526037143
169.2171650445142
162.14210804303917
168.73913145347498
172.19245302485402
169.6063550355585
165.1462812935084
164.14119272577963
175.30588843639134
174.85244288515946
177.9160941675206
171.28339071650848
161.9255673579542
169.64994242124857
170.2268309130623
172.37697758764466
171.65107708986935
160.7661192627409
174.7042808990205
168.9797880164509
177.4983824087957
170.10042811350453
174.97004117417214
169.25209134137197
164.89123116307752
166.19997860152316
168.9652223991663
171.7904013068743
174.35308773147955
165.31148444526286
175.99286055309886
173.18844931653564
175.7604570068263
168.37606978661114
174.65160086940665
173.2989459841855
186.08531774595542
166.94275261702654
180.94397055707205
159.6998084283251
173.44778649513296
175.3952887529542
154.09239328476409
167.05066251300784
168.1801837683212
170.54395448877753
165.56989622804602
173.66951961572207
171.89799600443607
170.53957236690255
180.8964069700188
180.6324555878662
181.5335722919383
173.28194704271186
169.6811984867217
167.13136912886665
162.25670088010227
170.88172847240077
163.87719420597674
156.40200569588612
163.89699584119992
173.5696955553099
170.42408916092182
180.3033338514297
174.54894530266102
174.87668120329664
168.39026905303714
164.2096619757302
178.51040652692154
162.00828852102933
178.05382610981474
169.94080110543544
176.10410454377316
168.54961495009923
172.09859510419156
179.52250411143015
164.07525032312165
168.21887697408687
176.61607881976505
164.19339049643978
165.3618466525952
176.10491061447172
171.4544686336804
170.2501348137187
172.02062592736905
164.6733553811823
170.51992859967308
166.96418923078943
164.25038486665645
168.28325364342206
159.18750469094883
171.2846567432921
167.1671430977364
155.25961817778753
161.92723867068307
165.60821416542478
163.63859111884838
163.73542038670422
168.23260360288
168.94506827774126
154.9465695550827
162.96419279283162
157.8372832932933
157.57921230543093
169.92239172011196
178.21100626387496
169.51161876260176
175.98015559336716
165.62655737434756
167.1236851163728
165.57687350010937
168.84787161412214
172.57918136202994
159.91658953648337
166.0000556364924
170.2858037686253
164.47499526198342
169.52057634544926
169.87852049181123
159.08184725295357
153.63482421418024
161.61316579330662
175.15846771142571
164.98145174121515
169.21563167194083
163.4071643476574
162.50579700646864
164.75959771591158
176.11564907544826
165.3099367598204
167.30291831479929
161.6985549948357
167.4841293843267
156.69167577761618
170.2284366149469
163.28835891239842
158.95741766432218
162.6198429232786
175.9056312008209
168.10064320565735
168.61941405085878
168.75921400529396
174.82152905014541
172.57630098091514
165.96818986525778
165.76775347265624
164.62015817232736
176.2192519206815
167.57448146564735
161.71052810911837
168.13096657335555
166.99202590191842
165.67801655539594
164.10796899177117
160.4361388618627
156.09625758575672
162.75285628822374
166.09667163818375
172.16008154852233
162.2746639762614
172.10685530700246
165.455924222833
167.55615454866083
165.679921142798
165.50819761756887
167.1008035389568
162.80739425742465
163.08587559403742
165.36565552031152
167.92973357329532
185.52801249921603
171.87606876587654
175.02933513723676
163.70108221138756
169.98268591227065
175.492566206986
166.34271288932007
164.55723855472982
168.3392363289335
176.0197818515808
158.91525799129678
161.56835263348938
177.09775948708406
167.39676192794852
167.08237187844273
158.16595038190425
171.62133688477888
174.04180271899844
156.15422241416596
172.99350074843292
168.73533373828104
170.23746225975955
169.77326753251936
166.5408643278039
165.55491184782827
167.70073791940135
161.0689118096744
162.1189822902812
167.96226538255263
165.69782338527554
158.3923109678723
181.3162749597835
160.82512729265198
171.33191766020158
167.84614602944615
173.1745934888624
179.77845597657972
173.43256489977287
171.36176757541344
172.7149451596529
167.6529048647457
166.40415402794483
169.59944048710054
160.39574588146886
171.68183770506727
162.27432417873052
164.59032490660783
163.7419433577476
160.45768968480286
171.50431923282397
167.71076095114734
174.19311821920095
166.73927817210148
166.2862688256168
164.54441237532282
166.43632929160574
170.9527533480897
165.21310273903947
168.3312756884707
178.34174406936197
155.41448937221867
171.57445153173055
164.78938751501363
176.6746221999712
167.05584196979777
163.55658118405756
175.39002320262068
171.96107038511067
179.90494972795483
166.55129156864535
168.07059535139993
162.358848532278
159.7315979136959
166.774624183924
168.61969312896824
163.92503761416918
171.05373273202906
173.5828578361752
161.35298736957267
160.00976155814547
174.15872573202873
171.1315344658369
169.3311578097361
164.46722484224622
174.42311429732663
170.1908154089194
157.83995238212873
168.36347550772874
169.3042929392358
165.948851401086
164.57027716731375
161.5559900031002
171.39200958414
175.81838091481268
174.8356526481954
162.2907999880103
170.51707770014693
159.14219103830294
176.09496583762723
166.53051481141085
165.50038380748651
179.58737207801397
177.07474679719942
169.87346456747267
171.7125870095518
173.7962599511528
169.71021278078274
166.8576634154512
163.0372793784482
174.0730237287385
178.87468042961825
172.5847092964506
170.2423170753664
186.1375332951044
154.4800326235678
170.3391463359734
170.98493350634195
163.243841078333
151.49812350050905
170.96502234881086
172.15383482574558
175.91676739090607
161.5482641056902
168.75695558260867
164.44193705315567
175.44204661754046
170.78957313396995
172.56111832959945
172.05362463981658
161.70187339686385
172.83829309568915
165.3014066987868
156.95519904588002
164.11225455798993
165.79176759414855
165.33821605539697
167.7685187552214
159.66946718932275
168.99117976859773
169.48966548392815
171.39797589939437
177.0107943999517
157.02389858808456
162.85228807090857
163.94549273621342
169.89403328239467
168.91675414677627
164.0775092232382
176.0369153100517
165.2500433050472
168.86292417963867
156.47649046742958
177.38580944192415
167.28978154137917
167.8107346636473
161.25038160099464
171.2887368930803
163.83883477091956
161.99205315516522
169.78515968998653
164.89797979146078
169.8558456436098
178.0020351023986
169.989790481928
171.46885397184917
172.3924857251871
162.37361939355677
168.34935868635932
172.00342489922284
164.60469041407094
169.406479796498
172.64205161152134
162.98824693497917
167.83680359689302
168.91892495803637
167.02262337473832
165.74496640903732
163.1156270223308
166.03116850247042
166.09988724514517
175.77293891871415
163.61729053377653
165.3359883499914
170.3525751186179
171.32942493957665
181.27389801867392
161.08662257095713
178.90593625182987
175.95960853651624
175.65503968068677
168.4394473751249
193.11431210230649
172.53436792751017
153.63111651069758
169.88928486474052
169.02599114433613
171.2589880964657
169.2750721867369
172.71752989433006
169.83308084125866
172.98450884009623
162.09885186774292
179.0856013398796
160.28970986087373
166.8180292221707
170.1392437563453
153.87512195262903
164.87399175854802
172.5149914525685
178.2628199708276
161.2375187795486
171.9711889857444
169.07898320932225
173.7517026723299
169.06476390583487
166.8581837388718
152.15617524008124
159.59720747177676
155.2835910919395
164.3278486304205
169.67878800029348
163.31767967159976
165.95097152981955
163.0544113678938
159.20414571958312
171.47784733464957
169.25353661760374
183.12127021535187
171.09792094665295
176.4529611403585
174.70929958271114
163.12891386074898
173.25990669561025
162.53110584858058
173.79450368736104
171.67694661871306
171.35129802821822
163.32356456620172
173.1978699956784
170.67147735306924
171.28266236091918
174.02998130252743
163.49957829806402
169.20000345600778
172.86901162053343
163.23773845190306
169.80587179421656
163.71213846603936
163.4513712634224
175.20738080906347
164.7473403269081
166.60978070756195
165.2508510209768
170.3425828873239
168.05725711232094
171.39888595547797
166.34040623846093
165.98206729252766
165.72213947939835
170.78278792142697
164.63113365521633
178.1141977364957
170.4516953819671
163.9742420144339
176.94429674607986
185.5954483535617
162.3770777383571
176.38293788052937
160.68570419876335
167.38363027914238
159.6420615843452
165.5995194568002
164.90341151051052
168.23141401854554
157.34777790624108
162.29021539580984
165.04562654105933
164.25316381192783
158.21968200352646
174.65752231584437
181.89281881291996
164.08989474939736
162.49425971954793
175.30449656941337
173.6591542184511
162.4097157490337
179.2235040300855
165.74086214166448
173.58895850382234
157.0508043804376
168.70887740204563
162.23404204864445
161.9092835605764
170.77564433229074
167.8700058714746
164.92547065923958
159.09232410859323
161.5458313541162
169.28680996485352
160.20721422800912
161.24366168133065
162.15116413603653
170.50620562310942
173.07712522023922
170.60183343358327
168.85924929477827
154.9637729436784
162.50559304780262
164.4692255333275
174.68457204743046
159.59846509348887
169.37832591421915
164.70622499888304
163.51925581712925
161.40261000704587
170.37983894065516
166.3719871577622
171.4059519637156
174.4177910238667
162.14417036964943
170.50735711840147
159.15065030256716
162.18071464895658
162.90597549887767
156.69798921908617
162.0468568022365
173.28268844272026
168.19750940685313
177.63772345363338
161.0690517573506
172.78248431192375
171.84293194677338
170.05584864229047
170.24496757909742
178.08205289962268
164.44617466724313
165.57978086288753
166.84188211328183
160.88089629762348
172.43523028019612
155.5765267095985
164.96112218028028
163.5032226878461
175.2996330002525
178.6690174123841
155.65736819525614
162.877485557018
163.15744953791284
164.48930315411923
176.69537001364966
156.06404913974498
175.08913349050823
164.14361282748845
166.2957516843239
165.24213649049662
169.27048022933212
171.5134933400808
159.70881523382405
172.77137312462014
168.07365570029944
163.63895796104094
172.6831704986599
171.239122840811
181.16432193967995
152.2519838548701
166.52711397677987
171.0818444559507
164.85593118332324
160.84562870061126
174.88321692184806
171.2556669014546
179.12128834537936
176.39443212524284
169.9980975987967
169.31980998288242
170.46154348742724
168.43997901076375
172.10483983178437
168.10489899938338
166.74677724657718
170.14205365089575
159.2214210680216
170.9695798579507
168.4691235062057
162.04487596230075
173.09638880818622
174.3637868533596
168.00471572649545
166.2344589096918
171.50242492567085
160.97220551506703
168.94772433899612
174.1953061886457
172.09803271386193
174.91615741884118
161.76785699896968
170.7970370421214
157.64588031648964
172.494177979673
154.8843650510369
179.1375403151521
160.87213237373106
160.3190971795018
165.0082495150566
174.46272656410093
165.07474633716114
173.10843047981044
155.3199299714184
160.5113403840758
161.4269828963492
168.07741886315657
168.2627730670735
166.74825955235818
164.7282930173836
167.7327435569253
161.21318435037023
155.8217136267256
172.1468048581688
168.25786083146295
169.44117601362734
166.56050210194374
161.8756495577944
166.20410181579524
170.76938151589178
163.07367085754913
168.51820292965783
168.81479162506145
159.6708749175007
162.81198079029926
163.34243797318865
166.01569765499144
172.85994891434527
162.35796059963047
168.78686365770542
163.91450650382842
171.72925785501496
169.63589001235897
162.49675389056586
164.00136230390015
164.839312915402
158.7312156269931
153.9393475941022
172.2942046838191
178.76597725062942
172.5452079641862
170.7647326685486
169.74025399380116
156.44731524695052
170.98584260602084
166.71340340299543
173.66642451088117
169.65741333726712
175.98339451410655
165.08268316391602
171.53810371987453
160.68363913470512
165.70844994149158
169.74991922317116
174.93972051266434
162.25036111197602
168.73410505957582
167.0902405907106
173.20413514226541
171.0920179819533
170.82342423387627
156.3102154446698
165.74115030351535
161.29127661601962
160.9532219565679
164.3147067638369
164.70823919829544
170.99917132095666
161.8211143277098
173.93237424550148
165.75078399020748
161.3991810859606
181.87304029334857
157.72498251731855
170.38869556186123
162.42293921553954
157.44796940819975
164.58114025374914
162.62696461673093
168.73725647277004
173.5386130141774
163.91081958295672
162.1816729803937
164.68287257651605
166.8306150621054
170.42556146824006
169.54774886283369
151.23823079167903
176.43764864694737
171.32076696014275
153.30625779470523
161.6618523042027
169.693545386927
164.49599221494105
169.94100568146345
160.41406718754786
174.24377723528232
168.1466979882542
159.75666897481915
164.41876436779873
162.62459900537408
169.65920810276916
161.7141423676451
165.14920667891556
164.34370351343358
161.92225410954129
167.80085697484765
163.7864659023051
162.6416493380897
163.80424290455713
175.43036883715902
162.2850391369997
166.0438922624437
171.19848482914335
182.5979437018393
165.9382452862713
164.39770043650145
168.1594743510565
157.20660617678246
163.76604142865048
160.3857733871462
171.43505660768992
164.12618230347846
163.77091020709958
176.60860335867764
159.09434254390723
165.30683878530573
160.24383074474187
169.80871045213158
172.50354760640022
164.48581368907247
170.6241223662976
177.92987707406624
168.25980067817719
158.8719762344968
154.25447095168207
161.76407657223965
164.8754423011801
171.43105254498786
160.23687605114617
172.0112675912759
162.52771056823167
166.37490980422825
166.2558933362073
159.47740133850084
181.82357860557514
156.4627095849628
167.1457390710186
180.2080562447005
164.97012220598236
164.7332583389917
170.26505022742924
169.0474176843257
164.4014388864981
171.99069601970044
161.14535835291494
151.0141114640117
173.25237662077916
155.98395934545468
176.3870103765488
166.7794062112414
171.8569674236141
161.91554432246974
168.32470073126967
164.4228836731232
171.66562580254228
173.8858719551439
167.1701243280944
176.41469926421016
151.75534165775417
158.88340097247982
182.71091866500285
166.80148676916178
176.32333118382036
159.63613373354895
161.1440375598498
160.516602998567
165.80595401156654
164.94384357103365
177.39832064173635
166.36606346677567
174.1688547070081
172.78600419358986
159.64301691870946
171.79572439936976
170.60032829839244
176.07958708107677
154.4817199937961
152.1208537374133
171.58043149323322
167.8322428040334
167.5967640419631
167.3081359255629
160.2584163440251
161.92331335057767
170.08741548526365
161.21884712644342
161.86529948121392
165.4896712821001
160.48379083098743
165.80516862874904
167.42339178625775
173.96729336071263
163.49268566114395
168.55078281050268
162.92085292363515
168.6690981229754
154.7680540209567
152.23174488066536
170.12397521446218
169.1710017858577
175.0832498811938
173.45060155839832
168.1848342511105
175.09100064491696
172.63185075858672
166.0389226809017
160.69196357733477
166.32877884706696
174.95992642151808
170.56502784278203
147.36998181678277
159.47803606424773
165.72523620968454
175.67015556684512
160.62787859578293
173.05765013287444
173.17861427571876
180.56537246170103
173.1382659962124
167.5424908983626
158.77514286454775
167.83813651466275
160.1117512869143
165.81385875601944
171.7230088116162
157.4466782135432
160.11208923059178
159.4893948108739
162.4388503635681
158.7198060204532
166.7150379301057
177.80498817814518
169.0603667336312
169.12922022191887
159.61562355505907
173.70711193051116
158.776788085618
167.52056002959026
158.64241164061502
156.01910065466367
172.08392022842546
160.91266108760453
153.01521533452268
175.70382380929897
172.5048917113316
161.7420964675936
163.78998685327267
165.63914701872775
163.9519650400328
159.54317969372084
169.9963287698106
160.65666899863936
176.39399572479235
162.62010624986888
173.87081648669465
163.7119851873818
156.41471295233853
173.8432902682377
168.84078504690024
181.1603417947446
173.95280596917488
165.65114127152722
157.97121907189174
164.27961897652798
163.64006672297216
167.38232366422355
163.78115363836287
163.47772966895735
169.38730345914882
163.69177758344483
160.82778454102706
161.60288025037607
180.8455819776398
164.1616660563177
156.49060252032638
164.91975401489051
161.41737066800073
160.3381392441331
175.33520384132444
162.7637646421209
176.3587974370941
166.86232834986936
171.15543372566864
147.42280202859433
153.6838098517691
173.55953741742118
158.71267886026746
171.7910158516539
162.9866915261809
168.46918788056223
161.13107124888052
163.03444378430365
160.38824148219436
162.7040936047158
169.86687450805118
170.22357210584377
158.11507304384693
170.9428137122959
169.18944102985103
168.0717887310453
159.02253387244048
161.37288525545577
168.43214658540037
164.23389722596616
158.77786120110798
175.22756869836445
155.11459620990024
170.0101839131671
155.85501327011235
161.64415568640067
157.95217417817565
161.86132166386426
157.52089372134714
162.1781083146121
170.5686105139967
161.76976785352238
167.99883383047944
173.9775125980241
168.19358594763796
158.96738102744385
173.73546954192162
158.68667332705104
169.04530475875512
170.43394266918557
163.9434974691149
167.52841502303525
166.83741910013686
176.4043034127089
168.23092042901874
165.12769239438506
161.3924706344329
168.0383655199266
164.99110074472912
158.69542837747827
161.627194992075
166.55608356349657
165.35775560590452
168.42747644977442
167.35860723935204
165.06591169576822
156.28993212797357
167.0335663984469
159.22559876962202
175.84223065624002
175.25286986615413
153.5214659381343
165.21251865040014
163.71924338649532
166.30649010709504
178.52742461963382
166.45272838992156
161.43619202954224
166.71836914041074
156.39633076135377
159.39592713323492
170.42011131578323
151.4606287600804
169.9283249936854
164.4759790896005
169.93191817926657
165.24596877256477
155.5434773047118
162.68829343494306
171.2045553150913
185.27462239169108
171.14789278573514
164.32023306847668
159.06424061317227
165.52083994843252
169.01532201911303
160.2286294607794
159.1739899494075
153.69674163519394
164.57574371410772
159.16500751157
160.67780350296394
171.9734345381421
168.93132126971526
162.81985992451902
149.9454597705933
155.79966271337557
168.89938610174588
174.55273641944325
172.52765229848868
158.38403338511483
163.44891646754255
158.46561642291374
159.67229410560432
164.2786766682831
179.2290278906943
163.8768941186997
148.42677478789568
167.9789350309388
162.63057213149705
162.01790215370607
157.15965318970763
166.05372869495807
159.58474144336884
166.1608076451919
172.52639059996932
161.55164835173352
171.88840373251423
170.43900405102312
166.06639189627415
166.32622418453943
152.86777025432642
173.71280440544743
166.03876662593854
163.24362571036525
163.72172687518344
175.01913273976479
172.88945238297237
165.5435553959118
158.45001048297473
164.18749964595983
174.56820431406592
169.25023385268702
173.35971314085674
156.68153075114472
165.07662514200743
174.91646705860964
161.70279345939386
172.59850578395316
167.80272945334798
162.7703865973657
167.20813219453115
167.57743341509547
161.85482817790455
157.77890199806274
178.96597937598543
164.01769641457886
164.64245616595477
162.44337935179695
162.6943320518544
168.92220318275255
165.88995749785502
159.7761111902648
160.30280118671027
161.28758729420417
169.137905781381
166.40117543407035
167.3709727598718
152.012777692411
160.3590245921982
162.82317231413458
165.89440233475167
164.15752880292888
167.2727051312177
160.53074729180742
175.34023328939494
166.3528751913303
174.6363620221409
159.52343443296803
171.1802960891684
160.58844197481167
177.34064952637888
167.3174797093239
168.85866169215768
177.7873289162504
167.47300305348844
172.44662405049718
168.14387072306386
165.4479057595527
168.17867383359538
157.20691910054506
159.9452136474376
157.5568224868634
154.8111544377853
163.07351881412538
168.76167581988034
169.31100068033746
169.7092585278613
173.76120607966507
163.1878782846124
163.2779186655697
162.4041828472576
160.73654750922094
168.36562404391324
157.58567751333698
167.47434658974748
164.73814534672792
165.68930256700872
165.01386075984985
162.3752544495663
162.85764693350427
169.3268718576347
161.8394330334682
151.37150382333706
166.50437650320455
169.84528121280175
161.81935880930718
173.26783216034426
164.8824275458847
168.35661083347935
166.51685905153005
157.67795478818653
160.80963847032467
162.4528471212437
171.26276743727965
159.26425939493026
168.6922181577627
158.8350595206148
161.30450425188187
166.35733414637258
163.1028681409147
163.93489932346446
166.31393208550347
169.39682033977576
164.00855449092742
172.09392163873224
154.20429189803747
166.68594672067394
164.67272798641332
165.4353346177602
160.45014420071618
165.67768878575043
162.352195433494
159.86539721762242
160.41651944017266
174.8661916900629
157.66992826432536
166.181877401694
160.15234822387956
162.80853053170597
170.80885532319806
167.953243789814
163.95400592770534
164.80072448433253
168.44978664706778
157.2195880765991
166.6162725000456
165.0367529944293
168.10011320498197
171.74157910207637
168.25465067317674
164.36730573756336
172.21180771853489
160.75880207284743
163.14722565777936
180.68912980993468
156.64511414724942
164.905639841752
159.8572721435646
164.2178703006418
167.56885880417505
160.04935415267997
165.13217374983583
158.27550764828158
164.47821625589333
169.37211926304724
150.84819942482102
159.43565353670976
164.26785803741302
159.63656632561586
160.13944253083838
175.60700521071638
181.20003708197234
158.9078830421344
159.55638994831338
173.28824694905435
161.3784455892236
158.4624492679453
159.03778350327482
165.85004550487264
156.99645722216948
172.88406714309065
162.98437116213472
165.03243536087956
155.26681867447195
168.84746326768567
162.91226283550887
160.72834546340718
155.5174420208609
174.35708733478756
154.50857686822428
162.32594020493045
177.5832099189307
162.6897433426454
176.89971930572034
166.7575059723308
164.36745255358227
160.79334524940407
166.4579687897594
172.27387456149216
166.51678529981973
167.9181720064344
168.5128954319745
171.48709351511144
169.4435921749636
175.1383258829103
165.14318252217367
162.57082519579694
157.24586573595028
167.56452968794125
160.05404670498987
159.65945569513352
169.82467111058764
168.02436179734087
169.2516708215942
160.22246642081518
166.243558458684
162.520944715401
160.90219450163076
158.14670093544794
174.8117683734206
162.43038186665186
161.13290781860758
171.3609215949307
170.71147386825365
163.36949372276752
165.5698487498546
167.59795498359918
168.04841048665162
162.0102886042201
166.11616917440912
157.10254602477352
154.40688581620185
182.16944501038327
159.06935277922838
169.27185218060234
167.096532807
153.40643986505358
172.7715257749982
161.9909818467096
162.7172244481551
161.20517609571039
164.6045207952593
166.0167163966713
160.79970001517776
168.3560742275109
162.1467539375601
158.84626617444027
168.7552428367728
158.532550292978
172.6845051161883
163.31560831767192
175.64709755446282
158.81688346102445
173.2719386061537
173.54716168979712
158.64733219035782
166.53446160949687
152.08013022965858
167.69498853717684
174.2419393241389
171.79647515451305
154.31608856188637
165.385421946585
163.37035703246713
162.63268942225653
165.08125837237853
164.51664135526912
170.7854922733353
159.50056077960878
167.50551835535506
168.5239572643767
172.33537139515852
163.28952759471505
161.69954715420414
163.0700565071292
162.1472176348382
173.08130203794025
160.99090434740182
157.320786672818
162.31220895865061
164.25847803148181
163.8821425049393
166.7401886281539
176.74211773602724
169.01770865462134
165.53581405157118
167.919513584215
167.34454144635217
164.30265702743444
159.67767337154766
171.75050587757315
156.32803638876712
177.686961553762
171.3422240950273
170.24117438087845
158.29756367273907
158.86456035388738
167.00711544466236
164.35809094251914
155.4694506013917
165.74593809535116
160.40905257303038
168.84644125963501
166.62348179855712
164.41963287666843
168.4648701906624
165.65657829252936
165.61379555857457
173.11825955901188
165.69693969503373
158.23729883243053
161.10828841526595
158.42790594648528
161.6906281756004
177.2110129294413
171.69504197701548
158.3009344785477
170.0222936302886
164.97928134181234
159.59260378854665
170.14583845173877
165.39753602644683
158.37291628277148
170.22518288347385
159.64390949253817
155.7155399752747
164.374891733778
155.258443911398
176.14516881945124
171.2025710336106
163.6375459300337
161.52740106957964
182.36137210397897
158.3367898823201
162.7830798572473
169.07469492771756
164.24228638051815
168.5039809417237
162.0228850879204
164.4591502303867
169.8872707816483
158.6047110704158
164.71050974320306
169.57314098784792
176.25538220430047
171.60443603512823
167.73927982309607
164.8529646587194
166.64181671171664
159.84295958006524
172.29882758304436
165.10306051599306
165.1962068940715
177.41932952466905
166.82064574099562
164.64301589323946
158.94409771019627
165.1970693068792
168.059000652819
164.46822031024254
167.89790311085576
171.32594373053323
165.7182865687256
166.2928208173766
152.7953748362689
153.1962260648288
171.08271068311458
174.59607127094952
164.62312035603608
169.65706861251266
157.23275722971337
157.55726009059543
157.09059373522174
160.5104107594217
172.5915609355672
172.23486157429394
151.58246549209514
153.05877845544893
162.54884513685641
161.9156210903058
159.96742869725057
160.75131959511498
157.7676891265438
158.52151762185392
173.13773347945812
157.41552170037292
162.78981908196792
170.89210170772867
158.0568788466005
180.20607240717962
158.19004360390528
170.37027851301448
163.75768872801208
161.4845277485152
161.0165154615868
160.52057951645176
170.35270141685567
157.85169750511506
165.65703062211867
171.13212549197382
164.90664649447152
177.11469532163548
166.97369424194588
162.51977634664846
154.34414474522154
161.4180741995198
158.26266874268111
155.8445337361963
157.32092748654895
161.8275234436805
167.07665272857113
165.64029225429402
162.3449638246235
173.2608700030636
160.03503366221727
169.60540145891449
159.93932318785664
163.61772897464618
166.13901574815173
158.57997268559356
178.76039279169825
154.90563983496523
161.0700987848525
167.7357734831701
167.50914311632297
160.85555454462224
169.27487730878403
166.53928776553502
174.65929339312194
174.7039619540914
166.30473533914002
164.86286946055526
172.6273676856806
161.81250952858466
168.29445450220118
158.14006572713458
170.15734131067617
169.1339150684355
173.53720302600934
155.1168541965008
163.78219596253967
162.51542157605905
157.81625147856292
163.63462266216357
164.979754862001
164.53796921972577
163.57256241686517
160.5681654654157
151.8638942162809
169.8770256507629
168.59345814978394
160.28247621947068
160.8335667560607
162.23133431801838
164.1130650990769
155.0543625601658
162.58960970605415
167.61002924284935
165.45355805599516
160.7322697420565
166.50984149228086
168.02829582921765
169.63889151747537
159.3217364337975
157.7124023161179
158.71469876948012
172.98077662766153
170.2534679885959
167.0346986126351
165.68699722462853
156.92942159512714
159.30149669422377
171.0329311157297
164.14217201659466
163.3303855771852
160.05244161713944
176.99001310807208
157.8222558915715
164.0381839790887
160.20384190748737
168.62803710400894
172.01114462767717
166.78669448073802
174.14619794671785
159.14362814042425
165.91931773651436
171.91226018048047
172.02769796278653
164.8643336262979
166.08018901125297
168.55736797992202
167.96223123264605
168.18352035000092
177.62755251079219
167.05623009397195
157.38847848545475
156.57995393089604
162.600429059146
172.97408435563122
168.27985543341728
155.83033440162052
167.25485954067838
170.39548892181227
164.110360540559
165.23819686750508
166.05230187281313
168.85486757695037
161.71784690498922
160.69568699021755
160.14966244762522
170.62419631498048
164.93806127251008
161.60844477628112
169.56765956442788
164.4243150916081
160.13841638262932
153.58200543053553
158.2836593363903
158.8617887586562
167.11075180067076
163.94344888805972
170.05069523148535
164.80929527164054
161.72196716426956
158.06115576649162
169.06577745527704
156.23201783186926
171.52141950592588
176.67808146265233
160.66506953583482
165.9608556147407
155.83229994709586
161.87052046399901
166.5124218732407
178.05743439464118
172.57410520221785
160.3241284453874
166.6036426448164
171.80020495472723
157.82137988640872
168.16122255043794
170.09736096090185
165.31948918060928
171.74904900861225
156.26844194379427
159.20794571688972
155.87954162422957
162.05644898095454
164.67697634262203
167.6086402658976
170.52782993599826
162.9385978761821
160.24224413417826
185.15827641203614
158.89537447206314
171.12168477509687
166.6908554299988
171.38626737649506
167.93030139375816
163.34317752065508
161.30697545168698
174.99786582315662
157.75176781883945
165.06224562537804
172.6814689187284
157.20485554628223
168.47541753502378
164.9954887755267
157.80200910348944
161.89917196663032
178.24318045296818
163.34981431340572
176.28056901862467
168.60127272156862
164.06613514310112
169.5074357919387
163.93155382926747
176.845295803156
164.5777325102793
160.28736085123836
168.10622735704789
164.41952144207076
162.44008416999282
176.29900330593316
158.53348022988752
166.5729342909934
164.16736253942008
160.17666750253056
166.3355484816789
174.5033904480609
173.47527530689774
162.80089905696144
157.07524623127017
159.61212866152377
171.95101308219145
164.1267406970384
165.17844523721394
169.31422382482597
157.72243532650637
164.19054245425497
165.4474606770445
170.79994457394764
163.5889410368532
155.88491164696043
160.95297225454266
168.98945839732585
165.81201833605297
169.3677767087646
160.05377820438633
155.76469835290285
174.35097888648582
173.81859576988919
161.76950011513617
168.91452093755146
166.58038537607015
157.09649035398112
160.22958126513595
180.8295074009646
160.49875694580209
164.2530087033528
161.2845680097603
171.3796911536775
147.01219023125006
161.21961616618077
159.58385174921034
163.76903638087344
154.85990403348436
152.5634435439941
160.58212419457985
153.54303702276843
159.4137435512571
173.03610541915262
175.11131249911296
160.61324865183482
170.38367901394565
170.13526260340157
174.1743781555706
167.23070721802478
173.67256539280984
161.9095406010568
161.8919753959826
158.99887191320195
160.7687854141785
160.97119330421526
161.07903158138407
176.11311212950733
157.58965965879304
151.77512307336616
154.14387653847945
161.0680256313724
164.43564924397265
168.32711649181252
164.5998375965102
167.60757794830215
174.12347797165046
152.67478616465507
152.35598520566722
156.06799176195315
162.77786313675682
156.314530964864
157.61987317313398
166.85074554601954
163.29347208721467
170.2539892963441
165.87633577277418
164.02870393272056
157.49905994935233
172.74177597579586
139.17116795366906
163.7550025435692
163.45725884035969
168.8034090607539
175.04760767236672
165.1037132393557
168.7014584158044
160.5197284243024
157.29650045165445
163.28246796496148
164.48256778388338
161.1856471430173
174.63450380848548
166.35125932215647
159.5456480893687
155.25396227451563
160.54418109632203
164.20631422249068
156.78803815538518
168.76778492548098
165.1435329587457
173.49629942399716
166.3524725437631
165.68337798513298
157.59120570226068
157.32369240403852
163.47245904240637
169.16684185282944
166.13198609223946
167.82103793433288
172.64986453305113
168.38001615373307
157.18817093145685
158.25494648185568
156.2838265453425
157.52343844143687
151.0377765803876
164.5547562077152
164.7282472344935
160.43301647032192
168.38455815990733
169.56549350423452
161.7727345978712
160.49332276143886
165.60954792004702
168.6586107313546
166.13694919130558
180.7977999402472
158.8782888184381
168.27914056915995
160.71228123097063
157.86936714747858
169.7382778471873
167.64224083457088
162.5998571772067
164.09020736729096
164.9460009898726
170.19244439707566
159.02502899360465
170.02521220952318
156.5404885076765
165.87900621456677
169.29401020773076
171.583280955667
158.65740451113396
161.35058968342204
155.05698989198137
156.7425852710773
157.11046050033562
158.45750436803914
158.72727398579346
165.6763283472729
159.63799386962373
161.8395727127201
163.50809880516726
157.7826183449977
154.5899490724301
162.00915007822243
154.62100202922528
171.57496979145094
165.18488804588625
159.59756155890585
160.38172294861036
162.6262694494389
158.60160982829535
165.14659192556047
173.01046192827636
171.39698957893683
163.1598655845155
161.4537763741036
174.24544406183966
162.60872370007817
168.0385660608984
165.19782629961418
170.61916877016114
166.45215462787937
170.1918070238103
176.63622851728346
164.91406606732644
166.85338550387226
164.64382141681784
173.8654409563836
151.7281774576609
161.14540260213428
162.28352897855265
153.67609402929227
169.83406714446204
165.75496770735177
154.14932546980793
161.93747917017555
161.11712959601755
163.69531307031542
170.46108826654412
159.7667006370344
163.67068524033692
166.1609297323309
158.1444037092077
158.67741994819534
164.80534050102693
155.75112600122955
155.22654625880804
166.2997050810778
158.85067408594617
160.94431709797422
172.55140716027284
151.5479737411081
163.0438063359609
161.99038095739073
148.56187544501742
155.8726245565765
161.55540491747962
156.1494694611011
165.55842053717305
157.59672442482156
155.93218766154928
166.11326639309908
150.2923452303453
155.53009714016977
168.41514350588156
163.09876005780902
159.22538427751783
168.01358285625162
159.4074846347561
162.5894265907995
170.6856880727743
166.32213892120868
161.9511697872409
154.0665773642322
168.7343948688353
162.28489228482113
154.6321261727412
152.9457348030944
168.6468851394066
163.0794518159506
169.4577792345181
160.58947231559262
164.23039994366187
155.84884218307295
164.74706046940383
163.733425653896
161.43875147665244
168.77827041830804
170.63374727850282
170.4663601498279
171.31322602219004
161.18602174435725
161.5290091473983
171.34930749724913
163.998867359738
171.2451771518699
159.6835387930976
167.95312808582977
172.0119532518745
161.12480335526493
149.34378804207546
168.6627890362946
163.94929833534025
156.26393466184592
179.09458316902027
157.68589032103378
171.06161397065378
161.41048518853438
165.31621955476405
168.2682866175539
158.09619910575293
149.22835443437705
155.14175027487016
160.6976531127924
168.0445749302126
154.29749512311074
158.07862216709708
166.32374136171595
163.0700235032903
169.49130269652466
150.23345158622055
168.08463974777106
172.8581497259677
161.72831525229236
163.70831563365954
164.381501000564
164.37981719850092
171.42314318510978
175.30616303870232
175.92421282609746
166.22579209051986
158.9884382845668
158.24380650665898
171.25045555357116
167.33582007636312
167.0428642419519
173.6620950710189
164.4178606507676
160.83806952393084
163.12390414156417
161.397796657466
161.34171495043867
163.73790638645517
159.97399023398484
161.06932670421665
174.79133185916083
166.04100934773467
166.33465991963067
159.48222076288033
167.73498942153702
149.92903433898925
176.1710632885951
172.00131144814972
163.359319945532
158.06251936773637
169.00892909782633
173.89209335292233
158.98136546084348
157.89114121537528
162.39595318906555
165.25088928634293
156.4651241565935
163.8240169824637
164.66698267445867
150.9043590649334
165.094882563629
158.4277579180204
166.06582080847986
157.60683148440012
168.56809221558106
160.6229661290757
174.78413813725874
167.85087912432508
164.22378720466338
157.449431631293
161.09629390514723
156.54051422775132
167.88224521319637
174.19578172253074
160.6976778637062
159.5205913874431
174.8655663199677
151.3847569262166
147.661229456213
171.0387876411789
156.67666733115365
169.59079486176577
164.25872352319962
166.12997763322664
162.34654604371218
164.58798033192332
168.38018927621593
168.31999903757446
165.36109106956383
165.99193343950003
160.04831089444647
161.20432269892837
148.68154161415248
161.17249103624988
167.13037691922577
164.6461187037605
164.47762006814088
160.16556360610988
152.56873488920016
164.75666133167826
168.84615519615573
166.54320514911382
166.10613466261512
167.07954733254107
166.41551567296588
164.62983706989803
159.13490511993177
156.88019955965385
159.02344832152986
166.21262817952615
160.63395327951412
162.31445106077578
159.22379360141053
176.83459676569726
171.30206800575664
162.18915661368948
166.6015260208182
167.79872551539063
168.41528270011918
168.98329613154868
171.69932193845443
165.3017194798126
156.73253199910863
161.076068953038
167.09089111067837
167.81240524293403
162.7748079388129
157.29348009721733
171.3205713607707
166.39726661842664
163.63142391656953
151.07435254121444
159.30965759233052
165.87753622310177
157.5900283728617
160.22463392486674
151.34055999284828
163.05654545346488
165.98264420281626
164.54015022329764
166.92312903531482
163.80555883296975
153.99656116252297
158.73772471258562
155.8195330456558
163.59195906869593
162.01665714885576
170.14804264170616
165.80572295182273
158.40388230019985
164.6929746779084
167.43977433402225
162.09038767414856
173.73327772204468
157.64092872457792
158.29770660212444
173.87819568465827
157.47212439745488
154.43623933435134
152.28661962837123
162.0020273594551
156.87926979835106
158.65720589440502
165.84973482331858
166.92442246221654
159.02693591067668
166.29382261242696
146.8868962810998
171.67386287914687
162.21207364388266
163.39631445964395
159.35514946183812
174.21504757266553
163.4614112743004
165.23471358782885
171.56178202395844
168.49469261077678
153.22391800610615
181.91317211582407
165.97588847564685
160.7943468921716
172.38747110181637
189.4030791331486
166.37512938288216
160.9609351627923
175.05503799482545
155.66938998897797
160.90750220365075
160.68588302204776
156.8148467460861
166.8551731318157
165.8039101688329
169.02188785820752
170.48004659107244
174.49291792539015
163.30138034823185
166.91154545929496
169.53931442502892
162.63136619827375
156.37729448917383
163.26545258546255
169.88015566230558
159.3130951111929
157.2990258682741
160.48167968199584
163.40078100466602
174.1323099743411
160.51901250808035
157.15743883449798
151.97567315717305
163.51125532341302
164.02927869564456
158.57775559567403
170.30927954514127
170.6717113649413
165.02406649052358
165.36129027677396
164.74841577124147
148.08952468007843
161.5256416281055
162.94884929945755
173.46103907430302
166.6189278854376
170.7990736541397
164.94040362630128
166.65916619440353
166.5771851332461
156.18299125880375
170.108193587342
165.76688672933705
163.7050406924126
161.96710769991617
163.16889436194472
159.82250723246975
163.42789203916527
164.27308244756327
173.75530496030657
163.60691458910037
152.09930528727548
168.8610138287392
163.749757651874
158.7749649752084
162.93193723775192
161.13869115963476
163.47643781351766
169.97042069922293
162.6531485451905
154.46569749195055
157.14929451457914
153.9932620276072
167.1045390477153
161.4439786479114
155.2219581250586
158.60759750082298
167.24821171315534
172.06651986405677
163.995189044163
160.44318661851383
161.69126230300046
155.4010639616236
168.47358871818082
167.7241164211041
161.78576233602877
155.3630001810328
163.3373849058655
162.30782910832258
161.9565814396786
158.0121849293359
170.7155818575793
161.1222402925619
164.13779456451417
179.45263061748457
167.69916904974596
167.52643732103468
157.4736391899066
162.20456205560995
173.74583092167038
164.65019699978
165.8725402405255
163.305668424061
158.4829857598383
157.40087766664996
163.39693056333317
171.62062552392672
167.41033608961425
172.01574389351217
180.20972247608307
165.98298878806295
162.87431921763067
178.24846786521658
169.3252991677199
163.2188416225678
160.85163660665174
155.01737843672007
163.63480997537906
164.73631030758241
172.042031924665
159.49449535949546
167.79411811273533
173.1348289832775
161.55165173501132
163.4607357811455
163.60682541571182
156.82527586988138
163.2806272615822
164.7505394948791
165.6498053191879
162.53535591026989
157.34216691334402
171.41749148601625
166.46206861979513
167.32361069133765
168.69128877776674
169.32048540732183
176.09816431319217
156.3424087283757
147.74613109827445
169.6891395931882
179.78697346161553
164.59910930717524
167.8568129621867
158.78871376586716
155.8218188883821
165.70258581922295
164.76285301171959
159.62777486173252
150.83634735539087
152.61935710501177
166.70857482460696
163.66931571496008
167.69089849845847
165.93403992269424
157.15329571626742
167.4282009198598
150.9034974546143
166.1310551370363
162.30141431465628
162.0177823747405
155.38593414515742
164.15218431168088
167.18885466150132
168.90083378994723
166.8191724047914
150.32745120514184
169.88048830101164
168.52051729300283
177.34845754374197
159.85729999065754
164.04137368902818
165.24717025590897
167.44732197289125
162.12047310981598
168.48593459856434
164.57629134209054
166.5935907195965
166.45626509562092
168.68439477439108
173.05264537296492
174.62598397948
156.12739288325406
175.31404398441074
173.47838503633787
149.1540934936604
155.89337728394912
172.04572418369168
154.3861904157866
161.75847543691992
164.2345785811174
178.79288595987387
173.51722310958567
168.8790890367427
163.98074266923226
167.54985746609282
164.85299266084147
175.25613126852343
153.70305022486792
171.20115546534302
164.7842784028043
157.0580507808766
152.99029963908978
161.26391415094852
161.80513388014367
156.17548795115312
164.9489115201883
167.55877119222185
173.04257280071369
160.5928290450561
153.1545728461813
165.02991409155769
157.97224691122744
165.56603535465118
166.10126998978996
156.2213862916522
175.04458601863251
162.95084826676361
166.08608063573405
173.94325417651228
152.97484775326618
158.12504840584378
155.42370149436726
151.2748268978689
165.0646971388324
152.35071740075028
160.79217552047598
160.20246603852036
168.0968642009632
160.5645779645088
162.9208024666684
162.02349382606275
154.24826841598036
154.96512700910705
166.0591121259348
170.194085388673
159.83337112605795
169.2239696757703
164.3508108576229
173.56258719283028
168.90778170909005
157.2749029477098
145.3774250424679
173.52991670261352
178.75468394100844
177.54450752457404
166.87375430635944
165.96417774937876
162.8558435949619
163.53671781942705
157.00480231547587
164.4738050103659
162.1194551995975
162.21825664294295
161.46735320970498
164.7433712090886
165.1160902874947
166.5520771604494
168.21779557114206
164.54748252842552
153.25402255460352
165.81086225852346
171.62756836380476
166.37846759436624
155.17878391572248
164.7855511820417
170.69021911452546
155.52819277241372
172.93527317672977
156.40706910793952
169.76101731306065
175.57795629107358
163.0895718493022
162.988443816504
168.812225990653
156.28649964620675
164.52492861738796
163.86314465505725
162.91637847521542
153.88226627417433
154.98523055701344
164.3550851889544
164.82285030001256
161.19698964106624
167.9869618194127
162.68217214738434
168.8118006897256
169.2838335772632
177.76712020636737
157.6443602049376
160.31051142806757
171.15549337510004
166.67053603552992
160.07735125726674
162.78024620171342
176.59288561442162
169.77655067734003
170.88952278269917
162.23798455474213
161.17637188015044
170.03255813156053
175.24034715295033
165.9535127793865
154.24558620719182
160.77951135765844
152.89269651810284
161.6448917993219
174.75425259977237
157.69080917714138
151.86206435897338
169.01126352969382
156.46178111677858
162.6786451439273
157.51016034887868
173.5885509468932
161.03200726613088
172.1324293403643
162.71950777506575
168.4301191503991
162.17050066997362
162.02225726666416
159.10176027439994
170.94213906759254
161.81605427144908
170.81847548679795
165.862544539897
163.61433258727806
164.84787151581045
169.3985563654292
160.97822515642613
176.91799092188896
165.93777416374544
171.58605012676642
162.1030440816321
162.38696543164212
168.04279616979412
159.95023862259336
167.33381263438218
160.29018037784715
164.41217666937914
163.00179602584905
150.54122131554777
161.12434951175032
159.72354749707702
153.2556206654062
173.09695261567325
167.4300456868898
166.84395041123284
165.60276627649347
161.21354069516812
161.5594070615687
162.36550518160334
165.11676832082247
166.48789733406753
158.5907239039833
162.91301286973103
172.35655435348554
174.11839533253402
175.22941307517198
161.11802810022354
159.96409004104598
156.69280215636365
165.32892374311163
173.66207217382717
164.23890421673931
162.51738511682657
166.69730263430765
167.9610969759306
169.37743579278293
158.65837609113035
162.14249908615244
159.73019434733925
158.83936352606878
162.1682736674689
174.4631980084793
159.89493985654784
167.2837742581564
166.7629421799208
166.3016789333698
175.14002715615132
156.50537158475328
168.30380033411396
160.4365942388137
164.90584329679507
162.72866617199952
162.51137753625812
162.93329744337868
156.59356849021339
157.6150422458506
168.881465917867
172.41525080819963
174.3099410177061
161.15451324292678
164.60719080985677
159.48009813545508
169.64406892146727
152.93125971218547
160.17291276770877
165.0894697754815
158.45401750609614
167.00333552220346
172.5922735001774
153.23701272549653
165.2260587356889
155.9623834811855
162.78850714903035
162.74359207236495
168.0390778138601
170.55183867808853
163.8832174884112
159.12562831993816
165.23930805455663
172.93503167887945
165.0107259025675
160.0528367646411
163.64147472845494
166.39970599441688
158.45678224378167
164.10112706900006
167.05170788597397
160.96431015815253
155.8502302176373
150.03698360389402
171.14218562023711
168.61099223139354
162.50104462050308
163.38502702532904
163.93878471835058
164.0756523425191
159.13184637479904
165.51031868373562
165.63121045129077
161.11670274713617
157.99670471237897
151.92121426282424
167.71708327411002
154.73134537574597
169.6072746633567
162.51660586855266
162.40135192026372
163.46070646518567
148.52547201464074
173.76999914669392
161.3011969158152
171.03230978516655
165.56385264800372
168.99268498506436
163.12352691037836
161.1195949159191
163.65011769999478
157.226098439806
162.2430086220363
160.7125355745653
164.2148301143373
152.5344050444485
175.4492512095808
154.23664506620275
165.9383157703064
157.83711437532313
164.09950234044246
165.08476144154912
160.6068746460967
153.9435102265328
165.23687261838194
161.294861495281
160.47426063237785
165.0646710264135
158.03477950408103
158.1827532954923
164.37991915083904
163.72623398665792
168.5853718619618
159.548757362568
161.28339868761464
151.27446863048564
160.490332806135
173.70158105244113
160.12356755690854
164.43628909915128
167.9655203574934
164.96950964892423
175.64183556367834
153.94691109087836
172.64355595977287
166.25868512719256
161.85343395697356
161.8798584924114
151.74783648464756
161.68091681544757
159.36269820971003
158.75955479815534
165.64651249055194
159.76149444037108
159.83741168805338
162.5284252497664
160.30195678442152
163.56622369939976
154.12960967249347
160.637615675891
168.51925873147562
165.3970382146115
160.53622773257428
164.73148268765306
171.4736320474149
169.17502016682062
162.70157144486745
168.60047271381887
157.95289461138773
167.01571395304182
170.95000856749104
165.1560808861764
157.19798295394938
164.14004108660507
158.78770220891806
171.1810623989886
152.81710507558623
155.7314436006157
163.802387979284
162.1110265954307
167.72983950655018
160.48510198787497
169.15551156784906
165.9792983925061
165.14805304606665
157.0024673056494
154.35758971606055
160.38353438028577
165.54049783780528
158.48491302862374
168.2962308338321
159.06214279339832
159.45863173645438
154.4951436858733
164.71639046572992
160.9519516708564
158.659363569869
158.1645561726485
155.4951597332136
159.93516216456328
174.47612563058382
168.82431624397162
173.8179617802727
176.19925722635335
162.53651132407856
156.89556027052748
