136960686.784373
134961955.0068899
129055925.02245304
121963924.37210266
114575087.42060028
106963722.55615543
99363722.06848648
91854116.02568035
84729284.97820398
77847600.39622779
71209184.85217746
64949670.61325371
59062739.48924089
53744489.181154095
49020692.474073716
44602305.82244345
40654922.75453313
37137829.53396572
33980162.90136664
30938819.621937245
28223750.644000344
25610680.95648465
23230220.04920727
20939065.275195137
18682624.969379753
16611063.165865308
14749258.03302644
13054931.22111486
11638633.038489858
10290047.741925005
9032155.276874822
7888213.557467706
6880313.111361401
5965163.185547513
5136984.697783564
4393022.250042618
3741503.450168371
3177208.5705606216
2671530.1531848093
2245816.3631902947
1871029.4419393684
1547507.0546197596
1277147.744065661
1055332.7603748855
869812.4819339789
698337.4022755494
556697.1202320828
442181.92374498805
349751.67965269333
269520.989344904
209293.29323656822
162226.9982742778
125463.13792494626
91944.90876902455
66111.68058514319
47241.60944289527
34821.21980187384
25609.043942095694
19606.671466838903
14009.971679176693
10910.314674634681
8207.526143394069
5818.6939315527425
4710.738806711085
3777.009066028227
3074.6305306139607
2453.942962351372
1916.922759585659
1611.5364922840315
1311.4407564717692
1118.2700881267046
995.7847727129517
846.9850206316349
742.7450638526359
623.2884603954043
551.7542184441343
483.02675488558276
436.93213953003175
411.8943088814215
375.99319568378087
339.50433598889884
325.0324265132043
308.11290314248316
285.4199837196388
284.55647183031306
269.5299733800929
267.55550163335425
258.16737986907987
242.8540500206836
240.84602822572566
242.787658047495
219.30624305820788
231.79239972253754
223.31040236660095
228.76491903133712
215.3785503983143
219.39283498599468
219.521774934933
218.88141251423596
212.0458719681221
215.98935276666577
208.78526211462994
212.2303113878788
217.44632136121726
203.1618752053307
207.75132928620837
203.95050541111647
198.61320334411516
200.17537781137744
195.72560420798342
201.69962639335648
189.75861694750844
192.18691136232977
197.786509725365
191.07813673935772
198.28844335888235
189.47652948433273
186.8409847304318
185.78280133472316
179.5071146867291
186.76394255101633
177.6518224621867
174.68687521642033
180.3070603072231
183.70985237893817
183.51597281128204
174.93504572018787
181.34449112665908
176.82316473519575
172.919688219876
173.9029995524003
170.58222099429085
176.82898746706266
168.43277812781514
172.43030867497285
161.57756404779335
185.32494602880766
164.38497110432365
169.46134972932097
160.55337752291354
171.3252805542657
161.52259093892158
174.80088012589314
172.54580360406888
173.7900949259367
171.89139441013262
175.4042444932714
159.0112517546774
172.59475630787904
158.64439283274936
169.12648942989267
157.9601132244707
166.8685447316371
161.27828130212436
164.48150632565128
159.79415876707935
169.10245037370325
165.87969221971258
160.72225745202374
168.51096678574686
162.30182501589945
163.88092362764831
160.96886826938157
166.4967703482676
154.16904618893403
161.90290747614912
150.31895258724165
160.91990404318915
165.72148655372365
168.38662840183795
155.73397497288977
161.702489124263
151.53252495766114
163.0889730294175
160.33407849096855
158.2643353740297
155.20573280656234
149.46010841597226
160.09628212288942
161.59407439696804
162.2481165192347
156.23857640015953
161.45006236720997
151.70919299003882
155.96184183585214
166.03224908668983
153.73049056250173
154.77254678464388
142.16427012412356
151.63096827964188
146.31885122122588
160.94656983198053
150.75233563121978
152.32888815606893
150.86650370655417
148.78037144364725
153.49169150791494
144.4703037630508
149.95381315439823
150.4310611948566
144.03029696877059
154.1240579504241
151.15769077746415
150.37807306925882
138.04969841674642
157.96691461654513
146.47315238212207
150.38174417181608
144.07425418252757
147.38616769852604
145.3031095066531
145.59025016459358
137.71345922742898
146.13936358627086
145.49497612428772
139.83292908141618
146.2195000347425
139.33882447713503
142.3264858150941
150.9388262865409
139.07212260442975
142.08600576470488
132.71791549466087
142.49109439770828
134.9108398505651
139.17476940292715
132.59770545890987
142.53404061733295
144.41111813734162
143.02057038553897
148.48538807296669
143.67334389004284
149.685002921398
150.15159025628802
148.84275782191398
154.30845255681103
148.4954366502412
148.29810616455384
137.96578483788537
144.6428679518336
143.1489283904197
147.94091058403782
149.76485841830404
151.04826390275912
142.42806117428174
136.77764812319927
140.3969247323473
144.51762866042841
137.68640457786762
140.27226449067268
144.46765050015486
141.8650937004172
139.48833711542852
140.06630215230064
135.4158436514261
137.94317847248803
136.8946073260455
133.45358925753575
145.78311453591027
139.8084640798908
142.06875814360419
138.1120705864667
143.849333358101
136.05994888450147
138.89924843453366
140.44951828964827
139.25120357988524
132.48737625894833
141.6803997867162
143.02300113368528
135.53445225563053
148.31877661887873
148.74070360639143
136.51597300996008
145.5658213761501
140.59274083609188
138.47851222848473
144.19818307549207
145.13329939781315
147.77557409923025
147.97343624934692
137.50632785270878
147.98162022747402
132.4990256402681
144.23026346394835
138.65256285223944
137.245903629732
144.70640429718594
140.66656912514557
143.5620532430927
145.0247493422583
138.85387182535985
145.44657106583105
138.18334903939734
139.2632410830348
141.0581523022025
139.26828926177924
142.60030980323597
139.68302473843988
136.4762163619269
145.9457157757377
141.88718104865467
143.10005707308156
138.07089497985118
138.83034734123038
140.8847773818637
140.87518013063703
147.13587114441034
138.58518516534434
147.33121115374448
147.03878685941595
136.21686941979638
140.69685427477393
145.9982005878322
143.86239683104512
149.44973425958065
143.4012185148162
147.99579230252067
138.39080997995868
142.54903649209302
141.90385801971334
147.78780721568546
143.8260042537494
136.3607917448205
145.5251706295771
141.52120850240203
143.14124731908208
141.93297117722224
143.3843451645516
141.1274001033733
136.65070254100644
135.7938270691075
132.08317056772736
132.4973505968141
144.55547977162155
139.12009713562614
140.1880409077523
138.60653087383184
134.44077274672352
132.52450212516283
137.74818571226558
136.48631439914965
145.03016631923882
140.48187855383577
144.05756045682995
141.27168731880508
136.1284329505131
140.8855049587065
139.56754632632533
144.0841130461197
140.8788872887306
142.44016036624882
139.89639186803976
143.5553303760291
138.4096846263495
139.76674186829754
153.01912676705308
136.65120942006908
146.0077348724315
143.35788135173513
140.78833906324684
134.9034152621219
133.4070511469524
139.27786202956946
133.94263676557085
131.34557395257733
148.84068389050725
128.7032282485471
142.2690387666166
148.2426745188186
140.3593910954821
144.4393615804906
140.18189745005358
147.11189144856544
148.76075095170702
137.76309083148175
146.19822742373046
139.4914162049811
137.9558290905628
139.65395117910901
142.19698884706233
135.93614305215394
143.3590913447847
141.214510718474
140.88387880851303
136.74676717100772
142.8708410087889
142.4183468170366
134.63555092343998
134.32102079860658
140.78809627485765
135.37127616933486
140.40444789010363
140.44239005823823
138.31074327312336
138.8653302118645
140.87740102438124
141.2333004643521
154.11582281617962
136.56199202151848
141.87502933557118
147.14511046636247
143.3816694389769
135.28692670884547
135.38442850443832
146.0715269385609
140.9555309366083
141.02496557658213
143.66606332518828
133.7807837172611
140.3441740685612
132.31827958026653
140.18852015194747
139.15011819666697
136.22562662239469
142.1291069687018
141.9781466306507
136.25096931786487
137.21342526821564
143.66243797440416
142.8217522138273
142.4889686605585
142.78639735542808
142.53027566354984
140.25047339644615
138.97669397148647
141.89835739576296
138.99719195586272
146.1312182400526
137.50387056051503
136.06382551038732
135.98775273262933
137.4213295921034
130.3668534866368
142.831678714262
139.58822603131398
136.8149458944718
143.68151695688562
143.2446195444784
134.37967882551376
140.64602134217301
142.02729925102173
144.77168106568382
140.98953723145468
137.02671085345324
134.8395342825876
142.40076555597045
137.47529858127746
135.66012564860685
140.00379334545676
145.69319787492606
137.0496187136518
138.3017086945916
140.56034899567078
133.90419728503315
134.82297781646238
136.19651839690988
142.62082792633376
133.72895527148745
136.06737956170403
137.92066062420244
148.65134925178126
134.4762217495334
138.95561497029126
129.77445974661
134.83664905497662
136.4930880281344
135.1506466542069
135.8146657658745
144.46728673197768
142.7550341999268
136.30903017182288
132.1545896350918
138.25559632850795
135.64669561716428
138.35153417703214
139.68553687114093
133.21488426242658
131.48967793671846
140.6942747814106
130.61865464817487
134.2562318435662
133.38140938721241
136.24181135748157
133.9063633658351
131.55347266696597
137.15926322086557
142.3153869177672
137.31162288895834
141.26431498262338
137.78867460956366
136.25940803491693
136.35060344071505
144.26338702821505
147.70176230351908
129.51447887170926
136.05982310352712
138.6782239682605
132.53806529856956
136.749072927662
132.7450497233641
134.46869496720245
136.54247652509935
139.15647250139307
143.75271559603524
133.23311202818505
143.59174701163994
139.4871760061848
140.26748334600327
137.44508887428447
143.55575881934516
139.54985774645556
132.020040641766
138.35791697335304
134.07402422689196
137.6467144981983
136.46568770150273
135.6874411443824
138.2187476050127
136.34421887981838
138.09970252695925
141.83934967592157
138.36538262120564
132.86996643994775
131.40454252532913
131.49438229361164
135.97268921422426
142.00475818120043
137.5931155918028
140.19751231116388
132.72372123079901
127.81099191073228
140.49367989323807
143.31713788585245
125.5630397685839
128.8068127777867
148.5947288561809
144.6584161795387
136.0295528960836
136.14746686343233
130.69302064244008
133.3352039592972
135.3641940740782
133.32724966004596
132.88837199347424
138.97322276875008
140.9647482909344
132.9381932146925
138.9261970174348
135.06945492831667
142.63833752547566
128.92010476544002
135.86908196863706
142.59718350353612
141.626260773091
140.48003681434915
137.95738866918936
135.45027090251148
140.0216129642914
133.52980986332625
132.1474379534526
143.56205679621556
137.55329620234687
133.14204721678615
134.54024045028882
139.2521169823628
136.45923680984032
132.67201860867556
136.05578699816851
133.0388743865345
138.26392865762017
137.07117376284214
134.93701528214933
139.33469590837154
135.7938682603274
139.11161350609507
128.74080379313804
137.49345587793812
130.62494477415697
140.74271172893697
128.6191745429339
138.39354389989037
136.71990335690427
141.15735514854066
137.2374530912927
140.42007372734736
144.23144650905394
128.9490952961994
139.65765442605823
125.29759153796475
143.64117666008775
133.4637190147361
135.49726113509516
138.41339133268085
131.57574152981445
139.63231111776614
137.01989085344218
136.48560516898627
133.2365934006094
132.76430146804913
136.50854433824236
131.09494847618413
130.26940640540508
142.82266553826184
136.6492736222484
137.8149636492604
144.41831388414903
134.71909335362457
138.05647876459676
126.45704692356544
134.57003429238654
133.54626538031096
140.44694403646585
135.58611164778807
136.78463477313602
129.20048752667526
140.72869139913385
134.90434869604115
130.39838112216302
135.49615607991393
135.74068673988933
138.58905346776407
134.48839151960613
138.70579367222672
138.02997278804926
135.73916597335858
134.946407370551
142.54713313294317
128.14427774341664
136.10096924007243
132.08617778628806
125.60793880955212
138.57016358184006
135.10173377760327
136.75476521052317
135.55090298096442
136.82624253602978
138.16894159417046
136.90916108751927
133.7058952711879
134.627394984441
141.08192709295236
127.25740250349209
141.7767381506515
139.02338132893672
136.8957598666443
133.47138412537493
136.78669862576817
134.52557502922048
144.27894362533152
135.42288981517717
137.24582776897756
132.3416882933276
131.95554904312647
126.47621742816295
147.0120560959865
135.74226342152502
138.22361053777203
133.9042606003903
127.70482888250962
132.49146248679722
130.30760752880778
129.82109666133766
137.82086302316966
136.07156401745414
133.0994429374606
122.40166471336794
141.83065445404756
136.13529729838874
128.9685431500574
131.56749365240674
136.910493619727
131.96797281881325
129.7725791125335
125.36302496401129
135.14616816587244
132.16037586171845
132.5326756048819
130.60452186057628
129.40070615410434
137.39012810954605
131.2873729140335
135.39021762194434
135.29448618876532
127.10706241123368
131.19371078800708
137.9455848079866
131.4928945056971
130.42483811606695
137.31879127101948
131.23708476593214
134.1864704045487
134.24070901767942
134.01711734955674
133.9019078048967
138.76817613486037
133.3797632467207
127.82112213766409
137.66259817746885
134.90227197149727
138.21751362647944
137.88719041524521
127.83483499351841
137.97207179466625
129.9223518746848
141.5455082619095
130.91915406797742
140.39601853881356
129.95690160792677
135.58018013440545
130.54753668073624
137.29903116176237
138.18992061463393
133.4373974049582
132.48381624906366
128.72071530055422
128.520421609601
138.23564290932262
133.61579073739063
140.84724107410995
132.11588786633547
129.85691955543376
134.91093451789297
140.36437321837067
129.92904651452648
134.94778973866667
134.573773918608
136.75919015534416
123.93625956469369
132.37134032488555
139.0258223715987
135.60769021881137
132.3437001925669
133.4261172031033
128.49800130900866
127.67859626473154
136.74253447329397
138.33801248334296
133.77039594547063
132.2758638768355
138.63042116227393
136.25713302576614
142.8142018960686
137.12662969130724
124.84532123604532
129.34552665171134
128.10141207976514
130.71272393773418
134.69901788312157
137.09381155361388
143.76788274163496
135.32922969312642
133.13803221498864
132.5449279325369
131.46712373238404
135.35049105292902
135.27227440765287
131.13446413396719
133.56082600954616
131.0732682520691
135.89364016615465
132.5474987812539
125.80163821199946
133.11702225972297
133.49391767112613
136.94327373068933
130.30568429854708
136.28182349328935
135.17429234795148
135.21263155592405
131.23236287312747
136.12511351961777
138.79240431838133
140.16077282247213
138.43183986010447
137.51149325083296
130.1050750017537
138.60145008673106
136.31003914280043
138.10939716886313
137.20454545485623
134.24727798257166
128.16198095787595
136.08334387465612
134.54982379416361
132.09365528824716
135.1772808536817
128.75790693398002
136.1308174440905
135.21943984492765
133.00841345910715
128.6749969869703
141.27718201991473
128.9488504042907
135.9046492044961
131.91152696796172
140.7337477342091
142.06951302810438
137.29814869362255
129.69656708958047
141.13788806519665
140.7217838084752
142.37275652618675
135.55099020371162
136.0914946538538
140.15702760369172
130.205123778821
135.85684513855801
130.5265839251286
132.10714815099712
129.79432382096374
139.54870260597792
131.49904938787193
131.04008736411842
127.09774489870162
136.7347595592314
133.2152957933842
139.33776934878702
139.02750284271042
129.7280811878045
134.41514069649278
124.29513554690072
131.12737854722366
137.7708951535452
133.52530040265526
125.34315818122475
133.18822780172042
135.42105470215097
131.4060976228648
126.53679523518493
135.48936092714902
130.88916919403866
128.5114535211934
129.74535363931247
135.29323892407018
130.52670806778212
132.28384824525193
130.52374285007417
136.00575456491686
140.89634360628665
127.41584811931213
135.68269666603226
135.94062327516878
134.39779305513375
130.58438970334365
131.5887354741534
132.8036630745782
128.6260817514647
128.42775938617535
134.12350305719266
132.10474171653192
131.29446141819955
132.78535420233968
132.02506391708116
136.06838452537292
132.32861770642177
129.14133312612276
128.91922180396375
133.1534483534861
130.607521149014
131.56403471900902
135.45557699858705
134.68113217127595
126.87070481753544
140.63590111103846
132.7180816453499
135.833680045033
133.7416483650088
138.38847112577574
132.44769804519197
138.6627419362554
131.13513009492664
133.5146329855719
134.72317876334506
137.6605446705367
142.04631515316535
129.6384061937538
135.1214117960007
134.21094585480375
135.309248464487
134.5008305649654
134.38468804330688
137.37649901997722
134.09014436708685
139.00561135838498
126.15985755838156
133.9818620226015
122.3247164649459
132.07056852869107
131.52010217880743
129.6677467947709
125.35901440025862
133.58653453657502
130.61643025406147
135.004467089278
132.4656910661618
139.10363390500916
135.77719557831944
135.4539101295823
135.26889861751044
135.69266684672925
140.36624608181825
131.71346387569085
133.65928406492512
140.23129707332063
126.35748121657069
132.94785413188782
130.51605057060618
132.8589640710921
133.2373157141344
128.29983491276187
138.38303555601493
130.859290149205
148.56579031200638
135.117562537275
133.8433759629266
134.50900932769522
130.26029071889596
128.94202459918407
134.56453504268595
129.10304706941406
129.9828793158888
130.69813961983792
132.02428912308173
130.89808043541905
139.8346387698786
128.37040163105615
132.1791924477903
133.66806472218428
136.48833914675242
137.2288703528502
121.77601968931242
135.92296489938184
127.73230739358878
130.64109772825694
130.78508400753924
134.5977911520588
130.3673750351384
135.18025497158234
132.35015176787792
129.27105610551678
136.3907034865849
132.6997361662173
124.45178030430377
136.5693984196435
132.34725819435593
130.87227488353176
134.81234479403574
130.09308209668197
123.7378823593921
141.24327579183168
135.97360291185913
132.080359750266
134.023177434137
131.49829685390372
133.47252744448343
128.3307148341297
130.23594230679922
138.21933394482426
136.7527117824898
134.14517981453292
131.70445981382554
130.02517144261446
136.52550701634368
142.75394722776096
128.56913333521254
135.40362120535664
131.47068983335393
131.98282037872247
133.93583971863214
133.46018589032576
131.3648859575759
126.09938437332426
136.38874298200454
133.77187425259615
126.33956434289237
139.67130217693312
133.16893491376982
134.2802876472387
135.47275625890484
137.5991464443418
131.80001405380548
130.72907313140846
132.83475950448116
139.00574542647627
127.941245897491
128.8280352641496
129.9107904455773
134.22272427944048
135.46060698036075
129.01514803208173
133.8991968502113
132.09756253972506
134.45249827661172
126.7543676235703
126.79206738678927
128.09898358269197
128.29315490358996
130.8931984478074
134.50322987154237
136.42553084375604
130.5117280209928
138.5797828190526
133.5154383312374
133.005289066967
125.78609285210739
127.91334588624427
132.2320528105192
134.7829334230679
127.82087257852442
132.65147865248875
128.05339907790912
132.67714932741552
134.02959963867033
128.76578758579393
132.07099305616626
135.88905573308753
128.43518323340248
133.787761063997
125.41418250701115
129.25416444732906
128.68103128766788
129.18342232039717
129.9815173984284
128.6247994662934
124.82329776867911
129.55918134992388
127.73738987414131
134.01242529792842
132.8392738081973
128.2714678371054
132.51080184914147
131.07569027863383
127.73011121187707
128.60298545373396
141.6366163077066
130.23788827948877
129.2775464586029
127.18519535870979
123.09071125036185
128.0159881938115
128.70061438783046
128.39441892552142
131.34957166568967
125.05542881092457
130.46628512705442
130.6065247332656
130.8022104813686
121.57679247340134
124.59231673261917
131.52602305725028
124.57390218875561
135.07602117959075
128.27868007454802
133.3352204332316
127.07824511133256
125.03656676891913
133.68535300539708
130.10286053730437
136.7094354953955
124.71611937971953
133.87579954917618
125.57065811307085
138.55717893982035
132.80088528030967
126.7675623633957
121.59182947022515
128.26855781448504
132.12284920884082
135.11125885060022
134.07509264239425
130.8385382825305
121.66297796589275
129.39524224700082
132.47585941714283
121.21318678099779
136.65371560233575
128.42483990484715
129.16604097416257
130.23636006977034
126.30952866774217
131.54524739698417
134.11504654602422
137.06687525234585
138.36868115775653
129.69904494793812
132.43793523196925
129.0168411173883
134.5305714312802
125.89672378846545
131.37729925771418
124.73580913966978
131.9208441877104
128.26552521471552
132.61901279274795
128.5747799255557
127.39836639818252
123.69138407807307
132.98805781514739
125.33318564911474
120.39976230361322
133.81192695107396
133.98915011530406
129.9009001162079
130.08278601954106
134.28828641437772
128.1494355111533
134.73150524724917
129.44879841716642
132.68248017253174
122.4302023942492
126.45971588336388
127.82344983296208
137.2212282398305
128.7347239574319
129.59414909117382
129.10631073579032
128.28698713765695
135.03183705077834
130.26956972057857
130.00125538019896
132.44680141852984
125.41871572645726
134.5992745902529
125.97109800858594
125.55079027372287
131.32340815567827
132.26225477158584
130.26144406954464
123.2534158667385
129.31735883161005
119.81217136130667
128.06980842706744
122.63397274648402
128.3197009512527
133.16514548785534
125.40503261101182
137.2723648016369
128.93908504574625
130.62987443671764
123.84372603820132
135.08986069660253
126.90592317694393
128.9694598465873
130.57908131962142
131.80005010509652
136.24879748163607
129.7395686058394
125.8261801818274
125.98662129161445
133.3189918799864
125.79506114172622
136.1971486087045
122.33838055666435
130.3330618742949
126.20239124373809
131.003670197889
128.87049640199322
132.13486030237067
126.2134404782675
136.30453358692154
132.21783086312684
140.71429225645224
125.20890043663924
135.19599946817684
130.11133343269532
134.23047432937616
131.59862433664483
134.2008639039234
134.26683550270477
125.32613309331634
135.62308054012445
130.8306587847314
123.89742855617898
129.4443365824056
138.37550083786493
126.98492141558717
132.52423330233
128.33869589549897
130.46972170946756
130.1790965721008
129.37781902738928
130.9320166542982
125.9987617247195
132.8287663692019
133.5332927708863
126.68007307926153
128.53240038723848
128.44565437138598
126.7148868873223
142.60934086670406
129.89955789451105
121.25977243245748
132.10144327875338
124.30938970391834
124.16293807305831
130.91267411485907
127.70535257904544
134.32406907661542
135.9399613534003
133.6344468496498
129.6678295318768
123.25420909606254
128.38692933861824
130.51608311591193
128.37990863489813
130.93567767052934
129.00062529944773
124.16485883453254
127.93461967473637
127.80391355178634
128.54797179950512
121.56755506488092
129.8175763092859
128.03700770764246
135.5904817416615
125.61226092812163
130.7466760095511
131.48754070403444
136.19362869563977
131.22412272440002
124.24796261282444
132.79785102032235
134.25290544356596
122.01924680152338
121.38115576090772
130.58414986148173
128.024546764888
130.61081817640135
131.31885616196436
132.26572384295133
129.39938226343247
131.9527037002639
130.63873031853043
131.4758552865242
126.2715991915448
128.05479815753375
129.52918759945052
128.35499026830925
138.62871907827585
136.6880679787234
125.81705822359568
134.2917804716862
132.70419433545845
133.3631307474963
133.61991838848508
141.01982344927984
125.475388760482
120.63236315291722
131.23573815904246
137.6071820610627
132.3660376511139
133.07469948643273
131.6691179306992
132.68263260254847
132.5055368559035
127.61098445603682
127.02115278517826
130.2483156384147
125.355095338954
131.23970450692755
126.06066787078379
135.89956180670768
125.98296371198695
131.9195618918207
123.69438498762004
135.44836140392627
138.363073272533
131.9685101406778
133.47300578143114
131.01541207759885
130.72461090556092
131.58500811745506
128.29220129597857
136.6588817869887
129.63371825260734
130.42854319660992
125.33356891971637
128.1676543612559
128.27600359555188
130.0682107808426
132.15276935589583
134.88724483124793
127.71056237367061
129.2446165536775
129.46444529188395
125.46381923640433
125.89319155395123
125.64329966987593
127.39766656161048
136.72397935446872
127.32920251345449
123.82682413197247
125.81372039243185
130.98995917651345
125.68482638674973
123.42192064716983
123.13019943948086
126.40752035635333
128.98423799368447
119.86438645010347
124.72764387607903
127.12068069851934
124.8803611438758
127.93582726473966
127.13893406848096
123.57613583132957
122.17234842498775
130.94358496790437
132.54846606997233
127.14334597136774
127.29610527950994
127.11291384567953
129.68847249443647
126.44256438794048
131.8530581864929
131.22886808330242
131.79455878109312
130.4192686616142
131.19700267373307
129.00288217015822
127.89953671338755
131.46159949155665
131.83125317738893
132.49276030730624
131.67382034430278
126.65706450049802
124.72634976470125
129.5674515014458
128.92299144614466
128.58400448556532
129.11396528792739
130.09543570048874
132.5249192344578
126.20031061133852
130.85080663532625
127.74317716347696
132.7702242155313
130.31731538486537
133.53273587306975
133.3130001895815
127.68523387654663
127.12962200582929
125.36877670760317
133.65566806365158
121.66556963402228
121.99235962715218
129.97404455717694
120.99272607693254
130.92458180250443
126.77444089528363
124.95794409117904
138.61961071188463
134.9538889856984
129.4070431695312
130.11307479797364
128.21870656230126
129.43717376351324
129.74878890740035
130.22775423297006
130.9710478884821
125.23678186512652
134.68949702716282
123.76468175118296
133.30206776702775
126.54481224631864
136.1338043834004
133.41891100579608
130.3502223664407
123.23705527381556
126.24277477981057
129.6491132561858
126.20564909116261
125.92448338959487
128.03882370729133
127.81564633992927
131.71601547249062
127.53373531898255
130.4879985764261
125.93991102294616
125.66804312093508
124.81581877559707
135.2582376010618
127.71402585116662
132.09501002509307
137.26411408035136
128.76730892017355
137.84279666421637
119.20346876280938
131.21265606138806
134.26193872111364
131.85422399322758
122.8200069713531
135.7952175776365
130.87967983279586
127.23355650251025
127.33770415977317
131.7409845341172
121.36006646305019
133.0970279459771
125.84563289938066
133.12726204168814
122.86656801874679
131.9984891568345
124.77267734071243
126.7748252686139
128.1534217171334
126.61978206313472
126.22641540484972
129.79163814608307
122.9092697059373
126.23058557940026
125.63460525857765
131.1837863857681
131.35211388721066
123.65202971766847
126.77908698173619
131.73746031635625
127.94957383124823
122.65095170911431
128.956848230272
131.23970536585497
129.64980452506268
129.09572105221054
131.71781489907258
126.43460857902093
126.79923691541156
130.13941975963925
124.29743938274794
132.54198028749113
132.353233066139
138.7996203509854
123.13282807183978
129.0925826025183
129.73627672159563
129.23690979550432
136.53031606898125
133.67053275769626
128.1397395208773
123.38162060202748
126.54276437932802
127.83470917633556
127.76288571062703
128.38652500705552
130.73493742652747
134.79869064618634
124.4775789046945
133.34449474813184
131.84494210236082
117.28512745581112
125.54350821853649
125.67076275503725
127.78479562285864
129.3000365106839
125.29871869023786
128.8519837576436
128.6735410124948
129.8052378661667
126.66856309996166
127.86283116047447
131.29448496044293
131.55744961623816
129.21139152773455
127.70553539641344
128.38555686516796
127.35180054361092
133.7354462346793
124.47879118945063
127.96933005102119
129.43459708977426
130.47467685802383
132.98059203059762
127.46319587702646
134.69245246891182
127.52958558164792
132.2050192046051
131.5278624942519
123.36388067759465
133.98256664968235
128.03336884237603
121.40519300493543
127.56946862373765
125.08854009701018
125.53565315893013
124.2241679331465
127.86291779461635
123.05504395223969
129.10780071602875
123.39870120153661
123.51967741881984
130.724719357394
130.56876392289664
125.34217286366236
126.94647191236939
122.46470391172721
125.6357605958056
128.47710251445181
130.8616021020853
127.14267313208079
122.60650313418643
124.30150751389793
121.18940375436037
127.45453347562608
124.77540238585372
124.697276328963
120.05838698969596
131.15786417020243
133.09127162071164
128.25145424822236
123.09165527710016
131.5237999303259
123.59686800050234
128.36494948972782
130.08027234795279
121.06621055833139
135.6934386126622
128.43629230491354
126.08761213087402
116.95350187028563
127.96069262387167
126.52497204879019
121.43461974812249
120.04992625308809
133.05822434891977
125.82949475182572
132.35333714782018
128.35011807081497
125.75692741988122
120.72264171834313
128.10973442355782
119.0366961240919
122.42091845970481
129.70463061407915
124.26514967264161
131.45211978821433
128.03989232693746
123.6822564685626
129.34934914570857
138.22217843385403
122.991518791211
129.98090598817888
130.8669172612791
121.6819034608124
130.0588040008776
126.45744001650489
121.6144170621609
127.45201756417804
126.99498172352034
131.13852611767572
129.75869286605212
134.54096205134192
122.09697288530887
131.51403466177592
127.55473807395136
125.62306586713606
124.68073366794496
133.97405590602537
125.5579032561852
131.50178659851306
122.93000716938904
133.19065556342187
130.40863040404795
127.59905686345168
134.75707732421264
124.8935623308457
129.31824344546038
126.07314460301191
128.09305082274778
131.26165466650852
126.62837008801293
129.6007302157584
119.80884593285336
123.99596182103944
123.70759356506048
126.63431359438472
123.3011496687527
125.7353139576139
124.4310874435621
131.63874423070644
129.69889498698726
127.5502851189574
123.5265391333817
125.78091068820085
130.25893908860752
125.00539117039177
129.9246345057294
128.72508008184627
129.70619907626153
126.36907850954246
128.68526938289745
132.76435064329704
130.06724647130088
138.77528580101261
127.90552976411468
132.77853515748745
129.3165003944962
129.83756390232497
128.37703355231878
130.50622571117626
121.18171276358316
128.41822774273425
132.40056058562843
135.52628736292024
127.02175939899786
134.72541409320226
134.4723938246165
126.37464403302064
131.7214097542483
122.87254429883144
122.90180459572639
130.37904278794556
119.13068149848391
128.71343276895044
133.87747004658482
123.58042828620681
123.85624493816319
128.99396604082455
123.71575971061365
129.53033397769255
126.59237508160581
127.09241295566298
127.7282571622809
129.43794592903973
127.87428833054675
126.87438353933064
130.27269592869925
127.14457331527622
119.95570033967799
130.51754001512248
125.39216292111045
119.49543333736106
135.43685095845876
124.81250360446155
131.58522568789834
130.95375442544608
128.1457887685258
126.01921013469294
125.98857900202178
134.83908597503535
132.1454471011252
122.14907432426816
130.53152922850072
122.10027629415792
131.24008479435625
126.57361827312408
124.61413847598949
123.79851875523435
126.17166585457062
131.25130320259325
129.0242218313414
128.49024866813576
124.95004081123429
127.82215475742422
131.6970546373389
127.65621100764567
125.64375428408272
128.62496795591753
133.10875165015318
127.12188030929373
128.34231078244935
128.01072981444977
129.12269893548952
138.73325509433192
125.26060209778666
127.23112492352593
125.72724053156638
126.52582515442538
124.16435554097059
133.89647673103477
128.6812829891953
131.81727733009356
132.03066208142386
123.76182857174118
133.101798920092
124.81661300990555
128.7351811170974
131.8319033997505
124.15581774066275
126.05382020179454
123.17423859789182
128.69226640721797
123.9907100380221
126.2115032790192
123.46212763605784
126.6516716110715
121.68787287206764
129.92703601037726
129.45758882582192
130.83479049982114
128.4861762824077
131.24691162483003
124.79502552970737
120.91748959473779
131.19307738262142
123.36364864106716
125.22927777335212
132.27392854905818
125.7491148870039
127.47138321825508
127.947123557991
123.61100837717403
129.43463350984442
121.05313255917068
125.52009144563667
134.72930439114808
125.05016285550991
133.1783246265445
126.85290768365724
128.81608282491567
128.0025762956965
130.8415394365731
139.295935313886
134.30678781941944
125.78746037239144
123.63354659234422
130.03709007826652
119.97543153443485
124.92860780319386
132.54902315051737
126.89711639632343
129.01519921508685
133.3222742596512
131.01105826177522
124.18633715990262
123.23697672801013
133.0429502681211
128.92244390854648
131.68358246873075
125.201122052424
125.02215712462743
125.7602941190301
117.58265420696469
136.15000670462098
129.0429010207637
129.2059674904802
123.73918861376589
128.2660428142488
128.76647177710348
125.21125933956375
127.42555629064766
128.8977191041085
133.17905003959308
129.9770990581781
128.32044739151857
132.16187833523438
128.1385283894394
130.37053388332455
128.2935789291077
131.66884620386884
127.52289851728285
127.75377560761034
126.47021162220054
130.38846838883543
120.0789401417735
130.27495727170287
126.96242370483084
131.1861487534617
132.0743617822401
133.0037789405624
127.60731244995465
129.8978597959951
130.89698187894325
131.14559541823874
121.41327244747191
123.56712221697741
138.42507165136982
121.84861050699016
131.5189259460353
127.67028441065406
130.9134204669893
136.4517329155231
129.41826602578155
125.85667953644045
126.11476683292248
124.0241716628486
132.50252902891555
126.45620949595556
131.08453853312665
127.0572631717806
129.88592046528925
120.72469419419716
124.56710818535582
131.3326218146304
119.76457001806138
130.63233058837932
126.75512710005454
126.59177351872366
134.5863492504918
126.96628686207508
124.2420801067846
130.14702871770993
126.11832604766974
128.99233331596088
129.33442616821122
130.7616645173122
123.64306772199238
134.130468484517
125.87891974426725
137.8390937409617
120.10457819143551
125.42517284545806
129.52871311390675
123.58108465843794
122.52545109006083
120.47366012061447
119.88132680598424
128.05242495236917
129.06317489420908
122.6820394460657
121.4312237817775
123.15273828584596
123.9431006465458
126.18767804975128
132.23713620577092
130.53348421996867
119.88202473989035
127.35717168261286
130.6912421647266
127.40844927227874
131.22480611594852
128.5132853333825
132.3238275125585
126.3943685560614
129.03159709368276
129.95312307643962
123.41809256046537
124.65057964525174
123.09154181067144
130.62244828446478
128.35211773473677
132.62713446008797
129.09419932163368
118.3381377452231
131.97041333012922
129.02088674470073
137.60977333856675
126.16712522092183
129.30927621671304
131.30641306762786
129.35156013652505
124.98365652911899
129.54003737855214
128.0158475368722
128.44784158610713
122.1328379493023
124.84016683219545
135.59878274399182
121.97001712181192
123.04331155611033
131.951791334534
118.7797643477673
122.1052608318707
120.02193810458579
130.5002394878874
131.20620641615577
132.66430627514677
116.49731277704954
134.41645592004275
126.54444281948214
129.4684382568031
124.30297664516542
129.08558029792826
127.12736833038602
119.8021694287968
127.27310757951948
125.97622939030171
126.65050611247466
120.55445171292118
122.65784530536452
124.6064248296922
129.34571284437135
126.15315165569045
127.34581144644902
124.11609791965506
124.67624615506507
121.03207498533979
129.04296330684238
132.31849929947975
125.19283893337936
123.92060327202213
127.37104203524014
130.78966513192975
122.61009907943439
118.79742435673003
128.19168444840176
121.48040891780931
123.69310513994276
130.57193676967032
125.85614141366437
117.5463773422583
130.84083099475274
124.72855886973201
128.04149127769955
120.24186307454713
129.88198413845916
126.05849198579494
127.07559502119685
125.26859849886263
123.0343847161736
126.18164754377656
130.57940354526372
125.40679067205527
128.94252143100888
129.53944230229203
123.88839895659453
131.4367668788293
123.22186505961467
127.73323555485428
122.94182843096043
126.17061386365046
125.80256895887426
128.84480404394895
128.0752906203017
128.7364609582809
129.3121395056076
129.63293468581475
130.29965373007272
123.13761072673213
129.70941578652423
126.04087169736832
123.85287995401436
125.46854573176132
136.20324595219384
125.41100810752393
125.2745683538688
133.28166138903433
120.58339389514575
129.26739565375982
122.18269088913395
123.51251744521396
119.04375141340311
129.8369411737623
131.52648501719887
125.74701005362846
122.42334948133562
129.93177883715117
122.38586084166108
134.6204157455765
123.181877504771
129.66401455086188
126.05481527040892
131.649271106246
125.62947508036532
122.15190915699826
127.33957939451072
134.44008021962966
120.95716581846801
127.95334042834521
131.67852564308154
128.51593914584768
120.66271476589635
127.41007738506374
125.19589620485736
125.35955252435922
124.09740214942958
124.70831933505866
130.6110367901471
128.770956905144
127.95294725774856
132.95761917471793
124.000904929812
127.4024567105215
126.79802709601584
130.47306524936434
133.2572789946713
124.27535741529493
122.77238108508891
129.91545005188598
124.38673237238493
124.60836018633037
125.89182468117592
120.60058632237039
123.44679071404505
128.64456795103183
130.8846175976637
125.32825723240427
131.9206257670813
127.61261931056909
128.7411544549591
125.36037704867903
132.4568342450732
122.3787734793937
133.8242484031065
125.21620164953796
133.87200860568015
125.79293591423462
127.45098701402581
129.70064739465894
127.92467164671082
132.67454073445634
129.05301872154965
123.47247145051176
118.49138941206171
128.25975082248058
128.66351222370886
136.64224300203398
133.26513846715582
124.06691000176112
123.4293977961896
126.4447673116897
129.39474060925428
136.72459685138523
121.80329526389724
132.42075130312088
115.26036062733536
129.1201929734343
127.51537077244195
127.59916584291973
125.40118311691188
130.3928127747751
134.32347202762236
122.09104680729817
127.99183843316892
129.06796540093964
128.91012898319832
127.64203418975154
128.02978602445882
128.34900153569717
132.92316136179875
133.1411982097457
128.46643639764594
123.83430347672618
128.97617591977715
129.77542359906704
131.1672705230482
119.48874960258999
124.9622495560683
124.78942323490095
126.11225927466049
125.10251675933655
127.69419379485572
130.19662971837758
129.76936124123637
126.01189733110782
119.82925309839446
133.25092519157587
130.06590220577866
127.75796130899886
126.86865574916366
126.43673664797542
123.06784826880286
127.95926309250589
122.01632981097235
132.02977660439578
126.74758998877181
130.48558814146216
125.57908589523656
131.6585696217965
132.48622302194184
120.04294117428005
128.7219248555422
124.47897237578529
125.51163432071795
127.48296640157136
131.4017064672831
125.09560330058613
125.91366048750209
128.31109237326268
122.45085705795302
116.38270425156254
130.85523811612578
122.57194343256086
132.48153297174704
129.98150385677027
129.80371177737229
128.42016634426528
121.38261326568558
126.38539777575772
134.6096226414036
125.28490698351209
127.0752403808401
128.57853368123142
129.39867280750667
120.82591134077572
129.22195280175222
135.93988579165594
125.07421037383259
135.000549004568
121.10241727532544
130.78285094429404
132.9873982155701
127.41760853708858
128.1861392959481
127.5640127282164
127.10703022361807
125.55801939939906
124.70865977523673
124.4651052259769
131.5956786425097
128.5305189717951
129.40028420972766
127.35452193742957
127.47709494260593
124.84962512906577
121.32177030617521
130.2028319619907
118.46408494366344
131.51530302475675
121.74437949015575
126.82712470302853
129.66645842048783
121.79968817431688
126.0805045603888
123.19752311509262
129.76489998095278
119.58891674733957
124.87343170102054
129.50814552681987
128.59602837836178
127.31086186040595
122.87602824225728
129.07077827556748
132.05537787911547
127.05491645275258
126.63608585025901
128.44263350549056
125.30016037744178
131.0628461710465
129.22320789736602
134.49462611718974
121.97642895034738
124.90119035396381
124.06976164884095
126.48999340008643
126.48492793504192
127.40100641100102
128.12225267147775
130.05282323249185
136.43980001736844
127.95342660971274
127.7519390999564
130.93014294246987
130.40492937722968
124.4938387173154
131.75471096393244
134.3911429137062
128.21006885216036
125.4034199422994
128.8819602103986
125.00183366484002
130.3801153213442
130.47121375338742
130.90708665498525
124.33520604403142
128.12846748779026
129.10020261942856
123.11177609420861
134.7346337649751
129.7587906370915
127.03298935383246
135.06060702978525
127.90687448995698
134.24144398996813
124.96330825849194
123.5965236298523
125.51924259207371
130.7817707009761
129.41799564902362
131.91597706371812
135.31054032288858
128.67077137522068
130.12667288768057
124.7230057645871
133.82919967095788
124.12506522283216
125.37289284836817
130.92253486134499
129.12627682474678
126.668595087776
128.83763521393584
127.95560586294053
129.70108007061722
130.4080701826761
130.44892788180016
129.41932485010705
131.25891869424535
122.04010613995155
128.64709354492135
124.41283531099376
129.96210027067724
130.13151725681007
130.7985696740078
129.827370096055
127.37699730878275
130.83985249489825
128.4578166195307
129.24286450942745
128.47460586541465
129.6626529251014
123.7655628082371
129.94098553922146
125.77272995767038
126.48625236109815
125.90289279448169
126.02753612971827
130.85230211237672
125.57719253994371
123.11708984545743
123.76564978452805
128.02740333872538
120.83170203541093
127.62900808410464
129.1357246204406
129.617221768189
128.86569799086206
131.66075924130408
131.35322466417074
134.5974884510191
132.12902662700748
126.18820058738913
128.6202849497775
127.4205009316892
133.45093530888403
119.16355152213579
132.70850470193673
125.22833275653687
125.23561543560027
120.58670707877899
130.2563963211671
125.04886339246715
126.55914324727468
127.12503662748907
126.88657677724386
136.1778145775906
128.6534467906617
131.05566282577493
131.8060896880431
122.99338429797601
129.65699132039086
129.540448051002
125.42113853449638
118.74426870643539
124.97013320466591
127.72704674799999
124.2226341516397
124.94514416930527
127.48049649957082
130.22644052051103
127.71216069591668
131.88493586367193
123.7126230278092
127.56425081658506
128.54761517056215
132.16832555349367
131.1666122371466
121.95158959703858
132.61988786500515
128.23502031088015
135.1598891346934
134.86318848218733
128.67558500260105
123.63050935224899
130.4527933980836
132.08535231426575
128.53086119296376
130.88304925105672
128.5731607733845
132.5129684087132
132.73664473984775
132.29214316470754
126.46974014554844
132.96366155804634
124.24743637289804
120.26183091277218
128.75809005463876
126.99539314029516
128.26348940739328
130.8581715692879
120.78161282429232
130.82942605174958
122.5162044632614
123.87428974359251
129.23113714877078
124.50845085145392
124.57821850211407
130.42837886952154
128.28793063338492
123.01834088094488
129.64344816203638
130.08738675372962
129.4546114936358
127.90807690347404
128.25749907200387
129.93230045691737
126.27348783345097
130.8344000906726
129.81222797939222
125.85673946352765
129.54175503139894
130.4082890212622
133.87104557457386
131.68148290463915
127.05986126636884
130.16677328754272
121.52687225750074
134.53560935927146
124.99869925085497
128.63695013941333
123.3852403095365
132.3586788242465
126.52441822357628
133.31809897583688
126.28340766205226
135.03758467555622
128.62658164785915
126.95760830913434
128.22038270815906
132.293749581705
125.31108793553878
125.52731527180636
130.0644854707578
134.6271786173772
127.88855061998423
127.30662090818981
121.46168219874956
134.3428678168564
122.07370845593444
134.85414307862885
121.39495930483982
131.0109403975749
130.16821663314292
117.90281754693348
124.45350747920749
130.7163763867314
133.25785966326757
122.61603185110657
120.96040759478313
122.5622912101739
131.64252017285497
123.88874741856893
128.60019126888454
126.74905689896936
130.86251016302663
118.74611113517898
122.02282206428504
127.43735318960016
126.13193351147656
129.04285535414544
127.48173392566885
126.10298645873316
132.49518467944537
123.29820804117954
132.8407421066282
118.12573732352087
130.99198248912677
133.62564038002375
120.74024381288972
132.47466767051043
124.29997643176607
119.80343872023059
131.0155931264786
122.00484107957156
125.51080995219468
124.65456263059794
124.93476337170611
129.7293934510848
122.72266171191501
125.69147310334915
132.79508077094698
125.05915502252334
126.30536651028486
127.83641160876581
124.8897817689305
131.02283204471127
119.94652777653802
118.60405318747489
126.70469380085845
126.68275331088037
124.98086080421308
122.39959126513281
129.73654399862568
119.45180275226264
127.28207402055062
133.35007594297255
123.52219830671402
126.21997976005042
127.72594495133603
117.88149152182775
130.60331131852521
127.52332786935753
129.32725783865797
128.32900857056427
129.07585750493442
128.85288801997058
128.1679733873341
125.17125420066198
132.84526775022417
123.49368801646348
135.16239814417636
137.26059539636344
124.2868158698366
134.3641982422572
128.51579596793516
122.76000038793555
130.97480263969277
124.85664780127017
121.17705459734357
132.82127329406737
127.97214389088951
126.00874214818892
125.99852537940163
124.43557626379653
120.53779617694707
124.43236703242077
127.97144840061057
125.71716455689835
133.52428845436165
128.13247794566095
131.18084136277548
128.43391534796083
122.53436716752641
129.4404980686885
128.61861883695687
132.75686913514238
130.28004239522605
122.26452933491163
123.22185253142206
130.10943788381508
130.32509455897883
126.28730854023007
128.63736928730424
126.03306312444661
129.54088665052916
131.40461140401692
127.49410002477376
123.24771859217266
127.61803682103076
125.88929177092844
130.28468375966023
125.05159455003619
128.11770973687783
129.19054927388225
126.3641855649814
132.53020628433364
124.75754063185123
129.33338137795266
131.86598586871037
130.3519414124132
129.50266009043074
124.86170396627013
127.74947271520477
126.7243672496613
130.72429701353732
125.71247464913306
130.9897291429212
135.0075300725333
131.35925766310703
123.33637808876738
134.61426373679646
127.27540780526938
131.7088350687432
126.13539858796793
124.82741461341598
129.64006290840967
125.0298687306983
131.67722905355117
118.78839250264386
123.67174616668588
127.37839239422105
125.98544319043974
127.0440074182438
121.74286320483483
127.8616982708236
124.74152115033102
125.26659432276503
122.38538806557402
129.70289650253522
129.46118602226113
126.47955049840189
127.16476690478191
126.1305366655042
126.69318762189376
137.88871121942935
129.70400525070914
127.38252709194754
127.07740211917148
122.90244386300905
133.92438244107367
122.84641487868198
124.19941898494564
134.76159786607442
130.20131354868997
126.93267715290163
123.91999532217224
131.239116927017
117.5433279829683
123.08090332986735
131.2852568347118
128.51696356701623
128.99784629856677
132.91134666283946
129.1599839981005
120.62524297816928
126.19389089795557
126.86654319921021
128.74233939835793
128.38773285992926
130.13167325202886
135.4892918293977
131.60512295060397
126.1410784159009
125.90869349635273
130.35815496353996
123.63588477664528
130.0131914064144
122.0305639133181
129.69484142435041
126.8112424655166
127.93438199291407
119.05746333846278
123.85908424996992
127.76034198159196
127.21415856002353
125.71146056115155
129.47371939663344
128.44530271142074
123.13876143434204
127.18192752023853
129.89362426483595
123.39336334140833
129.81316994704056
128.54847165020522
132.90607386418276
131.98397403993891
129.381059209752
128.42952491509013
128.38183713564473
126.72977765310671
132.44959735888003
124.04416763307485
131.70721233459165
130.3492103363671
124.8662667880915
127.78041921918486
120.91785440887833
130.7548916033016
127.39620564057557
130.08422355768147
129.72849393197563
125.76316567642344
131.16925939462288
129.80150104047584
127.34466193320236
131.14021147273232
127.14285932121889
118.02990774783046
122.6606496436635
119.76486993073114
132.908028153667
125.82203514221025
132.7270951911576
130.4050492042225
123.98800939192272
124.5407164037245
130.563254684896
130.40061773772277
132.9187796534114
123.93419926993401
124.63926865367551
124.78953797257812
120.4517029420376
124.50757096387542
128.01346410925936
119.24045948250631
127.44051544231118
121.10641009491243
127.58456911266244
125.35737196168046
129.13316501623592
121.2071927859839
124.69408833324033
126.88714812248676
127.98883586351207
123.85145865852608
119.90388868007223
126.48429181109078
126.66681774378783
124.02941640797094
123.96659652215423
124.63804771632087
133.33307601254344
125.53053455911002
128.45560874327745
120.84122451557816
122.61260846371711
132.4349020689772
121.4456368540645
127.98658684259773
127.319228305517
123.53545265690806
124.75333840341318
121.32775419026619
126.49415663278545
126.80533808689148
119.64113273405808
128.76815775209286
118.8487525538912
120.01536968071609
130.6522176274409
123.58092264644559
119.08035195434047
131.0729143041933
129.5209626929956
119.89550302663513
129.7565326405581
124.59419350374539
127.75645628686271
126.62619895276309
123.86645162383368
127.60723481686927
130.2422761207923
120.39343872127964
130.61212916517147
129.61961016936507
131.6190168780161
130.8041173028699
117.541851886563
130.80047956794118
122.17505854901857
130.8696947669555
128.2597715509329
126.96311213503147
121.97629844397869
122.30053326310606
125.56627649808847
123.43107838783287
121.70542416989063
126.31739375943438
125.69072349132999
126.02924522188307
121.67026965196418
132.39105049777328
119.10430554816615
123.01990434765075
126.62445870911027
123.15709413095688
120.41922589004902
126.19149572489825
122.89729962117585
130.87773185050597
133.97567300764416
127.4580154106913
126.08095754103591
123.46083344466366
126.90887869464254
127.87259419858636
129.74639826387576
129.4330598992269
124.67033391626023
135.17056931271273
127.27713977211674
120.54672544750441
120.88778052143539
132.47475360625785
130.95361289202935
125.35522229183319
125.53545111675436
121.2930783527652
126.63431914548713
123.97320532557886
119.39683070235606
131.85110863835195
126.72180235102394
130.38716181152492
127.29297353957918
128.4922698891635
125.54742865260852
134.46300092541648
136.57663483870047
130.57880709971195
124.58387221328074
123.12066958996735
123.5093967025178
129.63784227107374
131.5726499261747
123.21232645493161
128.71385974135634
124.27674986072876
127.00633086341455
124.11455204733194
130.2759477950521
122.11403491933689
123.05215427466722
129.66075228026597
129.86979396949792
124.17503449121968
127.05838781732987
119.15534641307013
130.43515580019601
125.07322738885281
121.43390424056635
126.83119120344658
127.07243035388395
123.12379555917467
123.87704734387519
129.91823719714802
130.16395291974052
126.54748100542211
129.25017112661382
132.76039815537698
119.62936580313011
126.11432396520583
133.6583074525511
131.88289397839122
133.76498140578718
132.47233645307557
122.04340257381443
130.52845963762994
128.1872165085539
124.79442289748438
125.55829305029769
125.8929210368956
131.84481559696675
123.97110993276812
134.14588386515135
123.69865334688953
124.95507236943355
123.79834691664948
127.0064982837205
131.93641164497282
127.53469134838518
123.88287283335715
127.37680771740652
131.64933278318392
124.84768825905647
122.75193343851227
131.7718401115999
129.60059840047873
127.46290218273536
131.49345208203084
127.6338550878002
126.10125224802277
134.87452285924982
133.8625935468634
131.85333290450188
125.85901414705003
127.508931878289
124.8388723696965
128.43383066493166
122.05719866316673
124.88051883334813
122.5604217181985
134.69859935508038
123.96246919663501
129.11434599547874
124.74696614077159
126.5679285400128
127.0472501771104
130.5405741787532
130.5792333245499
123.56478432804965
125.91443046021699
131.2805407081497
128.04567751413614
120.26802137660526
130.25610737529692
123.34946016758472
124.70702047897073
127.03720115076214
126.55356024935863
126.54312004608526
124.64943659797703
127.1838020357488
127.9100905993644
127.81419224044134
129.25226885721236
135.05067953406794
127.4958940492521
131.18986899748242
129.55849976609917
127.17723544978199
125.64537660120537
121.66403738467545
126.14206969869183
131.37989707922566
128.79836694965988
124.17395315925063
125.64308053551154
124.51005564929679
126.26702410180489
123.58040003810143
128.62115887060972
129.88234543208978
125.53816200642333
126.24985696299602
130.98968054854302
133.8288949316525
130.6564882154453
129.71781900773524
126.54480473758927
134.6578813115455
127.20887585365031
124.21561921668038
125.79031635762178
125.88432359652326
123.69745326112822
127.93266065054566
136.6469616873737
121.24256088624074
128.54086192278317
131.12791711202885
131.82568315162712
124.75745268691516
131.81016301104668
117.06382059056368
123.49674814615044
127.05980963202562
125.49833530052271
122.10154289773186
131.64451240844065
125.8152460969696
129.10744351967875
117.10896090579355
131.23486177763593
124.96435301183196
126.50355084508857
124.86480181007022
123.21325997568844
122.5720754478001
129.73091265998676
123.02220351827367
123.98684756289461
128.25586279379786
131.66725299213522
134.27959497374195
125.58890282094127
123.49597560100925
125.21165277338383
132.53216139343567
117.79434298377905
127.29816095842426
129.5224340598767
122.37225584494452
125.11212367568278
126.07735505705222
119.75459169152397
129.05056258013758
122.3445850219832
123.44369393894954
123.31577502800445
122.4627487282257
123.03269110264459
128.5245284876224
120.69547293750249
119.45422166359675
121.89325583876102
124.64710972253147
124.49585104627786
126.38687245681226
131.2086093170369
124.36013398925896
126.13116950445965
127.36123678426469
125.84200907301603
125.99657386892918
130.8605335638715
126.51257230155952
124.91240702450425
127.92097773928501
129.220845103641
123.49664481922719
130.86888532387078
125.2774036582298
127.59794690644259
113.24008138882084
133.01849509522646
133.4986849582914
128.17278442465613
126.99771241729457
123.76513342421069
128.25624143215222
123.28096506051799
119.46885162166232
131.4612900092002
129.8347328378768
119.95648509058566
124.25619583509206
129.2798149291158
127.51796342003205
126.9751191613906
125.90674110802419
129.70819302542068
124.14993026512441
128.3016981043497
126.8906642223616
120.90708004741364
130.87647485667148
120.69108495803403
135.9393337612105
131.97897062084155
127.44323037190105
118.7506446897783
129.06351036904724
125.33541171532559
122.90111734896307
121.74870801548792
123.22162780447671
120.3475348451145
122.11539556244438
124.21487464724781
128.27940396306184
132.96070758593254
125.50102491828211
123.42189756565682
127.91901770667454
134.3256816241065
126.80713163715632
124.76269275364557
129.84704068024016
126.87443265246877
122.95244496525777
127.02312184024576
133.01110476197397
130.8689298938753
118.94597399067399
125.05789591663894
131.66308826984124
124.8222414979576
134.4585688812952
125.78086763456265
127.59448299226423
133.08719625160026
144.67277372571974
126.36622212985513
131.00272277315318
131.74084890380738
132.08292656029025
119.61055045121559
129.58981840370973
129.13462725768326
133.12931044381037
114.93066870029229
128.73130768002335
126.49981258728099
130.76340058634977
129.1952789670854
128.05134016477015
133.85335937702908
121.4165678640215
127.87195794189532
126.03087047013219
126.63115239716097
124.23169049226217
123.94677285751735
131.41848610766638
118.78051516783539
122.3065083956851
126.40497652030976
120.99489249439792
125.00892254427305
126.41176278213584
125.6957818476837
131.59231810677932
123.65254824369802
133.0470487245854
127.60653128524704
125.93275156332528
122.67001048948461
132.12159788155418
126.15125052424742
127.61157305757493
126.84439640764646
121.84141264228255
122.99798258912672
132.73450438389835
128.89196786757344
125.60182070275884
124.63693901598032
130.45533292692843
127.81973173168558
129.79767067130788
129.13466929970897
128.12021605272122
120.35037644665266
127.1425621345798
127.72015147523165
126.84400744342979
123.34506165620726
128.66718814880713
128.4126153552649
130.94679604375077
123.7185763718001
128.9407944391571
124.0544654505216
128.08794718910886
127.7114244107613
127.44472199099442
130.50189736752645
132.60606851705623
125.27314636790355
132.4555466041117
124.71963917974799
131.1252954221868
123.65072522554328
124.08707514049026
126.62400457284402
124.28206807099406
127.3155940611094
131.55875264413655
121.57860134872855
128.22270937725582
130.53816744254715
124.44416476189146
131.68300834933245
123.90530140734207
131.12678024433453
123.4902757326377
124.11186187368293
128.74762147798936
126.75853487534619
130.80924921251994
121.45190197908553
128.79268400928814
126.26809204045782
127.97526371973026
123.99571530108487
127.58089324570967
121.52005788961968
131.19219991420542
123.3293411837638
126.940406327692
122.42786224544821
127.80223057902039
129.77429022302982
125.01034641110947
126.22326127542424
123.04497381776999
134.13906640431566
130.14656124579696
132.07814106211381
126.31229870532815
130.74796654368365
129.6190467159207
126.14054677672497
130.26136832878623
132.63472442014483
124.42061186451988
123.27921302694799
120.57639065290225
126.06575398247783
127.52188418874593
124.76803130592519
124.83588938328262
130.01532362614634
129.92482623465713
131.27374516247386
126.40031043709226
130.4367159595265
125.04517673622314
124.85180346004427
119.83526987874973
131.03969550596906
117.7535503557718
127.60469112629102
119.68169964403508
131.4656255519024
120.57388245102503
127.5568237379429
129.4079436574431
123.09632171823225
119.98770011080312
131.45126112895517
123.8772827086522
123.5264939527235
127.23996472724646
123.88851550215912
134.8362051807602
131.1855165610792
125.58241844012039
130.8489729081691
130.79840569096243
126.94876990851846
118.11207050038904
118.98983505379059
130.05736885076996
128.83742473001163
125.58966886542181
134.43722139916866
129.6701418292174
123.68028984212202
125.20918539442893
128.18434968297157
135.3187131277468
122.34187073976624
133.372062768484
131.54691764198412
133.97239120086763
121.27426644046223
129.84129265820027
130.49176393634792
131.07992050972848
127.47881141056551
124.27611710154845
124.20151797965575
136.47718262823523
122.1542508294781
119.62857732576703
127.13629026012964
131.19539843434814
119.20064535043954
129.0708977698314
131.94370177641719
124.68016374541942
126.7213997245698
127.48237997894167
130.69295605731037
130.03318012293528
124.38094100947424
127.96799976021909
129.66349267049452
121.55706035817285
125.50590499610345
128.29040176295945
120.69393274790123
125.95767029900938
126.0483658542726
130.16897596531953
118.22289133132568
122.72745955609372
128.6356423837116
130.75982620701276
127.93203185467043
127.63647197720395
123.49235944110586
122.90371494089125
122.04783455691305
130.1752808209679
124.97455203582132
116.70247109320147
119.2174272232233
126.09526086230031
128.56295358729298
124.89125821984501
128.45656152961888
127.47618455901207
131.18766409821671
118.91111880566584
128.01065670528828
125.05474804850463
124.77411160518638
126.82982527679133
127.74970047186014
130.90973118774968
123.43622419993719
118.11453368898972
126.12798292861925
124.24266388995194
126.6984646588929
120.26961530627733
131.57701012652103
123.06601404068498
124.40486109064089
128.13167941243123
134.81376295662216
122.08836006695672
128.7547124093084
125.99496548046159
117.6470614029216
124.47572366088978
121.49595890470397
126.85268548271458
124.71797946404189
123.67260163068102
131.0125538560486
124.02696181381587
123.14943427225441
122.51333865895316
134.0538566541664
131.1927760218863
128.30471239163055
123.85111619897792
127.67691081729517
125.62230550086026
121.32862965585537
126.49869991256084
130.43213536289733
133.17173114167207
126.72369776698024
124.20659535310332
125.54764337499844
127.40906084885698
131.43564671516685
127.5028305361331
124.12388903629886
132.29671804083569
125.5880912319846
132.00607409042138
124.43959867294842
126.61907651583763
128.80694879032936
123.77413819736185
131.10817000885598
122.6572726595074
122.03762574186301
126.59554092093155
127.55380267470898
126.2273683047953
125.80912241851777
125.27866987495719
121.00153659525684
120.66216498975336
124.78291267055086
127.00746477897648
125.37367284812039
128.6530605757731
120.97720100884678
129.80993415709423
130.65528430037062
121.68846508206391
127.06387051453326
127.58971105069243
126.22360319034532
127.38944058902149
128.15959875566512
126.72320907640253
131.2504408161997
128.6883446896781
125.56334329946395
127.09659202575135
122.34956048646475
131.3566153108118
119.99452647739159
130.21904579915292
129.71891679480757
124.24705150376437
124.08103994981555
124.6464785969701
125.31829628796467
123.3801315269529
130.48234201373307
124.70550604579418
127.7611588147924
126.09818445570386
122.59487152363128
124.06922818031896
132.95430206728648
124.03110777988898
126.0620180155643
126.08459268185094
122.42779424771926
126.93097469970634
130.5385545686693
134.76461410720268
125.32392466857985
121.4591934332523
129.4503559988329
123.9392463102401
121.77198393850122
127.77773648123275
130.99504868908124
132.20373941778368
122.24926481669854
121.26807809658352
124.396797848669
120.93613508706261
126.59319681805128
126.03125291109455
120.72927925699294
125.61516775030596
124.80619209039503
131.6525713201977
125.6558883608528
124.53374780257967
124.59597543397186
130.8175199577549
131.2068790118589
128.34857555666113
121.0598443199362
122.66719609901995
129.54611656873186
122.03309839069557
125.73813426674576
125.04894579896494
124.83904948601906
130.8075369075267
127.56350515556335
124.87034101505216
122.0993950196411
121.32611341844303
122.68698284385559
132.44783591037714
129.33974624785543
134.82248907243346
121.51569116542305
133.9802050898233
126.73885718148675
128.11265594699603
120.04194699973232
128.846417223445
125.88802047102162
132.87054010386055
122.60192395075507
128.5929711544194
133.33928240019077
127.72220923054262
125.30389800710414
128.96906874749118
128.53281104255467
127.98042861493911
130.75334867783496
121.20944990606485
126.85194618901599
122.8629576336404
132.40748104384778
126.70711784323598
139.6950465780389
125.26710696811018
128.15022206018634
125.90904324765813
120.39719186957757
121.08602652737159
117.67389820014628
126.30224562477677
128.6319487522897
125.52143402230612
124.4113803346736
125.62143892194183
127.7473683559916
126.34933380084108
127.1551251100759
123.99111191972978
127.96348837373083
118.74751936247799
126.93105610285468
126.4150145970759
124.05849431383245
125.62460135326104
124.38206545367109
130.01275962834038
122.96449319071452
131.72028890149474
130.09150553311088
131.05752739745628
133.90132925669468
128.52918153449573
135.93096603161794
123.96382388070403
127.07130360533912
127.09504111242943
121.44839997541452
127.06143878408892
123.1759189893804
130.36863096037294
130.66259431154316
123.6033008880056
126.85230060635124
131.70874449451716
125.57712687100482
125.01599046503159
138.2086182729723
127.08190628084364
123.60297710977676
122.23971172895098
127.64414055104142
129.51123877626918
125.20072002246683
122.42683348992453
130.3814455754858
124.21550163326346
123.88269619074416
125.12129916962124
122.69881698914266
121.38032656547664
123.06052823633672
131.50512943458267
125.32437997284644
126.95064364799997
128.65339959092813
130.33218399056761
117.89569472789547
130.7942215490369
124.07996246850186
119.97462257515232
123.00630350278877
126.4900563200388
132.10476645270734
122.39647104218034
131.86574880331625
128.2110635412671
123.11591546410287
123.23933799912783
131.91273638903556
129.72997123591242
125.91100683249667
123.2369211169238
128.45127052687087
120.56313898351122
125.09364263442865
124.81276213637307
132.87699453664044
127.71991136505184
127.70957373148576
123.87227625620405
126.31248869832805
122.58195647361859
126.19927454646505
127.70804711232823
123.75586480759911
125.54987047178662
132.04545877176446
132.14725494531731
129.05248725822295
127.58229625749826
130.51483386375205
128.2926015505162
125.27265298889147
129.70444064014885
134.8470005632923
126.31855115212505
131.3782008532404
125.7715843021937
124.32880875794524
127.6574776365134
130.9011206276988
124.9505279478799
120.45565890452625
127.60212212652266
116.85003584392223
130.20032625507775
122.29195254053866
119.47785348731044
126.34915047514804
129.34071721575225
126.14664471898053
121.51908957465098
123.9696274079862
133.05854652161136
125.53518219174933
130.27483100880121
123.74887343836393
127.52191742493456
129.57920025836955
133.03256543811145
126.71469783142682
125.12980746403512
123.99144689981419
124.73423269205536
117.00633196721458
126.63056634693841
127.56861357972113
130.04918374763855
121.34609337711218
118.92794905774305
124.1383788242648
131.2944872774335
124.82091304660851
123.79136774898653
118.75970270878665
131.53843741088681
121.1274213312672
128.08819909324103
119.26306993141638
126.10222201216249
123.91450017071305
130.5281311882627
127.65453643122561
128.70876644236293
122.50514330785724
127.60228145475233
130.29002880927317
131.7185271022198
126.23494006156065
122.15330769063884
123.32699432332686
125.51422238794078
125.74953614999393
124.17755482519802
124.04529253693967
123.62153536584519
126.42895705330606
132.2478594462001
124.56252166055017
121.13217116557657
130.65858463755978
120.1193603951871
124.55948728452668
128.00512012292413
133.27502796375444
136.7231930118739
123.2556147269321
124.97093126340143
123.68680126615402
130.79557398166082
124.86934383172151
125.03547389452343
131.14828424473257
128.80879863942647
123.25415195461696
126.2829109757479
124.25637010997988
125.8438937944194
118.65714741194621
128.39456656478734
124.90093602493378
123.87022021459315
130.2680295717364
126.11812582147314
133.45879403525555
124.91588170946709
127.9797058384126
