120035964.4180004
118811568.02428022
113798222.72102313
107808743.12364496
100899880.82808119
93765813.07858449
86988812.05636922
80250364.67638618
73860240.54780431
67943099.03046566
62247188.3112591
56812721.537008435
51762420.74002864
47157526.92862251
43060145.89614924
39334373.13568682
36019191.67474749
32992622.277919408
30172785.68195501
27549957.888394333
25237849.248465795
22836740.983759463
20578614.47580532
18690760.60520325
16793259.06108588
14915899.20150874
13195001.80833096
11664885.13545914
10301211.397685912
9037088.699905224
7937273.659285792
6969234.619588915
6071899.412422932
5199157.010480382
4430547.634530274
3786030.7341487342
3224055.419728181
2749513.995871694
2342686.4899499966
1981670.2824775921
1665747.9527239988
1384745.751001808
1157521.2918414136
956711.1236178521
775080.8520811333
617639.8375356839
498599.0668057876
403714.6672994634
322096.9816421104
248915.8734099587
194327.7085911442
148700.3599074928
112023.10300554371
83964.17291657666
63154.57355584042
47271.75978243405
34821.55825656103
25270.532745556193
18317.19819344836
13929.854211218495
11101.444177014739
8812.177223794939
7171.493710696767
5608.318018607253
4472.440367500499
3516.378169308695
2895.16565339257
2335.833755284607
1953.6558755547417
1643.814630263438
1401.021514326136
1184.539565078574
994.1525015760908
933.4871054734766
830.7856562529533
754.7654002197293
680.9658555382526
642.6570816204141
582.8718265218647
557.7851568778091
528.9317669791691
500.65214117564057
477.0834859593341
459.9932572801671
437.52374764166416
427.5631118830617
403.24838536483594
393.2698609270885
370.9215750139915
372.8470931120874
354.48732225696443
363.39799136060685
331.419819890895
348.4421191619972
318.3302231070142
339.8757951566613
312.13040698238916
334.8969366799415
302.04195368179995
332.5225937365187
300.5253058131021
315.0495531422733
295.45035643027626
321.8021276835537
292.8175909735233
317.22665412165964
289.5954490333447
327.1759297747581
286.1002335044119
325.75202221512546
276.8210053076194
331.538062734499
273.69463512636594
338.69970029169656
275.995803967155
331.67662359497064
274.83082680798503
342.60373551267855
271.2584620099707
325.013657556076
266.83501667290767
337.75910799489776
263.69320736637775
337.8319548154901
257.9166685295409
345.817375504405
256.78295148521966
330.58856236360197
252.80954272706236
333.0964010971156
250.680814488213
337.4646545726396
246.95504601661744
342.2883111245281
246.10026585451274
334.3041817434829
245.63023949599764
322.6239329079079
244.55633371440905
318.1817520233193
243.68414752860392
309.5330047501419
237.67844296132006
322.2014879345494
237.90340277687793
330.43678406503784
239.4927084542822
327.4986500492346
242.18432291926646
325.4710363382337
240.33097949833646
321.650378291467
238.88056409999248
310.1372183707585
237.00092253006244
325.28815882817173
231.76631593432168
310.12145378762295
234.00625913862063
305.1610214603508
235.02933520434857
302.1976537809016
233.29858984353044
300.77178465822584
234.1846437139351
311.5113892942359
233.25526216848982
317.6037159773095
228.90259900117167
318.74726448978015
230.05772635791152
322.33712437528243
231.6972097781643
299.85735328432384
233.03186917309344
320.1491305363785
230.81051979917962
313.51409928937034
229.2739907311226
316.947970584613
225.1628327298779
311.09171973343797
225.78629361323547
315.40851144934726
229.9569369375508
310.62368670582646
221.19444591892386
314.6139425287106
231.4742775981811
326.5120603283581
226.9387768073449
322.396961745394
223.79836109359684
302.2632505676201
222.60168834295203
317.8458945927197
227.2757985107728
309.68183379321516
226.56923602744675
314.3533820731357
227.89808702027977
309.5215820132728
222.0938177411468
308.9151119708178
224.20799725987283
297.57112570233477
225.4069193695311
302.3473656000672
222.76535459730667
318.18877277552036
220.27121220897112
309.1545114381501
217.74233122183992
303.3784368726038
222.16330744212502
306.1843697219212
220.8405033541438
308.7332457270265
221.22538259145455
307.50963135117945
220.65203124267632
313.508163884611
219.44852375029328
306.77298335265175
218.19761325280115
313.135324258703
219.20178902476843
308.69468539224823
223.3800111335768
330.76348446486764
219.65941720937815
323.44556243915235
221.0361993355873
316.19001038828765
217.20847512629337
312.78297628246094
220.49533281620677
304.50188824498855
222.1871968214102
308.5637579840617
223.62744291925762
316.2150647497725
219.38492149694898
308.07615296357176
222.57790478705527
315.612391745755
218.5526096468298
304.9641165712856
216.70848008680946
322.44758132407475
212.879617611857
309.27660170264494
213.9320680063959
309.35607988982497
214.3003295282607
302.2013581687448
215.3904535083268
291.4338279237923
212.16599899734598
292.7184229853066
208.7975765220941
297.6240635789665
211.7839517090939
283.81313182268366
213.54285969048877
293.6186820957743
215.1078157113693
289.35187413516246
215.42297065636993
308.05596834316304
209.8081893787256
301.73848169789665
213.2586621350687
309.80087309567284
212.82718700119437
301.7636163715654
212.02759537681646
291.078986272412
216.14185169281632
294.0084230995914
213.35187525073655
301.86617991865666
212.78763534469175
289.59583910675724
213.0202580231991
305.5245384656124
214.43155049544188
295.75477908283796
215.25688084695253
308.6800890728621
210.31826215181923
302.38194328676605
211.03670720994634
316.51174544935554
210.25656664418915
299.11253748492527
208.27546242665858
290.26549500174167
210.80775745321316
290.0849409923742
211.38171384067965
292.9670757053945
208.93092681047787
282.5324630817611
211.8388554639574
298.7391365150457
206.90643649901898
290.08681071964446
209.90122622269493
293.2062439085308
206.6782902884844
291.82927188498
210.83224611041175
306.54970703959174
209.92094096277876
294.000099120922
206.74424024226641
289.4960123699417
210.0257108761573
290.1268228676906
209.51609593034888
286.64331985645015
210.59163756692848
291.73553097333775
212.20776040175815
302.56294719765424
203.26157657119097
297.03565109396294
207.5000692630436
298.67768781603354
205.04993047161136
287.18350187263604
208.7877935884243
304.0537989749219
204.2486648695472
290.428010683812
205.652923512639
289.0502927380019
202.41565341679853
289.4758968781613
206.42113616881608
277.0434862973346
205.72806182172192
286.9583640951893
211.64775944385994
280.34785645311536
201.80222041027022
278.66097448040665
205.08441444464697
283.8880630238371
202.80956637935986
285.47632839981765
208.74662823852944
298.07306811627194
206.73217882108779
291.2683525354856
207.13006296728577
287.5267977976196
202.53278110297487
288.81309161616235
206.19937405145438
278.19350543548506
205.68169496522748
289.76181209472463
212.22363339167242
288.349947509854
203.20977480595232
284.5215079637392
206.14056103534614
290.0743063297346
202.22069634838869
290.0433709029564
207.20181864518764
303.2740310875593
204.7419629215559
298.9051185720823
207.6816468513225
296.4461717918762
205.16256956902495
294.2943154621804
207.45857622739047
279.85303173437353
207.37971959025464
286.60130687194686
210.12298110864614
287.3652316064843
205.96464403872343
281.18727389990835
208.19812940175842
292.20367225624125
201.86416646623715
289.3133721067823
207.0250919600791
300.3909896896906
203.3590878288343
297.8224362223542
207.65525625940882
299.2878918011811
205.6526033467073
294.0694743892305
206.52076631212327
280.5816118758629
206.6958571385462
288.5222125585587
212.048133436826
286.75699095129704
205.6238481029915
282.2712121129953
210.58536497917066
291.0661575918572
202.20627159358637
285.73582953201935
209.35297535205723
294.713846721004
204.5436983626053
291.1085363712545
209.76859343456982
305.05307364474993
207.04406038122693
293.16837332981726
206.0359041330253
285.0083096665695
205.63918605094867
289.73771950280803
208.76499834871655
284.85264660466373
203.99150375857042
289.49059463280133
209.58023861778776
290.14736175966294
198.5150392352948
284.2533175297332
204.71941283098928
292.10216262229255
201.71459953499237
286.3710867863991
206.8752958767231
305.07544883529795
204.7870425703469
292.9899772783883
203.27103687817802
283.25792477058604
201.41342051902112
284.65507098802595
208.51201536570863
278.6376685337907
203.80225508863418
283.59821038913896
211.90075007062518
287.20454935500373
200.60776905437731
281.9389704094294
203.18507624484235
289.4384785196948
202.0413509676084
286.92806266230883
205.37531920905383
306.4597207858771
205.4033492348744
293.82257751935964
204.70667290437325
289.07881767515823
200.90750927007923
285.84806424460095
207.31457001735595
276.33950257050685
204.68761631327024
287.08053391912296
210.21199041350795
286.5073565152087
201.4292594186091
282.06964656032204
202.8315830020529
289.5901503858609
201.13419594760302
286.90846137142455
205.75639200491065
304.40099088035373
203.49384578470716
296.04884451208324
206.4894079960943
294.39793893336883
201.6591182141184
291.4492119036004
206.18091867569652
277.89525938471803
205.47830198709198
289.48642827537685
211.61796396411603
286.9518871415413
205.19546568928973
281.5175847411263
205.95952476859875
291.4912175524327
200.80539030063161
286.2366653953859
206.9039008307877
302.7354319178491
204.0101706550902
294.36810778989155
207.50323260046386
300.98156815296943
202.62396478671653
294.40449835835847
205.94169450407858
280.9885394283667
204.61775343122622
291.2834094134857
210.9027279126624
286.29433244972677
203.37233585706875
282.475339894347
206.55906629343576
292.3659900475722
199.13369058823397
286.160836816027
206.85106587628766
298.00631150562214
202.1292911813076
291.7008894556095
207.39813918114592
305.6328985228787
203.9156538516245
293.59827526875847
205.3282818510648
282.8912538859962
204.1827087482456
289.82998079028766
210.17578831357758
284.95709685642754
204.2073155513893
285.4492498034812
210.69900883389593
290.95128284184403
199.57638493523973
285.6387302790722
206.4469811560532
295.0507479051925
201.48654838286149
288.80036682418296
207.54508830092405
308.3233148178086
205.38410902993508
296.16974558803435
205.34025881711167
286.50115585903575
203.15449583723907
289.0087449211884
210.2632551673654
282.7370790212366
203.51264652405393
286.86033015408356
211.40052463463334
289.1208686235193
201.72267313500018
284.33002034813586
205.9659393105465
292.0451165073272
200.92053399266686
287.3382998589794
206.0175068786222
308.92630659171755
204.9769587544302
295.2571681864609
206.44791857875995
287.6700100062302
201.94936195490513
289.23570091892384
208.55036748796496
279.8742099553647
204.84622533610616
290.62074130940465
209.31052040015322
288.2131710070498
203.26142870662733
282.72365646798806
205.4943960725465
291.38393420507305
201.03233890980337
287.356133846517
205.067229380904
306.99375960968786
202.9942770311897
296.5151470163945
207.83829534646785
291.6229435252067
201.33238121764072
290.49383392433475
208.4298557229088
277.8865335011197
205.43064372492324
289.6827875526925
210.13008720575834
285.7229956181328
205.54339431422946
282.32131855714687
205.4679048873494
291.68453415321346
201.34189248915112
286.6206663246174
205.27551983189434
303.93058127770655
201.8875856393456
295.0161302391777
207.57509578247476
297.89518744213774
202.50596849117642
294.09631545440413
206.151173195575
278.74228809520065
204.75988983529152
291.61992495329565
209.17315843368402
285.8873615512355
203.30177285398128
282.0474783295442
206.33007375045136
293.00176944311994
198.92244780905
285.70443813860425
205.61159409130659
299.165557750446
199.4810862017445
293.2923448718989
208.41654679507204
304.0028775122935
203.18808292865873
293.81192580480644
204.99259927188334
279.78524978741325
203.4253288587406
289.1312837183443
208.0537236922786
285.427049517161
203.26432000836164
284.8770071584398
208.08960682335163
291.0121782461045
198.49224276296118
285.5486822539425
205.4400800307037
296.07463376954576
198.4795757474941
289.3486363666157
205.81471064006664
306.9988306415405
203.39801616059856
296.0189296595388
204.3524580104929
282.68571400642617
203.16539743551934
288.67162027364566
208.09495938191918
284.07503374249046
202.35873960335533
286.22927883888207
210.49921972926668
289.6085383868206
200.243619858847
284.5844413878647
205.5436930093726
292.3359484761157
199.44727475242553
287.84949168827785
205.0772623009564
308.9709219795753
204.39097200687056
295.6900679436634
204.9967940828846
286.1673238149412
201.78487803959774
289.03715835252075
208.01802138280243
280.5991826377783
203.47091513451386
289.7270830736971
208.7362620660124
289.32527238379004
201.17311949894125
282.75640321281736
205.12625308454884
291.39343822642445
200.30223024608492
287.55790721880044
204.3429407624029
307.64834923540934
202.66387667983162
296.9126185739405
206.59761434822713
289.72850575542236
200.33794120249132
289.77416934219946
208.48616836529064
277.89265946566644
204.15452804195658
289.84639663458773
209.2466963967298
285.95832227261457
204.232572567163
282.88466099478387
204.95874524896286
291.19063174794894
200.71781449665247
287.12199230087117
204.93914860866013
305.27331933162736
201.23810778368843
295.75588297534597
207.19471151435113
295.3767684837154
201.20960081488423
293.81331050916066
206.027562987732
277.9557185828984
204.37921615706804
291.439064661712
208.4278399808259
285.8147472587779
203.15497965504946
281.75524863379144
205.18690608244316
292.98627033344354
198.80796711305294
285.84087848895405
205.06822141691362
300.5311896105907
199.4896282311263
294.5984558571949
207.47127290629246
301.911495548448
202.471243718625
294.1275204041517
204.77196346510124
278.56125511399676
203.42881215827214
289.6921063218064
208.24631820315034
285.56441462916905
203.5033350834661
283.7891308319267
207.50098033456888
291.2537169529097
197.81132209830756
285.53733259264357
204.95855371589613
297.26153682872814
198.58083513831554
290.62375614277784
206.18099417034222
305.483234826824
202.9657750605267
295.9906416033272
203.81338473666398
281.61364092157993
203.52966488891965
289.33382519838597
207.87438921251106
284.8807690984702
202.50896868393895
285.62670703619074
209.53695563863508
290.09771486431885
198.9022729407834
284.9668230608301
205.52188357222872
293.53414915264835
199.01833553769984
288.65991732668886
205.92328006349948
309.32471928266517
203.85330497109075
295.5160237886962
204.0695886196419
284.4231202383207
203.01253772424144
288.5051748161103
208.05631713680071
281.55947046628154
203.61556592911793
288.63092407194745
208.84862764780007
290.0359432217933
200.14077351867238
282.6323579923958
205.58982500363925
291.95939339153875
199.63706599558301
287.69261272809916
205.38293556483634
308.49142105885824
203.1474808473258
296.88914494653017
205.93124022702685
288.43045716762555
200.9245350592295
289.18051249053707
208.1162898357838
278.497676204526
204.65709003351506
289.7087757800699
209.4748501872943
286.5306277254065
203.857984323268
282.79490007554716
205.64098440281316
290.92395495606
199.8843375667002
287.25556101960103
204.51050619362118
305.95996506605866
201.6540130442851
296.0173633940854
205.99972689787913
293.08498137272767
200.92226194888295
292.25337530981545
205.91546243909113
277.5341860034727
204.35456673367617
291.35550893836785
208.27495216023846
286.2736426292583
202.9128373502587
282.11739310719304
205.11269070124936
292.76066111103904
199.27156842201694
286.1285341719961
204.70052059941062
302.25170260812246
199.46639515856182
295.8704198393185
207.11409518672698
299.59870325050383
202.24451495339002
293.74658257487715
205.7160214050959
277.334968165525
203.5556041756899
289.9340412821585
208.43637866034982
286.02896853362813
203.64164262083494
283.17547007397
206.8367536134412
291.68799840818485
198.0373621266878
285.68674629869764
204.46813448131493
298.6803693364127
198.6608176398944
292.00687197125836
206.49808931270962
304.48592114224766
202.2251922421936
295.4280623239835
204.28212555068924
280.41495772642844
203.63681782046544
289.66343336165005
207.83304914934985
285.3659652395787
202.3479097395563
284.96142048643674
208.7600697360629
290.84740208832505
198.445720804145
284.91836287674363
205.51377475521016
294.5820318346878
199.11993273143912
289.86640147104623
206.05626745950468
309.45687945628043
203.9978905211328
295.32758776833487
203.9374176802618
283.09180168660725
203.6446522559944
288.23220863985347
208.52514991889365
282.87389358404755
203.370112851313
287.72914138062583
209.20820195348716
290.8368930779338
199.45297578737797
282.9678821927095
205.34979995629595
292.6610944264446
199.56708213293143
288.3377099076723
205.0762237079684
309.5484449137462
203.7831572190734
297.1292898462262
205.2472858105442
286.8988321354355
201.64271269820514
288.40275174713423
208.37658709050902
279.4570274529454
204.34558581553392
289.5399192225819
209.7926499145206
287.6349730210242
202.6043594033862
282.8510218683053
206.14809333211562
291.01510119748895
199.63912346070848
287.56150096144677
204.66105905920446
307.0637630928785
202.70228283472866
296.67639925291604
205.70796092110464
291.23068846711004
200.83549635499048
291.08765040772244
206.4563843807205
277.7971216883042
204.4826970201595
291.33474933276915
208.3006746331204
287.09927139274686
203.02847265661356
282.20221317616216
205.15015639772358
291.9756203431636
199.6121074186959
286.52421725973556
204.605696909431
303.83191684909406
200.00331069638068
296.7143310744788
207.02354077197856
297.2725018712551
202.00600316977756
292.9546578888485
206.012570434748
276.74094262545856
203.85474196116377
289.7726283377475
209.04114040712858
285.97432737823266
204.19066683262443
282.5044048689783
206.5202801329308
291.8593429488905
198.48042594099604
285.30227179232435
204.24047506695536
299.8633401346005
199.30248863232075
293.4719204805551
206.2948770953118
303.4911337679451
202.25299303822567
295.21391217668315
204.65572429541123
279.5737543683696
203.49143503790484
290.4341493039365
207.94555678009
285.9738619469521
202.37933535580885
284.1420271946242
207.81581883294828
291.5946639396373
198.1049558345675
284.6101644683497
205.20865899613432
295.99294536654145
198.99211922399377
291.05511721136253
205.89387635332943
309.2227112888851
203.4999440782733
295.10707390754555
203.71972765915484
282.6184300011478
203.45472104494235
289.0661569470672
208.65491484512273
284.40611619405536
202.87219351446976
287.47542753196103
208.83085404657916
291.46587301132496
198.83392053325468
284.0770671322055
205.0931157653647
292.9655951426792
199.08234790139883
289.7463488412451
204.46414945432466
310.97341456474027
203.59857337251174
297.6237990525792
204.37653091743306
286.2697925038627
202.137573490551
289.3641058201936
208.64677340614853
281.3769391410799
203.54123453520515
289.165562140499
209.47590185662096
289.12374946858216
201.28575683067996
283.56642062025924
206.2325625336313
290.98120633055674
199.36564307607122
288.6779100698381
205.00513330014883
308.621167169348
203.26286255269983
297.1543565030558
205.11825292550617
290.34312612534177
200.80468199390782
290.4768516428659
206.8550740175249
278.8085181438975
204.46988673329938
291.7870975817622
207.80383020708265
288.2612738113089
202.48294187221805
283.01949498396345
205.4002921216044
291.9368843282196
199.11554849768623
287.7939561816515
204.63576311482925
306.031318213532
200.32908583524164
297.86295395332115
206.50065246386808
295.9182717255163
201.2748161220325
292.03489150323986
206.37668917563732
277.178297303181
204.0539932387885
290.23988818489914
209.1509509927539
286.4160853798091
204.47717980270232
282.91498947567453
206.39360523626806
292.4402551476022
199.1537675794124
285.9686733754991
204.35418112402277
301.6824009617009
199.72862755408877
295.086397549491
206.22146798434193
302.8845812138424
202.15871223985928
295.1827745530948
204.54426424773797
279.33373102928834
203.39482850414862
291.95432529633433
208.13265516663924
286.7217742073593
202.79129652799995
284.1683852408098
207.31268745442077
292.45005122657574
197.93911464171103
285.08722150984056
205.16721271544853
297.109419096484
199.0552537705278
292.9210509702467
206.33861550630803
307.88563497685453
203.1258281562788
294.93715119163744
204.07256254219206
281.5127557866483
203.10841291629995
289.7048326606462
208.67577449785645
285.59952700075854
203.17410406157666
286.69926677460523
208.8363593496989
291.64726880887014
198.63965822410077
284.42230929763105
204.92534791127056
293.29419583521604
198.9052733324044
290.7391056102218
204.37597752859352
310.13349311195975
203.78581873660016
297.4981220614759
203.98292544982738
285.2507254421125
202.85147625565375
289.31763716959847
208.53270138494804
283.1355795648023
202.9330918846591
288.11586152536574
209.33663907516973
290.07198679115817
200.4866624682791
283.43527301533965
205.66501936236648
290.5568832479464
199.1273330314823
288.94665890210473
205.44048036681153
309.3215430907302
203.5472897904598
296.8212035186859
204.6813875378588
289.0543268535552
201.25860742035033
289.7476708728053
207.50391906159484
279.6059490955731
204.34527685843946
291.3568623997642
207.96361943385864
289.2869506357521
202.10243589522554
282.6710910558461
205.73710840442348
291.6212546110893
199.06048473748632
288.45449424878143
204.51024134547285
307.1433760781796
200.9708119902003
297.86658543420816
205.69943012292015
293.85517035688633
200.6595291847268
290.86793604917654
206.51503753510224
277.5815248010968
204.3634918691528
290.1869275669323
209.0261799926901
286.9159668438045
204.46882035605654
282.7025944041233
206.09054259423021
292.4439177092855
199.4678741858029
286.28694109460776
204.27219672590968
303.4007187891619
200.20955341174644
295.80863143769506
206.01284439550562
300.4779841199078
201.71253994316822
294.5385612473507
204.2720626852281
278.5306754156828
203.5949255067775
291.9723573895513
208.34213913093248
286.74604464334885
203.00095900922165
283.7189883101606
206.37481620308003
293.04328047578355
197.70264760322902
285.0010120454409
204.55782328945727
298.38458729699846
198.80128359648336
294.6594025252929
206.70034974485083
306.4047172654968
202.7148001640374
294.7716267039301
204.15955300898247
280.43246159400866
202.96958062748402
289.854331074275
208.36083399232663
286.55429964314686
203.41782932047042
285.9664729454725
208.67989599108725
291.59383095241054
198.0312615521453
284.7603759021051
204.7703540941274
294.0432442253339
198.645884190388
291.3986783457647
204.48419598272872
308.786215031425
203.26485305782214
297.12066791193854
203.4097790578246
284.1073061372361
203.3151695477973
289.49237135042966
208.43607799948657
284.9339839531962
202.50626667769515
287.44639599065295
209.41607508910744
290.81689769056715
199.42036057717743
283.3197994993709
205.28977789314982
290.7564136583597
198.7560807757637
289.6159088134031
205.52782254529754
309.9308404740871
204.1398136527872
296.5279499167416
203.94640446174063
288.12159629148914
201.95116654101076
289.1198848008608
207.75177150134027
281.0801582708023
204.0165425241582
290.5803863409529
208.18350722721732
290.4607501578076
201.22844203289338
282.2950659564757
205.9808489350201
291.1911186900291
198.99846789223997
288.9436325971591
204.63220342936447
307.9371347653378
201.54735449551376
298.1932441900263
205.53157728902244
291.86349361879275
200.80286781778477
290.2114791562745
207.25086585108266
278.4855797678156
204.50962995389344
290.3800558317495
208.68860707004873
287.3168117402895
204.67877786089073
282.79525061759693
206.32045184610118
292.32014769552643
199.89115907818302
286.9380986451404
204.43521274858523
304.6222169337899
200.35844795614062
296.23110866033466
205.7047293998148
297.9968075903224
201.80402945544296
293.73221197170795
205.2560611285376
278.2254443333851
204.33221317336506
291.74930374717974
208.31147839987756
286.7875370105911
203.0264126292624
283.4998599695742
206.2579143812417
293.15753568476356
198.5869089876798
285.05717464139576
204.90381235184873
299.9673328718914
198.63190773966096
295.33432919487905
206.621897708821
304.8642548516946
202.52944669847756
294.4615201669881
205.15808670435936
279.1955119994752
203.4649158182833
289.9244929899648
208.59860908424793
286.9127002475884
203.65846991445747
284.9777039047461
208.4868103531308
291.4612416447517
198.40366845691452
284.7351293356251
205.16223868179236
295.34540420399674
198.8970504127334
292.35100277518836
204.92435183341078
307.7203276915552
202.94373537100466
296.5793742973853
203.67085403892784
282.6110010986676
204.01488396608977
289.9164381164455
208.92789402172278
286.0912310621445
202.32268166679154
286.5920411456633
209.088671813422
290.90386848096125
199.17261831134704
283.753021782237
205.57877539188118
291.5078796970644
199.05364239334662
290.3027732777737
205.34700392147892
310.10750547876484
204.37936984749967
296.32568530603976
203.68137916530725
286.82827842421955
203.4559196983183
288.8145638332295
208.87431237614067
282.12006699830266
203.86169065191658
289.5956663138862
208.69638124725543
291.4606525203477
200.1225812947946
282.20072804558896
206.2122995607057
291.04263224258165
199.2450904729012
289.25542161993263
204.83640720804166
308.6339026864744
202.32666025123004
298.17475758350906
204.73718825308316
290.336079062814
201.398226889212
289.5702436871329
207.87233287114034
279.04335112246514
204.90876482493306
290.41698182797535
208.7272883867447
287.8454044403475
203.86998434627367
282.8804543215392
206.6283912633606
291.9957613786245
199.5539204291301
287.44821848009605
204.86107515759832
305.4789886127967
201.02105146049334
296.3159403248935
205.07714989533514
295.6951991639263
201.1039493935672
292.4991413561159
205.72416245160392
277.74188265774757
204.119260369927
291.57040413916485
207.87997120128801
287.35313401997905
203.27676228302147
282.6145888718454
205.9788259676623
293.4501016667014
199.04660878461274
285.51715198370175
204.3710724629041
301.8256261157884
198.84109539152163
296.0353311694759
206.71481240030474
303.0476343881532
202.13486547134278
293.95005008248995
205.25449660654644
278.17344361748644
203.1797722735986
290.100538753223
208.72279091066005
287.0840742103716
204.08894476872706
284.0638431476746
207.76401454309033
291.78569852022815
198.3730578714758
284.4190032026107
204.50397568796106
296.5521470269533
198.78279937106822
292.9599091788038
205.54770907900956
306.5924320479044
202.57847453433376
295.99125195783097
203.96355983617835
281.68975859626835
203.56839981237658
290.30782638373614
208.82357090949236
286.9145974048019
202.4187172941225
285.9221178002859
208.57166173177674
291.50140281649965
198.87455249631574
284.11693920534805
205.34424110773944
292.93531692238525
199.1565452135615
291.4166460891515
205.1429296204533
310.50259078681484
204.03764527775277
296.19505820857427
203.5137761882276
285.74925407497085
203.44326120152155
288.6644212602659
209.5686476973792
283.726581631725
203.52640153952524
288.70405279484487
208.9306608336773
292.2069771250676
199.48634285032605
282.16532102455
205.513925559223
290.996690174786
199.32460268685261
290.003567965032
204.63911358685073
309.7377078946571
202.74899084156465
297.7907874508527
204.1854031126997
289.22824149775363
201.5907730385566
289.0514718617067
208.60757995881056
280.1188253460047
204.30815970228826
290.08551131505953
208.73044117873343
288.79370154654765
202.66775953119415
282.634602516321
206.21522808931243
291.26036917684405
199.27774411599148
288.3784629068246
205.02934039480286
306.5780687991625
201.7594546290537
296.55200908012574
204.37115700662923
293.7873295910843
200.73143288805238
291.38494939654544
206.41167643993776
278.0184058915815
204.44644396261702
291.5932981702535
207.5635917908112
288.18255161883917
202.9391114012015
282.358828329807
205.64239065155598
293.25225711515606
199.21766020860755
286.3010273144375
204.3788773036748
303.3590996220351
199.2502582189573
297.13309499716047
206.32647831540407
300.5857330933615
201.44982824309824
293.4898805861904
205.78603527882493
277.53457537781566
203.53107601241052
290.2839028264774
209.1519490180656
287.0347456253566
204.47999711353353
283.39378961785155
207.09390487434854
292.1794694987957
198.95521301248337
284.3092062853206
204.37164544069682
297.94269718711354
199.0302857047772
293.9223489773286
206.10027768879092
305.6973148355212
202.29322092739855
295.53368746879084
204.03502790688202
280.9388605167594
203.45153188153006
290.8138047597347
208.7516367576595
287.69379900482005
202.72661653061044
285.23098056007143
208.1534744336582
292.09734642863015
198.42047881669438
283.67936872810657
205.06660727933559
294.192882924083
198.9718236053932
292.8199018431441
205.38282712633915
310.1787773474401
201.94037279446965
295.74260526361803
202.99167171041827
284.0590275967965
201.11255069548147
288.9799907354589
206.84501300776586
284.84183907524266
202.4601280581329
287.9908382160038
205.64879266638957
292.30669317865915
196.50939272956234
282.30353641485124
205.08339050114571
291.2183068694255
197.67113839182835
290.8797240997143
204.6252435566896
310.41790190335416
202.33191649043687
297.3636264201391
203.82001652499534
288.2369342439342
201.85508393432752
288.65204486257977
208.86171892260742
281.3866822931626
203.8496851320719
289.6714101916318
208.90985320831246
289.78127683204195
201.46955588844654
282.1091290573463
206.29133405691897
290.3959631264226
198.92448347644068
289.320321217924
205.22873398887273
307.02785211394416
202.07869491767184
295.8862209545619
203.84300784989372
292.11517062048273
200.32828450835683
290.3370112748433
206.9195698298844
278.53457884542723
204.3778860520123
289.1808244218273
206.5696742090505
288.9646434586124
202.14171427000315
282.0679572981225
205.5129605734304
292.0245326149965
198.9135424950862
287.24088988392
204.55615591497425
303.63628658704005
199.55633932535395
293.46549862321405
205.02971175115135
298.13205512937986
198.20258161152225
292.45842849970495
206.38389972096982
277.4580206467838
203.72428730212735
288.2567610416816
208.3791707991382
286.5015287645647
204.90129576403635
282.95793832606546
205.5639804887502
291.8329932741789
199.09953403559715
284.4466259436865
203.92138834615096
298.70813008540966
198.9933295066546
289.958601854268
204.42108206619105
303.19079463514385
199.83953227570726
296.34457084368285
204.14209409638607
279.4283072163355
203.05592009434253
290.58441842335196
207.54268880156445
287.4035677667496
201.86226901658083
283.72227061149357
205.3232190000874
292.0348782908529
196.78945887207203
283.1643243019878
203.554686756309
293.9989208540499
197.5601933200718
289.8752838168915
204.1709024060043
307.70803375510354
201.82550099950717
296.1975996866834
203.1779918318889
283.2761124898371
202.0313530543635
289.33449854891205
207.96195537721985
286.4722824950649
202.875234280833
285.30823503707256
208.64241435096713
292.11333433088043
197.379249343077
282.6193843961092
205.00883205885853
290.3137636133475
199.54382458094673
289.4271081384026
203.92230586993583
308.4384792054165
203.24966987409854
297.71703224946697
203.61203555593283
287.35276630479615
203.18044740165618
288.861986936954
209.4489079720172
283.0431893179637
202.67658541738143
285.6740720787271
208.75024593313947
290.87902690065584
199.5774691731255
281.6287911418487
205.8425594538505
288.62074998481
199.74324437347795
289.17013326147537
205.25880434311932
306.4432805554645
202.38300891670505
295.15604654286096
203.1404426157505
290.5412687584477
200.23753173816237
289.8330439043202
207.6178243393381
279.50915051964535
203.45532139865634
288.119594922655
207.21167605185406
290.2657197598399
201.1233030327026
281.74660237275447
205.67263169326182
291.23443967958184
199.83167986736942
287.759105273189
205.08041613255588
303.9351344645767
200.06626055405053
294.18603073449714
204.08685843750592
295.49555827008
198.86699336089774
292.0036380217545
206.97358958484494
278.1613168022509
203.3892916021766
287.15150333823505
208.12832747620863
286.88043288035465
204.24752943496492
282.0632055425761
206.4065794136455
291.9853015707589
199.80190318298983
284.47280131682817
204.53030383927972
299.4081198045757
199.44975476778217
290.4245734245507
204.97503453614937
302.17372070842765
200.6312002774229
295.72136869203854
205.1371535299692
279.34367224441615
203.48372681689392
290.52911141893105
208.12206085164854
287.8647540755846
202.63119726805814
283.0864941423797
206.69258870334536
292.5751077698649
198.64533279257938
283.0161580333636
204.70901213202876
295.23971863826335
198.38991903591779
290.4520640990827
205.4688268692852
306.7439166310745
201.6048107130177
296.05097468328023
204.69684382183257
282.08269703534995
203.63312590119642
289.3615120166808
209.2737816769264
287.8367729081736
202.837246165925
284.4996057345392
208.36229976554472
291.88950528344105
198.31377000490403
283.04025305493207
205.0156588582593
291.15937480394587
199.22804251168
289.6439640646894
203.8739274636814
307.8316401209736
202.6294441790171
297.4284017439609
203.45923573285646
285.8957934225552
203.32982078113264
289.1697043131489
209.65197047826524
284.70278471669724
202.33500202086893
285.2995560967334
208.7008704260137
291.52578215674504
198.97646760480413
281.64088208997777
205.81776809296525
288.6659592912328
199.33420743039295
289.2169421852562
205.11137371729828
307.4039090765011
202.9301386822978
295.8458580643651
203.0698299864864
289.27418853009925
201.8135614483987
289.18815417745276
208.422497213719
280.8290441363439
203.29451205166558
287.54154679814405
207.50825373700457
291.3398675065056
200.51767071298107
281.2629839732067
205.8094147638803
290.93433563811743
199.64007800196794
288.82232183149614
204.86936666122548
305.0540282278232
200.75558518327017
294.68288247646166
202.02808960252287
293.6520462406788
199.09700801092632
291.1719928917851
207.00656964169542
278.73030343273547
203.32795929345534
286.9046769747749
206.00183253426428
287.3799558675347
202.8256105378574
282.0631821521248
206.3980508708488
292.1103142518928
199.800251407122
285.3235228874611
204.63803108077727
300.58839623444624
201.37765894071993
291.01065480510664
203.64065782747818
299.72058437538675
200.20305105597635
295.2093966100356
205.92659167353202
278.6732590476016
203.32956340261242
290.0578280622692
205.79340923022576
287.98258021048747
200.524781388046
282.8271975441538
205.93167814365003
292.84526570726615
199.3149495124129
283.4600474421353
204.62186420130533
296.8069066516992
199.32524606182818
290.5031332356287
202.84064529821714
305.306906749464
199.551585945111
295.7958707625411
205.14715355510424
280.7850322589584
203.64281895952865
289.4808746499658
208.12611395022512
287.95532894196805
201.79709602661873
283.90599634903305
208.25058124323243
291.89638455895346
198.73885989664404
282.576571170583
205.00757772268327
291.92218890823165
198.75251826832528
289.40858958436706
203.25852790166934
306.9148714304546
201.18030900742568
296.73230287545704
203.77074632223423
284.39947031018545
203.42405523394595
289.7658994036254
209.61079700228737
286.3647208567414
201.55666181779273
284.7949538058554
207.78454301074524
291.8096624637671
198.8482009251287
282.0625416410082
205.6329291699659
289.25653973211297
199.17875233882043
289.6245644750686
204.5033223547769
307.99191874060915
202.57229334554097
296.60122287482744
203.17924621283822
288.50973409694745
203.21296324412094
288.8462715420553
209.1363604799
282.09444497074657
202.98830775856047
286.9927939422184
207.3265298255918
292.5370732388306
199.89703329291032
280.9433090311093
206.06976502681107
290.4840837604188
199.63990883300033
289.292601832778
204.21691141256886
306.14501608057367
200.97083351972435
295.42135571208104
203.36179781456806
292.1515086989034
199.87191067682136
290.4416342266725
207.93176989310027
279.4990544409746
203.11674193362583
287.0061762842292
206.47591260772816
288.41453979967827
202.13593480150936
281.7212285631159
206.46524805490785
291.4466103936301
199.51964675552284
286.41197676048785
204.98322110065018
301.8262530471141
200.30393250869108
291.46991964875167
203.35035276186358
297.36588015307365
200.01349053617153
294.0634760710293
206.46881272436102
278.4777463328034
203.17506331710797
289.61248132009916
206.3040685054552
288.3681979395248
201.74709115941877
282.571423332789
206.1043256523584
292.9005572308612
199.57816735637834
283.9185424465669
204.47044890901364
298.6230565181709
198.42643782136966
291.0595326553792
205.0386497830542
303.7523983242489
199.57680523917097
295.30966914808124
205.50687875653938
279.6430478808325
203.3979433363867
289.43389564968834
208.3958258512829
288.17950118764514
202.3454139297843
283.57957881822375
208.08860802348497
291.86101904733624
199.3774257484137
282.4053173318753
204.79487569236736
292.9576356989545
198.7599445380843
289.41441595501783
203.50379207309956
306.066171943969
200.6863958595243
296.72819587641965
203.860634956534
283.3073650222836
203.50344746722752
290.1769649500375
209.25508047608707
287.7553422446922
201.57200029205245
284.5516156197563
207.94881412923135
292.1992720498332
198.83489730203615
282.11284322787725
205.47262635438727
290.1716760259617
199.22263994245813
290.33945055190577
204.19681661146512
308.4651484333514
202.4597441983088
296.49838414767544
203.40354546150812
288.1137017205243
203.40494412345564
288.6054474920777
209.50631027327535
283.46959318059123
202.66688677854427
286.4754684229997
208.02447607283887
292.78490972460634
199.3430274301578
280.7386373626383
205.9753473616002
289.80557538875576
199.58126857488014
290.1391919022859
203.01885398531715
306.7740508533021
201.5376434748663
296.205365540586
203.29082396521193
290.8336179486622
199.8504062748628
289.46278408357307
208.36106916912664
280.3896921400758
202.63208817086704
286.68509045425145
206.4009675143029
289.6778854364463
201.49399525588626
281.2328612345778
206.21037006827078
290.58220401974125
200.08264911849943
287.62933555737914
205.27877217452672
302.92417512005056
200.6737724341083
292.15962394074256
203.0642592536819
295.31349244157917
199.8200395863383
292.82119187387445
206.76176629180657
278.6681361533813
203.13865037383678
289.14252810865503
205.85426221760213
289.00584440086214
201.6886075815948
282.0232027407701
206.02266109260614
293.06479021313464
199.60464919807558
284.84263424459834
204.49814571146763
300.2188289676676
198.84162254362252
291.8629870130617
204.81011154769294
302.08949125058
199.29775495046044
294.98879041433514
206.07092475274476
278.94097304518004
203.25514467412665
288.975476491788
207.9480257756103
288.14138816463293
202.54748498775564
282.8692644118361
207.65518039064588
292.0688816872571
199.99589454518247
282.39630613494586
204.5274738669702
294.07892962965155
199.38904679759793
289.932913756065
203.60566597338544
305.3309659037517
200.39094451475754
296.72477049504266
203.95998885593988
282.4426784308057
203.19306052331768
290.3491884850729
209.02662813790695
288.22405468696456
201.49477360591825
284.2565391126372
208.2057835803899
292.70018839019076
198.94084296061698
281.78797437446565
205.33728171512544
291.07534469400736
199.78410669965098
290.9394786808785
204.01117815973944
309.05599273705286
201.61621085251153
296.3370237464532
203.73251293487127
286.37309950033733
202.64457544467368
288.6986767357378
209.5559040243332
284.9555320469165
202.43423056757152
285.93173890564583
208.42518584976676
293.1441842592572
199.05812131775446
280.8597347385746
205.93455891063957
289.57546245245163
200.78136992564353
290.732339046615
203.8154822071586
307.57472403023843
202.01490527429365
296.8491739123253
203.33206518360637
289.494206281812
201.71472459367857
288.8493251963357
208.7736629564521
281.53389098560154
202.41717246589465
286.5824185307264
206.60603647820503
291.0749580180963
200.68682461811088
280.93877938871185
205.9697898032892
289.87623036428334
200.4602956432961
289.26843259327586
205.31753841064457
303.9766225497262
200.8939819703046
292.8130493294721
202.8957688001959
293.57201293828473
200.03482568770647
291.48249661864116
207.13112809307228
279.04324878729255
203.14441135078678
288.8508173317505
205.95648596927384
289.82902708703637
201.31141875234619
281.6769736164117
206.0364219397323
292.9253302963827
199.92920162709382
285.92524582000743
204.6146073307075
301.5313937630514
199.16790526532824
292.36646678077034
204.00878097797406
299.92607245769096
199.3815900218814
294.05630398314906
206.59380586061064
278.769269666508
203.12717898586473
288.6642762703237
207.49588666378315
288.061754580716
202.64539267835954
282.4962707110278
207.35353402631728
292.142864499754
200.13177069887044
282.5970408805436
204.3027178882744
295.4770596668562
199.28878308549412
290.1565064078012
203.17373724024966
304.3440383698685
200.42121453440777
296.91248335257734
204.2875476149737
281.32793332750816
202.90429047577703
290.5450651382299
207.4800999954028
288.5448734114901
199.41087119362382
283.9213297323803
206.72088842742104
292.91021969627036
198.98354572034899
281.5029129331771
205.15892082172928
292.13479107459324
199.0027817406724
291.66953350528587
203.82303557540567
308.37439195497035
199.53007603744683
296.70400145625916
204.14005657547597
283.88868018631575
201.8579525358503
288.7009055018202
209.03866831105697
284.54348488597196
200.3961445913163
283.9002183467492
207.65901132637921
291.1525240426461
198.4565615547315
280.17018635613744
203.39308583810148
287.1553037018385
201.84692911786996
292.2370046864224
202.42157995294266
306.21007961890257
202.9249835388163
298.0375242832794
204.5609648175886
286.4244471282541
202.61662401014377
290.4092026418959
207.3031485299015
281.4223990781632
199.1257868425635
285.6658224775986
206.87352511068633
291.1886599858967
199.3366312329303
279.1489119347166
205.34223307916537
287.1396230711063
200.04809568218258
290.62180277976773
202.8798394692595
302.7017747598336
202.9274566619989
295.3517849226949
203.53018990832254
290.47448627116086
200.62678700818296
291.618855881552
207.32599419874524
277.3718812729876
202.00666010427352
287.95770796586464
206.95122604368066
290.5443223921365
200.56077952887375
278.87166070517475
205.84603132869933
290.1611497783073
199.9926368526588
287.6352184284669
202.47345657260112
297.78610445816946
200.27561454128022
295.0528146241367
201.94895046146198
292.82862068546393
198.34722598201066
295.5840058992759
205.69640141354463
275.082132885521
200.07473500807143
288.5983787487242
205.85909617803947
284.79182415326596
200.0468484011801
278.8108784147956
205.42179380200247
289.04607302102403
198.24394748402813
278.8914963808354
201.8455921993654
286.6036180874714
197.7119365222298
286.96851722549786
200.6083606736446
293.9784357968665
198.29137758380767
292.02847823374043
202.36661375777754
271.1460967444766
199.1529004284809
287.23159805785735
204.41824741144706
279.3390105962614
196.2201437229901
279.8817330822751
203.9859575292542
284.52561905639465
196.9885879660425
278.92540429157617
199.06396934112703
284.5762531746065
195.77426250977462
287.4213119066449
199.03191480722055
297.76091958539325
195.38325515913758
291.8740301811002
199.7046481537975
274.2467335568619
196.25010034903124
284.291430648663
204.0327960769141
276.20790483240864
195.50529921246888
276.5925375649033
202.22680466636245
281.1637924738512
194.94211997630183
272.608862052335
197.99470733757443
278.62762442158567
193.92046389587458
285.06691545658657
196.8589140225388
295.7862592376312
194.9628640106138
289.59184486063134
198.12350174180898
275.24477457972597
194.5961899207087
281.04777074575327
200.26886964186883
269.9315835813255
192.63421492821155
276.2697969274031
199.2308368172395
278.8688248139048
192.3751138313586
269.7337749392552
196.11019767201165
274.20466522627044
190.78589869004767
280.8312444769681
195.5384293402829
291.53879057589893
193.10024433972205
284.87006774974685
194.72043336487803
277.1275015732596
192.02983103338934
279.86618924789667
197.8570720094946
265.88658363388
191.4811646904678
277.8031807805835
196.96367739893472
278.78075790287045
191.8820748580743
270.07202265488104
196.1718508977811
278.4192564498654
190.01198718687291
279.1038568606046
194.19953858018346
289.46467009632266
190.36440930487854
285.5723618182835
193.22827264065262
281.3631343565711
189.84030539671397
280.4450520190253
196.64147193737594
262.7418770075602
190.9038107042654
277.4771337608234
196.40435118889351
273.05040596129754
191.68608040810167
270.82507026648415
197.22893107057763
276.6512307548028
189.71178666912797
274.0386333840279
193.1513235608673
283.0832023395736
190.3080549673399
283.7013839644112
192.47475319525992
289.0517483806659
191.1354629045024
288.0667793513686
195.41261890228273
266.5485560367975
191.4837023639983
283.8682349809379
197.0325161653921
276.1656355678796
190.5384516596613
274.1566819275142
197.05328449762553
280.7397522035199
190.94389149466
273.54825443228356
192.8834277277907
281.6208000948634
189.4909684248825
284.312903276785
192.82586634351546
294.31702301146845
188.39700128826195
288.44515998448117
193.6147085738171
269.9544493798035
189.58229808516077
282.49165314406486
197.55955241727003
275.699849548828
189.59805514563595
274.9347206547771
197.31560211855825
279.85422327790235
189.09191860848188
272.3930489296096
193.66124216558586
278.2042448303576
188.73525357605772
283.31793654250174
193.28108040255847
294.93108820751524
190.18491154938908
288.796877470102
194.54502308525483
273.3576478740715
190.48334097948154
282.67453748649615
198.34340146293312
273.1469668913911
190.22623671312783
276.4640457508278
197.7500229219545
280.60682223244066
190.71740902354048
272.0154949121343
194.66134319853603
276.3989118709206
189.6437898297749
283.5550274442063
194.48073376853446
293.98043371259837
191.90564892733295
288.35194616454396
194.17793319426934
277.97858107198084
191.24902940639532
281.64141278206154
197.41683102149563
268.972990296628
190.50960711587553
279.0190032827697
196.88114393172924
280.5366032636663
191.07040147168465
271.53161300268715
195.48043930342564
278.44874948427497
189.24244208055865
281.1275078715087
193.96217242262688
291.4503436328268
190.37229904817428
286.2846203019702
193.70668057562565
282.63222776808215
189.77660294788834
282.9548890952776
196.56713175379934
267.04570298712
190.70627972605445
279.80156468340874
196.2181990375663
277.14687939640925
191.38449579360687
271.8374623410184
196.7884088563219
278.8315666137956
188.85489212166425
276.79969420875966
193.55291117890388
285.67905993923523
190.3789104030976
283.5643451018976
193.09208097751738
287.54749735380545
191.02102724829714
286.86045937481606
195.74314023500912
265.7798429338278
191.07090555570778
283.35323914361425
196.33406920288658
276.790995793865
190.7343816813359
273.5215586097376
196.8964125033969
280.3464792181726
190.5270467308082
274.0635705371567
192.85813613332843
283.0706687244886
189.54498002235542
284.3969398984022
193.7924029436508
293.077166617348
190.0341935026971
287.5239624197463
194.37374905904989
267.43920497123
191.96661107577856
282.0477777841344
196.96634862543698
276.43334699597585
189.99122125215504
274.63703254533357
196.92615030315264
280.93255647688545
189.67556347778532
268.9191387397566
192.92984530538183
274.5327766635741
189.30445597296017
280.7716528515277
192.66111064536432
292.41757940521404
190.39856176696068
284.5412717239803
192.3120481675549
272.5541811471204
190.51507980905453
277.6685719256908
196.09746732998866
274.03476318285504
189.23096694780938
272.43102146799515
197.5737520689247
281.1612000588902
189.8165908871709
271.00119723566183
193.38225202757832
275.8094756242157
188.71314187224627
286.0827487393489
192.74879812130698
293.1575725153111
191.09044704349805
287.7154111045882
191.91982117936308
275.9822287691496
190.08726182580676
278.95436498228514
194.88076416328846
270.22909281846023
188.8829165230458
275.9133987696078
196.3951857395379
281.64501935360914
188.79630769667483
270.5090748676615
193.73030815829753
276.86880022765405
187.28433938848053
281.0654393552561
191.40169854568825
289.16404617544174
188.89099931356807
285.2214672451168
190.00959758914126
275.62010423049605
187.82546668106167
274.7687806004154
191.6646810203107
262.8123609089073
186.57625812841863
271.2367150809063
191.60414426910904
274.1696405768111
187.13338057830757
265.6669288872836
191.67484811575235
273.08880864321765
184.623531745688
272.7497393542792
189.79893988298426
279.19204720523794
186.19592746963997
278.6315992081934
187.0095258248653
278.30804948713296
186.58505757127736
277.3474686787728
189.17128462370823
258.1177077776871
185.21423414045464
273.08454039061706
188.93489907319648
269.9630318182245
184.86673983306693
265.23596929542197
190.54650201609215
273.91963832612475
184.08023203327255
268.05027517500145
187.0709970891522
275.5460143221969
183.49995281334898
277.4180126244245
187.29575075899035
283.50455490713944
185.38786305522612
280.0102810346748
188.7393853950856
259.98754244630464
186.37147705465244
274.6297563236812
191.78682680200012
270.1914724415149
185.7348800718056
268.5267006163122
192.81069347125572
275.5300886855477
185.54315376004277
268.5706494461014
187.82232499577617
272.5119490163674
183.69400900297723
279.3259264970291
186.21482056888107
289.93981469648986
185.21451173357497
282.49073697345375
187.4568130087787
263.4690835954184
186.45737755338885
274.1243386498247
191.48637003425722
269.1685293765402
183.87653873402544
269.38638987893535
191.70248639332303
276.5468020893653
185.1198472830034
266.3738680038768
188.1694215536829
271.2422054440383
184.1466589363285
281.07073296311586
187.2225923509947
291.59483944348847
185.9251990636172
283.03966052138145
187.15673204891738
270.5558414149434
185.6124999709112
273.9218562839518
191.05874504359866
266.2130775058009
184.3964924094656
270.7669733358632
191.56817816584325
276.46112182293723
185.09168155908804
266.6167727120378
188.74694303251624
271.77103882104285
183.60737082677187
279.54785830910265
187.25049593265177
287.38689016550893
185.29330884832433
282.4490321516385
187.07394924732608
273.7779645882281
184.8853573389515
274.72362341909803
190.37029452095763
263.0147077759037
184.4141036821187
271.31203362719407
190.40241618095348
274.08498368313474
185.69208296176694
266.1057322657448
190.09036045982265
273.0632658967036
183.69563554046496
276.1202791964822
188.19077862508158
282.54695630636695
185.58091479156008
279.78746037046096
186.92681200772174
278.1436786019869
185.82006141170172
277.50622466943736
188.83376129352732
260.93014434224153
185.20729937116224
274.6595859104315
190.05639022897336
272.715042560623
185.27058336296014
267.12556364927934
191.1381609685025
275.83753411399954
184.20952352369375
272.0773319302213
187.44946285479125
279.458818277629
183.89361145549907
280.0911941499297
187.24244367534453
284.1765113967215
185.38491576428626
280.39273678957045
188.46531320460687
261.24061699387715
185.71595029249383
274.9621690544118
191.7988016274089
270.4420740438416
185.65090522935176
267.6454703602858
192.4285656730012
275.33214956774293
185.2799249783989
267.9039789135733
187.40278209495037
273.92967528818826
184.41704566924292
279.62985292697334
186.99033424319046
287.49131124832957
185.80568454442604
282.78380637011753
187.51449558291444
264.0987528087717
186.520594320079
275.92523361269696
192.11032903220539
269.45288666388825
184.55259937635498
269.0773728271803
192.79229839808005
276.7881805998744
185.7914678867187
266.72135951274436
188.55829421884627
271.9884777334211
184.68337223798778
281.59417731301113
187.58259677280066
290.60743511091414
185.71721486130753
282.8102644271762
187.76598363856104
268.7650753340241
186.10076936987502
274.4471175364837
191.61414248939
266.6787786268727
184.63155203301076
270.0408412687826
193.10654226141307
276.56932126989034
185.5033793383335
266.574877495737
189.30862865501805
271.3204492536922
184.6107489763475
280.29947029697115
187.7576122259733
288.07532136756913
186.21836930683347
282.85266075871147
187.79552761078904
272.4367664208132
185.55832283547426
274.5808089716346
190.09533174345918
264.2248771331202
184.36161887196778
271.01094744242516
191.12390753856778
274.95071593839435
185.5255311056256
266.1572666907296
189.50351953738934
272.45135417773145
183.35355052465488
277.77298529117985
188.07064252370125
284.21350995086567
185.95091866325487
280.45942175420174
187.31835154516259
276.4643966378222
185.73855450799832
276.4879913661818
189.00302349738422
261.61493590554807
184.99536602791827
273.7047331916695
190.49453102676094
273.81430817253647
185.28395831922535
266.65549727875555
190.8759015073491
275.035469202259
183.6538687192518
273.9234970924436
187.1786343618627
280.76658793639376
184.0261143918046
280.22428245855104
186.9259283147843
282.43767888837624
185.49056602433978
279.298001619554
188.52240968724922
261.3308094968354
185.345559261672
274.7503520069858
191.09779901381165
270.9783206747477
185.80419084572966
266.6897640361157
192.33401564048356
275.1694172217072
184.68537911253992
268.82003841319687
187.18124862906015
275.1151109925921
184.41694019852454
279.51593648111805
187.02579141911005
285.83411668326283
186.25302837747128
282.47849647645216
187.44661861297692
262.6259190448565
186.4557774934495
276.10985416058213
191.39819281212814
269.7248914124959
184.53038018604212
268.9940294829128
192.57634017580494
276.5551357522743
185.8584126157139
267.1025253920331
188.1447804202865
272.77566410968655
184.39297406247073
281.2130870343803
187.55282055033123
290.2393155768967
185.40592617082672
282.8958650324218
188.01784574011634
267.0304284100394
186.1059413557638
274.5056869603758
191.918357466419
267.56544626399847
184.80835970542125
269.25083076552085
193.08128571557125
276.8289999950441
185.91668868850317
266.5891116529241
189.08893518468133
271.4870209366145
184.80798217525694
280.58263246228677
187.80007662148049
287.9396072299887
185.2629098064438
282.62203424762646
186.95700355527592
271.71311204379793
185.67552929401396
274.8132016614899
190.54412113929706
265.42946404525634
184.28331055902007
270.4382844197733
191.72084679371525
275.61192066255273
184.27745140644853
266.2940676576119
188.0680336659749
272.0537259319751
183.63284192378313
279.41526928821435
188.0757207478971
284.4728687895194
186.03530480804457
281.09564835667464
186.8190996255458
275.05876107281824
185.70824681661415
275.6585687265971
189.4381822115044
262.5417765512246
184.622080457964
272.05014190710096
190.7906461535166
274.64079673569574
185.4608421386367
266.3713999593733
189.69114371643127
274.71748459732737
183.59136604069155
275.886342885268
186.86033123888458
281.3913198065793
184.36058981750838
280.21484019203905
186.97590098558456
280.5787808084596
185.39863995856464
278.1085696235684
188.68078963928906
261.78920908064543
185.05098594501848
274.3162827675951
190.65617385765853
271.19260435657463
185.6674203742847
265.9305844872934
191.3610432534875
275.0332075989809
183.91638563759156
270.25659950672946
187.13391645665558
276.09812334188905
184.45683607050182
279.41918054384684
186.80888582747735
284.22298643230573
186.74304540013011
282.0388383162737
188.00646257361973
261.76866886573407
186.18189986096974
276.3113828982248
190.8377588651573
270.06782021663196
184.4887678370539
268.72555766686867
191.37391333161577
276.33734140497
185.5768227552219
267.76620086274266
187.72599289052715
273.94707985249437
184.33062828539076
280.8771578317704
187.5766606026076
289.3240702178211
185.36989968347112
282.52654623610147
188.20332872663735
265.15696003538653
186.1902293631091
274.51963731880807
192.03795242801945
268.56619189967205
184.75128862804056
268.4507760499706
192.73982558609086
276.6592141587027
186.26179621246064
266.38350981008597
189.00622379825282
271.4413400567946
184.60615397190458
280.6219224686684
187.31531941243605
288.7552517899988
185.90601806665651
282.500780960119
187.57606488838724
270.18242151291315
186.20597539404773
275.198325632875
190.77196699084863
266.61239417509995
184.23320522054794
270.3047401052302
191.97330843338725
276.23131234511834
185.75552475481044
265.8612896504595
189.03214782777826
271.86389878540956
184.06976092291205
280.9315262895899
188.21306872893655
285.875918113811
186.6060722495566
281.77084388715326
187.47656525380182
273.8731935058394
185.59684909093696
275.0063811582587
189.93063831775316
263.3059228948533
184.4028079110107
271.48357764034887
191.25688306537347
275.19266062793645
185.4159149102222
266.30383037229353
189.56557463888944
274.02320644414255
183.53112238046774
277.13703160187197
186.77178146398515
282.9300024405544
184.75933153168916
280.31089417749536
187.29918674665078
278.8082538903504
185.32184433405249
277.00426448118696
188.93094321188673
262.22612767939825
184.894423366567
273.2125874343912
190.49317868731012
272.1276240155779
185.46422218017617
265.60082011202957
190.90710411600278
274.3315714141752
183.30053863375653
272.0072528256769
187.18203656567272
277.1557585225144
184.65426525015135
279.51737048665746
186.66553400675866
283.068270021106
187.12287379264157
281.23007386106417
188.08903801876025
261.48956765647404
185.78955489025248
276.54368595933056
190.53012960509636
270.7200365186131
184.49141182750645
267.8742146879794
191.18581230464457
276.3285615609114
184.97735323447856
268.62053307203826
187.61505058354896
275.21503832592225
184.27043355161717
280.4939697137552
187.42034763176576
288.4793292828132
185.58693404895993
281.8655131443563
188.25295453578548
263.9136856665504
186.42928061113358
274.68051398641376
192.05362097234635
269.3716520411794
184.83581455122751
268.02496522501866
192.67058894629696
276.6264842865785
185.96696388411337
266.40521537349906
188.8619317877094
271.61801732473185
184.49991244791747
280.72458484799904
186.96428489299865
289.17543963983246
185.79029813279016
282.74731459806196
187.73012550472757
268.6470189998573
186.5128621847851
275.10739362206874
191.01496449091158
267.8751231634763
184.35417255089513
269.861262185473
192.2563684698871
276.97757170612584
186.2159740543699
265.46246027826095
189.07705045520433
272.1340460630949
184.83218144117143
281.7547019920455
188.42733065877914
287.46210542607486
186.47855708291027
282.3509394557586
187.6068296000886
273.22817757253677
185.74495668938434
274.7456834987619
190.82554716258113
264.4051776125826
184.3128237700168
271.12568774692204
191.7709472920578
275.54590044402687
185.555642451021
266.16862676633025
189.61767558073075
273.4157490969192
183.92555226012365
278.59300891897334
187.02801625107833
284.3971393619626
185.21358854749565
280.7908816178204
187.42856575308443
277.43382703649655
185.5690372218932
276.03820505143665
189.4891049576908
262.86514527881195
184.73107539660586
272.2488460384787
190.50424794179466
273.08948185376346
185.3923375517715
265.2244600000372
190.36261466946263
273.6864628375135
183.23176579795108
274.0322949467098
187.4237086948504
278.2822765832551
184.9001668235264
279.66215410198487
186.68000292775204
281.94238899831015
187.02973530215857
279.7452338242979
188.43243285415627
261.6314379539985
185.44490550510653
276.25784283048455
190.53327772154248
271.5255453386385
184.61168470877496
266.94884654085473
191.14797964863396
276.49148675446423
184.57173581019853
269.9056836916227
187.56163907718553
276.61701764382394
184.02054269971205
280.350123355995
187.02851425815928
286.90075606070036
185.94162410577073
281.27769022904204
188.3489164689321
262.9545513112323
186.13131775619757
275.11966557840816
192.08401861232875
269.7653489811461
184.9429627747452
267.5557109528175
192.72839703582767
276.30610520968895
185.8419385348258
266.77566857742136
188.33708269358158
272.1854228211948
184.6185335895184
280.47236787578237
186.77956666574676
288.9679267906393
185.8180869783758
282.79706867003915
187.88005974468663
267.31282499590355
186.8434651928661
275.1847815533174
191.56984388521215
268.9088909181137
184.56210542415118
269.4977941988314
192.22201710573668
277.6804867586699
186.4760144751057
265.3276537563091
189.1525231983794
272.0184595999345
185.15823179657554
282.2559407897061
187.95261465672158
288.6509690418128
186.01871932449092
282.9480494263329
187.58512104512815
272.44656739912324
185.95122842370446
274.4350889135765
191.14466622912957
265.40622279194287
184.2885374134504
270.8705240970343
192.2973437009066
275.8291422528059
185.8623469755185
266.01950724653454
189.75732513474205
272.82112417633573
184.2932960079898
279.9125065025305
187.30965651527515
285.1547219099472
185.3660474657819
281.4283747533702
187.4991701054851
275.84814758280055
185.43148990870694
275.38126614391246
189.88333907732562
263.6635597907883
184.32902433066107
271.61406041007484
190.58628311142522
274.10804763696177
185.46934821525323
265.1786581147585
190.0063550368901
273.30925820278316
183.2134330457068
276.24906328706334
187.25966978363905
279.625084789159
185.19651029496546
279.9822229977358
186.79932569448408
280.4460242178131
187.00176534373463
278.4437436666441
188.73260016650656
262.04226658842964
185.1719703027489
275.1990228689041
192.81106179594184
272.44044271452486
183.97902106691103
266.38140088271615
188.64838613918943
275.88538281382876
184.17486650400812
271.43075298133823
187.43371133380725
277.8099792864575
184.56524457387536
280.37194544970646
186.51533565745564
285.2873801845182
184.88783147628766
280.7009039752391
188.4453657246467
262.54415790534836
185.84832455197727
275.53712345021495
194.43389481877347
270.0927157400424
184.3463633346004
266.95248728407637
189.68627393836718
274.8104679683558
184.5182003625237
267.2975110742673
187.53204944031577
273.9967992370036
185.47710314615074
279.9572781760043
188.08372324896735
286.89464978958654
183.81976219256606
283.1698912970171
186.24352725230128
264.4752619901354
186.15013347770886
275.01419580772756
192.94034343074568
268.66315322689945
184.05655349701212
268.4717319484
188.57091994616803
276.9199811691906
184.19713775973173
265.661389360378
188.4491337732943
272.976782843821
185.4320101677364
281.2839080701501
187.35971713954504
288.9445327751575
183.33348571023404
283.77300662976876
186.13272956701687
269.5979142095167
185.1311364700213
273.5981865530898
192.03062378030063
265.31245512479035
184.45904719447438
269.59223900918926
193.19862097093122
275.549961801733
184.02821676528185
264.76865411371426
187.20507955833122
272.89015862599666
184.52578712134826
279.0922987917627
187.2517571044006
284.42638219511764
185.81487028885707
282.7861502460105
186.29887205891444
273.4362027616659
183.68729481149663
274.3771747327644
189.9363028164893
263.8294845176809
184.15634735209446
270.7468671327793
192.24318647168468
275.0185309493946
183.79368215012258
264.6310030069339
186.61935610638074
272.65261976502165
183.00103227730202
276.68143260896477
186.8527466464315
280.08249812295475
186.71698788080604
280.9483437136282
187.10044251535234
278.0788187865953
184.29427936389624
276.61944166296297
188.40242033637466
261.177459525548
185.0910263876864
273.41555911059777
193.32496166899813
273.51450272428434
184.24955413916598
265.7714317858678
187.6362630012243
274.2208788688054
183.64863643835736
271.8064905179805
186.19982077595097
272.91924161205
186.39884411109932
275.2802296021716
187.18110238333148
281.5079745475742
184.391286760486
275.7328375045234
187.47890264114983
260.30982512027873
185.32725928437068
270.4812206113171
193.47509956870144
269.64732282236963
184.92054009162638
265.8719384316451
189.58974180412514
273.89455198354227
184.132516702421
268.4707108421628
186.78054145432753
267.9085675147153
186.75564314431224
274.70507698634935
188.09959640370482
283.10603338868805
184.810574856743
280.7645236742686
186.660103723922
262.070554603608
186.20005932402964
270.30124660675386
192.8541235039196
266.7096222535775
184.4733092806357
265.95566839599667
190.28122785446573
276.14207604656036
184.45397047369832
265.903647217473
187.18114229922307
271.31934116673904
185.65011236907048
276.04193309054534
187.91136012590658
287.26933195128
184.284897492146
280.8791801558983
186.36076947620205
267.5727257805531
184.99078911175943
270.42685744548464
192.01180999646738
262.80891410754197
184.60326996003252
266.4230980578718
192.73335935321347
275.7278190486209
184.29919353636544
264.69868204112413
187.18714714734293
271.6194462787702
185.0200359019526
275.72596809597667
187.33743931438852
280.03129387221685
185.5692372639107
276.69596226006746
186.38579423215475
272.5902682036128
184.00932851469264
271.65932054055287
190.45349821990072
263.79769343665185
184.01623113689558
266.7743394975002
192.39845217972922
273.8115087522158
183.92352937840366
264.77266907619537
186.54801774674783
272.2866374673963
183.5968212828992
278.00298758130714
187.0486806494372
280.1821840399582
186.69492474063384
275.34042938267777
187.1335916534129
276.55581646337464
183.9734294985126
273.07396152590957
189.08494803527057
261.97018411173747
184.66648147959046
268.0247130194119
193.25175507946494
271.8223104285123
184.24143277205104
265.3802096044899
187.2936587397245
273.5736697209459
183.79986631445124
275.77894065185313
185.78654758279058
277.0027307889383
186.3992591041181
273.33545429480216
187.0666614464276
279.41896236758026
184.1896384332322
273.0612881391975
189.12733480947162
258.11090867700364
184.41560250351066
268.4374427825278
193.29287046237033
266.53247563803546
184.18579880567128
263.5984498051276
