129027120.75409077
127886181.2261466
122936598.00893264
117001195.98867998
110454079.2103627
103283359.96894976
96052548.64924611
88941778.97245209
82066785.10466427
75810519.66989262
69918745.46242717
64117829.66448705
58655011.78606764
53769273.14514463
49146494.73276422
44852596.82130777
40891915.784939244
37348603.90958576
33904019.47492437
30477695.402750682
27369232.423998546
24604086.09430116
22076679.719595924
19872297.24219156
17734002.81535477
15812795.577087382
14129563.439167257
12657150.974413767
11279063.036385765
9885569.810714044
8621312.569326982
7566365.9969995925
6645282.821015608
5835674.118113465
5095795.533618284
4412460.692720564
3834748.997026832
3309855.276078506
2824074.215110332
2361370.7224407876
1974445.892815456
1653016.5332940654
1374395.2862046463
1150534.7004601678
958978.18148777
776421.9751518633
618538.8281189485
483729.7997115794
380791.7140885204
301110.70236043993
236356.86297661232
182483.34910618668
139484.69449732633
105793.22185817493
80875.0941996368
58832.70101596602
42846.043287882174
31476.57067962202
23004.22582809769
18119.653570937375
13181.780738815787
10162.739321642423
8158.499662626461
6440.084364156212
5131.559904156632
4165.093217494728
3462.851639429794
2998.1015964919775
2401.0098610364325
2091.0633531051153
1752.5984134819014
1528.7554490053255
1313.1792284870626
1234.12620260561
1090.2753251108572
1029.3490648736974
903.1549815077672
873.2485483596151
799.2700217370477
757.2483284664972
709.5863055323979
679.9969207301127
640.557452599698
593.5854659709784
549.2466197416452
515.5678268472446
475.12587096895635
469.80082990976405
440.46538030650123
424.64808545565194
396.11409689055574
389.81935418251555
366.4119133233981
362.1491202531307
340.62351204491796
335.83390450107834
326.12442839206807
329.4654195677606
313.6417127326174
323.3151739934757
302.47662658163273
315.74085470961796
291.5904071132712
312.93523236820346
285.79298011137405
305.3882081907163
277.8756326563059
304.5464430346217
270.6111717934964
303.09535961133236
267.6950208672327
302.59851964797554
262.21331698743813
297.9569436031746
256.9119071793641
297.4781475361553
250.27650214400376
287.88850224866525
248.97891936652667
285.0910155530964
249.4452220612663
291.9700664590265
250.0151429077545
295.8959793493977
241.15783927256365
292.27335718243273
246.98888514203628
297.6570213738472
239.79374291700313
288.279146553132
240.22490702076524
306.4818563652945
235.91487278458686
297.05124985867485
240.02877969870354
311.9472930555318
236.20823785363822
290.8268304991642
238.36629171386204
309.16706489662727
230.6305143563435
300.1776065995377
237.79495098942778
300.7662911434491
233.25725473000884
302.72459702523463
241.057987889126
313.23290545051685
232.93219338681442
301.2611018734811
236.5801578522529
312.77307671651005
235.0335923535039
302.46626250099166
236.93660384406328
319.2397118171035
234.40747013957446
303.61627247469573
232.49817845475224
323.7879433891812
224.5462913931663
299.7262801055371
226.18214295400887
317.67069204089455
223.54612213733324
299.93992226829005
233.72195584107666
306.5568236976896
220.03356280897964
292.32353461012264
226.65849245375736
310.13982939832846
219.5989452277314
293.8270768609756
224.96145882788477
306.0899436039547
224.34788200423054
296.1466848844138
221.2961701114015
307.9464966933327
223.73667592926284
293.4795210189125
220.23008009722295
296.0441990915224
222.9830917462639
298.06187586423175
232.3641710657632
304.6159709918322
217.51354513832888
292.23213902543745
230.93629819228974
317.14960065239
227.03068872470874
297.90360437093585
228.610669167559
313.06659168610423
231.85740255271912
295.81114982803047
227.75007793136336
313.6488556860563
232.40714024689393
298.3253434773161
225.99921395967667
311.27200650742395
226.23446229864535
299.78519174291756
232.89116190736522
307.3716623297714
226.39095889206362
295.6077235982011
236.12965976259505
307.8765754060662
227.7891921125427
298.9032387541414
227.9578287433625
305.9323876130646
236.23953891140758
285.92887258601314
231.71142081116577
297.3224964014254
236.0115852910058
288.5866454065058
227.39485811586718
301.39797702400296
227.4442648780023
297.2241368523704
229.0050304076851
294.41603542128166
230.12534481653438
283.61520846168116
234.70812295887885
295.9826339758032
227.78378207611436
291.25945163814845
232.38965127666947
304.4903797785363
236.0332847404334
295.3703754164047
231.9179871292844
295.5583264577438
233.91284290291802
285.0180014198346
226.98674317090644
300.0216422332234
229.84338035116483
292.7423333371308
225.06913080754947
297.7527694606718
228.45950404725207
297.63700529494906
234.5765636916806
297.88705051335916
226.32713056221334
296.68428738584845
232.43641819412161
302.4580255254286
233.20959435201
302.72662767336766
229.87077282104255
304.46142557361145
233.84619541789988
292.83345240148714
231.3828217851025
299.65786297105075
236.25160654370492
297.3457761305897
223.1134904515466
296.3556044333363
224.71011898657687
299.3448596162681
234.81731370000827
296.9285885047964
222.74424562785345
296.5124037624267
234.21302256611094
304.3043287530626
228.0592690722448
306.138127372731
228.8551625350115
301.1576373674367
232.1837931203168
292.3354753885956
229.534299544444
291.7224188272716
234.5449521458828
289.8962099701416
224.79259351062422
296.6416750475744
226.52912806436615
299.42733955556105
231.73563994353142
301.86355231878173
228.43848391720152
296.4133865555923
232.92145758633308
299.9988078064413
225.2794680584158
297.95345786079486
228.18755929812946
303.25735542991214
235.1728630340273
293.01959840547426
229.33298703613858
296.9976208638232
232.44777538324095
290.02708664502507
224.79321575567988
304.66320293956267
226.97430530721914
297.12291539207945
226.02187120209317
303.11821882124417
230.54200725011066
298.00726245713344
234.66001080025327
300.1520644952185
227.7516960111291
295.8759467575064
229.13525348651862
304.7383402118491
231.9009424864296
299.1973644999598
230.90435674362791
301.69910656496273
232.01519088654376
289.9661726347303
228.33249343078344
303.0063429429177
228.5896954522318
297.0940340417616
222.01621511814315
301.20137184653953
229.83561683142872
300.03693719873536
236.0291904432492
299.02573420382686
227.9634149852719
294.81897409501045
229.4750264104328
305.00874838026476
229.54176594650764
303.09527773651314
231.25064707449235
304.7899178677106
234.21698822908027
291.3660172806952
230.57075389223212
297.6976291389297
229.69950488135092
296.36764954336263
223.40851729310594
297.6772139389424
227.7841888473844
300.1338335698417
233.26036893589858
301.2588675735957
227.06911762764116
294.92083442148885
232.20024626108633
303.89666237486705
226.91330947341515
303.165825133345
227.81972271429825
305.1960433617765
232.6860448562686
292.67074808607777
229.7958042075487
296.94220832981387
231.03246944170917
292.2158540677761
225.56267702932774
300.17460236370295
225.53109372123225
298.6092967033229
229.48499458914438
302.1425513409464
229.03601845393501
297.16500425329474
232.7950589543278
304.50747487824907
226.02901314206562
299.09084461107085
226.67059643951498
304.50487129397146
231.86725492917904
295.6265466484418
230.0345852864293
299.06808387280637
231.8054105464769
290.8211237122898
225.46310785683022
303.19133677342376
225.95078214480273
294.9004724491881
222.9587301191781
298.0106965389083
228.95119380430611
297.85176155705716
233.6354649042457
299.6831790892052
226.73187901514706
294.02194370799464
227.5589996335764
305.72246173804507
230.89062601305662
297.63385868360376
230.128798903476
302.2303131505307
232.80640267281169
289.6996542690046
227.12590656960595
301.37965501467244
227.67082587860006
295.74034800200087
221.616479703135
298.48371214170515
229.61363493986408
299.23033593267576
234.1834201117387
298.81232624095924
227.4945119299679
292.70931017411846
228.27754144941468
305.7460038464015
229.83633044064342
302.6555322519463
229.99164048277717
303.45368019732604
232.72782921865908
290.70382747204553
228.8669441618029
296.61955156701833
229.11766305686604
294.72290485191365
223.54539649821228
296.03869602256236
227.64296305347693
298.29557942346327
231.84732158588724
300.4731340864527
228.38209507062618
294.00156736856883
231.28177863605066
303.97654064874587
228.30845599245694
301.91866652413364
227.3822971485625
303.3752451167491
233.44983779699004
291.85746698311135
229.28776195630974
296.6377189815986
230.91654445943797
291.32627155280437
224.60534605696807
298.97421791163237
225.84452573692937
296.59119859363284
227.9516977332663
301.494990574432
229.72506351036265
296.5234378092651
233.26306302271547
302.7669608491873
226.86555592919893
296.3575772617448
227.2849394794414
304.34481792730804
233.4365168705348
294.6030984993123
230.07307899319264
299.5664321616175
232.46052133258374
290.08834771501023
225.58105758965664
303.39719400089393
226.7300492198051
294.884310098664
223.31828330284
301.03329429915624
230.18456923416056
298.4551376561949
234.19654256480382
299.1048644553855
227.61443786539357
293.805219146628
227.67644894534374
305.52615879726864
231.52965111251487
299.45223529456325
230.78877948539244
302.65398418112744
233.16164604281542
289.4763657246638
227.56441906297397
300.69406732972516
227.4203624011802
295.3617713982882
222.06292363647157
297.4621722454264
229.6298817203409
299.200778100914
233.99680310360185
298.6203552504471
227.5861143436989
292.31205400046514
228.53632236995534
305.4323127991648
229.73275809788362
302.2702334299741
229.63565455924805
304.1505122133418
233.049101556792
290.69534474912456
228.9226277240195
296.06075786499053
229.56730741647354
294.2819945009979
223.90018239922523
295.84257886974575
227.30715960635507
297.8858939885629
231.61924137063653
300.91301893997485
228.6982266934639
294.38899367432555
231.70906166573195
303.571694966903
227.97794067775078
300.47390548033985
227.20648638555815
303.37877773276114
233.84645632124213
291.9190319178339
229.38039091396826
296.7730751640014
231.22016372931182
290.74768981851446
224.48769920055543
299.70165427038864
225.42074612508503
295.81926275292744
227.7215005163519
301.45321334726606
230.16722966632548
296.7264068482251
233.86440616953607
302.390526516116
226.9215940412988
295.62495722534226
227.01224874826585
304.24279175656335
233.39899030145904
295.1179780490739
230.1179881974523
300.12355573805365
233.07198833410675
289.91863179426235
225.82967116840643
303.1534187147679
226.54039573057742
294.66773900599856
223.03667258483466
300.77882873510225
229.85675414605686
298.741321773414
234.26574591435838
298.7125927524809
227.81895061614927
293.5240680362714
227.39263023623477
304.8402244989587
231.29506802640623
299.775827932289
230.61223797740985
302.65708123932586
233.58613844493073
289.5439789966816
228.47167397209736
299.76177600980395
227.50141219770754
295.0863108741493
222.1405353470459
296.1644778889914
228.65259341605017
299.327338891423
234.29003021518224
298.5683416277997
227.98525084262667
292.4019265768621
229.1419377924602
305.01306041247545
229.6352797553942
301.7890439205193
228.4535966640143
303.5714632324224
233.62926916625523
290.6400127735347
229.0965634246436
295.751571557203
230.47892148969595
293.6547890457215
224.20292656161052
295.4743797901211
226.03007298382062
297.4739154516456
231.55470114216158
301.30308837508426
229.06041483226227
295.25099330930453
232.61044763310315
302.99573163274067
227.73122490564492
298.9882667788515
226.28160590406262
303.0274639049615
234.1508656050506
291.8630066498303
229.29834063758605
297.0244882003659
232.11911269628354
290.33880831531724
224.6650025433987
300.8245934971691
225.21980196480285
295.5180319850464
226.6977459427501
301.37954054355237
229.8649223188952
297.01642111103297
233.88152906253237
301.8305095765662
227.33935829593543
294.75147337567745
227.17315558938978
304.0958148776141
232.89038567281224
295.59187687850266
230.00190324040986
300.4472218668176
233.60111429661853
289.5186868797234
226.26527067616192
302.4909413990874
226.72481626610988
294.8039169291741
222.53482670546572
300.28846685299015
229.62185559254445
298.8652565191641
234.44534974983
298.5115932583199
228.16035298255977
293.16253309322445
227.46874718838413
305.06463132980303
231.1026207052682
300.5171051580781
229.6480865972843
303.3965578576179
232.65204394342524
289.86395527561103
228.01478526883608
298.5669190920014
227.72683841300417
294.8625211992174
222.47186259001617
295.52606070856166
227.87161309410513
298.7874363523126
233.17116728385344
298.69516838674167
227.4126398140896
292.528760319013
229.66756949980166
304.8358156957688
229.66544143026437
302.11001775183024
227.54231100916513
303.4739452085156
233.65257128185954
290.73820208240096
228.22522171262617
295.56433591501
230.7990515020882
293.16832187393436
224.40016053334742
295.78836020279
225.3995254620084
297.01085954310753
230.9554809799366
301.44427949865275
228.41020396115334
295.79171300339027
232.9607360780618
302.8576815704058
227.1669710515143
298.4835024927505
226.08185296961187
303.38411825717617
233.92059107542394
292.29359415725474
228.9524845170633
297.5340856412851
231.51004441824065
290.0339782065842
224.5711180844038
301.91980020870574
225.33787721511732
294.8204581764183
225.26213071211225
301.26692433777765
229.1670534552377
297.0751434991434
233.5373780134215
301.01134537741143
227.09641832069852
294.5705060159483
227.57979612197644
304.6763034949002
232.25311308791112
296.6280084856693
229.7250846878463
300.9163603538482
232.46245892398784
289.3231341925083
226.03052684539333
302.1471203138199
226.90970151707688
294.5244368596081
221.89542667797403
300.0523275065643
228.72184994042533
298.8698782848248
233.87612896306396
298.55299052654624
227.13197113064425
293.16157930807645
227.51206555227196
305.09196124071724
230.4599120132574
301.18377087380173
229.52696393643387
303.83908441493253
232.42146241722062
290.4326854113106
228.02750207644985
297.93422333461405
227.82753212547135
294.9874681468983
222.4704728562297
295.85764731346734
227.78855220728036
298.2788878894358
232.73141096430422
299.1326974813399
227.35319438653016
293.0157908057725
230.2496974163699
304.5387275993719
228.9392269345715
301.979889526164
227.102842168588
302.8414410459129
233.74195903040035
290.52895589953016
228.45280046258165
295.6622443854639
230.87842271823436
292.78261927297035
224.52081449243158
295.4843711067626
225.10118484126355
296.4901007018203
230.1758092104319
301.0623015996745
228.90290614219782
296.3335173842765
232.92212194841136
302.79532015436837
226.7932137770247
297.72106386990635
226.43805418325925
303.6883094926252
232.90589160516103
292.6311968243095
229.13318603664007
298.2218420196251
231.40533306152452
290.02651619214646
224.71870344208398
302.08297138185355
225.7629597866427
294.3663465524461
224.33610985964594
300.7324447405305
229.01786089127359
297.156373766431
233.56066714455653
300.59846780311045
227.32359467173345
294.42881450256897
227.78145920445073
305.09623592940113
231.89384239392314
297.24781578620986
229.753676434639
301.5756328086479
232.15646994104944
289.1510962940586
226.2166337007312
301.85946011669307
227.14087721661522
294.35514221370954
221.59981413646076
298.95069972519315
228.68867338262663
298.7087049408979
233.67661179000015
298.859525096016
227.02526182433945
292.9003961933224
227.6728945015956
305.2970507057042
230.10688041480742
301.4870125293569
229.37723230394823
304.32712433249503
232.00262457410855
290.4525380885968
228.13862446989364
296.96701392662055
228.1872531483583
294.71529909538094
222.6581606754794
294.4955214938668
227.0902625893767
297.54950510684967
231.8604518755215
299.51360001532447
227.09067828842385
293.0736180810295
230.2275290384667
304.30774595825307
228.6685473351026
302.3600089689068
226.83698122410883
303.12656591912105
232.87655611821023
291.1664482609273
227.8573842861019
295.9732619992742
230.4085709706152
292.0214606875902
224.4226568414757
296.80545963042283
225.05277681181843
296.5581280422896
228.5825959812258
301.0456924313211
228.41232836660262
296.45108450341945
232.74407334121315
302.7383816198824
226.6791553506976
297.0113584937459
226.46096354573774
304.0519853950454
232.93264711752175
293.2024263158292
229.05601450794472
298.9005215522647
231.51540195305407
290.03546457847943
224.8412065346316
302.4878885345352
225.93719722663135
294.1300743168906
223.7096936044371
300.72579082595547
228.65407709931998
297.5579651036743
233.52292547687313
300.00938885350774
227.24641677220092
294.25440868431707
227.68477709787814
305.24987754227425
231.7487328835683
297.8491810373048
229.43239977679443
302.0891324235221
232.1175775489758
289.2659542052795
226.41655152454754
301.2215364269647
227.23382689172809
294.363458671663
221.57052723753546
297.8713005388113
228.42838730628478
298.7898167791023
233.533923955673
298.78972070160563
226.80451482149857
292.56827872908156
227.80760418695482
305.26026979934016
229.84623508488573
301.48275396336805
229.01184009546708
304.3564597639945
232.0426941535277
290.59039376863245
228.0284196987843
296.5563411310069
228.5649878317752
294.67931002828794
222.93564138642017
294.3292529325997
226.7756955664296
297.3591584623629
231.5591059550044
299.898114220192
227.22197072091166
293.49362554941706
230.677609479769
304.02279060553104
228.3053213028244
301.7499380614588
226.65560150281914
303.0714966453627
233.0208716081612
291.3765775497269
227.98873892684608
296.3458416413109
230.46894549404936
291.49226769727386
224.37788862007886
297.6460864270139
225.12229976105954
296.1317462308096
228.1526775654188
300.9984492288009
228.61866295198251
296.3983166334592
232.82127319312946
302.70091931556254
226.71289087951328
296.3426409243916
226.73728073578837
304.09437215164564
232.96819367107386
293.853691024807
229.27691384442332
299.3744965326531
231.58291286978343
290.03689796275205
225.1840023280623
302.8914393730563
226.37460336272235
294.05247340225344
223.26032941095124
300.49353457182974
228.76676935801675
297.9456708440594
233.49200884781223
299.600257959025
227.18279988200052
293.87823689715356
227.86137577822433
305.5306240595006
231.54777947617984
298.42517944960093
229.82253321106106
302.59812788478837
232.2046213555161
289.61696963969973
226.6800446730412
300.8068610597714
227.4382764155584
294.75526044942967
221.71631361318717
296.8291652776284
228.775494297132
298.78277633330174
233.47431897304614
298.7741604442532
226.80691511109592
292.36763521913684
228.16002208466364
305.4500009667038
229.8130063983693
301.53865739164644
229.08894014775194
304.29519557394383
232.1106732745638
290.7741513066018
227.87571025587056
296.2276922513557
229.00212751310508
294.68561970986866
223.389278926114
294.4258035739321
226.84026549875682
297.1900101200393
231.1925205837835
300.44931976031046
227.30501164104618
293.9855161455373
231.01907945852776
303.8207099653694
228.06111595638845
300.68621781257485
226.7436662649137
303.1727468189993
233.2247269606202
291.72469016972565
228.07631633208942
296.62927924002923
230.5321800565509
291.24652526425615
224.27723919627272
298.36731540085054
225.57960634421292
295.85512950184363
227.50102792963926
300.8910027847296
228.86595189129014
296.5007707895287
232.88986189378434
302.7371622983726
226.61570642133756
295.7591850133938
227.1704862766921
304.268451550103
233.04603431514215
294.5347339476922
229.42229364728593
299.87308997151996
231.7645965618156
290.23759866382665
225.1999866254248
303.05949728841887
226.7941854721423
294.22519013524806
222.84591669273186
300.22923092762704
228.72722634984862
298.24257647636335
233.50678041118516
299.16767206776444
227.10370389922048
293.55584982578677
227.64093463029656
305.4984181171276
231.30901410757534
299.1507922448524
229.79337322268537
302.9293440361655
232.257824137833
289.66233744783483
226.9210656645736
300.2474439902254
227.42328425237042
295.0691222766263
221.84960180272145
296.0180859954426
228.43241656074903
298.66716982813034
233.10813380329824
298.7224113579268
226.7332183090545
292.3223208294306
228.4870793628435
305.44285228158856
229.63695690589336
301.6842508458179
228.6375435725958
304.3104966938415
232.2398909324293
290.8235871018447
227.85381390179705
296.00101269209813
229.36938969147155
294.29910406850985
223.92802721322968
294.58468902675764
226.659550359155
296.99083116804127
230.8443089703316
300.94492944381153
227.51074724593084
294.62632971259325
231.39826992023032
303.5679861307065
227.92225059088682
299.72525880978986
226.61412206082503
303.3941825454648
233.44752914182823
291.92181014429207
228.25409848588694
297.06448942916745
230.67893268189303
290.8285901112141
224.33165044203508
299.32218716000995
225.7167618740736
295.50417038550415
226.7750468143407
300.86704205567105
228.9373808843379
296.6449093782798
232.9775482284509
302.4848775486371
226.65037633007861
295.2361910820406
227.36648504244718
304.4633149027993
232.88278800108293
295.2110806730517
229.503799579991
300.4932042427112
231.9843185313396
290.06754599207954
225.3192707989157
302.6251396479409
226.9291520821441
294.24816421026145
222.58575578306662
300.0020726137452
228.7147547152784
298.3420097709891
233.53429831592234
298.9023181840326
227.11764244778337
293.37157886762355
227.50528855090295
305.38112169103357
231.26585306937622
299.8935728824001
229.8054156784258
303.33870871623384
232.15606198601634
289.8316668974256
227.25333061882415
299.37106840771935
227.42692649152704
295.04671592065733
222.17224434841356
295.3944313166244
228.2744572090092
298.35621986795303
232.8512472285464
298.8152382666442
226.78828470103008
292.44508843008896
228.8478369640444
305.43860567756536
229.71178737233947
301.8390784154935
228.28203992540867
304.0289469895826
232.5017392032331
290.87000372039506
227.80380626133785
295.8249568171676
229.9099223547528
293.76608153356796
224.085229419727
294.81331660729177
226.18294870005113
296.8335511250433
230.26629253380813
301.2201722611951
227.75787944353846
295.2336416364192
231.86255340966457
303.2714529460926
227.36904075286597
298.8336193993212
226.53077542494972
303.54719741056755
233.32027259413258
292.0973901472751
228.45782459538103
297.4323401393408
230.96252135163482
290.50964590945773
224.27688567157975
300.5947372368734
225.73681771408502
295.00238160603107
225.7687739462958
300.76154843747287
228.85106966933
296.7546939767364
233.16838857232128
301.9479793273478
226.67631746987706
294.73869867743673
227.637108774161
304.6945219664695
232.44606560219745
295.84764400622333
229.52311136925525
300.9452212999923
232.11718760741937
289.68081016632567
225.46187113231727
302.37795955651853
227.1036690865164
294.19419643815667
222.07451808950634
299.5321178751061
228.6552439391959
298.4659751881598
233.50961493584438
298.73957648801405
226.93628315485282
293.1975837752635
227.58526146869562
305.28379902454674
230.80933080223966
300.52353720896946
229.71641055236677
303.7577610821381
232.03579770700682
290.13984981168795
227.6263237182245
298.41270175623214
227.66215533490143
294.9622312973935
222.30534694359508
294.85562788718744
228.03805002319666
298.0391450409547
232.4535393413206
299.0412154106446
226.8833075400782
292.5738916116793
229.40111761555448
305.057797648104
229.50408925898267
302.03088545285385
227.85564996369536
303.5676521159521
232.54917674761438
290.90490324037324
227.8042662703876
295.7493198272095
230.20883669479926
293.1997414423282
224.29585805128332
295.2626646467787
225.8308322143114
296.76879856429844
229.76500383055784
301.2628042377841
227.9941590348195
295.7514624249813
232.19606503296166
303.11822821332026
227.00746556172209
298.06242107324096
226.53284600799415
303.6567265424941
233.28051958646205
292.3436983408267
228.70508206373
297.9020866942438
231.07188444338365
290.3323717985086
224.37577027826316
301.8584886248496
225.80334171899267
294.60885155421806
225.00556487011616
300.7478358633474
228.87285276222082
296.968588836136
233.33820576794784
301.2584589391985
226.90776399416927
294.422645001349
227.93265533066165
304.99113004586985
232.2328596973865
296.55750140038543
229.61550828528502
301.3141900673564
232.13638675269317
289.45498369361195
225.7280531973947
302.06758327592667
227.21842723677423
294.18969686859435
221.83068984273254
299.1836322474402
228.67451834168574
298.65679178521947
233.5715738118513
298.81076089947345
226.82242109991736
293.08195964766355
227.66004546191212
305.3022803438389
230.55261742643012
300.9625848320088
229.61988719258053
304.1473589550031
231.97808558241388
290.597974103413
227.81838703920548
297.605005871764
227.9358014784274
294.92677626666693
222.50880938891274
294.521476425459
227.799303278928
297.7934866777985
232.15017838677483
299.3598401936088
226.9614094164682
292.81759851985237
229.88553063992725
304.7627043884566
229.0051994070342
302.2117656245643
227.46493950192098
303.28632515593404
232.767293405022
291.05510297529617
227.83698308662954
295.82484979589475
230.35234256061264
292.64398912764767
224.55098604209496
296.0219665963308
225.5948622355976
296.755680956718
229.19999710359602
301.0945447976504
228.2918391470907
296.2562154939705
232.52439729263287
303.0255900635074
226.74538594310712
297.4038023657343
226.63514563509236
303.8521790403407
233.1177170348545
292.74225612802906
228.96288673620427
298.49542975763563
231.2716689843094
290.2904919770713
224.52225625830314
302.1769767109088
225.9727651087032
294.3402766890576
224.31755953076396
300.69666320352076
228.84407514565427
297.26291837247766
233.45616958800056
300.6089359803837
227.14158078175984
294.24109086799547
227.89965336487518
305.19030941648873
232.0068645629486
297.25948819669804
229.6934510088858
301.7390352439394
232.07737455208286
289.38629021381274
226.0033037122511
301.7352597231393
227.2726534966779
294.3144891699911
221.6846003998158
298.4967908672953
228.69494130554952
298.79313428404026
233.62312170219886
298.9442207425839
226.70017774334738
292.76239265515954
227.7217557136224
305.394016652811
230.16564028544568
301.3303964489003
229.41917290558808
304.44126600278673
231.9996523050413
290.6460794272331
227.85766341865545
296.9641046857488
228.25552089229535
294.98764558406026
222.7040923022798
294.39156442007777
227.3872105897405
297.5751452152981
231.85570061805493
299.6451720152065
227.04709095535407
293.15781922047705
230.25827897983675
304.4389467560664
228.5906183529156
302.310785284427
227.14546135228412
303.1349263281212
232.99130958761268
291.2607712112627
227.8943409200145
296.07586652053436
230.3308996976436
292.1484751609827
224.37923020620084
297.0299023157197
225.47225000273664
296.53971203153026
228.6403156819207
301.0034120810696
228.49606614368895
296.46684271619625
232.68300645526298
302.9219289151121
226.57667200454935
296.85791127866366
226.77221888539003
304.1041178990215
233.03253293346708
293.31245728712895
229.2358925112337
299.0433819832789
231.44201777208858
290.2519256502535
224.74652125227067
302.6248385223828
226.2567788499905
294.20056795908
223.70013902238415
300.5968819370542
228.8537056551598
297.6350131116951
233.46713334978685
300.0512809211367
227.1070261485377
294.17562908487326
227.8081863617245
305.36260033249295
231.79329002350647
297.9260387861447
229.7067157855505
302.2159632433648
232.10950784044564
289.4692922293969
226.33526492769795
301.154752103003
227.34895704736036
294.56711365653297
221.63039242120175
297.5886999831466
228.73858308611523
298.7778891562641
233.5441538352543
298.88670684112105
226.68781030725677
292.5157781452172
227.8658893893687
305.4179180439019
229.8756489340903
301.4576485079937
229.22467740017856
304.34173153624886
232.07190772839448
290.74238699549477
227.8626273571771
296.4932100387542
228.62116422078898
294.87467316977825
223.00373982374913
294.3493405362767
227.02247202117334
297.3322791583119
231.5508249398918
300.0253430375952
227.16664208196573
293.5890362453893
230.68624173224794
304.14739989432525
228.23008777318853
301.5326220674973
226.88022853833007
303.10192576445104
233.1236457818568
291.48033122344884
228.00475415411216
296.4020915901129
230.3851264993965
291.67315067661247
224.28372567129674
297.8200856676468
225.44733051440673
296.11777488790545
228.13367934093824
300.9453300879591
228.66840178706119
296.46852037648125
232.79613456397286
302.8375953682602
226.52455513364023
296.2662468437783
226.95625079624526
304.1442061594968
233.0119093938439
294.00512045353776
229.41069410904518
299.4742479099972
231.58530190901672
290.30169681911894
225.06147734283667
302.9908460685756
226.63320515631375
294.1914150281235
223.15561093648117
300.37785149686306
228.80459588130844
298.06070144127426
233.4839147403663
299.47618523220785
227.08402933810893
293.8463348908736
227.5791533642354
305.5834685907027
231.43763106929143
298.58493433114705
229.59377355628106
302.70905330298694
232.23056279048987
289.56510566271277
226.67195942166552
300.7040916718776
227.20878158932183
294.7647152063661
221.65740933632623
296.72393754982676
228.49644581325708
298.78006498458467
233.38963270981023
298.7604363407099
226.70391535842882
292.3674429190002
228.06731466570298
305.4247205600472
229.68688030746017
301.5822361707399
228.77993221270492
304.3106108766207
232.11411994405182
290.7463370519593
227.8750364204184
296.1957054613694
228.95748843058817
294.54255933614996
223.38983206975465
294.4827477238912
226.57759597178816
297.1474953327493
231.0513027313499
300.5686821069457
227.3322659060852
294.09806071400646
231.0374106537554
303.7368836067934
227.9423574145067
300.50780611617665
226.56493123599833
303.2118652337515
233.2011055269425
291.73522580016066
228.07453634445554
296.71706964078226
230.5078210330389
291.08554021979194
224.22309159136265
298.5330023498355
225.3387523066691
295.7731827571264
227.24660044884536
300.9095405245511
228.8731749772409
296.52296037850823
232.8858849202617
302.70997886772807
226.56357903276526
295.6703536360858
226.9867278738501
304.30849443962205
232.91372876104575
294.6516680385242
229.3428456011381
300.0163907868767
231.80172236343296
290.16948391034487
225.20031731135512
302.95568513520914
226.58635986797916
294.18509065031606
222.67026506638604
300.2192903194998
228.62216749842435
298.24897689777225
233.49173925199483
299.0951293407022
227.08136951501203
293.5184767524693
227.44269614143366
305.4579787161711
231.19369355250953
299.29760347628286
229.62583931668996
303.0146063841436
232.2184007131831
289.6340629797695
226.98377129312115
300.0912571460401
227.25890639350047
295.0676516449408
221.79680226508708
295.9269615902929
228.22447077055338
298.6108130170149
233.0082363646313
298.71410828883126
226.73203551163414
292.3397264785926
228.46239954907796
305.41460120246785
229.5461776803615
301.7199226422678
228.33297536112104
304.26867871744815
232.2564716780654
290.80184568387557
227.84029850438353
295.9738258451567
229.42848779073833
294.1246829658056
223.8471209766933
294.6462400053394
226.30461305174572
296.95014018737334
230.58840043644256
300.99992155698305
227.54561785214958
294.7038145338789
231.48901582380697
303.4415598338019
227.73470265465326
299.5406996230187
226.4584208565141
303.40818862564515
233.27459491044752
291.94005364589253
228.25602314997715
297.1136242111617
230.73428792110877
290.67619418096706
224.2446335295353
299.54988960887556
225.48592593343744
295.38266288772576
226.38764034131756
300.86945310308977
228.8520450920702
296.62645818963335
233.0210692728567
302.3409097941224
226.59221979227348
295.1075853111776
227.22928722877595
304.4721205666409
232.6101886679613
295.34091902769313
229.38476461125248
300.5576463060063
232.03718615952252
289.9124882658928
225.32727428535145
302.5700191765408
226.79979045514816
294.2129391187954
222.2906160245242
299.9398234155078
228.5598383979927
298.34044520137826
233.49254896474173
298.80375122721114
227.11059392163452
293.2932739978833
227.4256852143286
305.3164259797191
231.02212356691928
300.05260670894137
229.5799004542814
303.3908634778759
232.08817149723765
289.826941896565
227.33668592453134
299.1812285017528
227.39199036182148
294.96926285691507
222.03184868485906
295.30699659419764
228.00631622236753
298.2777609449093
232.6753112175912
298.81371386299776
226.81723927070047
292.4198405303472
228.94370792447893
305.30114016912574
229.54431007900064
301.8718838127357
227.94449532886895
303.9169676695251
232.40465597078813
290.84077970081455
227.79799229280897
295.81399225392016
229.92135109708116
293.60657765196373
224.13795500785423
294.8579575048446
225.91389320244744
296.79934119458886
230.16881128086095
301.23868100479757
227.78741267077794
295.3280455838603
231.91807139329688
303.19171843934913
227.2994464042713
298.67930719934975
226.38154191287916
303.5672507564786
233.27716673874997
292.1294112971689
228.4498067499544
297.52780481867194
230.95122663759554
290.3944533243223
224.3088512062607
300.8515590126561
225.55955199035608
294.890845257627
225.5847897177735
300.7758829324356
228.78855043322844
296.7775231195995
233.19278571051734
301.7615449873277
226.73420566762434
294.68028133582317
227.54065007065057
304.74565012004393
232.3735688086999
295.97454887888375
229.43232259034335
301.01149513869296
232.11290598051045
289.563531079301
225.53636639957938
302.3003612256198
226.99086131040494
294.1391521656072
221.99343511113148
299.48905576789997
228.53914821444835
298.4880321606888
233.51578522123046
298.7082935763125
226.93674314741307
293.1679286220894
227.48192626958226
305.25428795547907
230.73699592677772
300.63703746919117
229.54514927063502
303.85689830784094
232.0181942864322
290.1705944135298
227.6554613943899
298.24592784139764
227.6078232052326
294.88870702456774
222.36170135105823
294.80990798919254
227.84463982118154
297.976425887557
232.39243372733173
299.09645329943186
226.90704760891728
292.5980847330055
229.4292494519177
304.9675438604815
229.39293019379141
302.079464193674
227.5821496567782
303.50457725062836
232.5676736064174
290.89708183420765
227.80220068242892
295.7464230680933
230.22174486307782
293.01765555022666
224.34495142191582
295.3680610258902
225.5786537056272
296.7518589136313
229.62350841490394
301.26094481768325
228.02968721392205
295.82974071941254
232.23952867762733
303.0580974731684
226.95513121099748
297.92587940442377
226.3933825790087
303.6782767214786
233.20477445177445
292.39682742168765
228.71128170096478
298.0039300808249
231.08527052465743
290.24386426550006
224.42349514229946
301.8970929084975
225.64095371409687
294.5191219028058
224.81734761462255
300.7792841873321
228.81851719986938
297.0040903679918
233.35724181381303
301.1086843636666
226.98467910404537
294.38735255235446
227.7823066032848
305.0391225398395
232.13483436276806
296.7093787811669
229.52230601418208
301.39654184539245
232.11661387002124
289.3685457755244
225.79992508950392
302.00506928149287
227.08391573992455
294.15742419824767
221.75495868770795
299.1443552441317
228.54691153474735
298.68759306848716
233.5834515529559
298.8193491352252
226.78791284166465
293.0115697863637
227.59159176090887
305.2884009383611
230.44102442433405
301.0516562743473
229.4099403797442
304.22306111917345
231.96636997683612
290.57418970297647
227.85330674285154
297.46828027021104
227.90702317565965
294.87071875784966
222.51753238164244
294.51553256826094
227.53753601770612
297.7437480500646
232.07333999402297
299.40949020451006
226.98660547783615
292.85678998166355
229.90366525272577
304.6538341657599
228.90704211767445
302.23528865162916
227.20506659769396
303.2527167104369
232.7967632053013
291.0738752692084
227.83092520573595
295.85487104556677
230.29636689038765
292.47681507724894
224.51312919604322
296.18839802122784
225.36569492653354
296.7140118445731
229.03863152594238
301.07849788012487
228.33162759419386
296.33812239614065
232.5589623880917
302.9514019141115
226.71202630131867
297.29035520469915
226.4913551596964
303.89902778053545
233.04531029268514
292.8322091881985
228.95061846758634
298.5889581148335
231.29891756565658
290.22835309889547
224.57842214957054
302.24072024491676
225.83666009906594
294.272813061133
224.14336605560115
300.7028669138765
228.76029803019745
297.31423505388983
233.43849272064293
300.4611362287617
227.18978102667424
294.23121901526713
227.7526495412237
305.1994852991761
231.92565313212987
297.39916687096905
229.57854006875422
301.8228063259278
232.07467881068402
289.33228905861625
226.08551163689407
301.6182277863683
227.14895596897196
294.30533691461176
221.62906788948825
298.3429869738266
228.56810374735838
298.80473610074597
233.59844257495078
298.90308190782775
226.6826434538888
292.6915298733149
227.65286773415394
305.362408302587
230.06929657226524
301.36920791285024
229.20690118757577
304.43434611679515
232.00186289576337
290.6240631828421
227.84528213054458
296.8588367096867
228.23745263354866
294.9419656085955
222.7361839544098
294.3790204427197
227.13747080911583
297.5207990803472
231.7748487404839
299.6980981738666
227.06995752916626
293.21469975606306
230.29553389140304
304.3495999103857
228.50422303483035
302.2949600309035
226.8967761839094
303.11728804627774
233.0001050966086
291.277570460248
227.89253275661991
296.13815512833435
230.29366894766432
291.9797375468849
224.3623766485513
297.1963334362412
225.26499495928778
296.43318645165334
228.48920162772748
301.0135464416006
228.49662386312423
296.45291592633333
232.68348940047352
302.8746349523773
226.5681131845021
296.76621621870896
226.62277151635024
304.09567936110585
232.97295706454986
293.4385236972739
229.20631135660022
299.12477780509073
231.44915099625905
290.18170949176334
224.8214764298176
302.71391790842154
226.14747367975812
294.15628961375677
223.54101808935442
300.5741459302185
228.77902401536588
297.7013004211694
233.45560691829644
299.89931324662945
227.11534429625675
294.1251689282823
227.67089032395765
305.38062389427574
231.67926946938553
298.0689847838069
229.5832287508166
302.30993407179204
232.12345502612757
289.4487739408574
226.42956251084897
301.0542487714406
227.22818490403893
294.58551178056183
221.59704314929485
297.46750926752435
228.62171242399535
298.76503876342116
233.52097198495056
298.8296917571978
226.69221437562035
292.46608295035116
227.83524995367793
305.4058506441638
229.80793466203193
301.4864244176295
229.0220019264459
304.33066300737903
232.06184206457613
290.73197239999934
227.87339424195477
296.41998905943433
228.62653899309245
294.7757893706105
223.05939718673403
294.3476306122373
226.7943415492145
297.28123429649946
231.43334950101473
300.1138131122002
227.19535329720327
293.66420103382785
230.71589906456813
304.029717177705
228.16399905924573
301.3654283992829
226.67609009874062
303.1146442584717
233.08980669077488
291.52120087567295
228.00952892378677
296.44517253987556
230.37185132317342
291.5050088783686
224.2688945056864
297.9258783674363
225.2815491571538
296.02943119380575
227.93080177624452
300.943011421463
228.67305432732428
296.4593837538665
232.7934920249094
302.76899104811935
226.53855067780913
296.1666151274544
226.84358980721734
304.1602345169705
232.96725597894473
294.1369702337378
229.34537778146986
299.5666975633444
231.6165531899883
290.2257756605396
225.12080073479842
303.0393998412796
226.49068100984437
294.17396293642435
223.01483612173288
300.3789910550256
228.69751085672402
298.1348812995704
233.48568192240919
299.3918033113367
227.07887977046775
293.77794783396996
227.54786129248762
305.582660929457
231.36387629589746
298.72077502724113
229.5960411578202
302.76825178437923
232.25186917352633
289.56551425042124
226.7278725062691
300.6318156120002
227.21385915303378
294.8152348391972
221.66017298086783
296.5598693534752
228.43742394438158
298.7870441242621
233.30886912597418
298.7620643133808
226.70428677297053
292.34962827647564
228.13624761509487
305.4192245087407
229.63613501374763
301.6156353917458
228.68724631832498
304.31082536062286
232.12836367202792
290.7617889764003
227.87136269223987
296.1555397002987
229.03945036170626
294.463312317541
223.4589841993457
294.54065155512666
226.53388435886768
297.112809227145
230.95151338272842
300.66214211543985
227.36852572732883
294.2017870228194
231.1175611579698
303.67616274632024
227.88820986425438
300.318752721381
226.5468923007728
303.2420007367282
233.18764241113314
291.7775325437137
228.09845692724258
296.79105048658136
230.5278320655623
290.9954615576426
224.21407009437903
298.7077903492088
225.3578648765596
295.72139947407516
227.0507172294853
300.912791411185
228.9137060097245
296.5395008781311
232.884431638441
302.6607972219857
226.5547738411402
295.5522099325338
227.03024336336387
304.3544457403525
232.8250169287111
294.7869106329937
229.34343408467637
300.1261212520929
231.84561102048863
290.1418006613542
225.2143470684257
302.87132959397087
226.62155565825844
294.19033300826675
222.56896727989937
300.17362971770854
228.60299560776124
298.2584259878674
233.49098224715178
299.03365204463677
227.07584850393314
293.46486699532215
227.4343581525772
305.4310468790329
231.13864598508835
299.4420512577033
229.60873381344854
303.0752943066751
232.18383524403836
289.66104986612254
227.04229579946397
299.9256015015527
227.27951996395996
295.0594254217503
221.81909123587897
295.8003670531958
228.1758216990128
298.5632825351319
232.93602339297613
298.7180055788783
226.73675850402344
292.34245070189024
228.55262956615354
305.4056726939576
229.52285821627547
301.74931399435474
228.25186917479726
304.21344791608345
232.28775940646656
290.81302982577733
227.82500933082332
295.9387545449797
229.52536496626666
294.0192734936895
223.93752989110888
294.6760454299322
226.23286134715354
296.912953775484
230.49657294233884
301.0683904556363
227.59074547096904
294.82334126167683
231.56116116409004
303.3826688136542
227.64333797899758
299.3712936839203
226.43717226777687
303.4322059978506
233.2584241012444
291.9698920077898
228.3015258231318
297.17314925412444
230.7515308799462
290.5657320398607
224.23572111648267
299.7617544604001
225.51610467079195
295.19011017589884
226.1672005912761
300.9171500033489
228.83284345261598
296.6747375818738
232.9992865740682
302.25195795091963
226.66438223295518
295.0220264588246
227.21877352597932
304.4546757971768
232.74499363388185
295.48175296657365
229.35385601050154
300.6455581482116
232.530162755325
289.84319218079236
225.47458667277945
302.47797420510153
227.70956627664617
294.20238914225405
222.6008804748344
299.7793939934246
228.77507878259482
298.3822498145937
234.1113131884949
298.76913131822863
227.12719138411214
293.2821290243786
228.50282655675852
305.246721112006
231.2759564710265
300.18818454239977
229.66502511122445
303.450904390631
233.2476145749591
289.90959972288397
227.40314342037075
298.93909202810494
228.81018069472682
294.90660626517155
222.44624421990392
295.1536223867292
228.3645178319395
298.0706279145844
233.91411134016292
298.84258316022965
227.00855602743013
292.4776481000323
231.01412914669558
305.1931235033589
230.15291782979477
301.9110432901991
228.11535607726321
303.82075980232105
233.40324873209187
290.87771443917626
228.05527648389827
295.75758355119285
230.47115179826855
293.4692142277907
224.9205054798782
294.93822477740434
226.07755909486113
296.64873647797646
230.75864156572385
301.4326878227324
228.7012657007319
295.4729873897687
232.39066972267756
303.1426675262169
228.13846534468527
298.53202118256706
226.8158157368286
303.5491918073561
233.70671584431406
292.20378439412707
229.20914640256163
297.59571589706445
230.91252077819493
290.34189089056827
225.33034488862629
301.1114187651694
226.1953993219544
294.73139141960615
225.75543597286563
300.845649139572
229.3374131497234
296.84708918678774
233.20580201640823
301.62087461984055
227.66392845508997
294.6244515836636
228.51986697648033
304.75578569430854
232.57536123203565
296.12474668998584
229.89695670685524
301.0625279286538
232.7290936459678
289.52829192087535
226.362033158654
302.27893280430834
228.30638076147213
294.12720584564414
222.22855739211172
299.3537021654438
228.80672149637314
298.5374825473139
234.3322638196608
298.71320072778457
226.90893509511633
293.1754144138122
229.02298517252424
305.2049834820696
231.03567987180065
300.7277442658876
229.7898198047294
303.90902926219053
233.52475944223858
290.2848313785637
227.68059956037007
298.0374177207445
229.46562066868788
294.8139342583211
222.91970632424014
294.69927251491134
227.95590082154357
297.7797387028756
233.48808336674153
299.15691106427914
227.20342371494925
292.6721705373985
231.2091330590257
304.8865655005315
229.92977457070867
302.12892974171905
227.74895079319052
303.43856310465753
233.46323946414995
290.9567425603288
228.2174370353271
295.7248413473845
230.6170302221258
292.8679518235179
225.17186423927907
295.51668805620005
225.7978826419938
296.62697780782577
230.10703199129372
301.3961411056061
228.90253735324245
295.96042775489667
232.57850926905698
303.03182776510357
227.85113763495914
297.79921399270575
226.89920711293024
303.65755892670717
233.54480049386203
292.49572768038075
229.43256403468465
298.0907502559549
231.08931808540018
290.22082259809986
225.47635261800198
301.9306840325342
226.38142478982414
294.3944595856962
224.9681973367187
300.8645251962986
229.3147116381876
297.0855640446064
233.41859388107972
300.9700701730533
227.73585456314163
294.3558958428583
228.77509650497382
305.04172715606506
232.31439472243198
296.87277413920293
229.95922228779736
301.46379286944756
232.9056623916518
289.3660850865794
226.42989861913495
302.01641780222025
228.47090157008725
294.18159101604033
222.01588058187113
299.0106907537581
228.77996223164672
298.7178675755909
234.61651567834656
298.86042368921426
226.75241810546044
292.974319796335
229.21207258982668
305.25768603821206
230.72944241306777
301.1412439050501
229.6072873054167
304.25903626514366
233.37523276921027
290.60695650601383
227.84659222316577
297.4235832715201
229.4668158773968
294.72889600326573
223.03616252722418
294.44683194254316
227.56991460097075
297.4333386292284
233.09167529334468
299.51873266361974
227.46028198631916
293.01745848479874
231.3466781047065
304.6032029608881
229.5344154262235
302.39091527738356
227.4233172309038
303.17787592544227
233.65980799317393
291.1630410761024
228.42415511980536
295.76639307307585
230.48682507153913
292.25843317722524
225.26992017442083
296.3976042087453
225.65519364703775
296.52694081951574
229.44769211944094
301.21411190929376
229.14796148784018
296.45482741033106
232.70533785538078
302.9347101811778
227.7034385616849
297.3116219669556
227.09346373382644
303.8705850383756
233.37879910563876
293.00579210991424
229.63917328054202
298.5742280317692
231.43062173542117
290.1430948410106
225.61546684787734
302.41436078797756
226.70841203050236
294.2261267692279
224.25347066518478
300.91394509302904
229.18028258611906
297.44135310250834
233.53799071480367
300.3746082583263
227.69440681244595
294.3308125162671
228.87128667160027
305.15138379546084
232.12338015322996
297.6183363907981
229.95307470967742
301.821350377166
233.3013580615523
289.31871877367774
226.5697094283753
301.37563251983096
228.69656890128283
294.4854091525043
221.86205998280857
298.17626358381796
228.738312012327
298.81373356204676
234.8430849506444
298.8890280212972
226.6670834347266
292.74033442244126
229.44853225821083
305.30899955894733
230.40285945498815
301.5220895112002
229.37973940902714
304.3287524512669
233.33386690625045
290.6638956553396
227.8210035141141
296.58387793923293
229.55062990519053
294.8040002675113
223.2824158926423
294.36772744421916
227.179460628266
297.22373492332054
232.6668393877773
299.71047716461635
227.71522106182263
293.3814346044932
231.50317054746182
304.27564198700713
229.1583649536067
302.25463826403853
227.12866440936065
303.05384884817863
233.70121953356926
291.36083267055034
228.6950974405664
296.0713706464967
230.3997364995574
291.7665391876883
225.13804597357588
297.40780949081903
225.6176067754277
296.20381689387756
228.8072894766605
301.1395047947428
229.22388350245288
296.5294049941282
232.72507460530477
302.88333712689854
227.5874299849159
296.78036764272383
227.29248096259838
304.00892408758904
233.2308888701839
293.64865287308527
229.80757766946007
299.0898193822469
231.6549695278993
290.1197364850821
225.89287505234884
302.90056175550353
227.13533811057698
294.1586237215016
223.63046741341688
300.7671278070031
229.16371165909723
297.83855959584344
233.6739978542687
299.8021801649628
227.45284326977944
294.18147076277995
228.880616289828
305.3407945865344
231.82824544299817
298.3018647294513
229.90726042625744
302.315072946487
233.61724917290317
289.4688949439994
226.76766945157658
300.78469258923917
228.8579120910187
294.78676730216955
221.87468790446096
297.3245709131382
228.77296307941117
298.7787083634587
234.92127312114422
298.7894427010688
226.68119634136247
292.53280127399375
229.74100935391775
305.37308736128693
230.21010484456764
301.6290580133866
229.17681706364615
304.2396971370268
233.2788178771915
290.75009538777675
227.86436263884616
296.18427447432816
229.71359853474735
294.5840965745459
223.66997166718363
294.37956799986017
226.8617207297241
297.0070300097253
232.1995009207639
300.1496526233778
228.04335699724956
293.8468321311361
231.67570987502054
303.937204815095
228.8806877671625
301.29115412340275
226.9593568546644
303.0830543690259
233.67687612711495
291.6313815793028
228.81574832404536
296.36428703025473
230.42430853359343
291.2870917680224
225.0848384350066
298.2063570620864
225.7207841370986
295.8389555180206
228.1382779639214
301.08783333186284
229.36329520612708
296.54351472984126
232.77311766038883
302.75560508458267
227.61445880741934
296.18069650170736
227.58242113243614
304.09876678349127
233.20972627862812
294.34207707142156
229.87464278430053
299.55902034139984
231.96472032813762
290.14383064201627
226.18616361583253
303.16991614735423
227.52468574581613
294.22085937191173
223.11203853251752
300.60916839821783
229.00344710292788
298.24529354700695
233.85779990781285
299.3195554108916
227.2973886847624
293.8197790160715
228.8325794548597
305.48610877834454
231.54697193495156
298.9565880983445
229.90180614439578
302.7392796938023
234.01750530064996
289.5616322270851
226.93900305766704
300.3260573715131
228.9609395964676
295.00300390688955
221.98528636617823
296.40954018724557
228.5017505860009
298.50732565958776
234.64757655936575
298.72749269058454
226.73928481607123
292.435582939117
230.14674669154297
305.3723045970088
230.0871302528104
301.77023488194396
228.80307922209596
304.2352911082251
233.25879221738398
290.79216263609277
227.93190675058014
295.9521652487575
229.92482135351585
294.23913830285915
224.12317339740048
294.57903275366726
226.64227117310386
296.85245860699075
231.63447502813904
300.7517148435474
228.32567841465413
294.39944008099536
231.88447515577488
303.61084403489957
228.67165426990226
300.26114693861814
226.88744448662686
303.2298022504647
233.7000732387127
291.87878511251967
228.88915156518394
296.7456280165034
230.56517765396998
290.808583277658
225.08533956758725
299.03301676700084
225.87493185909395
295.5519292052078
227.2014198464226
301.0715759606511
229.5275912637615
296.636029105601
232.85625553453593
302.5913264329972
227.6551813643835
295.5564473369479
227.8565776940504
304.2854543302958
232.98342066660416
295.0078029169651
229.8371713023863
300.13767974981903
232.34191627329676
290.05385156322524
226.28703004999656
302.8378563520921
227.7766045665004
294.2647688391209
222.68215388892
300.31242892442964
228.86771463290586
298.318519704263
234.0190033842267
298.9812930778777
227.20242902350557
293.52283731370034
228.833562418758
305.32709891271867
231.36466786799096
299.68969908068004
229.86185517715296
303.0601074470218
233.8633836365507
289.68923327395356
227.17237420239906
299.5593901152934
229.14181893467403
294.8864812958221
222.19705212394467
295.67726089248225
228.22984972859558
298.20978104621184
234.1808831571579
298.71027087722337
226.83183819047773
292.4464648119768
230.65765079750696
305.35967951040163
230.05174822700553
301.9000329441122
228.37677669404374
304.0814235143926
233.33323024446688
290.8551375540435
227.94763973938777
295.7485634811955
230.2254981100189
293.7650350031171
224.60496217762102
294.7129313116886
226.33840285729673
296.6487457775628
231.10359995207642
301.2749577335667
228.50972723017404
295.0351903588046
232.1263332237837
303.32626491351823
228.43025295604411
299.33027275650136
226.81464954947694
303.4064354067808
233.7028955266192
292.0668806156275
229.05827623982813
297.1152580448735
230.8150721300796
290.4498931782282
225.17848512581924
300.14061654634367
226.0887919390573
295.0941639034227
226.32398756268748
301.03366561548467
229.35264955906794
296.74057809631813
233.00612186026322
302.2072509469386
227.7131297672549
295.04386843326256
228.20974403376488
304.4671795290387
232.68711542215252
295.6705503576271
229.8410514853243
300.6670159827377
232.7483273793872
289.7150920700575
226.40631732834694
302.49369385891936
228.09462209339307
294.28175332656554
222.3421192175088
299.7749271863598
228.78289193420935
298.4259249746617
234.20826114675128
298.75222676107364
227.0715189238232
293.3362463300746
228.9580476535774
305.20893875406614
231.17486860468688
300.4114961991021
229.81420024352377
303.47245104042776
233.66461908878313
289.94324590287766
227.4749341325373
298.60729345918446
229.40439065016852
294.76984514688746
222.5057559759654
295.09558501592954
228.0249976636769
297.86843436808323
233.76782442163733
298.87268676504476
227.04669751975294
292.5658182663212
230.98893224922406
305.1210715102604
230.15358328421635
302.07440014058074
228.02188538517183
303.6790827976305
233.365599822844
290.88947848114555
228.0429567188265
295.60550337452077
230.4545334477981
293.24349708225645
224.86860871779996
295.0329580116698
225.9830818030298
296.55390764509116
230.57468472006627
301.46353338516496
228.69426959560414
295.6098156368549
232.35586417572432
303.12664936697536
228.07200647044706
298.509026987073
226.8256999840705
303.5177882191006
233.61553309802332
292.2862561056253
229.2100351753895
297.5666245858897
230.96295480195886
290.2264199867165
225.27573934009143
301.53657961815594
226.22880964192242
294.6728434416156
225.51185768148255
300.99804624643843
229.27646639407385
296.91854636595895
233.2128870554819
301.507601688909
227.68107544223147
294.6659832991724
228.63434010040493
304.7665539180002
232.47768574069363
296.33667161963905
229.86761612327282
301.04923706894
232.9281186541863
289.43319519254777
226.42612815118528
302.1555337839028
228.3932331934907
294.2447784655174
222.08662868613905
299.3684339708781
228.7437826503127
298.58828432908314
234.45966453276114
298.7327690175081
226.8750424036203
293.24218222453925
229.10948540149684
305.1883045782105
230.9602896796812
300.9118343118379
229.7447239548364
303.9114377624212
233.48495329994012
290.3524135289599
227.71452711914353
297.73696334537925
229.39344612415354
294.6930425627455
222.84787649260838
294.6729907986158
227.88459003839188
297.597067239652
233.38075710236754
299.20163509829854
227.2303879362577
292.7725140476533
231.18144341726622
304.8308545228992
229.82441999126206
302.29860359893706
227.65475039504258
303.33004228940825
233.45463795503687
290.99585806712287
228.21156392862858
295.61281800277845
230.57561675871543
292.66110332968873
225.1544054087047
295.66254190021886
225.7399680896762
296.56381093648946
229.92926908937628
301.3581712052686
228.91214535329297
296.10425502747887
232.5495811185737
303.04398150434315
227.81679284792722
297.7982934978875
226.93309038077518
303.65476705112036
233.45385791525638
292.6154612569794
229.43264365631654
298.1032230602371
231.1716677918102
290.1363974917022
225.43943304310073
302.112629325186
226.44152510472304
294.37399816599185
224.77145373263514
301.02489223685404
229.23838234792402
297.175790074336
233.45915933668527
300.85995596690475
227.78036126418377
294.42372099113436
228.81420517493208
305.03737329169866
232.24185663335297
297.07216599839126
229.93190879587485
301.476481979599
233.11266530350608
289.3070388919545
226.4939180410625
301.8323305891667
228.55456738199047
294.3358129548385
221.92153301525565
298.9819466911813
228.72304852341858
298.753099584418
234.77103689995758
298.9070632560517
226.7253925084048
292.9845059384795
229.29158289802228
305.2632875515361
230.65032391394877
301.3320716087809
229.53935772946656
304.2492994427364
233.36320532407458
290.59454338599784
227.83449744189016
297.02936526244434
229.45599742847224
294.71714276971426
223.04393696342333
294.45489406615326
227.46646858237136
297.39466001058776
232.98062984239354
299.48233449518614
227.46570026246158
293.0707167759106
231.34841053029902
304.4998701090833
229.43706183801305
302.39939174559004
227.3295668162698
303.14275807987667
233.63228900161639
291.1972067600917
228.42149376364617
295.79516122255336
230.46148695154108
292.1591960988238
225.20273219760873
296.5959378536608
225.61966249115554
296.49609798648294
229.2807746669033
301.1973869238514
229.11840299167238
296.48142249728573
232.70633089633802
302.91442594381283
227.64692426374745
297.2009049262589
227.10212792545653
303.92412029573086
233.29851443598116
293.11683196487564
229.64762928009543
298.6778888492201
231.4618110571366
290.1267835690035
225.65361713679522
302.4911538700637
226.77531914641946
294.2027059984061
224.10664607970003
300.92707386675346
229.1535504531585
297.51128966072577
233.55606069810838
300.28569781762513
227.66270792424393
294.3163486627808
228.8605322458024
305.181472473924
232.07135618071644
297.74163211779205
229.92817889139556
301.9119128656517
233.3381452376023
289.3387995757619
226.62549920040206
301.24157407532107
228.73585158683193
294.5570991853831
221.85427329574958
297.9919282982577
228.7350093923439
298.79999241942903
234.85738196862965
298.8932350421194
226.66114001195484
292.6898875040569
229.4894083070321
305.3096504160332
230.3565787087278
301.54860131143926
229.3346822425181
304.30329739251965
233.32539985887234
290.69064829441913
227.81608294888142
296.49007326893434
229.55840249382283
294.7465745426475
223.34607682335167
294.3455918806035
227.1055576668695
297.1544276072375
232.58590354706124
299.7843645449911
227.72489893465337
293.462728903756
231.52927908763067
304.2173265972562
229.10047342763892
302.06676537563163
227.08161214345841
303.0407399276971
233.69015011156307
291.4065254979785
228.69986138140857
296.15043062262737
230.39381298347092
291.6708799679014
225.12882705251897
297.5841460308134
225.62304150561812
296.11310571131344
228.696069075332
301.1279588568367
229.23355661861086
296.52666837063964
232.73457935194156
302.89270359730625
227.58386491852843
296.654109642427
227.33891734828322
304.0102517037295
233.21812141740702
293.789257083468
229.82128751991155
299.1699806685471
231.70809015358432
290.1292944985497
225.9534804028031
302.9378580486036
227.227604401228
294.16334456026635
223.5220316054721
300.7491137893365
229.12774460495984
297.91768292026916
233.70257244192845
299.70579803533417
227.43601287880324
294.11639963489046
228.88604535740288
305.3801929438597
231.76692128923045
298.4181525164453
229.89274373065717
302.4100703302589
233.67192202307783
289.51520369953494
226.81336113397214
300.6850646954575
228.86896740774068
294.84937120170457
221.88591929972515
297.1263241137675
228.74954181555216
298.73878003467536
234.93432210946688
298.77291017317805
226.6730116229645
292.5040546268019
229.8038898570421
305.3897875792762
230.18913724568995
301.6485135586159
229.12063589296687
304.23049492190296
233.26071417255162
290.7560830218734
227.86213354977505
296.1237684690933
229.73445718681634
294.5384026818658
223.75366737292336
294.40093764403457
226.80533666080538
296.954500793186
232.0836977250815
300.2545594000143
228.0575897439007
293.9453736918131
231.69411172316728
303.86625842935473
228.8346849074698
301.08276474999644
226.93113368901155
303.1004731360121
233.676256891823
291.69532703347363
228.8132403482778
296.42369832945815
230.44134551835396
291.18024156963645
225.07577969346252
298.3365322073755
225.7457928979518
295.7684873269158
227.95116162001784
301.10133919774654
229.3914174660535
296.55578131943355
232.7834139320849
302.74185512383656
227.63168902737775
296.06983664523835
227.62397946321593
304.12493964719584
233.21116729184993
294.4594314384904
229.85565244287466
299.66184105126166
232.0276710643437
290.12669774204124
226.20386334649154
303.22394046044855
227.56239877842128
294.22827513131256
223.02177893406832
300.60493426194876
228.96663042910345
298.2727783090477
233.88632272864268
299.2496608432051
227.29540652522542
293.7518989063245
228.8194637764895
305.44874580900677
231.5055482150037
299.09064338104577
229.8988004120352
302.792692748185
234.0731466452021
289.577909922881
226.99485762773358
300.21445453596687
228.9874170097796
294.97959111069883
222.0170111984325
296.2470644747788
228.43853958158758
298.4336552502963
234.54994044877404
298.71371096864914
226.7410706143385
292.4279038729065
230.23141102603634
305.37327454164034
230.0709181499268
301.7979234301706
228.71055638901737
304.24149918603257
233.26136292705894
290.8036339857163
227.92414707188144
295.8968608035247
229.9642056293107
294.1569411469375
224.21765972656198
294.58805171179966
226.60590049707668
296.8016048872103
231.52573208169804
300.8862177425446
228.3490301348291
294.5142647941481
231.92783904887605
303.5626715741683
228.64389127453785
300.0717741892933
226.87521610708052
303.26499390006006
233.70044941907668
291.9336272742789
228.90816472999052
296.832001710325
230.6048518345159
290.72592513701477
225.09443831480533
299.2175697109275
225.91280494485298
295.48131472492287
227.02701502731767
301.0843446851757
229.48306309238475
296.6542679518461
232.87957203811618
302.51946646571065
227.6654725843467
295.45509957437844
227.90509020321014
304.2950604307698
232.92579189516618
295.1541900621974
229.82419469675216
300.2296526545183
232.410004971858
290.01148083236524
226.31362043404278
302.7450157002111
227.82781896683474
294.3017317782497
222.61152379413235
300.18749546088674
228.8334537611072
298.35319595308647
234.04009422961755
298.93385441064396
227.22032300261338
293.4902971880215
228.83699265673496
305.2878077176897
231.34145130958686
299.8414378958324
229.83315109954802
303.1305179343204
233.8166837717235
289.74187286304834
227.25085864971408
299.3875830988374
229.1795233342155
294.8460979926261
222.25146721080702
295.5392633145061
228.17108161356322
298.09826005851556
234.092440975714
298.73831674829256
226.82431505758655
292.47705033778357
230.75868030207732
305.356593272905
230.0681465662908
301.9344780196249
228.28862713319592
304.0317919961316
233.33178014645046
290.885375712809
227.90978169326723
295.72308163836055
230.27912474888143
293.6635402949582
224.6597122036229
294.74215348351
226.25531938414878
296.5850273164857
231.00453621532552
301.3777005312135
228.54349000949998
295.1826430287355
232.1626133553904
303.28309315965885
228.36100995695955
299.17109379020627
226.79462603345917
303.4285766320156
233.7012450091085
292.1221928181824
229.069276138875
297.1940096018335
230.86766820184152
290.4011720286687
225.19661457606514
300.37283897303274
226.10177098642794
294.99065329629406
226.16314794913373
301.0605193913221
229.31778113602743
296.7896501450418
233.041528408112
302.1175854913263
227.75910093565417
294.9693660506848
228.27214226823745
304.50824899171647
232.64460047775157
295.8007052049158
229.8284569113125
300.7751591465374
232.75977782138753
289.6613999886013
226.465460499921
302.4276409942746
228.14018542275844
294.2886684595843
222.2909492738502
299.6731406314046
228.75776967876357
298.4704909958476
234.23082527929392
298.74565895001786
227.04759399792863
293.3249957542722
228.98410509541517
305.1891483687092
231.13381339374007
300.5227499940871
229.79687975420302
303.55957604417233
233.63227112213934
290.0260096186642
227.55427884081917
298.4194611814025
229.34470663358294
294.752885317959
222.55628344445964
294.97860591192494
227.97222582402838
297.75727167310316
233.68000689507687
298.93030316766675
227.01385061494437
292.6310098901182
230.9776295020025
305.06052697093287
230.17280016180524
302.1272356667113
227.91046554821258
303.5735990907509
233.37348543617688
290.9251303456051
228.0068708840889
295.57337808328487
230.47024098823906
293.1529809440672
224.91572990302473
295.12935454018606
225.91799634278675
296.5138033933034
230.45282759925135
301.46574396099766
228.68365490062737
295.72497229034457
232.39322141400785
303.11207803409974
228.00312577590034
298.392281215307
226.79802271139854
303.5138108144449
233.6309235308437
292.3509590469274
229.20256521655625
297.63248908810516
231.00601478688094
290.2316938146131
225.32163957203284
301.8300886655554
226.25632654226592
294.6084866471737
225.35017324847803
301.02778939598505
229.23614986665243
296.97882437822096
233.28200038616617
301.39739051229185
227.73589879534887
294.6457759468845
228.68086562628568
304.8043632082885
232.4469202825799
296.48400366403087
229.8298267982901
301.0973325297953
232.94649584005393
289.4321839993566
226.52472023406847
302.08904235642956
228.4124655360709
294.30306928173684
222.02265510556185
299.2807748640612
228.71082871083124
298.6356759785985
234.4819338207732
298.7656137198322
226.850969985786
293.26906044889296
229.1303454996506
305.1909864178623
230.91682579452126
300.9966963932855
229.6717826553667
303.95220422326884
