128931587.93664382
127260239.8700126
122282288.09866509
116344887.20117019
109645892.63482612
103295422.10368739
96460642.76487474
89617913.22264574
83025702.59445485
77010130.32271947
71309174.42942427
65927871.05271277
60692661.27360189
55379301.08193233
49939883.88964095
44943279.987976566
40455440.10524581
36400547.94674851
32801805.881026674
29501321.46458707
26370624.688321438
23559061.73770018
21060020.77594241
18867012.644184276
16910080.142914634
15176231.352838619
13610095.70619152
12182359.270772308
10880362.338624045
9716191.48931132
8578484.24816387
7538988.071180576
6544328.548082043
5651309.965394963
4890741.214018499
4250243.616091237
3638856.2344946982
3080784.2992010205
2619117.024380791
2228767.0453370027
1878262.9949169368
1559570.9154464356
1286668.2668875046
1063618.8548549998
865001.1051212
711457.4507033192
583353.9972201505
475403.6471010523
381015.4878062924
294897.44603087293
226014.17423612898
171931.43989803139
127110.75470650423
95401.1842496406
72121.7435776659
53958.180419541975
39784.079863151564
30784.60135689683
23118.78238900297
17713.618606547294
13631.876044763452
10156.852354348011
7841.3604178120295
6198.5680824101455
4874.038971574633
3844.190931963391
3152.8191527341437
2653.8202573694125
2287.7332317733913
1877.7760003250905
1574.97963486688
1379.844315407777
1210.8873590792464
1078.156002885755
996.6802846598378
934.961259421415
842.7433925216966
763.6157193965345
676.9145607116428
640.6557267543541
608.2791764449494
572.0943745931528
523.5954261018619
502.3490293645665
482.466013944693
458.75002202207656
441.8120335168289
428.74739475543237
410.7245381111039
413.1197387207975
391.09627556203685
391.1200025604379
374.57268563805263
375.6030816912514
362.64901468013085
361.13302857218645
352.166331973213
356.1264173489676
338.6456176028201
345.5148832359959
329.0227274548401
335.94845102643626
316.09978712245794
325.99857875673473
307.71321846006055
324.381164709562
301.9332776242826
319.64874105300015
297.02007268157433
310.0555826542872
289.25023654825975
316.7414230385366
287.1330510829339
304.5773165275632
284.00697689767657
308.62420305514195
276.7673373279846
302.73616269388737
277.52063898641654
307.1532595233965
268.2460916331933
305.4868431313578
270.5473695555285
303.4428002863862
266.41785903721177
296.1256391974191
266.84621755570123
299.8713155608769
257.7808524180986
295.69071400705326
256.3750809678039
306.4865669738855
261.76617950622085
298.4223484203491
260.10099857091126
305.4887923612436
259.57827862248155
308.3753444176068
258.4655032548114
314.03238509743426
258.48953115332677
309.24809726814556
261.5573128486643
325.1905001106909
253.9052624245375
305.4919676756468
260.85005447748955
313.37571025860234
255.2087917368413
315.7313966516758
258.43231507562444
318.405732830628
256.52491845356786
311.50379328776756
256.42671713392116
321.5634326642263
257.896667991696
316.66641444123456
247.67601153627498
334.4290823170791
254.6689980245453
310.18575021870686
258.5338268896151
325.6667864654892
258.0007381272353
316.25358197402414
261.49170222590726
325.4716608426452
252.23567766470816
331.18212802147156
256.6999614501789
336.29084336207916
253.76332300751153
330.8414060639316
260.46323519522025
328.6496437512558
259.6940169227501
336.71676467695943
256.8771823781781
332.5516566228549
250.02600919500554
335.05752167207754
259.8305885363344
335.6635604259687
256.7468238349315
333.968681720931
267.77938775014053
339.9815348487191
261.4034736688755
334.24387079863715
264.1292907883653
339.8942779114288
263.8643432317977
344.32005036302917
266.39877336377157
343.7829928902409
271.89165757270246
345.0521503370771
267.59070571940845
340.7844781839328
263.4421468786215
343.8154566732445
262.6807629666711
342.39951163561216
264.8838709462026
340.50514115181466
274.4351682688613
348.9532653995095
266.44035073214485
337.8939816165585
271.19937719888605
345.5903053105446
266.90903052331987
348.4293594809018
270.38448413950647
349.8371775225132
279.6534627113065
348.86534455658784
275.09249363062526
341.18821297984437
275.1652301240718
344.2298219352472
269.5786834216113
343.10855306649324
270.5333603828469
341.9422925410032
280.291938234843
352.51209222481737
271.54380307313863
334.6896039433828
275.06909534724474
339.8390812899606
270.45157594002876
346.4589012851486
270.0218249384511
351.2350348880565
276.7443961326579
346.6141630078103
275.46140949281613
344.3267460769995
272.0271356393447
347.5416570018049
272.54314046898253
344.77077418471845
268.7993891226326
343.47072906741613
278.7408647484938
348.0409623350481
270.14789015693293
338.44224754208676
275.92606365169434
340.8867457427179
271.9675700988273
339.82692507317023
268.84148510804334
348.1212932908201
274.0984222411919
345.61981058066647
273.3766173182501
344.1057212668577
279.5475951739362
350.94699835480736
273.5814389605848
346.246831960891
271.8841432926641
344.9485977314795
273.5496589231978
344.89618302063667
269.6430325618917
340.55301442764124
278.34282015890864
344.407994742015
271.57308993273426
337.5320603242627
272.3405550731251
346.5518975417422
270.6154769961937
347.1849638131216
272.4773304477108
344.08976877986913
279.3041633880278
340.3439725337677
275.04125030119974
335.3800235140974
270.3307462332297
335.0457261163528
270.59276920424105
337.15525244953955
270.7695251985917
335.04116051459727
280.2558004135639
348.27985573299685
270.4896712914271
325.47607809494747
273.5523830312126
337.41381609979834
269.3809374851839
341.9957492549804
272.58795530108245
349.27073970650474
278.51866261532354
343.41278335804145
276.9395134339054
343.23111996401747
271.2621387486563
343.64700617415264
270.14845119311826
343.07270933529793
270.6622516396447
345.18008683768704
278.4562950545781
351.57146129519606
269.97587876681786
334.7304003888189
273.06592121903907
340.13441063502734
270.3180507893864
341.4063055842194
269.5962390915128
349.71747011473917
275.10325142742
343.8938669862408
275.36831326219846
342.69247599780505
273.09022109312053
344.51501810632766
271.76748201936
344.05524636753654
268.8146850561698
343.92795399110753
274.7438648035637
346.73911207830633
268.6890585668728
334.30353123800035
277.04427415174496
337.2394277418477
271.78506263473884
330.52280547922504
269.5789454233325
342.65177208274764
272.37808994234666
344.08767299370686
273.69432181359133
343.3796040510745
276.9662183788726
346.3430547924249
273.49251756888435
338.57638139269886
269.7527798623353
343.7292730350513
272.6749890774836
345.232849497644
268.98758353164493
342.77861190968554
277.6642890616552
345.20906250172067
269.95460906949813
329.63208522947855
272.63414623521766
344.3338306979172
270.241170424521
346.47695549373736
273.78960794009674
346.9682667742729
279.2505445752103
345.93198480546494
275.0344325305602
341.94078759553577
270.4951037377832
342.4611113257855
270.42109843805446
343.9724444112088
270.37778940034923
343.22725929294177
278.9599143662626
351.7383707776415
270.91136997792455
332.75262618708837
273.56488777255385
340.36695694477294
268.99515077287566
347.3076326026343
270.5296269843433
349.1579605736791
274.96014795327955
345.42971428272244
275.5259790168218
342.6289432698539
272.9460505994832
345.3856184638118
270.89617077951306
342.5902974245569
268.23759063665545
345.3129460637987
277.51683451179156
350.90197489267075
268.0142971461642
335.4191128191936
275.38073119515286
339.7572988780681
269.98329064056605
338.80712044181126
269.1766379327111
347.05752278941617
271.9655943477714
344.63734430892566
272.3168303378628
342.3637148796676
271.32935766497224
344.27814011611207
271.8689074545764
342.61814722486474
268.1958920922631
343.36983511037334
271.91929689909114
346.29719976355045
265.48394796860424
340.21463382966175
274.6214390147709
340.2685633206787
269.9133461616726
331.33449040346125
268.99349607210377
343.74186043300125
269.11282941425486
341.68436417357424
268.4962942527693
346.6502575431863
274.240848031268
344.5285314643367
273.4346444558153
343.35811940903176
270.804583990083
339.6968677888277
270.3547022082881
343.9864315909108
266.1531755961856
341.68770406546594
274.6929735055846
345.9521291852406
267.24155642835785
330.10191752574013
273.4984940141854
341.83772607274915
268.98216766590247
346.07468475232906
268.5902778772782
348.22256447863367
275.65182693826694
344.73791649132033
272.8633982884185
342.77648458897227
271.6463365057691
340.5607400863005
269.59269645708946
342.9944478075877
268.4001955341044
343.7777439264285
275.3822559716903
351.75185402473835
268.9885360363091
333.05458820051257
273.3959844122456
337.2448536479621
270.4603017614267
345.24648141602427
269.17441771035897
349.7804898032928
274.22198732172
343.71835550333213
272.9012790208133
343.04030015068105
270.8440164830708
342.6686170963264
270.26426119423814
342.97985783573023
269.21388278144406
345.44968664932424
273.1953290225851
349.76335270009247
267.3159855350461
336.0597835072983
272.85215005377745
338.17228479045235
272.025576868422
336.8237680140311
268.5760999388675
347.1505604656133
272.3876904347716
342.29330065127533
269.5815443418492
343.20460357381427
274.6078127126487
344.61430268029414
272.73389137518984
344.1731138653979
270.8279945130823
343.79102711426555
271.55841145300934
345.9990603354625
266.86145728950044
340.8967191856233
275.17288093240927
341.26838889875336
271.4529645015723
330.6637220957174
271.3324401619052
343.5516164280049
270.48946807559264
343.49680107468436
268.3947371512709
344.9822007236356
276.24594012444237
345.1732231348921
272.5469022664306
342.92373253490854
272.4273407604156
340.38227833157634
269.6774908088216
343.43288817523245
268.16142854869355
342.1557889722765
275.1151882776428
347.0102849579796
268.79036770353684
330.8665246013486
274.09454429474624
340.93648740791747
270.5899580391069
346.31874295594355
269.0575871417217
348.6097754805542
276.78180600520994
344.8304820772511
272.9879001511396
342.64651806053587
271.278239183479
341.2388785121499
269.5748371291609
342.93857692945653
269.158100478217
344.30038525674786
275.1448663317325
352.2603095376707
269.34601621787414
333.28139486686047
273.0339293026676
337.03963363165616
271.14038483168133
344.5239815598958
269.1071375797737
350.05421584828906
273.95841167609984
343.3143044570556
272.13696391573745
343.17881063193107
271.1082346084318
342.9220326210302
270.61435806400004
343.38085704124944
269.28625977432796
345.2590486485904
272.71151741866777
349.054495116167
266.9043110515928
337.02220736236194
273.289725988547
338.49730666386455
272.4209013750427
335.27066955100054
268.7443032075121
346.1477211172466
271.9589657044894
342.4928062644508
269.3477883327139
343.3037406508145
275.5925831937753
344.81576682367887
272.60750760874373
343.8109394397148
271.1619569405533
343.3745094539073
271.3023999704166
345.4197533363299
267.0402304426714
341.5735673580889
275.18558034674413
342.03658238243463
270.82382817111204
330.2485839609132
272.1275071909381
343.1815850706458
270.4453476256176
344.08070333895324
268.3409646169981
345.67960324923547
276.42317079745
344.919351795033
272.5591429923313
343.0206109225437
272.471972080208
340.26157659004764
269.52563834294693
343.10935735209
268.32600684003046
342.39161200973183
275.3084853844085
348.1345894723492
268.72063941640175
331.4831847857589
274.18810281655374
339.8742310708595
270.64495694931423
346.12257194355334
269.2960998031046
348.8045704183078
276.59582011686575
344.3728219463305
273.25437525534295
342.6657365392153
271.0392475055886
341.9563141915132
269.616200927013
342.73881922038373
269.3805907448258
344.8434136716925
274.9348401264196
352.3203299397534
269.1306845906018
333.7092435830844
272.7464290126767
337.07662479793714
271.4447688587637
343.0807249310362
268.6960770627953
349.6902337696189
273.5048932449721
342.8651313932371
271.5564704987472
343.3058838866503
271.5453177870973
343.3635510441097
271.06355247392224
343.8639608005917
269.4119922254703
344.85067517731324
272.22277616935924
348.2786291651497
266.61165410761197
338.10929750473497
273.9200457447386
339.06502344130456
272.3368513808339
333.88446612958273
269.01734677740376
345.2996858673104
271.64714406150046
342.4788082758436
269.19189989234303
343.441533080872
276.0419319646138
345.14973733767874
272.4714421279534
343.5111256508177
271.434065899258
342.64067424604053
271.0759541733101
344.85270094010997
267.228011804472
341.98480425019306
274.9947016561107
342.9507164545254
270.28762073106725
330.07904988709487
272.9407900053193
342.8846847106559
270.55037025412946
344.7831702411671
268.34267588292255
346.4607075708743
276.5840889082818
344.8531724161544
272.70889603229455
343.01098290675446
272.22106439493814
340.20766536535564
269.5295875792503
342.90592486856315
268.45152465838623
342.70543220270923
275.5948710428242
349.2341573129278
268.82019244597103
332.31123563330624
274.2372567572075
338.84404756375307
270.71606559913573
345.94646409280335
269.42112931196897
349.07998560951734
276.1345793674709
344.1063457727475
273.3886247422444
342.7189885007397
270.95318120507943
342.4278054471673
269.68066634752483
342.68181493331656
269.53483085849354
345.5262988478134
274.5512744220154
351.81965645218014
268.65163808099925
334.24508501245407
272.51378542896373
337.35066734961634
271.6709076032166
341.37399003102695
268.43308922995936
349.40140945053946
273.075455964698
342.49820934552656
270.81858020742726
343.1959433666318
272.1992342761869
343.83637212305337
271.56040109449896
343.8681814769081
269.6849193806782
344.5488544865262
271.87994537038384
347.546676327189
266.502971611823
338.9844179520851
274.68786922799995
339.8483815704623
272.2816967725142
332.7853130639301
269.45577131231045
344.65248269809666
271.31528746254986
342.581938972121
269.0035420806678
343.73471743753606
276.0907617312778
345.27627632132817
272.5441188475276
343.3155072562263
271.7301925843964
341.7014641877429
270.88942646548026
344.34401888122306
267.40669872418823
342.07260726821016
274.90291959345853
343.9986076355738
269.7508104417119
330.091769200967
273.3663894902069
342.45212601173984
270.75980571149194
345.35344068796127
268.3678717563781
347.0609203121222
276.73386639425513
344.9679138251063
272.86387858950053
342.94880887623884
271.9215794942054
340.2332310674152
269.5541610437074
342.88298181919185
268.6791457341981
343.0556348053406
275.67810989064714
350.3438087749134
269.08773616568385
332.89530296441376
274.1407947047804
338.0390450288797
270.6231587371405
345.7559198548168
269.30949824442195
349.4143368198012
275.468590990301
344.0453699704078
273.38217120444347
342.7954191456775
270.95794549599714
342.54396132459107
269.9301118160631
342.7405592651161
269.48746144307137
345.6231884771549
274.0988510948018
351.00912598265455
268.21137739968424
334.7733874325974
272.5163352007304
337.7405846715188
271.90601747811843
339.5586454138373
268.30868799945046
348.76492187525815
272.7863602787761
342.29285922122614
270.22225341071646
343.13829122192936
273.0623698631898
344.04693310262655
272.1342536608158
344.0034030225273
270.097288196589
344.2738241434488
271.6261423263633
346.9080617647607
266.57098062183195
339.92036069503445
275.08011770727103
340.3777096341346
272.3713275300324
331.9096532125851
270.05807456759754
344.2107754331214
270.90085784805314
342.8271383027179
268.7664830069408
344.13239557361084
276.11768822119393
345.4021627631629
272.5612280973639
343.0475655976397
272.0897237150041
340.9711434685211
270.27946517781794
344.0090477753255
267.6779609890214
342.01448385059024
274.89195655746505
345.1682496150518
269.2465502812657
330.3331078538751
273.58063304963304
342.0464078864269
270.6378985633029
345.9186196574987
268.5362390003253
347.78861118776825
276.8903197908864
344.9950518389527
272.91950886680934
342.8165398219698
271.7776745250877
340.49178749975266
269.58976231563554
342.9204121092297
268.9063208323803
343.5504845795877
275.5709331748545
351.2904844956749
269.43333917672487
333.00787314835924
273.64436231401794
337.4653389868812
270.6684658837857
345.5065392714915
269.19964120358844
349.684051121073
274.7771618312586
343.9050854215488
273.2115046031104
342.98651556659905
270.8687977948184
342.6471129933648
270.10559490541516
342.8523581593242
269.37659232761507
345.5496348995185
273.5201534969133
350.20145176004365
267.7018638892601
335.5457792053442
272.692965332874
338.02919207579214
271.95099342655413
337.7889260211439
268.4115196951459
347.70423639367027
272.57235449546886
342.2481687726212
269.77605318192417
343.2047381464053
274.12626620356895
344.34834495988997
272.62628594615353
344.2738018084795
270.5551569613578
343.9639312810054
271.5385656960138
346.36816440068293
266.81359375482504
340.568588451452
275.1596091759316
340.89481045192116
271.7838957078512
331.0427359157572
270.82080112213276
343.8094455900832
270.594871960252
343.2118765836687
268.50041054494596
344.62538986557433
276.17738702628975
345.25915463521164
272.56360448160615
342.9763687003106
272.4113805647503
340.52104945831707
269.8445581398567
343.67231810241685
268.0220438689194
342.07019904606267
275.0203235317956
346.35643416108053
268.9087708034869
330.6042699820115
273.9072671116919
341.46668332539576
270.61700286767496
346.33987500976866
268.8419786787319
348.49813171052375
276.86062517976217
344.8757322654231
272.9194285524029
342.7049721876935
271.48338455932117
340.90826950538144
269.6508088621244
342.9835202719476
269.11716297994593
344.0151245745918
275.2471775898963
352.0588189417851
269.38940827397903
333.13488814798785
273.2195365569569
337.12755426488934
270.9182103925459
345.06781404850744
269.2152856881003
349.8828951448763
274.1819239790406
343.63163169723487
272.55697356754445
343.0897353280362
270.9030923845179
342.76137959711434
270.42438554116507
343.1811950859746
269.2919536929733
345.4001994200578
272.96224545898264
349.44797969495113
267.1484014718979
336.44316915758867
273.00092636930253
338.28174465697685
272.1860248691576
336.13959767632326
268.6502039519459
346.7204370609079
272.18011194340784
342.38517435417253
269.46279135696113
343.23866183563774
274.9550106126075
344.7269671936421
272.6681471228503
344.03885156894705
271.0244586568938
343.6502032438263
271.4564932731394
345.73632509228787
266.92358535796416
341.1583721153678
275.11923891230344
341.586643428711
271.1642840364916
330.446322884748
271.6740671262818
343.37172907948826
270.4455595830303
343.75844900201196
268.3608079697681
345.25873841619534
276.2570568401332
345.047122467717
272.50875179901334
342.97274215896005
272.42886856737005
340.3025712032325
269.5899935611874
343.2850691600499
268.2721740914183
342.23733570552486
275.1252869901094
347.51536942896286
268.7233681381193
331.0938323900958
274.1086921097423
340.5217996570144
270.6083082324899
346.26999239448986
269.1567223394306
348.71390629946546
276.6759153593243
344.63383879739104
273.05553361894243
342.64939834523
271.117990577285
341.52101845790787
269.569685079258
342.94254686218693
269.2491490116918
344.507430149024
275.0285329651254
352.36232146400187
269.25012170710954
333.41824567176394
272.91299902896304
337.0272383668344
271.3274631822176
343.9011587789127
268.942047496183
349.90690828891053
273.7575421924126
343.13535259767906
271.8544543746901
343.2742998941567
271.21105240114866
343.08365725751423
270.7752942033326
343.6767438769855
269.3311727187813
345.06597644729976
272.475558537822
348.7338911489734
266.75259216194075
337.4718448255383
273.5193419561273
338.71083985782104
272.464421629141
334.6580810480471
268.8425785857306
345.76479631314464
271.80504423683817
342.50787080089106
269.2599478608516
343.34375485865866
275.89103555391137
344.9303129944558
272.51344634667976
343.74936784644
271.2785547143343
343.0710928700557
271.17803085456694
345.1616461408294
267.13721577694946
341.8459610289786
275.0384016327383
342.41938722816263
270.5824712181297
330.15971397429126
272.4673061847302
343.08154980274753
270.4708860459348
344.3869849236938
268.36033493352204
346.0183710361245
276.4566008248302
344.8729538329052
272.5834978506788
343.03339201338196
272.37230923217373
340.23782388612744
269.51724807164516
342.99837965133185
268.3782289964163
342.51767395828267
275.37722839358645
348.65585915255355
268.7249890238284
331.8019961410085
274.17105237577834
339.4119467826736
270.68861469459296
346.06956511048213
269.4547563793876
348.9029871452959
276.36563348597025
344.244949819918
273.4195480893984
342.70086983536453
270.94031915644797
342.1876276291797
269.6221483923151
342.75389073634983
269.48796490947313
345.1100008040785
274.7155933143699
352.2307904396523
268.91670286628323
333.91384143236235
272.6117973296996
337.1648000041413
271.51079451055205
342.46135585294974
268.57538221710456
349.5656588843893
273.28102959180984
342.7087410593792
271.21838463761975
343.26965212420197
271.73847381876675
343.610097078095
271.24280864492766
343.920318400577
269.51702852755557
344.71096498968893
272.03553710034595
347.95370904875836
266.53959565641526
338.5482256592555
274.22012630780375
339.3787730471422
272.27683283869607
333.385613321833
269.1828996208095
345.0010771071743
271.4938285241428
342.5289027744647
269.1718073216426
343.54777752629803
276.01564036976583
345.2210121226585
272.46425097132806
343.4419014821088
271.5447101682872
342.24061336542223
270.97975430981245
344.6161771266353
267.29669411089577
342.02383674436845
274.88380988942134
343.3931386186558
270.0710483542726
330.05768137633265
273.13163934654676
342.6789812898227
270.63459789593344
345.0643336367797
268.34733453589865
346.698697783046
276.5778742179073
344.88659926942984
272.81749875801097
343.067611603516
272.04680359736244
340.1841820356263
269.5269284119314
342.8701802594521
268.5526202614539
342.83024264022015
275.6724820839227
349.72491457609135
268.89613059165663
332.57732026204843
274.17802512488663
338.4762270457947
270.6891782057657
345.8746436583056
269.4068185301791
349.20279079588374
275.863197770193
344.0697963902141
273.35182179834777
342.750111095985
270.9162700680834
342.55353541673975
269.76953058245476
342.79033223182506
269.55870762998427
345.5689612274764
274.4014487922991
351.4694383434775
268.4483352525015
334.4224901258459
272.47757007849754
337.53895827041936
271.82529313983946
340.5912973756521
268.3659462809762
349.1542599133487
272.90676804868747
342.4115279773845
270.5351333188264
343.1568650094798
272.4799759518244
343.90429712305587
271.82535545483313
343.94545464352274
269.8497973222362
344.41079225639106
271.732219671436
347.2599782256567
266.51091956701083
339.34191237721535
274.96996237850846
340.10904903792493
272.3171199829111
332.412749640183
269.6879511084068
344.44050003029525
271.13812342630115
342.69296588903205
268.88719650850453
343.90582484816554
276.0543374663292
345.3440740818784
272.55786917635527
343.22432519064193
271.86028166993435
341.35396866806946
270.60493883606335
344.17589666923084
267.51326954770815
342.0292314479314
274.82213307225015
344.4967089511494
269.5018123404043
330.1486354792769
273.43072904167803
342.32605156673645
270.7110747002099
345.60226763892
268.4370256086002
347.3537257000785
276.7440988534278
345.02376082495056
272.8641033706061
342.88857155929907
271.81107533716994
340.30825083778075
269.6117514772253
342.9038001528328
268.78140408132487
343.2433788948736
275.5931883443716
350.8697724019563
269.2234280454897
332.9042239520105
273.8686981265954
337.7685299936923
270.617160590612
345.7231411158744
269.26730686541646
349.5717258610903
275.12053622045676
344.02070535851556
273.4116533299345
342.87089783818215
270.86253201893095
342.5723998056107
270.0199404471242
342.83006384896123
269.44058167426704
345.6720187116136
273.8294173474418
350.6553950438829
268.01171794194875
335.0675792895495
272.57717674104816
337.84530163088635
271.8966620504978
338.824183690424
268.33322184937
348.29484750805267
272.68637067071126
342.2754336031025
270.02248877782347
343.1626847069316
273.42790974215393
344.14704695353004
272.32366262499437
344.18825535238614
270.2821209524714
344.1441700689253
271.5568591164497
346.6640470633305
266.65186426378057
340.25250257612413
275.1345370342237
340.58301456557007
272.1458873188573
331.5221106199017
270.35533282053336
344.062146193182
270.7424858454449
342.9978781024281
268.66818216968915
344.3221407304246
276.07228646564573
345.31617905878136
272.5424324265564
343.0427667771494
272.250810700685
340.74062400881223
270.06917692209004
343.90658798753685
267.8468097041102
342.01891596342625
274.87127373208943
345.7166303748089
269.06689639778364
330.4277711277023
273.6856950820049
341.7778278375304
270.60940530789765
346.21676416371844
268.66232645048416
348.12016414057354
276.8662192780091
344.96075020628797
272.8751315945157
342.83465465695286
271.6485534847158
340.6460391478068
269.5938295172521
342.9647424896802
269.0494088043698
343.74950190530603
275.3968388549938
351.6588618156022
269.485600174908
333.0908327975127
273.43301376916486
337.2940436719448
270.7486168273335
345.3801396102471
269.1975925367199
349.7491652981664
274.4866303668316
343.8093188337781
272.9850886866705
343.03402471690373
270.8265723638275
342.6688526354802
270.21178147739573
343.0004583860536
269.33545001022185
345.47131863165095
273.2487134630977
349.872060519405
267.45880269537787
335.9191825265413
272.7921684849304
338.14510283325774
272.023387005132
337.0842220841799
268.5321879025437
347.31127774071456
272.4508191231741
342.299121751517
269.6291048511512
343.2011104162352
274.4260028480872
344.5400692653513
272.7112911794202
344.2916660676544
270.75840385702617
343.82781050960415
271.53313684423495
346.093597327679
266.85998810280086
340.7995148392904
275.14210466947134
341.171970772809
271.53454974801804
330.752069221248
271.18112739684454
343.62425081235716
270.50685327535797
343.4408605490829
268.42551671249487
344.881737610171
276.166200599327
345.231524468327
272.5492864445893
342.95674984815435
272.4013311029133
340.40927489853925
269.7128000135607
343.4889666498872
268.13294031608837
342.1235499006753
275.04051437849034
346.8549991581375
268.8000075476106
330.77619223108456
274.0239174051634
341.07080291473363
270.5906585296826
346.3484624067431
269.03018977361234
348.5749506619831
276.7491269510564
344.84269747004157
272.94986329487205
342.67196596790694
271.289327034443
341.13681848793925
269.58718655750477
343.0329529450622
269.15382937798296
344.2236402273805
275.13600541811985
352.2654455510284
269.3429641769286
333.224581689636
273.078531344764
337.0561560295686
271.0781395755754
344.7157350268072
269.1652901975555
350.0129928284505
273.98862097003195
343.4086020560527
272.23406371301957
343.15578646310564
271.0061599593573
342.87091595764934
270.5602284977838
343.36253050557156
269.29067543793275
345.30891011856403
272.7558698574452
349.1533435402935
266.9589675865113
336.8505784205498
273.196538589445
338.43174628978613
272.3462678504613
335.49752930617126
268.7214631116754
346.29599888056504
271.9991372915637
342.48010975436176
269.3811298172048
343.2979661513485
275.3718139034217
344.7831652827569
272.6158187615039
343.89621698841944
271.1187999613831
343.4407225692902
271.3417152484791
345.50009088514634
267.0066962903801
341.4539487264985
275.1220124741408
341.91903937014115
270.90004103610954
330.28762182244895
271.9913326303967
343.226095228456
270.43578968081255
344.00836291411986
268.3480678418887
345.5622405499909
276.33420197209983
344.9490375995662
272.5263962186886
343.0296640410042
272.4499346860254
340.27406670855555
269.5349455209059
343.15297621949327
268.3314168047194
342.3439059289234
275.21534927740345
347.9843409572566
268.70323559548115
331.3616196830535
274.1537899980529
340.0525540408672
270.63166584837757
346.1747693814794
269.2657124861723
348.7752806849296
276.5834713747905
344.4426115828604
273.18148791203924
342.6657087485163
271.02430509209216
341.832971622344
269.6049985761243
342.8366761793619
269.35182800811526
344.74480750498367
274.96804952475725
352.36706465731555
269.14775798225867
333.61357044419424
272.7967693228638
337.0563163879873
271.42756726138134
343.30308585066433
268.76849802326336
349.74340947285265
273.55197428569505
342.953760690769
271.6221196844725
343.3317609701765
271.4073547916631
343.28081697644024
270.980336224852
343.9057904365129
269.3917344629868
344.9002777335228
272.268093802282
348.3940501590912
266.64009543254525
337.92247556855534
273.7966415914399
338.96388233116716
272.3576077454629
334.0845314123241
268.9661549911511
345.4175452719238
271.68955778288125
342.4990426102661
269.20518063345196
343.41113596813017
275.97004222600486
345.08465047866883
272.46719794660953
343.60109423103876
271.3888333310951
342.7434302162884
271.1005003224865
344.9312732595161
267.21611748208323
341.9579949599819
274.9577132668576
342.8136844104533
270.35376938488247
330.0916072171715
272.80212660648635
342.9679175534854
270.52121427107613
344.69087713879577
268.36356087274254
346.3799024968504
276.512696612489
344.8553495024522
272.6559714009327
343.03028191553585
272.2469268591788
340.218775951331
269.5383751906671
342.92211200576077
268.4387310711314
342.6592084842997
275.4954319501571
349.09902969974485
268.7767193796472
332.1774149505383
274.1878946078688
338.9891026450863
270.70240338718276
345.992981933069
269.45446352708586
349.0292045982592
276.15930152284994
344.1449877439545
273.38775842723186
342.7176914365737
270.91122262141334
342.37519062724397
269.65695941211925
342.7418707992163
269.5335320511859
345.406724314972
274.5634479304636
351.9421650175483
268.7088230718088
334.1750760134693
272.5263536916233
337.2941285245606
271.61848686493215
341.6880392152154
268.47530594101016
349.4771608663068
273.1069076757362
342.56332558699256
270.9139548751578
343.22290328930995
272.02600414844625
343.818844894194
271.4639457114827
343.9235411545871
269.63968768163716
344.5983905856446
271.9031766139288
347.64914713672226
266.5049131780763
338.8530387718897
274.5462330433525
339.72520017122133
272.2657675948261
332.9372565682518
269.37627465070693
344.7390895253627
271.3576470781861
342.580810719948
269.0551968012516
343.6804322380703
276.0228373898598
345.2623032455427
272.50631441205326
343.3756905893684
271.67215862802163
341.8334409012861
270.92744132608107
344.40802042218
267.3811399910597
342.07182025538947
274.85641635790455
343.8442739987157
269.82801667464776
330.0739641979729
273.31936540403274
342.50676515624735
270.72165141240475
345.2954613481218
268.36707940257884
346.95981855089934
276.64782683046906
344.94773331198144
272.8505125894644
343.00849731205653
271.9275480740539
340.2080623753231
269.54183503026087
342.87076924053366
268.65278127197274
342.9866263590796
275.648403152862
350.1995483387153
269.0187325094572
332.8031629412463
274.15231198688
338.1489798202092
270.6340977313643
345.79876485151516
269.35359712535126
349.35265756355074
275.5446270425513
344.05881280260263
273.3582223475656
342.78638760523063
270.93686380407974
342.5346220188866
269.89911472358136
342.7930055851801
269.5149553817337
345.60090613764595
274.15631873052166
351.13091585370853
268.2615023692235
334.66153862992064
272.491336680137
337.7045711897036
271.91269778618675
339.8415063734905
268.3240163457333
348.92534005225775
272.7972371022261
342.3342904470671
270.2952031603964
343.14079686907286
272.85578388131285
344.00799712401323
272.0505688739736
344.0158544354632
270.0342901392386
344.30221556648917
271.6360757972898
346.9955302667712
266.54947606699386
339.75176344761104
275.0342363059508
340.31870510189583
272.3509170259247
332.04148164898737
269.9503023175913
344.2655238233844
270.95176521054043
342.80468707747013
268.7973478142026
344.0713463690685
276.0538677874423
345.3924568877668
272.5577605155769
343.109013295611
272.01537562608064
341.0606847229422
270.35731156390324
344.04465179973585
267.63675433146284
342.01095178898316
274.82578627473293
344.9986095792845
269.29772365804035
330.26720722210507
273.5172730067054
342.1435090613156
270.65431233988596
345.84755371190005
268.5161787573091
347.6682123250388
276.81471263420326
345.00574071767466
272.917292418239
342.84293775848545
271.75990144064417
340.4305299228001
269.59898482606945
342.9130405862767
268.8809484169603
343.4625956329109
275.5466272690227
351.207737639553
269.35923236166985
332.96375728151315
273.6672926057017
337.5393018338597
270.64762427656075
345.5781283604794
269.22878497159604
349.66739053411413
274.8366506314766
343.9408224424258
273.2704843538625
342.9577141328798
270.8245560311765
342.64594264691976
270.0735577594148
342.8849338396234
269.39802119461604
345.57569412125895
273.5821498245931
350.31710369161107
267.78153557183145
335.40307904841484
272.65108866807384
337.9785513312945
271.92618932440524
338.0701978161512
268.3888846972585
347.8563836382482
272.5951174480499
342.26596668546904
269.8327183862193
343.21047710481434
273.88812988930766
344.28656637686584
272.5494136576938
344.33320413505055
270.47790417831686
344.01344194426287
271.52885846325904
346.44413992562744
266.767237265569
340.48181002456073
275.14307016923533
340.81178259198543
271.866515691219
331.15970908062275
270.6852059184712
343.8811086283389
270.6230770865347
343.1683314947154
268.5453624818049
344.53942913342087
276.1021991343351
345.267649833066
272.5424178944189
343.01712259274746
272.39635172101214
340.56637323832206
269.89608110418476
343.7380492797616
267.9989014310196
342.0488872427109
274.9340309825673
346.2088979791183
268.93344878002546
330.54017471870975
273.8312344823136
341.5451761072032
270.61629304514884
346.35479654646446
268.8001777307053
348.4454536784903
276.83579516891723
344.9083155553242
272.8878622855901
342.74655076931424
271.5100406593155
340.8260495394975
269.6423155546024
342.9749063398072
269.11057683465145
343.93476991072595
275.2914020474869
351.98454842816153
269.4114269840693
333.11591419977754
273.27136874111284
337.16450774060087
270.8658706228114
345.1479479854193
269.2061711562575
349.84338861843383
274.25904819569195
343.673675145504
272.6846561103864
343.072234648577
270.87519903882713
342.7284231321358
270.3599545656855
343.1257015054623
269.2988112250191
345.41536792145257
273.0340628079117
349.5597660727047
267.22577485089926
336.3020123287585
272.93857888562013
338.2355515532541
272.1358737093221
336.3879869666574
268.62545478286904
346.87233604111725
272.2545325845106
342.3565018084346
269.5011114408295
343.22388190607325
274.8083285801044
344.6995619550755
272.6942652975548
344.10026515995395
270.9861975725649
343.70117913077416
271.48526053777215
345.8281412692718
266.90072439438876
341.0577631042471
275.122197360122
341.4688432440435
271.26767115824447
330.51826594148037
271.5643173249812
343.4332676327973
270.4565333632456
343.66861856414766
268.3727063326334
345.15543769350245
276.2299430072187
345.0890001004059
272.51225619965203
342.95875201106105
272.4222467705536
340.3266988421729
269.6184888803438
343.33413525126633
268.2515414577172
342.20285080496325
275.09806342039946
347.3455908548127
268.7383017420655
331.0074195244079
274.09366504844166
340.69581583273595
270.59755233110064
346.2956998816536
269.1229323889208
348.67823034049064
276.7087673156727
344.71148678527925
273.0195347983627
342.6504544924441
271.1589635723151
341.41062790258513
269.5663898131702
342.96905981803195
269.21838434254994
344.4265738352
275.05220853497354
352.33782556659133
269.2939973821195
333.3579412507036
272.95168339756225
337.0271250109424
271.2549897846298
344.13023469430925
269.00971387713196
349.96559724145993
273.82114427039966
343.20301462438835
271.94918498110104
343.23927599105207
271.148794042095
343.0189872654933
270.71008216452276
343.5846721576328
269.31545181579116
345.1320814537416
272.55923442113044
348.8614120978202
266.8019263321484
337.30578884123133
273.4266960194353
338.62722980857427
272.4601313539695
334.88112818772527
268.80462294911024
345.90075754198756
271.850996639543
342.5170794634438
269.2879516002624
343.3265544119638
275.81295915557814
344.8824605678622
272.5396653968747
343.7895861390766
271.2321730283961
343.2027943669303
271.2153545023943
345.2517056816601
267.11010444737843
341.77540814306013
275.0726627491804
342.27967081272874
270.6626332705828
330.1838865884431
272.3348377871136
343.1140223926817
270.4559171980092
344.28102117317167
268.3644702147667
345.89146878936253
276.42092457972416
344.8864906949604
272.56657235347285
343.037932948296
272.4190428327223
340.2377877834718
269.51535822333585
343.03396817566363
268.36151047994804
342.4667062186331
275.32931277558436
348.4720645452875
268.71354049252665
331.67542537092004
274.16399632416545
339.5767874179977
270.6768113882242
346.0958582917845
269.3994941722101
348.8635741700983
276.4473652231445
344.2908512019188
273.3482081191781
342.6985029165819
270.95775021865825
342.1127354351003
269.61925813931225
342.76851211978277
269.4757328239931
345.0073236439437
274.77818667017164
352.31792598258204
268.99925941666345
333.8293973919779
272.6536449890105
337.1278611313109
271.48108929755364
342.72164217587004
268.6198820217996
349.6067967192334
273.3481216271422
342.7690473931623
271.3391370744937
343.28173243237256
271.6425172530356
343.5150090880411
271.17088455128123
343.92369587523905
269.47853504375263
344.75733903638894
272.0920274818825
348.0688236034819
266.5604601318388
338.4211594484966
274.1066588302825
339.2597843011607
272.29096244309727
333.5632837163948
269.1193100889634
345.10606314856335
271.54108449495817
342.51611319501853
269.1823745539908
343.50603603018334
276.0016012878951
345.1918463894438
272.458178659514
343.47625019293105
271.4992821881755
342.3907641753713
271.0076575721202
344.70021890904013
267.27184064420203
342.01225584948554
274.8993824753302
343.2332019888992
270.14163834700935
330.0564735100522
273.05552475803523
342.75032397785975
270.5988303145995
344.9844410481266
268.3467038674776
346.6087651354576
276.55685390680094
344.87198256880305
272.7670782143144
343.051442800244
272.09753846891647
340.1856746910349
269.5229759689046
342.8779890414226
268.5211428242759
342.77943155737194
275.6329674905582
349.55419747255974
268.8585602330446
332.4853130291021
274.1878233044488
338.6063357030319
270.71816856105704
345.9064869772094
269.415324663409
349.1545449820851
275.9744147358725
344.08293349884434
273.3562830459226
342.74228563146966
270.9097590227094
342.50799628336637
269.7318796065746
342.7723723968116
269.5585241541956
345.5624330329109
274.4395662148507
351.59494138972497
268.52407312032494
334.347030280364
272.48294651740775
337.465519723827
271.765723412566
340.87736347220374
268.3915246145691
349.2490260746455
272.9546031274058
342.44684608166494
270.6319471593531
343.1695409457925
272.35129784566124
343.87471881949534
271.72168705462354
343.93111509151686
269.7885704505889
344.4565771023058
271.7753148019165
347.36111616048186
266.5032112405581
339.2024913849749
274.9029501919655
340.0360180530106
272.29569448755547
332.5432896586232
269.5989508944657
344.5137340728521
271.2132833057315
342.65817192459207
268.92756708571386
343.8403601353363
276.04334712554476
345.31485483576614
272.56185625246917
343.27267071094656
271.80701159024005
341.4736323486508
270.70321153296914
344.2320305261781
267.47434270792314
342.0408181278024
274.8268067501748
344.3176044107472
269.5839449405107
330.1184909142238
273.3985220401481
342.36820820206464
270.7309127546939
345.51758302297054
268.41338386906193
347.2438573572651
276.7231737915901
345.02765606776046
272.8532481801635
342.9141597378299
271.8369573346748
340.27360162704684
269.58585813229
342.8969724503742
268.7498411860556
343.1695271105374
275.60300934681135
350.68751970614176
269.1708152713562
332.8917702878274
273.9501890575354
337.8629138132833
270.6149648495658
345.74010033553253
269.28579139541046
349.5185624540004
275.23019225961497
344.0450851615353
273.3921977791713
342.84428429580396
270.8749860272796
342.55495896556044
269.9865979400867
342.81943762599803
269.4633133019002
345.6546778859415
273.91594771478407
350.78167657056235
268.09706308055314
334.9495987092185
272.54655829159464
337.80065659767894
271.8944442920473
339.09158337545324
268.32318036096706
348.4636453527681
272.7098876446413
342.2858442862459
270.0912669814722
343.15181008956785
273.26782786169036
344.1052617487022
272.2493783090299
344.1332146100362
270.212493441957
344.19723343729447
271.57210203317186
346.7493683859386
266.6180083715964
340.1354006851806
275.1274060704339
340.5063765491851
272.25576915051056
331.668322479489
270.2414118341644
344.1225496080022
270.7933899223524
342.941433604008
268.7158692015149
344.24952307697157
276.0647233034761
345.345020513538
272.5400489767843
343.0501105576697
272.1849684350577
340.8171154704975
270.14064087594807
343.94677635413973
267.78575757478865
342.01289907687163
274.8543824073373
345.5203546754403
269.12330460000004
330.3991626453243
273.63484845608605
341.8720639060244
270.6152103348624
346.11387250774794
268.6182460816759
348.00424911192994
276.86403602933603
344.9816410324316
272.880465170709
342.83281345979844
271.6930693924729
340.58990002379795
269.587004205509
342.9504062438559
269.0004943262688
343.68708363272134
275.44195843069735
351.5358330401924
269.517787693753
333.06143352490227
273.49287732327
337.3520545147205
270.71467579718865
345.4380909720236
269.20107033233063
349.72178742314253
274.5760851169914
343.8661444166321
273.0784713283378
343.0248644028088
270.8186422810869
342.6561521938472
270.1672527445629
342.9643487172636
269.35520375487425
345.49605237612224
273.33398781864685
349.98928708049556
267.54909475710633
335.77776257255556
272.7475712404085
338.12309619717644
271.9907692484881
337.3398475708823
268.48609060982824
347.4512207800487
272.4833474730794
342.284931326558
269.67842229335497
343.2000120747492
274.2922187401094
344.4648056536663
272.67594368620155
344.3118193733185
270.6826956983225
343.87257833675875
271.52583239027433
346.19587344804125
266.85276333793183
340.7093757236864
275.1468099932534
341.0699305781794
271.6178371550692
330.8513780917168
271.0429824898038
343.6965042422347
270.53262786124236
343.3632470039587
268.45221343350374
344.78476075755026
276.1463544257463
345.26437475352435
272.5714153482251
342.96934732040523
272.39625560558983
340.4436805879153
269.7558083827896
343.5528574755649
268.0939976625559
342.0995718118182
275.0219349790952
346.6780968494745
268.83022446626967
330.7034882247818
273.9690848475451
341.2112461427099
270.5961162770458
346.35877986804365
268.9637824066331
348.54373973808714
276.76885615056335
344.8524051705574
272.9346756775966
342.6867476595659
271.3436072005576
341.04603280803906
269.60542223672013
343.023743051538
269.1370246568545
344.1461467061483
275.17349314461507
352.1895841839385
269.357588555737
333.1868944072458
273.13298215471235
337.0773774712557
271.0199899788869
344.85907160655734
269.20522789899064
349.966723981832
274.0564579444256
343.49090100841556
272.34799972100245
343.1297877525638
270.96368081127923
342.82571765291055
270.51532449530123
343.29136867148605
269.2880173726912
345.3547213714445
272.83007983827014
349.2598749101163
267.02463461159476
336.69613028406155
273.1207914475655
338.3709307635165
272.2833338558345
335.72687013265534
268.69833797180644
346.4494413608436
272.06167662387423
342.44179421996364
269.40705932814706
343.2755351677816
275.21604553529875
344.75693705815763
272.63348365765853
343.9443343439035
271.08188891881406
343.51763906218207
271.39681679652324
345.58396354398525
266.9725439829712
341.3425591467103
275.118933100415
341.79325695094593
270.9937617476437
330.3393470121286
271.87188298109703
343.27548245334043
270.4358519120543
343.9141462193227
268.34928524476754
345.4480544698255
276.30609351740344
344.9803349951083
272.51521861876483
343.0073349458304
272.44670775692674
340.27789800504655
269.550947998107
343.2041317937026
268.31533504324557
342.3032002303489
275.1794515917432
347.80968217796055
268.7070399738094
331.25786995310636
274.13405988233876
340.2208941826024
270.62288531665894
346.2076724803122
269.2228153074146
348.74976483694996
276.61489477562475
344.5076660122142
273.13048749631537
342.6565406649673
271.05536293846393
341.72062605781133
269.5887834893535
342.8715173231823
269.3108376545965
344.6547008843975
274.99607019062535
352.3712550570666
269.18221190647023
333.53660831913146
272.8568754737483
337.0406394526569
271.3942463697448
343.51759743601394
268.83287317907616
349.80216013752397
273.63416930121235
343.0258289672287
271.7027484237895
343.3412112464116
271.33077450656367
343.20378938189884
270.9003980223363
343.8489632161723
269.3663965432436
344.9582572264119
272.34048816196304
348.5168074817829
266.6774977420748
337.7515271979857
273.6911616150071
338.8657349280372
272.3920176673377
334.2886988908012
268.91737887198974
345.5405882831152
271.7361553769132
342.49911336047927
269.22148907818985
343.3832606689053
275.9621752978722
345.0228163020185
272.4798110446637
343.6581911333913
271.35315545429916
342.8579561208935
271.12468619087616
345.0127482880186
267.19252880362694
341.93241404423037
274.9846329800502
342.66578194435834
270.4385444577826
330.11829351333313
272.6837505874314
343.03511521199806
270.49993811955716
344.5767274304249
268.361365648025
346.24676014143625
276.5011711515021
344.85750356221047
272.6248524958558
343.0308483137558
272.3004381464221
340.241193513632
269.5316991121608
342.94618226143285
268.4138932665812
342.61273742025276
275.4509552575611
348.93582552161314
268.7542022209687
332.03445093391497
274.1786377130768
339.13944347747247
270.6933809175459
346.0191177949011
269.4745259221255
348.9796170698678
276.2319787265896
344.1771060377716
273.4062093731612
342.70848777149547
270.9185814148661
342.3105550602148
269.63945619150786
342.74123784343806
269.5171344936833
345.29490334755894
274.6158938576608
352.0644607411657
268.78201453693777
334.07377898888336
272.5527408749312
337.2417293373304
271.57426695298966
341.99606580615097
268.51101870886276
349.5053904382536
273.1705612444604
342.6131559073178
271.02121643247494
343.24926782512415
271.91612571854137
343.7744558152613
271.37851164477144
343.92125420559245
269.5915948171719
344.6378464725354
271.94789277628905
347.7587461467376
266.5137637337971
338.73588071731507
274.4229936329799
339.59657618453633
272.2649427111874
333.09528008592247
269.30193221451685
344.83079248852715
271.41643052012495
342.55875262418834
269.0946188347586
343.6285604823223
276.0186252784659
345.25320190148966
272.4865234504515
343.3968438433964
271.6264397883566
341.9771398257326
270.9424700791322
344.4804604130224
267.34725336399947
342.05121850021845
274.86370882343505
343.67609821114735
269.9246925959554
330.07119921171835
273.26064096161423
342.5659036997477
270.6904657021979
345.208413276673
268.3566960683885
346.8613008444776
276.6199105458525
344.9216813355233
272.85927030231915
343.0520005736215
271.9678316615057
340.1943117591849
269.53519622801304
342.8665182099064
268.61349108825794
342.92606368367046
275.6715780981672
350.02381332150287
268.9702972231255
332.71484495244385
274.1647398335232
338.2641330138805
270.6500208497345
345.82450178717846
269.38476736325606
349.2945056026707
275.66527469261956
344.0583970027481
273.3525846568644
342.7705071272817
270.93599121463996
342.5368723428165
269.84686110174067
342.7867816420134
269.53149346282873
345.58649790124525
274.25047853221207
351.2540763708852
268.3265578334193
334.5680262189198
272.4814013115922
337.6699875834905
271.91628256125654
340.1110672176503
268.3346299677239
349.00405943003517
272.8340665725074
342.35915326216497
270.3789573391058
343.14345748736855
272.71371075138256
343.96573337303323
271.97901176131205
343.9845309662095
269.96354450284764
344.3390001611344
271.6675533105878
347.090268290465
266.5329565188624
339.59619885028565
275.00725299477847
340.24484082197023
272.3460621133212
332.18151177617256
269.8507224159946
344.3252775941272
271.01681006384905
342.76075248436115
268.82677314448483
344.01322503436626
276.05331669206834
345.38671597218655
272.5629888773745
343.1447336775399
271.95674109013623
341.1623384254455
270.44452666242466
344.0887462675123
267.5884425899876
342.0151509790625
274.8214647284721
344.81206305649954
269.36907650664716
330.2173492518315
273.48190489089416
342.2393675961388
270.6769426026491
345.7551476038207
268.4853702053739
347.55029437187756
276.78639735037837
345.01434437667285
272.89507207436384
342.8554894233566
271.77517944868157
340.3807404013807
269.6035061843466
342.9090493488531
268.8420219714019
343.37897726260434
275.57263656815786
351.08999422489603
269.3055738820849
332.9373114682124
273.73749185786244
337.61841302079995
270.63209853289055
345.63444783402554
269.2433116623267
349.6546412333571
274.93800257763974
343.96627392778777
273.3352245171851
342.9233946330077
270.8366862297693
342.61434868547974
270.0491493321306
342.86015824190787
269.4101540033585
345.6089409536766
273.6698185601782
350.4398063402021
267.8741345095129
335.278552280037
272.62491887125077
337.934568321056
271.91113020314896
338.3497509782639
268.3636462814719
348.01323876385146
272.6411339249747
342.26602562441985
269.89813578982034
343.18975909893385
273.7153228957683
344.23076577999086
272.46253035611676
344.29821146562455
270.40372750583174
344.0609647449487
271.5382092069563
346.5223100403226
266.7209155317695
340.4046683980198
275.1374554755705
340.7243146307665
271.96531725162896
331.28624540819237
270.56095146193263
343.94538283347015
270.663448280281
343.1029360739823
268.5869064786546
344.4564022617434
276.0895456084566
345.28006903755653
272.54128262642877
343.0348107164065
272.36873734092563
340.62417893182874
269.95573687717325
343.81180007137607
267.9526559869525
342.03533657503834
274.90800935157154
346.04156141551294
268.9788322262645
330.49281878033685
273.7831377598553
341.62619056697446
270.60975321235736
346.34877480742153
268.7465806952935
348.3234163694581
276.858571355393
344.9326949097472
272.878481790374
342.7754837758638
271.57747194626734
340.7552523570433
269.6192689150418
342.96655465414136
269.10778020055545
343.86366169445927
275.326880460787
351.8741007462939
269.43622042596496
333.1012105870684
273.3271922105894
337.207008976236
270.8184792687467
345.23010058591825
269.1999119223769
349.80535448793216
274.33956055908396
343.71985009886737
272.81741198199614
343.05586894498106
270.85267521630516
342.7020345820782
270.3009106933892
343.0750008494986
269.3091717263914
345.43367652083913
273.1096076684438
349.6727399321028
267.3075093031974
336.1559886051024
272.8806515446187
338.19702250798457
272.09041401371763
336.64311799654786
268.6045982955357
347.0292191272924
272.33326580787104
342.33212366299887
269.5440545537126
343.2120738660208
274.66510767771695
344.6485392870537
272.71261087790583
344.16629313581205
270.8989289028328
343.7557099164719
271.51912400306543
345.9228744638084
266.88212630368974
340.9599228942574
275.12747874569817
341.3566176248449
271.3720409380218
330.59754558329433
271.42689973848985
343.4993990617604
270.47148876434767
343.58229910607196
268.38862212718226
345.0548931199074
276.2048360848081
345.13721674239923
272.52114451249565
342.951755691147
272.41624912020933
340.35716840831
269.6490724030184
343.3873246076757
268.2071879817327
342.1711552500883
275.07411574287914
347.1658261881137
268.75736184160365
330.9170235566363
274.0755421772079
340.84079612916497
270.5911758055145
346.32138991922983
269.092570600629
348.6371531845664
276.72115577851685
344.7956467672034
272.9891267622968
342.6550262500303
271.2035551623787
341.3055561594504
269.56892310010346
342.9932441096556
269.1913856359427
344.34909486732744
275.0796703939514
352.3156475391934
269.32406376736077
333.3036136531139
272.99442240812533
337.03276812031504
271.18611134311016
344.36457573606646
269.0827307078888
350.0285590457133
273.8794634246661
343.27498074746796
272.0491606017281
343.2063748047822
271.09185345113514
342.9602851344113
270.6503141162056
343.49825065823853
269.3032556784007
345.20119374957915
272.6367293954459
348.97312782814436
266.85572183435494
337.1328874833106
273.33822944905074
338.55043280645964
272.46071496625495
335.11109092306395
268.7706678586458
346.04156539550917
271.9014351523076
342.5300553208855
269.3203310241117
343.31270650527756
275.6483802838195
344.84118887169444
272.5708603763887
343.82440176466537
271.18832924810874
343.3198055535528
271.2575326212541
345.34505515249253
267.0752953791054
341.6542676924275
275.10105364682306
342.14432947277356
270.74649459479883
330.2154447496774
272.20585098875193
343.15115573831423
270.44501244752036
344.17833275210074
268.3550729530483
345.7675873008762
276.38733233523914
344.90543195249717
272.5549125452747
343.04720760051384
272.449620519733
340.24532973685103
269.51831933290396
343.0738648734335
268.34780431136755
342.4188297244128
275.28468484337634
348.2912005188092
268.70620969309067
331.55489129985847
274.1574233203315
339.74697467519985
270.6565109377795
346.1227818222189
269.3475597466121
348.82789054502024
276.51906352754526
344.3419875588066
273.2823249427595
342.68735052749804
270.97887405850105
342.03819190506334
269.6217573435878
342.78870024417074
269.4311506989661
344.9080220477535
274.84459391139296
352.3626444210186
269.08128969666507
333.7512458340777
272.70117130174276
337.0966452749841
271.45676593953425
342.94502461963344
268.6697681509637
349.65271946912645
273.4193298785415
342.8333384645379
271.46486698957386
343.29707447268163
271.5517609999487
343.4248683629994
271.10396449328266
343.9328608681596
269.44358414307527
344.8069413469439
272.152893151188
348.18624732613426
266.5858315194326
338.23258378161484
273.98912074575105
339.14640151581193
272.31061703810843
333.7482161736847
269.0597036162011
345.2160332436365
271.59219519966587
342.50683395912415
269.18701441677507
343.46792612316324
275.98824976288296
345.1678783520186
272.4571146278368
343.51671469840693
271.45646516050965
342.5346716815092
271.0403162105248
344.78573591399265
267.25039722817615
341.996466954006
274.91809656446713
343.0765111905004
270.21609631918074
330.0628079466573
272.9835830566911
342.8262181517106
270.5669701837259
344.8951349144466
268.3497377843306
346.5219790597256
276.53843285550624
344.86195311986563
272.7218320971817
343.03975042594124
272.1520541087808
340.1928835207645
269.5241828904874
342.8902879037958
268.48837728047073
342.73213039687437
275.57969039813867
349.3855022973232
268.8250463171187
332.3749676469284
274.2013511572853
338.74196411286545
270.7283272363286
345.94066433833103
269.4269664922053
349.10994917789424
276.0415650331755
344.10124227279823
273.3645533642115
342.737368303217
270.9069920304213
342.4583463962881
269.6996900792072
342.7560848267098
269.56199689331606
345.5588387347376
274.4816505447783
351.72146416727
268.59060534172795
334.27831100771186
272.4939454996264
337.39774949822777
271.7070588565201
341.1694973330277
268.42258715310464
349.339243789735
273.00674742187675
342.4861366121797
270.7336099532296
343.18585297522066
272.22765924843407
343.8500719354426
271.62290661871583
343.92299663063307
269.73088444184935
344.50567943576266
271.8227514717242
347.4646985173062
266.50000878219305
339.0690266492687
274.7686037667227
339.94877215449435
272.27985407806233
332.6813488544817
269.51389657872215
344.5920452213893
271.2649085333983
342.62683589360694
268.9720073751591
343.77849592765307
276.0342363717853
345.2907626766467
272.5481381346258
343.3251871234155
271.7557735836789
341.5999017185599
270.8055430091657
344.2926856319198
267.4389552565887
342.0550578471478
274.83490315481924
344.1414460913111
269.670040469536
330.0957288749258
273.3666717628208
342.4150321566202
270.75021812882073
345.4357914123812
268.39332141129563
347.13700362823266
276.7019783410445
344.9947347522402
272.8476638190854
342.9445636234976
271.86672343277917
340.2446580013643
269.56522112486635
342.88826111475987
268.721060643933
343.0992246865428
275.6165239037859
350.5070249766607
269.11162700392185
332.8846100578557
274.03587017726375
337.9629628617325
270.61771267030315
345.75953379042033
269.3076876505747
349.46148759633445
275.34291084288236
344.0509533482037
273.3765142967527
342.8204986517566
270.89292238462673
342.5428904196829
269.9509730378694
342.81400533411306
269.48998934241393
345.63227949735057
274.00122119653497
350.909336895882
268.1584736790004
334.83821193460454
272.52147502301284
337.7625143961001
271.89696664486326
339.36539061491874
268.318698597655
348.63690104425865
272.7379916033694
342.3002252828805
270.1618246347215
343.144568268253
273.11258425740834
344.0689183709924
272.1798334329844
344.0846092038582
270.14659097696125
344.2461648316319
271.591789455978
346.8373708555571
266.5888687543206
340.0226987939917
275.08983210221874
340.43393054519277
272.34842660617
331.81739530772074
270.1313373797522
344.17199284185676
270.8481443496961
342.88838110212816
268.75470909306165
344.1807828264331
276.059099241783
345.3800918052402
272.5424377101807
343.06513028605076
272.12107131740953
340.9005075952458
270.21643040903996
343.9786506703837
267.7281547144929
342.0096685007803
274.8409464614654
345.32670462956037
269.18376500911995
330.3698647291043
273.58814876570653
341.9711785303232
270.6256106838229
346.01377297789406
268.5777298623059
347.8785090078095
276.85209723681885
345.00200222291534
272.8912145609266
342.832375005669
271.7290251470564
340.5292305886596
269.58624566096364
342.9319636882377
268.9542994431188
343.60405638029886
275.49070258714767
351.41422859122264
269.4621991953806
333.02110369542856
273.5547220295036
337.4157822673692
270.68575693429665
345.4870093962511
269.20812773626875
349.6983865351573
274.6688390643174
343.9065920996751
273.14804007051885
343.0183871323597
270.8161373178798
342.6487784703177
270.1282074064528
342.93356554019215
269.3784442088209
345.5231667882813
273.4228749338693
350.10813385650715
267.6305702879251
335.6342728053708
272.7078730711703
338.0685781756092
271.9628943784647
337.60208073521454
268.4456095962398
347.5958451428453
272.5204011751595
342.27464716674075
269.7308450581226
343.2028273956208
274.1620327280334
344.3949295814738
272.64605064822985
344.31512648711845
270.61130104634975
343.92101866474326
271.5230773510041
346.2970624019533
266.84958436842805
340.62274635149083
275.1440611170575
340.97183195138797
271.7053446784001
330.95807475044836
270.90856038981525
343.7600938694961
270.5623555053968
343.2889383258096
268.48290476650504
344.6915149469948
276.1284756985159
345.260264041661
272.5563142580377
342.9891805770061
272.39391885099263
340.4825749316897
269.8033755915323
343.62015907994777
268.0581834136182
342.07841987868204
274.9867268603756
346.5037735808352
268.8645260902137
330.63762555642955
273.91768715555475
341.3571375734007
270.6059854665758
346.3709637026461
268.90080616717194
348.5161764372391
276.7913135317738
344.868325732534
272.91657046009874
342.7053549510125
271.401527814687
340.96069813213546
269.62949688328627
343.00118841975626
269.1240419758103
344.0654745705994
275.21469943612647
352.1150845006732
269.37495552598403
333.155448630055
273.18406795150656
337.1043493997783
270.9591277507409
344.9988051595814
269.2158406214648
349.91805035072025
274.12776718579767
343.5771138275567
272.4670429024733
343.1063840327056
270.9265921049062
342.78563156398053
270.47021888572516
343.22580164973664
269.28891199221624
345.38909131671875
272.9082251334797
349.3682607737213
267.0946492057375
336.54860727660906
273.0498076382161
338.31606166157576
272.22510167647084
335.9632817099467
268.67050556090595
346.60760306601003
272.1285887741915
342.4072626632725
269.43757185916127
343.25317530019316
275.0636231860295
344.7363106474278
272.6516228218467
343.99732609916964
271.04760469317085
343.5997258888575
271.4386082692565
345.6709011197189
266.94259227084063
341.2348427153781
275.118135988513
341.6710835154157
271.0910892650845
330.39851704812014
271.7559996537856
343.3294569084118
270.43992816567527
343.823100807257
268.3544512086726
345.33754868837013
276.27778413501915
345.0161998942594
272.5094397989828
342.98756078211704
272.43529266672704
340.2893128398553
269.57174711117403
343.2514206225923
268.28904885997923
342.2638082879561
275.1467816060726
347.6373688333511
268.71494064515844
331.160462189808
274.11799384867095
340.3930417286758
270.6184311282352
346.2428293983631
269.18326188894235
348.72803185928706
276.64911455721483
344.5779229544633
273.08498508693566
342.6510695813705
271.090160154531
341.60413694867196
269.5754939143961
342.9117097803295
269.273651306767
344.56800836425367
275.0133857720225
352.3767893409564
269.22016790926784
333.46575177147
272.88789302171165
337.0307097605327
271.3605543016344
343.73759783253604
268.89603986266997
349.8656940657163
273.7066645054589
343.0874412471872
271.78859697888566
343.3016178137379
271.2594711253406
343.1317280912254
270.8258866919636
343.74704478151773
269.3446172439955
345.0193222489441
272.41711915803006
348.64150589427777
266.71931245654133
337.58719574279405
273.59021398594575
338.7732729397093
272.4318353858246
334.4999179436035
268.87257959704493
345.6685318820214
271.77432765884066
342.5026906802682
269.24211027075694
343.35913686735995
275.9260155825502
344.9665392822764
272.4974260815786
343.71754550410594
271.3136953390348
342.9788957717821
271.1537436110175
345.0975250458149
267.1590684472904
341.88126971218657
275.01453306966965
342.52122588218344
270.5263257962875
330.1465968073366
272.5656787358085
343.0604774045284
270.4825520818467
344.4656192981065
268.35927822307474
346.1134198804205
276.48359504411343
344.8641788887944
272.5989475011429
343.0330808512412
272.34051232628514
340.2422155385422
269.52146757278666
342.9746308202619
268.39207380720967
342.55634868811495
275.40973268370817
348.7747253936426
268.7357586664572
331.8975080089833
274.17289907122137
339.2952063970818
270.6888773965311
346.0474146313655
269.4968831462078
348.9337760828014
276.3080557470651
344.2143662819407
273.42842854157914
342.7027207447644
270.92969917520475
342.242305975294
269.6273567265943
342.7463595320802
269.498858964062
345.1864337094189
274.6721515179343
352.16367236610984
268.8586734899934
333.97873875262246
272.58481556472856
337.19503957960904
271.5354348997942
342.2712664231797
268.5463304875098
349.538426123879
273.234689826571
342.66693254090376
271.1334711641205
343.26275037753476
271.8113438839974
343.6808640308979
271.298026046989
343.920525234832
269.5470383758359
344.6788147819932
271.9970098222672
347.8705655989301
266.5270523711247
338.6248234046059
274.3039399725295
339.4683350585314
272.2697046882787
333.2606162873822
269.23153247752634
344.92749141251187
271.46169967450004
342.5401297283187
269.1378560373387
343.58035789231127
276.01615940734854
345.2441127601799
272.4717567864832
343.42062558069546
271.57919083105173
342.12724361034475
270.96226816655104
344.55730100526705
267.31670730889186
342.0339583716205
274.87408416218545
343.5109761995731
270.02197888593497
330.0628494155242
273.1868440439374
342.6296330822719
270.66288892762043
345.12396839773857
268.3499121567097
346.76591715192734
276.59455517153043
344.8995859704442
272.85727478267245
343.0727472318828
272.01201758325885
340.1862658640966
269.53278359418704
342.866838514965
268.57710792848786
342.86909836448467
275.6729088050796
349.8499370455303
268.92585397468764
332.6327471766389
274.17299960313824
338.3848671611325
270.67083996502083
345.8525608815544
269.4024631708442
349.23998391885493
275.7792158258012
344.0630137172408
273.35069259345613
342.7575443204191
270.9231001704538
342.5444818448988
269.8000018751922
342.78655458323504
269.5503324084823
345.5750595141511
274.347911347708
351.37825609610263
268.39556319962446
334.4811804002563
272.47709658276506
337.5956752517024
271.8627115700191
340.38678168190063
268.350738673686
349.08875445355767
272.87452704763734
342.38792665344977
270.4675447848263
343.149792197931
272.57653756845775
343.9282489306104
271.9035320026336
343.95952175232765
269.8963181069088
344.3791951139304
271.7033718626332
347.187483993151
266.5191384690769
339.44662155928927
274.9841602650208
340.16449512394445
272.33591830629524
332.32219762763265
269.75502470372135
344.3900732287189
271.08563120428886
342.7201944455373
268.86023759298456
343.95554778273083
276.0545842836402
345.36498559526717
272.5581264675657
343.188016458954
271.9000934478643
341.27075660525657
270.5358677046244
344.1374077452345
267.54360142008
342.022113578843
274.8205079334609
344.628305737872
269.44443531573944
330.1747596777724
273.4507258417132
342.29801071747886
270.69520696366084
345.6655445028435
268.45629497891525
347.4353104594395
