122912442.5862058
121702242.20692961
117282322.52067713
111054295.4535986
103821661.42713588
96425319.96817325
89688407.95608515
83413454.83216856
77543492.47197726
71556670.56049475
65982977.26101843
60501820.49739749
55533172.61370047
50915934.303280726
46426542.285691686
42359242.65093188
38592033.45625812
35155897.74267351
31913151.153431717
28838417.82277023
25956877.59757656
23322634.526086945
20904723.059768505
18653462.136579394
16648193.57962296
14868894.47419884
13286016.938300926
11849715.75563224
10514630.740181953
9271415.897398196
8191828.579322285
7223044.998648745
6284111.16373337
5439265.313443544
4638931.808213802
3988394.7276358264
3457304.55096291
2984332.315648886
2531674.963794398
2151941.484607014
1822284.6784087117
1547380.912309522
1277687.8733243917
1047956.4382755161
853935.2492005687
676769.4131821593
536575.2847064327
415546.8665177628
321052.04586474353
249389.53984967
194337.76093736876
153713.94139245735
119767.31836341403
93514.78870674405
71808.21680043987
56124.16406390779
43901.85183964851
33421.405689377374
23720.664638571547
16831.580382515214
12078.369167232886
8974.43357691314
6940.081616213662
5575.280719690098
4534.529660161308
3991.4473517050496
3315.925114375411
2749.5695338654223
2439.6886902348565
2164.236659367982
1943.423930513135
1735.8758970361732
1496.1327610989265
1337.4182221419462
1135.2082898447588
1023.9720479765648
933.2890975070926
856.0846879609551
791.2339655934
742.9141953507865
704.0555250498115
657.707698596391
636.9441968689144
591.0000121042516
582.2192835919672
544.8623822956408
534.4585150036445
521.8862636662034
510.39997334225995
491.18113259305306
477.3641608511556
460.23822423130326
452.23294476564485
434.1856452292621
429.99088840132237
417.2738901548408
408.2390079859064
387.7927956605017
380.1343585556622
373.00323381428854
372.2954146114233
361.9956205149562
357.8799127804379
340.8166400206035
342.15708082797903
334.0834706991941
329.231415373677
324.09377667929886
318.68337865696253
314.4148520998582
312.0913741370252
306.0749886665162
303.93890983880436
300.01777012486593
295.0303588918359
296.01809807542907
291.9906243602355
287.2438015587961
286.02504678257907
281.7022778755043
278.7102266874685
274.90203929708434
272.65677877470284
268.2808272952564
267.64226237240547
264.3627578767929
264.00199015714736
260.12325237150424
258.31656695497907
252.9692874020756
252.83027502735027
249.13755688533476
248.50430771257714
244.16339356034743
241.81862591897547
239.83799953102982
239.03836122596158
235.33559865733167
233.15938331321158
231.63902004956387
233.06574097015334
228.31841670135054
228.91791750076027
227.63318113233396
226.63195775773113
222.2309912085467
225.82003722068762
220.88371663910965
220.67968747856062
215.93525715679843
216.32979106595488
214.33090885409064
217.85146415173648
211.52658529445702
217.29059907539457
209.62160406485535
215.34529300224
209.14514762036126
209.15397477379503
204.87686698923167
208.36356211230802
205.3797102614942
206.871048511523
202.61730381085306
203.142926856683
201.72522519160756
203.32063663064648
199.96366315011406
201.6497315515664
196.96172023041294
197.78472599333486
196.96544637260763
195.9530505190942
195.9961227801104
193.5881777948723
195.6249491567297
193.68860278514308
197.4183131886649
193.99836073484977
191.31960011454794
192.3907609256335
193.3329810015757
188.1937756810271
190.09530885560906
187.36761476431778
192.69274760033034
185.6210038432439
190.65957985902887
186.2886730419264
185.38947999933202
183.7746711460684
188.5649868765029
182.57940863331157
187.27850453097682
182.23642134528816
188.21556955957638
181.1580587231124
187.5074608989491
182.48493097278055
181.9881124777165
179.6386015291411
187.50955426471873
179.901986913625
179.95244178901234
179.50614565248588
188.01772216578854
178.38788684061828
184.05619502231522
176.5354198359151
184.7192927304769
179.7474431020429
186.31910173483965
176.99907992633302
182.70285381980176
177.981963651065
186.45494640490315
173.88539261725754
184.68685257817523
174.34113490163426
182.45966715358603
177.91039142055047
186.89690901184665
174.36502861647548
179.7520081970386
174.37285193432106
183.22858074706133
172.36967693693109
181.71735522940966
175.20312414201123
183.54350297444395
179.2348414206557
189.8137559778945
176.6217304208975
188.9746817771996
175.28735024935438
192.65087738416187
175.42904056471752
192.40825157172534
176.87323143377307
187.79189805282223
180.20503446165466
190.60827575400515
175.34481830905804
186.47211052330496
175.4851890366852
194.05204005809557
172.87632556638695
189.21498714835892
175.56166880989505
191.57851404821562
180.52074538679136
194.4997220848683
175.47559498709586
197.65259737965889
176.07274016620846
196.35302187017058
176.727444462615
195.8131371074577
177.50695346634373
189.41964865622737
178.04899717357793
194.02796502339973
170.60098882107897
189.59782714302077
175.26021617722174
197.78471359408394
171.82558856797976
191.02425260809565
173.9068329766853
195.09740864438132
176.09309084228482
198.43701395342867
174.85141418343363
204.61381147358176
178.50683146531827
201.16158153983847
177.8921828143286
200.32251872542614
178.4961430453324
198.95007297873846
180.48975585572884
201.85308130033974
174.0714051860557
197.23420772712038
170.93390378347237
204.48286656653755
173.2310302244211
198.92630581741116
173.07062464663986
202.8572893343914
175.1702313456456
208.1557240379025
172.37971851304337
208.1700812511604
176.08204676228317
204.66054239202174
176.04816953810032
203.60649336819475
175.96275543908737
204.86362436330697
176.33265209447347
207.73348952204753
172.10592197127667
203.84737457516238
170.23452533178508
207.24648631899208
172.83973578739653
203.55279122536555
174.10666391112372
202.6970384771614
176.16892219307576
211.3668044266528
174.4741645922206
212.63180727636683
174.4993773890759
212.2527102660963
175.77535515755275
211.83850397922265
178.30211573853282
212.65237398255283
180.29254902297353
215.24304492784944
174.62610056177576
211.85939437766413
172.6495438661655
214.4368885010275
173.1179145976024
212.30029297746086
173.85077426077564
208.56424644372595
173.11050301121122
217.81581315898055
169.3956755147548
213.89395748139415
170.0068557849085
213.12436054443415
169.31886896506012
209.2455198877498
172.64729457556538
214.00307294393423
173.1433006213092
214.3603400517386
171.48305221067216
212.6349464689547
167.8020553166227
212.87914143824122
168.98456209129534
212.2762864293548
168.78486415391228
205.94424766057264
171.99744884728025
217.92849403946457
168.65330533663297
214.28566041204135
168.78882199559132
215.73582736633665
169.27531585411256
213.1243899515971
170.475341587984
217.82938176046332
174.46711390423894
216.74531087247075
172.76194634442098
217.2468798129693
168.17024206709272
214.168558176788
169.0711904122023
215.83585761293125
171.64303239166924
207.88258109132494
173.32044823568876
215.64864488160256
169.8070470305537
212.88449336507279
168.63871634308
209.9405809771761
171.39312707589906
213.0570481892236
173.49757803998384
218.35585986889552
175.05147830845738
217.99426850849215
173.6360089018399
223.52497376205662
168.91867239046212
210.5208886524263
169.68284333305837
214.47075984303328
173.50589973366903
212.83635502711167
175.05053627574316
220.60952826962443
171.31433653830786
220.21057560025713
169.62972924957992
210.95281653906932
172.83916984065664
219.33447232995934
173.8427385651206
220.55364082526197
176.65763921503344
221.88965464717182
175.1145257503431
224.9338604607514
168.90917245934065
214.2836963898351
170.49948562737845
216.86747878443236
175.57857620611554
217.38850341390236
178.5024509381574
220.40685080127435
172.60276250035045
221.31088667576057
171.28970987531164
214.38027071892833
173.52054269842853
219.8842303805375
174.324200769231
222.2711471363682
175.62204711009716
222.49278820817494
174.07410987673745
227.67101574547388
168.941670078207
213.88568557469992
169.85474398160306
216.4403270736076
174.65590922372274
215.93803320722174
174.7855635194252
220.29381576652585
168.85365457615347
221.4192804330532
171.4399927189717
217.60955052994422
169.72445686704472
219.4530442994034
171.27083585648262
223.89315479890107
172.46738247475113
223.81268720692978
173.94766995478062
227.0908261569691
168.59324305328877
217.04980309071732
170.7854032296796
219.24546101633592
172.73086781599395
217.23910385242718
174.22012269215378
222.25788933942087
171.71367755012523
218.84711401935542
173.1370790730034
221.64646587221745
171.1906525034787
223.1379725147436
171.4347180892011
223.8068958121267
172.20383791061283
224.78102515198864
175.74708415109848
223.64487330723662
169.93207210018912
214.93779559983827
171.9966626438855
221.54368404680199
170.18821283688712
217.2891354432002
174.5758734360717
227.3213271201338
174.16055626324268
222.79408200782794
173.23013986944963
224.72352326536733
170.64533206296065
226.7673973812186
168.5709203706887
226.86876105286171
174.6389811253532
227.49420869149623
178.07901691608757
224.92723625145456
169.8264184836545
220.11575102332094
171.3764911337259
218.9074306585279
171.58566441737506
215.1207431354375
176.75516845841955
227.07494302610945
175.48969838028998
226.14019567522908
173.58392587190582
221.73153732970658
172.18084712336324
224.02362736892235
169.35078374964738
224.14682775729483
176.3859434478219
229.20520942367455
178.10710901670032
226.26654981872872
170.14889877761107
220.6178440203653
171.98508337364834
218.58618934346876
173.36963689369912
215.03961818427308
177.60874323526696
227.49646884455373
176.73088717599597
227.06213808528219
173.35179660907488
222.932271766367
171.75244214301418
225.18361875248576
170.5787367377075
226.24767748233737
178.7614420438438
230.3926726038119
179.17244564588307
227.31085244588792
170.998733696496
222.74807352119248
172.29100383960088
220.33300889044605
175.08201973209648
214.05157898670362
177.0369992645138
226.55417005480913
178.6634558471526
223.34678451145277
174.32803520669114
221.10123933516823
173.08621656616626
222.9809770022461
173.16536307237675
224.0706662093963
178.08154563923534
226.94460659543287
178.94518060437653
224.13509971816288
173.34633938041046
221.84636689231792
174.07669131437873
218.22865497533027
176.24249050547283
214.3077086812717
176.32091296326186
227.564276414343
177.8837666166872
223.94855591206257
174.7555514800841
221.28225581713883
173.4629646454858
224.29865594993862
171.20074155622282
225.76295169118566
178.19400271427628
228.36458680898565
178.8356883851604
226.77384772355435
172.9444959906677
223.83947468465357
173.52184554207355
220.82765199306007
176.5874743316212
216.19383791663267
177.1344061264074
231.52049137412905
178.8547486886737
226.15797715007903
175.80671066511337
220.75909346838637
172.84926437770275
226.11533382096164
172.32157743810592
227.3848330247145
178.89627091292505
229.06331705526
179.5912711591148
227.70241731359698
173.76619466004257
223.2740218674458
173.4208847673523
222.01908947594197
177.5122723059981
217.28495604445493
177.83052347386845
231.81180503168923
179.72543311311279
225.71918594775306
176.71276412490062
222.10811804307696
173.7872145001732
227.05810726848594
172.60477955040358
229.18180713321175
179.5425654394349
230.56327940548485
180.50728166119404
228.78884654507075
174.3638200759574
221.7839162925883
174.10013342414618
222.49905797896648
175.59626173751462
216.86208768254957
178.14602674260877
231.578175959285
179.7980023915304
225.42688022075566
176.62458978434438
222.9140066194185
176.4991099450481
227.69224708500246
170.89704413283687
227.43224797967213
179.3506141010017
229.8205193659704
181.8237139485366
227.92467901328456
175.09345105560345
224.0206261776029
177.0937213994469
224.05594797185623
176.01900130826144
218.1423680944644
178.78194785364968
232.85840170006395
180.78957127945088
225.93227247393688
177.24491021742466
224.52119715215878
177.27807832389047
228.9750359387905
171.5450693514323
228.74436200378338
179.95675566587275
231.46396903640763
182.4491121560785
229.02892206204882
175.78719418971488
226.1611116134328
178.00292228275336
225.1793003466671
176.49137612163486
219.35059221158335
179.61057963561368
234.33578812370152
181.68236427249283
226.63994733948763
177.78044612810277
225.78200685254546
178.2585872554751
229.9095200953148
172.02368560706947
229.8548524210828
180.37752360938285
232.62635045712287
183.19719363019996
230.44531451443882
176.29750513657305
228.1450102320492
178.83308783984234
226.29351290953863
176.85262731427238
220.50125983353064
180.3420422128178
234.92971495937016
182.52572638070475
227.36882267955872
178.14676935268608
226.75480507680913
179.20606730738714
229.80156510858714
172.72576941762645
231.1147080762363
180.76708996524033
233.69809073240089
183.4553538781374
231.5228546088797
176.73220246925177
229.20951144405072
179.58712038569982
227.14902756609882
177.20968886255304
221.58413559981724
180.68864255664386
235.25826034601909
183.36812518692616
227.93680654081447
178.5240652508301
227.5280735606091
179.71726809083978
230.43998382244666
173.16355557350104
232.24077931789677
181.21829713431146
234.51876031948058
183.84874110410442
232.34429760347342
177.26665030275635
230.1646463519475
176.31876107433274
228.19024530503123
177.52098986571724
222.64161416576576
180.70540574196747
235.4882819964192
181.3821979050704
228.58933498312942
179.00500891439737
228.45092305374538
176.52669631209332
231.3569411591653
173.8348632209885
233.22159410665552
181.68134846370108
235.60362906423862
184.81740260851265
232.868671280384
177.81024627155662
230.88374755680303
176.89984569444587
229.05612728738768
177.51255580233374
223.74117166750892
180.57603261955717
235.7260772640661
180.87343088092595
228.87524952681542
179.5948714256114
229.5124542320474
176.19888860556364
231.85796684829918
174.12434796343888
233.73588975053445
182.10337564099675
236.18093174820584
184.68027394404888
233.3538797331065
178.1144986689417
230.6047558445131
177.21618150517452
229.30114120756784
177.20083803488805
224.17216374530625
180.61104434614688
237.48727524036826
182.2686029540429
228.12954731180835
179.91986270575856
229.13438855492802
176.21708512478173
229.13151804773725
173.71554394693786
225.331327328691
182.69732018635253
228.54055122691136
184.09941016495537
228.65717498797645
178.4755541947653
224.54939590522073
177.8779281784341
223.4771232600363
176.7803069709247
223.48702158463917
180.39410601004226
229.17608824174454
181.97582907020825
219.98165501425578
180.2396505617301
224.33299915558527
176.5241736135253
232.16797995111173
172.5601728477289
227.55961812653453
182.291575805105
232.54308782031953
184.29351040331096
228.5159393692745
175.17094350790433
224.5047467635493
177.29055909793905
226.6171565937001
173.9062640524014
224.2959497235611
179.7609903146432
229.9105968873388
178.6064386280606
219.19571737525132
178.87763685574203
224.4055692771442
174.98795290655175
235.046662568909
172.19483249995193
227.62212037224936
179.56102550941347
232.04428901587764
182.95619928597458
229.32519224309166
175.2357003282507
226.30992538519445
175.51016270144905
228.34055023771649
172.66228767386912
224.59622861504565
177.02399758825956
230.60792244685237
178.4992178763655
218.28144776606746
179.43818949045112
224.81748616919015
172.58778653014727
233.44124127025643
171.01095295245943
226.42500570503194
176.950729042316
231.05608898914718
182.76650141066943
229.0609183632714
175.42200423601224
225.86204048484976
175.5262669679306
226.9096401504116
172.13644329834995
223.01184233862935
176.01943652804476
228.0900310522938
178.56415984561914
217.23233444452126
179.9566057786551
225.33734977080124
172.7894008449028
230.04826521035562
170.99467498778986
225.11492474650152
176.8345768379125
228.84779802582727
183.09434566851172
229.4126190676663
175.8218147352286
226.6844974906064
176.86126263159733
223.85435592493346
172.73216741602457
222.95798678114082
176.55828427589765
225.43933601292696
178.9330887275378
217.1600828225449
180.6454452576077
225.75910674762295
172.87419936524697
229.1406575259179
171.89151707691897
226.32172676515498
177.0626315102775
229.5355406347349
183.99370129603847
229.8675537267334
175.88331096035114
227.36481153512156
176.51731098739182
229.48738048846081
172.48662977213618
224.19805202462945
175.8928863847392
228.16896024439788
179.27924209172966
217.19901320854396
180.61630954781822
225.63070884189267
172.8707154498373
232.69360154274756
171.26415527506185
227.24518322075315
177.52183361364982
231.28727300055064
183.47757810038667
229.9045435379163
176.12169211771476
228.27993287374406
177.0133334684898
230.6174808983934
171.98216006405514
224.62327738354898
175.66119005441132
227.19211579917913
179.42529762627166
217.28260529698235
181.05662539064693
226.53119778175392
173.25807914257504
232.37489785177374
170.98053562205868
227.5516329131362
177.823724652878
232.0586545952025
183.76396713644039
230.45682289842284
176.48963122916172
228.93043159222148
177.77866499263106
231.69186292462737
171.84157010142198
225.0786904057755
175.780082574094
226.76436770005566
179.96913253947744
217.59884938461843
181.72722374534862
227.41331518570095
173.90172102162794
232.4394735175438
171.0811721489412
227.8882997778768
178.3797232177281
232.7975633467325
184.37569660504263
231.09973902565588
177.10137377067107
229.64330744348297
178.70594419157632
232.45535555455592
171.8391107917342
225.4907883185888
176.10414820268898
226.4990784637608
180.74829146662887
218.0165074163482
182.531256117058
228.29387945865676
174.70465211156844
232.64726121898855
171.29680553237668
228.26062875900303
178.97692632054992
233.49588635684074
185.12842286117558
231.7439666852708
177.77991367147166
230.40387099071722
179.75970483973185
232.81525361959692
171.82294047826463
225.3204764390916
176.0421401336869
226.2603094724427
181.51065853570276
218.52752040563507
183.24839487129182
229.16330745450355
175.4447726421578
232.9302216322251
171.57287056385408
228.62178265387135
179.2050705566069
233.9087070981679
185.66270184430545
232.3583964687838
178.20462713573804
231.16695987295543
180.79295622160956
232.99401649458812
171.83310917951385
224.49894179092092
175.99764966232394
226.0397923433403
181.93008262281762
219.04678747794028
183.57182033665697
229.91616864523562
176.16581324388042
233.22487849084814
171.93722395294563
228.98517741926014
179.40472363857432
232.23652486915225
185.7141406442625
232.85796361997816
178.8480204686089
231.83944538919292
181.74691360800668
233.18704612149193
171.90383556147327
223.8003219909512
175.9324652624987
225.82248343363804
182.14827671970428
219.59302534782464
183.9448188081168
230.60407733723596
176.84382745256048
233.49774706900993
172.33322007323693
229.33844202860982
179.5266816970107
232.2907926000002
185.40755724671342
232.84545861836264
179.34501858244047
232.42258825400157
182.68357744696738
233.44943304808194
172.03667261756974
223.94741822328825
175.90311690527196
225.6031690547356
182.311452625761
220.14990540872512
184.3030117776711
231.1702489625298
177.02414572141
233.75599019324324
172.67243540993542
229.67393890428744
179.6656460344695
232.11600258770528
185.1064603402744
232.76973550204457
179.69169107294326
232.8056433891925
183.43696471908748
233.73606086335064
172.2117985958081
223.4110296738424
175.9102640124714
225.39431678819489
182.3083257333845
220.70724989771543
184.62487701857364
231.54304828187364
177.2267286620566
233.91245066644314
173.12324193733158
229.85242807181308
179.8207496464063
232.00624855312276
184.81288113916196
232.72253016783105
180.0428925464257
233.1064115923321
183.61913946681955
233.9649270382402
172.41778090680006
223.0056487011831
175.95462733938965
225.21693551868182
182.26916328510356
220.8903698020781
184.95145760304624
231.72379934440133
177.45569761642824
233.93881392480853
173.58931225712166
229.9079180492686
179.96940807217817
231.94466012706002
184.53085557050127
232.70368226370437
180.4219372319416
233.38926462978762
183.8211994951095
234.2144455771336
172.58777839390842
222.61214323710092
176.0388578183634
225.07533945545984
182.24237005173146
220.95177194977546
185.29959918669078
231.87935588074308
177.70955819997118
233.9375161313422
173.99878488488787
229.87933121796175
180.03662630350902
231.89632997583212
184.26228513999655
232.71331375399797
180.82660645375918
233.65580560664014
183.7875761948661
234.51439279145808
172.69156735972575
222.30589821081665
176.12551549808921
224.84142386563548
182.21830006213844
221.04689157999496
185.66820878698033
232.02839185074845
178.7770327937663
233.9109530912751
173.0373353436568
229.84941724245326
180.04571534787914
231.89713339330055
183.87588904591618
232.7338001515888
180.59108744322623
233.91177575596086
182.9154298883133
234.86670436519907
171.5293565425398
222.08260181462163
176.2062579982521
224.58996774208924
182.11266409750354
221.13740380153638
185.87510978625826
231.9845220338716
177.54252183549875
233.86251991094613
173.08476810283787
229.8125627084777
180.06617502563213
231.85957036422187
183.43806317685468
232.72131538025437
180.68833690919067
234.16271198103243
183.06684377256136
235.2388409096973
171.55061432817172
221.93390643184563
176.3300245025484
224.37439036900406
181.98888326771947
221.26420977436365
185.96687884582633
231.84147217522218
177.82289955485055
233.79636998638028
173.09359566774245
229.8104771499944
180.11192460367602
231.87720602289693
182.96438742649693
232.72391537724764
181.19545783008618
234.4116100849382
183.2907373410964
235.66633072195654
171.62554722002855
221.85521491689562
176.44288632797532
224.17734424465283
181.78460790869903
221.4297943362194
186.03938938064272
231.72529528515682
178.03647069571156
233.69763336715772
173.1308214875867
229.84659474083026
180.0889679823291
231.9488759617697
182.4670551663773
232.7410487411671
181.36407166391692
234.59737669467464
183.39438151515512
236.08984408283268
171.81623731170745
221.84389078312017
176.54659444576018
224.03870098509947
181.59070179013403
221.6400021069023
185.8585663223479
231.65188769397236
178.35298861363395
233.57730099571663
173.30963975465713
229.8852969043839
180.066384234801
231.99664984505927
181.96574407981075
232.79170474630803
181.44329769499763
234.7107332522014
183.4555583199996
236.5289891538909
172.08835775003658
221.8941360827484
176.39368224686095
223.9289564937484
181.41527464484895
221.8948755130149
185.58392248303173
231.61928832040817
178.6368692724366
233.44894628991253
173.545382760586
229.80577382996572
180.54565608124068
232.0917476097071
181.03827257204458
232.8519673410752
180.70275658785445
234.80015622898145
183.36482235607951
236.99513816445543
172.40403422203215
222.00562006935834
176.28270808538517
223.84532409464506
180.82671380460067
222.13467118224472
185.37147165388558
231.63068141744628
178.95669039388764
233.317956488297
173.81394450255158
229.73825860327
179.88483943166318
232.18400360538337
180.45503611620015
232.93030114394324
180.7360149528639
234.8810773504721
183.32514720276274
237.4150509359104
172.77063952649954
222.18197504523008
176.2092850570248
223.30300789277683
180.65865770064707
222.38419263781594
185.21838377100582
231.68812000838975
179.1002730378036
233.16353939366596
174.03580950825696
229.54994111392654
179.66973238117583
232.29302285529414
179.850052274167
232.98915401016913
180.7805593441892
234.9808924877785
183.3226242317296
237.81661621810395
173.12216753575694
222.42234085503782
176.21583859252993
222.83682782600192
180.49086410627933
222.64664995827397
185.10558588892096
231.79161627465683
179.1437853880711
232.99848938727462
174.28937360926125
229.4036500607538
179.41548819937202
232.4371342092842
179.29122181369303
232.99552298259545
180.71305923357255
235.0622120857229
183.31547352437187
238.01895660039034
173.49079357824314
222.72592238863356
176.12023710554695
222.38292966654086
180.26488830581783
222.95086107792315
184.9579322186261
231.940907291103
179.23325124902067
232.84291943198102
174.57379196340827
229.30060795835632
179.14298464887028
232.44193167664233
178.77808077011827
232.95266019024027
180.57879098876148
235.0739843629067
183.34248390358445
237.9766969197526
173.87411980072253
223.02996208452197
176.0317879466304
222.01486837449104
179.9936327766448
223.29770841126088
184.75588841861824
232.1362253390689
179.3734492068797
232.6973337091646
174.87664610164856
229.20956093968766
178.8525120526853
232.27384773206688
178.28094274040674
232.9052460421792
180.43978600908113
235.11125372615226
183.4222409897835
237.92565153535153
174.21463255250316
223.38072647670973
175.95248350002106
221.75101151604738
179.758286856212
223.68389748304537
184.51448034580326
232.37080036583424
179.53390909816378
232.53098776924537
175.1678599624434
229.10245088659826
178.51902980517164
232.07831666750425
177.82170548400845
232.84022419935792
180.32751756880518
235.1823714325686
183.49945707848883
237.8186645320098
174.56018049848345
223.78766564345148
175.9259179448131
221.5027956912895
179.55919991370828
224.10193738134106
184.3023199608592
232.62238872529252
179.74597515638976
232.28586108388083
175.40038918436363
229.0411225580377
178.1531783747182
231.89540949067606
177.3655078936728
232.8053842187372
180.24247676511354
235.2205551904591
183.59533370897924
237.5807035290201
174.92096902148458
224.81446574399735
175.95030617377878
221.28878648892348
179.39661015440024
224.5467946430209
184.10919409916576
232.91344409899494
178.26081296446588
231.5098506556072
175.57447791046067
228.8353938749591
178.06795692506722
231.3011748355936
176.90786541926133
231.66057212721535
180.07229553554558
235.08302475270753
182.7951863524175
237.2093181764153
175.21788972688748
224.6327181148492
176.11737163136314
221.12430368459914
179.25607974157597
224.7429590059412
183.8002958385987
232.9160766713452
178.21045576048567
231.3992744208027
175.96355314043907
228.94677557126735
177.57960871592076
230.94152663843045
176.48437881034184
230.76452662390764
180.1090019987668
235.12755224592232
182.93561268494796
236.78821287236994
175.48149756081057
224.9099355462584
176.1864897916952
221.12930566185503
179.15462946449176
225.2198250825523
183.585254839589
233.31471909059172
178.18261526400786
231.0404612042088
176.26733728566043
229.0236421049588
177.2508345813883
231.04274442360082
176.01570997029512
230.28083880820233
179.88307584616945
235.17391618041202
183.13290387849403
236.54145242031785
175.85656565317703
225.4477547766411
176.13003091184447
220.99045477122976
178.9351087614379
225.33105890861498
183.3611945961316
233.74509491532976
178.17661818665067
230.59902724620466
176.61062463652468
229.14130406246366
177.04441332194097
231.28515446234582
175.5976774227233
230.14212401610578
179.67979695817561
235.16913767021614
183.4061067743796
236.268631800438
176.17352944526365
227.8346273051836
176.2177387553835
221.67646022228925
178.70978823666766
225.41025585172727
183.14178297228506
234.16899452715634
178.2022912556284
230.13544777021886
176.99446222640117
229.29945738839666
176.7054693858705
231.2180227407056
175.1986562707034
230.3393422753738
179.47884135627274
235.11007726789458
183.90003585865452
236.0332374808563
176.41138665248624
228.4582861061079
176.34823023905327
221.36588815427768
178.4593895689533
225.51461745329567
182.95451788555872
234.36797955883665
178.33383912612183
229.64954480388795
177.4159414378639
229.49759889544615
176.40435371523648
231.1843242681562
174.80041497250465
229.69609584836
179.26889847297178
235.09963773245212
184.54769470277972
235.80592523489105
176.66936322042517
228.26572431986122
176.457295712331
221.17115894144618
178.05244727754248
225.6235282797754
182.7997805955194
234.52971965042371
178.5528331548153
229.19302256785986
177.84131697780512
229.73201141490716
176.1159568058708
231.21126225965511
174.38251397062078
229.2221945706681
179.09231741006676
235.13861493284716
185.24750884517405
235.5600384492968
176.9467912516874
228.27733177993093
176.56127507996928
221.12660748611822
177.59710065998237
225.7355990165465
182.67614415075184
234.68639169789506
178.83916981537513
228.7677937289665
178.28191512156582
229.92950424491687
175.87878527473285
231.29881374401566
174.02448413788346
228.87808337525837
178.90594918050874
235.22753688755972
185.81923082870074
235.31539422186165
177.31496976068712
228.50340911433833
176.6746774699804
221.12803550821445
177.17910969530752
225.83945201101335
182.5360254861347
234.86186210214763
179.18359913224882
228.3757178332967
178.77204691571458
230.1276314881525
175.72686558863478
231.4467017543207
173.72599734032892
228.63978634402915
178.74192174787296
235.32910709063316
186.14969480045184
235.1318320722864
177.68225977698094
228.87684071650588
176.7915402865054
221.2347163437054
176.80200424447656
225.9067745332372
182.30510077571003
235.0722936330212
179.57995253808096
228.01849304903624
179.24386636023118
230.36265968731618
175.59370110712322
231.65305771251937
173.48726941687565
228.491883009238
178.6103753706641
235.4604060104109
186.49774319848302
234.98512486041167
177.7830546014106
229.3573939363879
176.9541196825542
221.44591954858257
176.45579254001802
226.02752603070445
181.89781509548126
235.31792443731314
179.9551401968886
227.69774104141877
179.46531623655906
230.63358322984715
175.4796087588286
231.8663136617454
173.34539573490218
228.40274265398844
177.82691668515227
235.45960148599028
186.8222479080548
234.9012094198605
177.6977775675316
229.91646283844554
177.12925121418704
221.7540011712383
176.42794826126686
226.20181966558428
181.50047526864537
235.5105500576323
180.36040542300682
227.41496154071544
179.6981342493127
230.9392414147126
175.35390383158634
232.0505060800933
173.1638810589323
228.3824656432202
177.57682589107728
235.27771999085937
187.1282551100651
234.8604292743277
177.650101141943
230.44219379402978
177.3539460943443
222.1528848659639
175.99041060152715
226.42253236233734
181.0725815352447
235.66084833764242
180.81220808545396
227.07527294571585
179.88119608600744
231.27835057435448
175.26465230824647
232.25068096994892
173.00383705553037
228.4181860858273
177.35658197767256
235.15014210904434
187.0762947447304
234.82294502413214
177.63959240023067
231.01750107263342
177.62835253671122
222.59346647703262
176.0792330359484
226.62645653796665
180.02159315648902
235.60138509458474
181.30003756859702
226.75687355967295
180.10542458539615
231.61022559640665
175.1897496085723
232.48944492161024
173.1454951085257
228.46768662096227
177.08635254707195
235.06718282407815
186.61496581615228
234.81400169822348
177.6352967409781
231.6230429997581
177.93017017275656
223.10776568157897
175.6944080786438
226.66440636797662
179.4805804044614
235.12211246669392
181.62175687613464
226.35759499471223
180.37634173396088
231.9489041940374
175.15592821632214
232.72457978280752
172.98964584130857
228.4587519214249
177.0730663865077
234.94966271303994
186.32891890911333
234.8704624243584
177.62838172824453
232.2196558470698
178.2436985418591
223.68680344711015
175.34123312976797
226.40763069460155
179.0022141317925
234.5097336645923
181.4414116541111
225.09180241575245
180.7445982424371
231.62038759471395
175.3853092732257
232.4652113680363
172.52916539861343
227.6033249723559
176.99228471781024
234.1092013727594
185.96219494146845
234.80460478337488
177.87194071471006
232.22962328297928
178.72950748526125
223.77813392842745
174.57878568264246
225.54667572265052
178.54195680361298
234.04711879363887
181.53660688349805
224.77365524956278
181.03569618567434
231.89089567933576
175.40724164874248
232.71673894124203
172.367103142657
227.70084793807186
177.05374269749137
234.1019766521738
185.89550575232252
235.07649971048988
177.8976774997631
232.80921001179246
178.96350341410235
224.545508184696
174.2547080537764
225.3833756075791
178.11243336926483
233.47155141751696
181.63457549980683
224.4950423147566
181.3850573470061
232.13304481815103
175.52199011561342
233.01346095379463
172.26502678187884
227.8023565941008
176.99622475998055
234.12369930797402
185.76432684085682
235.2917361577995
177.96836311609587
233.26089063207712
179.14851974669767
225.14539101286744
173.97313317065527
225.2411741985647
177.60164798688993
232.7714985275569
181.7160017221002
224.22876441644743
181.74131641011306
232.18651135677098
175.68904406608135
233.33855182752995
172.22444410871105
227.75577638064289
177.02870233788713
234.21655316689797
185.8405066388446
235.0754947306693
178.0669472627746
233.76101099780064
179.02333208581322
225.8337356023754
173.75391677322597
225.1201012948014
177.20891569099635
232.21778754652073
181.69100882456553
223.80351753380097
182.75463962211103
232.47912945215674
175.61168491287177
233.65333595238232
172.21678585162277
228.02683706333002
177.11457166920582
234.15051700791844
185.69511172671417
235.03208474601507
178.14333522823222
234.3464791252788
179.24458953702262
226.57798801092963
173.5347981786099
224.94605877627646
176.79387700551104
231.66828345249678
181.6622976458884
223.39690040056615
182.82116061554785
232.67103753058657
175.84445842993753
233.96170404720726
172.24610419024754
228.24924074602794
177.24321800728643
233.9918190136512
185.51670115109906
234.81337290176057
178.25580057829606
234.9187526281428
179.5427664455271
227.3715075694884
173.35146394611192
224.8085980410891
176.437898651451
231.14104552173072
181.60121720556586
223.03154975800754
183.1822454847923
232.89399108105502
176.10256647733067
234.2925074495042
172.26309111881955
228.52811314945893
177.4277749452129
233.86295778157864
185.35075288056962
234.56069235349045
178.41203870332617
235.18786319423822
179.89049042755428
228.13761582842082
173.20393898777624
224.70815059273872
176.12139102081582
230.63679669694812
181.58058797333416
222.71231363878934
183.44454941267836
233.14754922339188
176.34911713025755
234.64571857733063
172.31236058443417
228.81988206638766
177.6522983505698
233.70721516163914
185.20924965981078
234.34297782515728
178.60162062245277
235.19556588767242
180.27781071176165
228.8049924415579
173.09220039321525
224.487822683863
175.867511059485
230.16191222841042
181.59954416812195
222.35092902598456
183.67777540237117
233.31758402539492
176.62524114545562
235.0211078865026
172.4110132824511
229.14137650281558
177.92374381042924
233.57725633885013
185.09453122404608
234.1616539082027
178.77123254060567
235.20680450024335
180.6908671473908
229.42832735912862
172.9528279675197
224.22618530933346
175.6811116522425
229.6525119605366
181.65421236411123
222.0277617283664
183.88858573106907
233.49854367969115
176.850778463577
235.41825070143022
172.54856084532173
229.48385435612303
178.2508405212798
233.42118836289595
185.00856124390245
234.01792264076684
178.84772286935785
235.24946723159823
181.14929508067362
230.06248134029892
172.8045646824906
223.9717455039446
175.4807688525709
229.12999573871556
181.6163647190336
221.74143216482972
183.9778899615332
233.64946471779155
176.90785327625002
235.8365379030446
172.7065815652143
229.83566844956133
178.48934431000936
233.22347915136388
184.64521368838882
233.89750809867067
178.89356320222123
235.32379986740455
181.59896889827039
230.6037536496326
172.69022081017516
223.70409483554477
175.31630125591053
228.6309483538593
181.48468708200403
221.4572450670465
184.20355210002904
233.62278354031133
177.01129203395163
236.25241428152685
172.9122627671785
230.2111713346244
178.68833570552243
233.06179224901834
184.0980517196721
233.73929981203634
179.18653888906684
235.34751955445478
182.07025399408232
231.18519186623763
172.60967479787152
223.4801558804098
175.15657652468775
228.126523373892
181.38040765011004
221.2244398327937
184.44373851959247
233.60501397448985
177.15437249538058
236.4050103867334
173.16482640909456
230.62445148598061
178.84408944633637
232.86766439897505
183.57785141558185
233.56748965157942
179.38198118290964
235.34492157945323
182.51102775223242
231.80842449042018
172.56272853994696
223.207352111841
175.0505628271714
227.62697550332703
181.27838376213427
221.04368959454942
184.69995963731634
233.52366335499238
177.32676806878135
236.24204142534015
173.3345615139721
230.93053129205245
179.03425200250487
232.6875413283671
183.0862056603317
233.4283918314581
179.55302431577357
235.2060083959488
182.9740906623478
232.4718268462702
172.54910576856415
222.91046204952832
174.9989074187892
227.16275584593524
181.16758451178765
220.9154741764475
184.92074913335654
233.30333312125327
177.52817560671264
236.01462268512878
173.53816289642555
230.82008886849036
179.1686197858743
232.51975191560965
182.62451477467314
233.32391470084255
179.76657725704894
235.05823355877737
183.3743111044826
233.03013414297644
172.5588411222733
222.65788271369397
175.002044017586
226.75504996852132
181.0376817793105
220.8399449782464
185.10037766518522
232.9676874052663
177.760041353377
235.68438557552201
173.65699323883004
230.60565325803765
179.24180027577378
232.3577884086853
182.19403648956703
233.2547774154282
180.0260647892128
234.9489082124432
183.54981640069323
233.55972199922678
172.57465888108283
222.36255818955655
175.0520307792131
226.4058577022715
180.92896061635653
220.81753514016384
185.21664721290108
232.66517213288355
178.02448756322426
235.3692436111413
173.7905209811214
230.3774279522725
179.2484070799514
232.19409506605862
181.79590688207796
233.22155486336277
180.32604022902677
234.87966602437024
183.46208519799018
234.12056088229883
172.6204281743878
222.12459509136787
175.12112586251544
225.97458265058194
180.82982691506078
220.84267273842914
185.34757023653472
232.4068944189086
178.32877600260227
235.0700028254396
173.9801652219349
230.18492685510034
179.21595306312383
232.05854826791705
181.38080945464748
233.1984908945175
180.61223577513275
234.8503856943049
183.36724303736193
234.7111424211837
172.69564138771216
221.94463139548787
175.19998940354662
225.55951111706386
180.65503468269307
220.87781328991582
185.49253488966065
232.19342142615423
178.6499060251044
234.78689005340064
174.1525398766087
230.02001081186341
179.20701568580503
231.88253734631542
180.93344454714804
233.1559901332804
180.73745528820885
234.8610846990064
183.30755570972082
235.2926579246913
172.79972898474745
221.8231672106702
175.33302778763965
225.2065251842937
180.4764887950509
220.96212661395663
185.63627758456732
232.014220143999
178.73475038817386
234.5201370808342
174.26644695482682
229.91483910771132
179.23363712369763
231.7544233735513
180.45176727856423
233.12906715411626
180.73967178129075
234.91169351278904
183.21508122455214
235.89914995324082
172.9320577102604
221.76056483669004
175.52022864786983
224.8920023723314
180.22891289959793
221.0988268245606
185.76621563100338
231.87181631460552
178.72872870722742
234.2490420514411
174.41683837682976
229.86916685341015
179.19093959404117
231.67260244142383
179.9696930825275
233.12300224041965
180.75956933599514
234.92596103580172
183.15757276569352
236.46159096699498
173.09193978361995
221.7570479797112
175.7295575500505
224.6561353703942
180.01159260784007
221.28738174945192
185.80793275975122
231.7764759745519
178.69558223276337
233.98551835665708
174.57095218382742
229.8286219443593
179.15046280094717
231.5573491524451
179.49001185121023
233.15497083161353
180.78506058392327
234.8985342560337
183.01281458381678
237.00492072090853
173.2786260872056
221.8127011548718
175.76014983919728
224.45988759549718
179.82571124260716
221.5271179607155
185.6668751211921
231.72833376467943
178.51664407202372
233.73846821201317
174.7319976890758
229.70703319998574
178.9900853402416
231.48842878112228
179.01204492838463
233.19690870002958
180.8199537674894
234.88062299112954
182.9188181794545
237.54218669123551
173.46100051683516
221.92746915549873
175.8063216675036
224.3212657139513
179.67232810713975
221.74883784894678
185.51705803335526
231.72740604337167
178.34811029230568
233.50861422241923
174.79763531734585
229.60066076060238
178.83220471347724
231.40549952878973
178.49845370503013
232.91602154604374
180.8023802443964
234.82442656614285
182.58496103723252
237.45057905961147
173.71407143430588
221.8852442340359
175.89028124658952
223.60154009694222
178.66080751248106
221.96440065228938
185.15983261498843
231.31546117923767
178.21317140002498
233.46866157914712
174.39406932182743
228.85980396218054
178.7275032690557
231.2649057348604
177.9688128036803
232.82900326563274
180.7625935444008
234.85596458188914
182.5565068911247
237.8440960061176
173.86004102082995
222.1223420155455
175.94444784206385
223.10443213379745
178.48849395756218
222.23439219417526
184.97720405141007
231.35195735498698
178.1439013150045
233.12386449291137
174.4949629104063
228.67628791257823
178.4719916302688
231.26809838122563
177.45192236461511
232.72287744584776
180.70050728672172
234.75100738097592
182.54160353308666
238.24757515426654
173.97230275737041
222.3385589089029
175.83645505265875
222.61200041140245
178.25740944721656
222.49752352122516
184.73501006960512
231.4617547471039
178.1323482401132
232.8041136177603
174.8414295191287
228.56563895404463
178.27196218019023
231.29800019043333
176.99774271603107
232.53405235379515
180.6060273994881
234.65779108345387
182.58660824477676
238.6609644864699
174.0554784767419
222.50032541378206
175.7411774545631
222.19651611172412
178.04338766740216
222.83712165354518
184.4803273251211
231.63104774339624
178.18077576805894
232.61777624145034
174.99467757848697
228.45304797206197
178.09128553829802
231.36094206103905
176.602455212936
232.42889257756605
180.38295654887168
234.68211598660108
182.6604997572414
238.77646069010652
174.2123234017515
222.83388393227128
175.71252088931553
221.86561090267645
177.92488412131658
223.24842298590883
184.25177876791238
231.82939171778796
178.2577920854624
232.42193574475976
175.15816423836472
228.34351567667454
177.8703185042526
231.39640743242038
176.24656200657358
231.8993317856475
180.22503652751837
234.74542606751027
182.72175452889263
238.6481508527394
174.38648467998544
223.2200274748954
175.73402341005274
221.52081300618596
177.89369773908834
223.69135582127055
184.04969767999208
232.04855789683188
178.40082689679218
232.14760579134528
175.28218629931303
228.28749707683104
177.62212065737418
231.45088624251667
175.8952375869371
231.3938347083978
180.12243973995405
234.770495934923
182.80961787260821
238.44228640118513
174.58705450292584
223.55225300268825
175.8047527721673
221.2109360299488
177.93529341125566
224.1635421001955
183.83883675133606
232.31386494808712
178.528447751933
231.89127361494727
175.41977966531928
228.2825465153791
177.38110203667117
231.4938901798343
175.58963767525822
230.8632960690587
180.0650376493641
234.73374989769616
182.95182145240773
238.14953279699608
174.80311344565365
223.85303078017597
175.8728870627956
220.9075479476947
178.0068837371681
224.60251002696748
183.5796732441747
232.62314066936005
178.47737183080926
231.65739467708107
175.6055067392189
228.3229413026237
177.1533399738378
231.52501229207292
175.25853523979106
230.31753151592056
180.02263834973766
234.6933555559243
183.12284589439287
237.83996509609898
175.03801083872628
224.2076257583398
175.989602853917
220.60609922891362
178.12385683000485
225.02478043999605
183.28547652654808
232.97461134515714
178.45394402448827
231.2668834578617
175.84160935741605
228.38505749763743
176.96481592003303
231.5808941434477
174.8806678227635
229.82348031820783
179.79619261909002
234.6990927231399
183.335570938323
237.55788784811327
175.2985431426566
224.61505083296254
176.11817309864642
220.34123339811794
178.25284503007748
225.1174863143469
183.0097598502862
233.36672439148828
178.4714207329245
230.71854327240447
176.1295680869306
228.49310353198373
176.76949256512924
231.69166048735391
174.55226507305917
229.38253534908355
179.60237816466665
234.6907939604195
183.5828576869822
237.2609866427084
175.58398998462246
225.07446233783315
176.19494749710387
220.16542996528742
178.35445189432485
225.20764270298784
182.74133227269604
233.75356062468194
178.5387620295872
230.12925110904382
176.46871789988452
228.645788692632
176.52216105490655
231.83093296413932
174.23699472247134
228.99597761624463
179.4002211825801
234.64063726527678
183.87897033470267
237.00601291579645
175.89358400703608
225.58489744413612
176.30900568682728
220.07804535930694
178.23665809169958
225.32232145626824
182.50581605322276
233.91393232204797
178.67149631508696
229.52588431464932
176.85519949309068
228.84181558279724
176.30286266097113
231.8200574997014
173.9309491366872
228.6649549084799
179.1895363032809
234.63964560268067
184.22325401140358
236.7087908046259
176.22651382882648
226.117118226979
176.4574598649736
220.07828236878632
177.9415778768412
225.43433233055907
182.30432160042767
234.05404734300043
178.85669171597206
228.95409096336581
177.2492417212581
229.0712284157692
176.09548029692
231.79904246188966
173.67264750174726
228.3904923955877
178.98314368217677
234.6882624067398
184.55604325471506
236.35876367619372
176.5819336599368
226.58296425014012
176.60638591032935
220.16518185047119
177.59467371152257
225.55582891611186
182.1327580872659
234.19765272297127
179.10195392987825
228.41564485070376
177.67265737829922
229.26792780575602
175.93430097289635
231.82049961743155
173.47222926423913
228.17349613345152
178.7638848265318
234.7867614470578
184.93170932888418
236.0213723612015
176.95895967940302
227.0958591164648
176.7700081112617
220.24881744067835
177.2780637218064
225.65710792969526
181.96366497166682
234.36275134681333
179.40866365336282
227.91226229802507
178.15298342033097
229.47062996126007
175.74460007291745
231.90817083106313
173.3303446577176
228.0147310885747
178.57318615882454
234.89965886802298
185.3007203037708
235.74735224470484
177.33613729622215
227.65448143858097
176.88650881914484
220.4163527703595
176.99223930593337
225.73244088432082
181.68075684868927
234.5643574678393
179.77595314292094
227.4455688006729
178.61912422566786
229.71163196974135
175.57527237904188
232.05507032413522
173.24542185150298
227.91483987608697
178.41849573075928
234.87230942037465
185.71904767641345
235.51228868443488
177.56190435433675
228.25736929038527
177.045813218085
220.66865722683715
176.72263939369344
225.8603076691556
181.2527073953724
234.80220065230455
180.10570101011095
227.01711601035376
178.88908715337737
229.98960299704808
175.4550498985031
232.20889764888554
173.13867252141782
227.8508690476804
178.30045566257007
234.732002564994
186.10838234119387
235.34441556532315
177.71428584549622
228.8909068805483
177.2221982812184
221.0043196103191
176.39162256953657
226.0407615151451
180.83135662296053
235.07594637904765
180.42658220927873
226.628378652026
179.17125636264288
230.30312814832604
175.33498584245652
232.344547983737
173.08779373473192
227.8099448887267
178.19399116137896
234.62492676455136
186.47038069580196
235.21942403786736
177.65102183095513
229.4728449702222
177.34641688705165
221.42168446899973
175.9862366558942
226.2606212063055
180.3907066589974
235.34239571264496
180.8030275788212
226.2806723781973
179.40728134977383
230.65070602231404
175.2558229985828
232.50747640084836
173.0425612147949
227.70595734658414
178.1051816893946
234.55205896296923
186.50778872114054
235.09848296314303
177.63297762585503
230.08772506686574
177.5200728920913
221.8707844801387
175.59291003762308
226.46943079146013
179.9256000754589
235.2871298035337
181.15842083272344
225.97544211198476
179.68597009739946
230.98658640205915
175.18678460410442
232.70984221978696
173.04763951105116
227.64638870617807
178.05656031190458
234.5072250808336
186.4361064507691
235.01608453792045
177.62647215019564
230.71705101343915
177.71910232187912
222.39348049980526
175.23113881036122
226.35237291710303
179.43917286924707
234.8012281001277
181.24050876067412
225.57470206500503
180.00980222101933
231.3343199145719
175.16241867830405
232.91787381174862
172.86528860488073
227.51834944095214
178.0484140457723
234.44927303270035
186.37484622792059
235.0037826427836
177.62498528169996
231.33474519406568
177.9378722579629
222.9772491898234
174.90165799414785
226.11484669124982
178.98194704070823
234.28740166658986
181.33225032828338
225.1618019342152
180.3774977995157
231.49668822121933
175.19107556582105
233.1263868276899
172.65367311275926
227.4274910193294
178.08092140598148
234.37367496267078
186.28552543458846
235.02196489830507
177.65560976484113
231.95717014706565
178.2086919158613
223.60813246236017
174.56954553399197
225.83776474155502
178.52550935152598
233.78277389280683
181.4301220548907
224.7940594269373
180.78764112545588
231.58709941761197
175.2732614668428
233.32618484227402
172.4769479663117
227.39500583858475
178.1509594084166
234.32891082574457
186.17307502490002
235.10675524646513
177.70185811351203
232.455253107706
178.46136304336704
224.19543248901036
174.2677496832105
225.5959634736235
178.09979800314858
233.31094147617895
181.53481680633513
224.47313433367353
181.2309095230156
231.7105537340741
175.40933826917697
233.5603511948693
172.35261286289338
227.42146785238467
178.2084900425653
234.31590383754934
185.96291962936786
235.16916601309035
177.79670579685418
232.98190025962688
178.74304309980366
224.84161124795955
173.99403383038512
225.38790302688886
177.71483228840634
232.7605932586485
181.60457241112465
224.1115729159745
181.64971463567377
231.86654773829568
175.59951737760827
233.81540879447368
172.28067687405414
227.50732154941284
178.25839238939355
234.3355092681296
185.78334539938288
235.15892783888864
177.89684810704355
233.53550893340034
179.07436363070704
225.54043327240873
173.74723462518642
225.1772223721403
177.33187661335862
232.15850648367086
181.5732653643652
223.67024168549156
182.0867684118438
232.0050525753436
175.8438656574898
234.085686011818
172.26100555041032
227.65288283940563
178.3378220104014
234.23157990902845
185.63509749333565
235.07857810223973
178.02042781429768
234.114413466589
179.35189463183954
226.26313743152733
173.5353962136151
224.9735385593346
176.9138543249664
231.58176562320665
181.57023805913892
223.26413725899036
182.55078539119643
232.1777946246675
176.14229218200722
234.34467142958275
172.29331894004292
227.85833351717977
178.43111278141038
234.05810864405768
185.4499693492534
234.81693425724106
178.19003039672901
234.676230540699
179.64360931627158
227.03268435753
173.35879223860854
224.80913205506616
176.5440434188774
231.032981233052
181.59586188360876
222.90266193249545
183.02825483017716
232.3845708345254
176.4945589745393
234.63450002240847
172.30730552601798
228.12372277888448
178.56099963613138
233.9154412710054
185.2885678508284
234.5486671870653
178.41015001358966
234.92958932610492
179.98080550206586
227.78058874150625
173.2175985964326
224.68411680625636
176.20202866372762
230.51473182680027
181.63865415203466
222.5867404371354
183.39704472731623
232.6245771762674
176.80834665099283
234.95393316295775
172.36043275453096
228.3993184799886
178.68919449189005
233.7458027904491
185.15611582993338
234.3200757818659
178.66503022437035
234.92586418970814
180.34874458665675
228.4191617071557
173.1119019948914
224.4259410920372
175.9073016386707
230.02955946858992
181.7049000130621
222.221020596917
183.7426008232669
232.77296087515586
177.0885216526885
235.30166572960778
172.46330444956837
228.71217766673814
178.79853160407882
233.60714601085593
185.05314853060818
234.1317852150551
178.90430468593468
234.93783225186976
180.73946523745843
229.0232099818945
172.96979238026452
224.1392774433982
175.66355315523654
229.50374257783153
181.79625381404213
221.9019459635837
184.05025645740955
232.94438791731332
177.3019247922659
235.6763361410333
172.60234553499524
229.0419060824547
178.92181998417968
233.43351000395154
184.97408901176698
233.98432051449436
179.05826608668121
234.9834251490964
181.17098378742116
229.63539301960327
172.8270373182353
223.85973141253
175.47174868709627
228.9729652765203
181.76738703532993
221.62174547732468
184.6450926367532
233.07388743362003
176.8979730162394
236.07651620259588
172.76510372146151
229.3885147188947
178.99284419362388
233.2303662542818
184.58839689879898
233.8324001394233
178.82533980033978
235.0624844630321
181.55608030520253
230.16307058881833
172.71805845131132
223.57461537932366
175.31045033522363
228.46967302583647
181.6607438888693
221.34994910958952
184.74663134600502
233.032025787845
176.95357013546788
236.41174934427832
172.97568720147873
229.75729760845985
179.0310248107279
233.06444462711352
184.05349178704859
233.63565428606134
178.86343839015393
235.08358894395232
182.0342628271769
230.7353440549251
172.6427571275682
223.33437227956207
175.15848056868364
227.9559112007032
181.58030716296156
221.12930647840335
184.86054005127062
233.00897068468672
177.07868447248273
236.4993119101116
173.23326637550898
230.16827831062557
179.0352265273989
232.93645137399756
183.54491479203827
233.43268396846688
179.13328971789193
235.08333450816252
182.4819900129182
231.35047986514508
172.60094153340538
223.033184830941
175.05946151508394
227.44848718750197
181.49809861636533
220.9603390963984
184.98937468920025
232.91059993888953
177.23215639178466
236.33471345726645
173.39685170484924
230.42458482022798
179.07353927624692
232.83522047722963
183.06413498459324
233.2662920010939
179.40773484546605
234.93842888389474
182.9480109353508
232.00666252942457
172.5923326094415
222.72221421042488
175.01397213177194
226.98118701924844
181.40370132996722
220.84342930700987
185.07798069323186
232.6709967831627
177.41736674091695
236.09418922735736
173.60567865259537
230.298223359244
179.14582968475875
232.69979058175815
182.61253537316915
233.13696105877116
179.72847416347852
234.8019409747426
183.35300374806286
232.54200902178863
172.6041535333336
222.4513800449193
175.0224671189577
226.57113491701054
181.29383823816076
220.77881976175786
185.1784263614442
232.33277702658557
177.6333612070859
235.76079443189903
173.7164998361987
230.07580579979074
179.21081126263942
232.53312160154053
182.19140856227614
233.0450977637454
180.09726819422917
234.70521291478113
183.49270668039713
233.0654032516924
172.62460397544612
222.1472793998724
175.0745882805118
226.22057886195122
181.20535648965262
220.76661290478805
185.29409717582186
232.0292956031987
177.8847828548798
235.44317190053644
173.85619525052962
229.84943673073994
179.21014914671758
232.3722631820142
181.801953055362
232.9910299916674
180.42534107267068
234.6484018184969
183.40754182789735
233.6204605505141
172.67489259749098
221.90096333276193
175.1429517630855
225.7757761968159
181.12006985970547
220.79894683919628
185.42437952645062
231.77049493174553
178.17756527770504
235.14181271097485
174.0519917020591
229.65483247118343
179.1759155820826
232.2312652716654
181.38557993780196
232.94261919997405
180.70681212691608
234.6315783750367
183.32058940151902
234.20555886716602
172.75451185947375
221.71300847470079
175.2250529169748
225.35905061158076
180.9543224624424
220.8422556182794
185.56864941899389
231.5569412934836
178.4788808707655
234.85720462626176
174.22196016653024
229.49247294912877
179.16723700112613
232.05745751656025
180.9457831670703
232.88313781678988
180.7987013983713
234.6547268049592
183.26188234358585
234.77863610986475
172.78180350376942
221.58386649369118
175.36081708635166
225.0064192543739
180.77941262956588
220.9364965715659
185.6577449867664
231.37640792697832
178.53947604416902
234.5898320704785
174.33449167924988
229.39001224850006
179.19406905258114
231.93094362643993
180.46268570500752
232.8381209942908
180.8006241054698
234.71774359593468
183.1774640283944
235.37973247411753
172.83828126679646
221.51386393655326
175.5502969323542
224.6941370014124
180.5407176534756
221.0831237212112
185.7344768813979
231.23471993224703
178.51353896152384
234.3155555148981
174.49014122269415
229.34713468601353
179.142732208096
231.84341903887224
179.98723955753812
232.81874096379084
180.8201849673111
234.73567604323324
183.11663234587755
235.93144013777652
172.92418972762437
221.50319783483556
175.6840959672728
224.4624764882457
180.32790797694028
221.28151029473332
185.70152831858226
231.14037906506195
178.4611884672359
234.0522674517054
174.69033575273926
229.29418323489907
179.08809797171475
231.7284918262405
179.5105113937065
232.83908779697097
180.84356553829366
234.71416301731526
182.98213095097654
236.46459008955458
173.0371703600904
221.55193414570516
175.71244404508317
224.2657061654932
180.14163193146084
221.5308985585896
185.5054651702242
231.09348389662088
178.2713116464374
233.80654292078847
174.9344249745033
229.17491074651883
178.92837876066733
231.65739756045846
179.03222187582855
232.86769883856257
180.8783053903983
234.7062841119078
182.90458412020945
236.9970981685533
173.1766589833296
221.6600057629786
175.75618570121787
224.1328300894778
179.98248080008656
221.75424546972968
185.33076579022787
231.09401879365188
178.09169431683503
233.57891582551594
175.06185828714857
229.05558100516606
178.7679123291949
231.57074660277283
178.51782448433926
232.92536075199297
180.90943102692847
234.70846886998712
182.87855809071138
237.4166218302234
173.3430620586547
221.82721090523893
175.78966278397834
223.96993221333133
179.83614127763948
222.0021813402356
185.17757396141818
231.14185519626986
177.9520630701727
233.3376954842465
175.1519197236019
228.8481177488177
178.5874757725437
231.49938031871886
177.99556650545765
232.94924313531308
180.95017994084765
234.7483214738739
182.88617768307748
237.80733163462568
173.47851491761278
222.05321208344262
175.86874550056586
223.4292148397359
179.69425799963818
222.26913562234856
184.98434869949355
231.23675325125296
177.87756425171764
233.1067774128162
175.29101169254136
228.69059204698473
178.39982317893862
231.46089984289867
177.51885183841034
232.93311552648257
180.85067770111627
234.7558387413161
182.8808255660548
238.2187693533245
173.63901477561362
222.33753410476126
175.8118205965497
222.879718960837
179.44691469729383
222.58254342915532
184.7096519556645
231.37836378658238
177.86005009741456
232.89727437412597
175.478659401934
228.5826111646265
178.25091887967938
231.4642063061002
177.08573849105443
232.86696201326276
180.70816030344866
234.7366243057234
182.92105889601848
238.64982819676445
173.81238648035097
222.60604837194907
175.76630602847385
222.4183492461148
179.18914560333295
222.9413845878669
184.45833295012372
231.56623061174793
177.9066133058463
232.70113363993406
175.69240653253115
228.47664442608692
178.06815125125664
231.5037122265248
176.67310028857557
232.6275997390749
180.56459729775503
234.74955175775435
183.01318896284786
238.73038419739444
173.96099082155675
222.930081977918
175.73551361672074
222.0507119398207
178.978773498785
223.34453658268282
184.2327819618749
231.79020156939472
177.98005455643374
232.49036566926938
175.9086189090399
228.37425454001445
177.84470919780532
231.51510234732913
176.29082227450596
232.0089394915291
180.44565543616812
234.80793435197856
183.08368913933248
238.6110305630944
174.12812298523508
223.30961710401917
175.7561230646308
221.66573694145237
178.8162658890569
223.77934171551058
184.0334569788446
232.03526996924634
178.1228634014663
232.20095810005174
176.0885530489236
228.32163900441245
177.59888652660229
231.5519764654564
175.92144833240326
231.43303055719767
180.35191554159564
234.8170394277344
183.18764618036835
238.42131194598744
174.3216826436548
223.6215677778916
175.8228302951589
221.27138353135163
178.6895942274117
224.24631725180896
183.84226482030093
232.32064787312055
178.22566797892128
231.93465014862002
176.27423921390346
228.3180969641779
177.3570295643758
231.5725222425396
175.60319323169685
230.84131298266675
180.28391327582045
234.7687166655517
183.34369345990712
238.1265851586446
174.52928595814214
223.9187484279422
175.89193420932102
220.91196230146755
178.58417967172952
224.67456966765022
183.58352152587995
232.64553323376725
178.17161016708172
231.69230326779694
176.5069431906205
228.35658202814207
177.13264762349002
231.58956396078125
175.2508833238793
230.2964661480936
180.20182920723906
234.72516099082264
183.5299575081421
237.82707520941238
174.75703333860952
224.27074076835018
176.01028985837937
220.60976796799832
178.51501769154675
225.06228261497762
183.28244461486136
233.00904456356398
178.9290051528042
231.26861651687753
175.69498050423644
228.41878460572661
176.94758954290864
231.63753003433538
174.86883715646675
229.80382069053468
179.9504403781305
234.72880827257222
184.427326624368
237.5475296377617
174.96839849061527
224.67665739106528
176.1298437052289
220.34936850931243
178.45037469865855
225.14769742448402
182.9999052695525
233.40757075367276
178.90098123375193
230.69469732369524
175.90273996790853
228.52692552821856
176.74446874014924
231.74268575200384
174.53899214190147
229.36473149292073
179.70687951006505
234.70749232750057
184.55748331486973
237.25679633827616
175.11058591930706
225.13547743822681
176.20962943363554
220.1775752904852
178.35785200565712
225.2354545182389
182.72974565779342
233.78659042747026
178.91858567491602
230.09797915566355
176.23771354904179
228.67988352988664
176.50126156662432
231.87444367298588
174.21826985719076
228.9804327750717
179.4462152079861
234.65730251752015
184.520489169763
237.00632436746614
175.37979762425473
225.64605586501887
176.32401272172015
220.0941044302285
178.20908932561403
225.35054150576127
182.49401694417654
233.94173061983605
178.99833096263282
229.49392779112364
176.62169892756427
228.8764250488044
176.28177860760817
231.84431774238686
173.91288289766058
228.6520361057906
179.18998308372792
234.6570094849966
184.70368870446984
236.72588386530458
175.69235898843036
226.16758857210556
176.47586250183565
220.098418963532
177.90891818938147
225.45629737018515
182.29335246567274
234.07845711843325
179.12538293736162
228.92214041575997
177.00967515424304
229.10095789274754
176.07837716656823
231.80971699786699
173.65755564330303
228.38052822173916
178.9691162964925
234.70692293508753
184.87753374137188
236.36540689977474
176.03457128136313
226.63458301356053
176.62116899970894
220.1844777690661
177.56507385541502
225.57918455838086
182.12014243760134
234.22177023097223
179.31002710154686
228.38429555954676
177.586987466798
229.2950361229272
175.9212366093591
231.83323646140593
173.46072151102857
228.16677023954747
178.74917704505688
234.8071996021793
185.31807039702883
236.0270662528113
176.39949771332147
227.14898952122783
176.78407454062733
220.27081575222422
177.2514693944733
225.67079773084302
181.95339215376748
234.38788939963058
179.5527357665657
227.88201474745193
178.2516775365106
229.49890039177086
175.72736679955986
231.92364321524025
173.32282772251386
228.01149505679513
178.56097976451923
234.9188349199433
185.78573314251716
235.75104547132725
176.761402390989
227.70939332644784
176.90016339702638
220.44330329173897
176.96860049708937
225.74865879932207
181.64605808079847
234.59074828385388
179.85286029831238
227.41685823959855
178.89925088577908
229.74123053862223
175.56218009144996
232.07554045406258
173.23566529882993
227.91506060818224
178.40890975019042
234.86699866208178
186.26714596086603
235.5171656962734
176.95880128818945
228.31425618154586
177.06002398512092
220.70072156937874
176.69694982164603
225.8793453062021
181.22088504891343
234.83005322978542
180.12592453703118
226.99031898262837
179.36902737059214
230.02066516129156
175.4461405068545
232.2278592143686
173.13307057267997
227.8531816655754
178.29359026875883
234.72806673469086
186.56427969990315
235.3512882540049
177.07710969153112
228.94179880941306
177.24037158448698
221.04160841863276
176.36305084159596
226.06285339114328
180.79516814125364
235.1054450184441
180.45183003347086
226.60381757785558
179.84731004134622
230.33575395477536
175.325543651162
232.36489397637325
173.08645686975817
227.8060746786528
178.18621028352334
234.6226358415768
186.8098340884581
235.2254450301404
177.0053666313038
229.52554908959524
177.4703828262528
221.46057760607243
175.95254910844912
226.27994855420516
180.35735643113597
235.36894657355248
180.83313356357678
226.25869715594152
180.2746974153076
230.68496148793622
175.2020773330633
232.53239895976478
173.04099905706855
227.7053693197655
178.1004464724881
234.55169418339167
186.73994098008185
235.1015212472483
176.97964808962632
230.14213263528578
177.7515199214572
221.91465668272176
175.5619370934316
226.47686078034693
179.88551123184257
235.27863691526497
181.1639813802707
225.95621836472708
180.72178244508726
231.01755389448726
175.06852120464217
232.7337472701611
173.05068438965114
227.64536053374962
178.05492345173633
234.50525622850404
186.56768504835702
235.0227470364003
176.96310185535052
230.76852773300425
178.05064925468594
222.44231228018887
175.2029004950771
226.34048652507926
179.40201215216072
234.77255324782416
181.24519112430121
225.54284295291777
181.0255756110325
231.3667739831393
174.98370166805626
232.94396747336296
172.8493680580405
227.5126277940822
178.04991527986354
234.44481081683927
186.4097010730219
235.01447172179513
176.95131185541777
231.38800740130603
178.37181040791617
223.02959461091206
174.8756478785294
226.0941181959486
178.94623522334146
234.25545849278427
181.33943146275445
225.13300984423242
181.36780584338385
231.50561061712432
174.95314819157275
233.14806328905635
172.6383943656761
227.42576579442374
178.08559225460445
234.37117183595845
186.27731133894602
235.03323881234024
176.97321293463818
231.99805835604414
178.73674521327217
223.65566070361137
174.5437707400744
225.81921864607915
178.49005022099337
233.75195674466187
181.43629834486038
224.76855882363424
181.74710759802616
231.59817584444664
174.97782328298467
233.35091097148714
172.46569110075004
227.39743454781723
178.15838561071226
234.32851897051887
186.155127563507
235.12208904568467
177.0145162806343
232.49808675552845
179.083620033923
224.24714300795523
