141499167.4221116
139327940.44036654
133364700.54679978
126395632.01132803
119170865.98875153
111571615.26219212
104181555.47926708
96406299.5945906
88697033.35509598
81265202.31932649
74378299.93589255
67996704.76559675
61949357.22597793
56247835.77154296
51052693.02042278
46344143.27866985
41906872.03329987
37847384.71414155
34188278.48372015
30896958.79850226
27740590.381571423
24911758.950422514
22348714.37797563
19929764.131736226
17776919.96057076
15902465.582242291
14226045.320471969
12641431.22755856
11302669.603215545
10077932.74937682
8843290.239781639
7728834.744327846
6767201.405396841
5892545.759300721
5087926.290428617
4354108.348946079
3727166.306789953
3192553.9866749034
2695422.6270030523
2252962.633040261
1856561.8138292546
1526086.470625073
1255428.7529339625
1024261.7350467589
840090.3486566945
689791.9251763785
560396.345468404
444677.0952796487
351702.10349814687
271346.6781132636
206681.75284921913
163945.80656235022
127967.65875017957
95165.25659770673
70829.55097066528
52551.33975247694
39398.29811424309
29090.82889942016
21761.33753123181
16353.016170650099
12253.823655959795
9399.867806275666
7745.751505056272
6212.950307524465
4902.715328324759
3832.2238557745877
3132.1690320838857
2631.9073754109213
1989.391848730919
1634.793927238819
1334.6585719646896
1119.607292143813
933.3772446329517
782.9487051899337
693.5449458343205
607.9917679674794
547.420599583622
503.83746937383796
438.50015869372305
410.40804040544975
369.5429844630152
343.0518844670581
331.66456832645383
313.95300048378783
290.557189263988
289.62813895627244
270.8387558963692
276.2701009505551
254.09241610358794
252.7224108080329
242.08025281056632
241.59957258104302
233.33563992957173
244.59197615086518
229.2048820230119
232.2180762997191
224.85686324754926
237.22628676294207
221.79127223099613
234.13381421490737
224.28808938688965
224.26264045189322
216.11718791701153
210.922876241936
217.42634652742677
207.1499316024027
220.53526700797877
212.33757250527307
218.45575608277653
225.52248557089726
214.60780651400893
229.14163904145056
214.30451607358262
226.03556755213208
212.18983134910872
210.78689174465921
218.56441821664728
215.04142890283634
213.14008690600008
212.07062164393514
220.87717745760466
221.25795499444695
213.36564272515167
217.72077011163066
217.87097165995178
218.4129501194248
219.891849201381
212.04309390250614
213.6018859050687
210.94090669162907
205.04885257717947
218.73285148578356
205.14922257726525
214.10828227127485
209.63887307985462
217.3436232308771
211.7992979774125
213.17809681707402
214.08516987079284
208.55455099923762
217.4401135769196
211.2077334618063
208.01588562942385
204.1872986977433
212.02057125579714
218.79188678711154
217.38766203175084
219.0619750054967
226.7517509476583
211.226443366606
220.04194853242598
218.5711010523818
211.35332964688615
208.28235869672278
214.2413143580902
207.8651074265061
209.30476680685143
217.26762942726026
207.71325710342256
209.4847682711534
215.00242832815405
218.53993429395314
208.86788732622156
206.29696080935605
215.3914255140786
206.26943462337982
218.4395536314733
209.5733141444468
211.17759192881215
212.96176722187786
212.35776743191622
212.36235616020272
204.20900002598168
204.8123814569044
208.2458321023139
198.9588011871581
199.40901559801438
199.9654328796389
199.6142371658126
204.99690653472214
199.1222527392136
209.29427289197503
205.09094384429696
203.5513269560808
195.45524398940952
206.59075848172523
203.9015457725882
217.13067817136488
216.62210289050753
206.0848372508122
200.79484222045886
206.2275882692825
207.2878827716029
207.22425528071778
206.2921054349152
210.30603811199936
207.5783517990499
198.3474122867281
202.5148332043129
197.80377274433883
204.95178694397862
205.20706360675499
198.98310978871672
206.02090381659437
194.55995717217547
196.8289940058322
193.0211778142379
199.22018618614706
195.18683408192032
195.04995792148165
202.18490463768353
202.53980814417298
195.26926157583446
198.32787382998083
196.9976325461435
195.09277923980136
196.82389328030808
192.44976453584775
200.62770629220748
195.86670385695174
197.86697940685676
200.72624983319733
206.2481636001058
196.25181517046042
195.4237232237614
192.93897027202812
197.89172609110494
201.1092170704126
195.82589691257454
196.12936738061623
200.16976972323764
190.34504982822878
202.23779710106348
194.49758583328145
194.43500625413353
195.84172600631987
207.01424281289948
192.7879114530699
206.38441276216327
188.3413378672447
201.5412726640494
191.8432353115382
195.62878663782183
191.27898388947517
198.22007133611234
194.26336637893294
194.28107424049506
188.63442061390228
194.9212816153406
191.50392196933197
194.80320518612186
191.7319704698178
202.2240655286672
194.8268692297993
190.54969457402223
190.2836680274848
204.23234364735322
195.896454876375
195.24248576508327
200.83592328193873
202.23258171324403
194.38006283805422
191.68877788089506
198.55365858142974
192.4626512192509
197.94278766899401
188.0078118536214
190.79804463160215
191.21266519920772
189.15307397950392
195.47463732291237
193.94352007589978
190.47671427993055
185.23947092806668
197.5375490486715
184.6128952442856
189.99056922490053
191.738870517917
198.2123113248159
186.92842167054067
188.13378246201546
188.83086420654104
184.77200564137794
192.15022966426343
187.43933884754475
187.2834718335335
186.5013800909346
191.93336256643366
193.3218067936661
185.9498596499785
187.68928509370767
197.21925713612623
189.94510366851472
184.12648601496903
181.09726637804167
182.64673644039905
187.90840001840638
185.14075999734916
190.1395878318088
185.95195788832172
188.45492007359914
182.7388837165842
189.53936347951802
181.53407865376587
180.87646982556245
185.61939946186422
176.99986993989668
178.1529536806668
182.86035684601197
183.0293603064738
183.90047909847488
175.8610633144925
183.26022404071392
179.2862922012437
181.5330393220453
177.70378271809608
185.36909390981108
184.4911173557407
189.20068770251532
183.31391571992157
189.10559674418073
186.06569872604896
196.03756854823706
183.90634291206112
184.60265365593867
183.51958539736873
189.19378386931965
181.75434211051876
182.51961887625157
181.47495758601085
186.85444831096117
179.11366099503303
182.63475612133274
184.1698434314188
186.42069177373384
177.826266120991
180.47460671200872
178.30548654244407
180.23776594208738
172.3541719054072
190.86000025084658
171.80596069358884
183.97368083879272
175.27460272220043
177.7036035362526
174.48415205582475
179.78706116862972
176.0241373387474
186.26334169888324
180.39932802923295
178.52115234039607
177.11849393785954
184.2004973691182
169.8727495629764
175.9800269287844
177.7435168420313
184.16218655287608
175.93851540954992
178.04660063324067
175.89787237150884
179.36760532783268
179.89101190373515
180.71392787446607
181.11636575019293
171.8474811454012
174.97575038742102
176.5549905705297
169.78106228284003
179.12892023109117
185.52801889473272
175.09346830269175
167.6191046660191
179.87995778970873
170.26279409232612
177.45863328707784
178.84329555832008
174.88079377830107
179.53216555142072
179.69434356654833
174.61567873002568
184.4782673881608
176.8865036702983
175.46990726933163
177.8048992988117
173.73791452540684
174.39960282041852
170.0859667710489
176.5037016453545
178.17066242406102
174.52085113367121
173.73777912456202
167.48757481361304
177.90339562171445
172.5835173893674
175.9370510571595
170.1367134446641
180.2844756169284
167.1840634295287
174.55874850506186
174.44292950223195
168.6192074797753
164.09743728066482
177.90973778220484
172.64108774361824
176.06256307654695
166.17863988697718
164.9150762782935
176.27715013179105
163.40209281068476
169.79482522457383
177.01064430337254
174.45587956243534
167.69802192702946
173.37825914830088
175.3702859788191
180.10953105082027
166.13154788423054
168.60248541941323
172.70450275799092
169.71802041251289
170.9878387429702
180.03002673550657
167.82731840314227
173.26045015980853
163.67150158766054
173.39794776600607
167.55471918429444
170.7195590928469
174.02256258826412
171.49542490187747
167.536236341171
173.44483086402283
172.42995219493412
178.31545548929327
171.2371144115831
164.16583785847308
161.53284098710168
172.38821158064403
169.20880301808307
168.70382932362804
167.4611957099319
181.75428786523594
168.45201488465625
168.83724676761602
167.5658123452315
165.30013422699028
168.90453172778888
169.284095418465
165.49439569001322
158.169314844015
167.75253186919707
159.04347174510556
162.43001843005007
161.49610036651814
158.9584516159511
158.63655007520228
148.99763898165003
155.73432470878066
158.92547015107445
164.48370288462576
158.4902754951556
158.63309842797128
155.4793314160524
157.27390141461677
153.61655490496688
154.8180932571709
155.06003835364032
160.69806659251486
156.42500454518634
148.77973346539693
153.15340427199314
150.1912181343451
159.18709647336328
151.56244714569885
148.24894333820342
153.10989641248975
152.550086919816
162.47210689159482
150.5154806469443
152.6612382359318
155.36336079093735
152.72426250380943
154.6112714473389
149.98286567698875
153.14755944272758
145.71923665131857
150.83877161746878
153.67289358259217
152.5123363636911
145.89845345216742
154.51559993117735
149.0598825872215
144.54906103514162
145.5177431780421
151.33208541406324
149.91389514953352
158.62719121747276
141.07577382707387
153.0525469450418
144.4214864333458
150.98502473648037
144.0285428126109
141.15833509795468
149.29304807553842
142.43662927096167
155.38996764276496
145.0203206093505
148.99916111453703
149.82320982356927
148.62374670165488
139.44100840868916
148.47942116603147
146.0348401643416
142.93551830931617
148.00626230857367
154.39914895502454
143.56424834721946
146.13432311986242
136.2212492750646
135.04031691600997
137.87510720514746
141.81315467507278
142.93236633191913
141.73021982810226
140.34725732245278
141.06978302652095
143.6550241920761
145.4981211819364
147.27899300554674
146.49794500161136
138.7883715911811
143.5919100898286
139.8929641330164
141.78806973978104
141.35046971966537
149.11801189671684
142.22228232405533
148.23443231322167
141.36905233259426
141.4331095760202
144.36573582601218
137.04721618880924
142.00307042830642
134.43278983174417
132.77815838436317
139.67876278441005
133.7444566656447
137.54850437508685
132.54655291720866
134.58771673631102
137.7172514568326
144.16855782993022
135.42703268454437
142.18374158640307
133.77697399115831
135.67576303669983
132.24910433151805
134.49535568119163
123.73177637602447
144.05395925407257
130.36412716655184
135.40428122605985
135.3688449330759
136.3711668548701
135.41027007275397
137.797661586192
132.27363190730927
139.36119289409584
132.98623074058727
139.77774723590542
137.55628640466594
139.32558770598357
140.6211097240972
134.9777748380337
136.97584697392023
135.83856205393238
134.13169575578206
131.3868703387327
136.7478024172189
136.37508598513864
136.85274512383634
138.2436809563722
137.70438751956127
130.35036416311576
136.5259267569239
133.70896587426392
136.47658925634263
128.90931610833675
135.300952155028
127.63942306487066
138.88440095644518
125.82269863967305
134.09799605615365
128.55351634561998
142.5892959338769
135.50235310617157
145.35856775684383
126.4451585785928
141.54033441399682
126.84010020928338
140.98762455660247
138.9523987145295
127.2529833507765
138.7199579431653
136.12956520257848
138.90369962812403
133.49449343723555
138.94415681629883
134.49278009675623
135.34202944856855
141.9899131146824
136.60953307477183
134.85371630783487
145.9801396757395
135.974309582188
142.25675619553638
135.3860495606613
140.44081621409856
134.657907014486
140.48646611341664
131.68287815331024
142.3855551647091
129.33521591238932
136.86742957577314
126.93794345521462
133.2170353604518
139.08914706392474
135.86767221488358
134.46018016943162
139.02352566933078
137.62820796633127
141.03404265836215
135.58196598052112
136.93461622061466
131.51096857552105
135.3872782392393
133.56183843955495
139.13522476901426
133.20140932514505
137.39801749771397
136.92386943918487
134.4272605270156
133.21881730257195
138.47964372852982
137.2169134913055
139.76745209379854
135.11886274130705
142.11119512086896
134.29540253185732
137.5486869313476
136.77520324953392
138.90153837092427
132.0725884933046
135.7399203681984
139.2639300273363
128.98902581885068
132.03091946523398
141.0103575949512
142.30164568520314
137.53234532195415
137.91600280490186
139.91397557395328
132.11955475630563
134.0748125909026
131.97061926960123
139.31756846424352
131.6103174083954
138.55163722749322
134.5259301916462
138.6793214724033
132.51237247867175
140.99942725212873
134.4744276057813
139.66603073700728
129.69955902987644
135.43602108286845
130.90180285175413
129.6548996048128
134.73134608028468
127.75421793026051
138.33260930836562
130.032896988215
134.1360087529675
134.19982261261663
139.2637366682782
137.25087725518543
138.80006755260715
138.91481698259258
130.34058334844514
136.04246171560348
134.1604761950004
132.63849528910328
134.3200723592442
131.01005010023752
138.57071757288017
135.96893280744266
130.04042918836697
135.0452506635045
137.08031865411465
135.37982095943855
134.5631889917154
129.8610080720743
135.42094621601518
133.36590633424632
136.43002665566615
128.44086325456868
138.70407712810325
134.81147082625864
135.85826819464592
139.92134785933553
136.36675816711443
131.30664792825058
133.44557140837193
135.04299101096044
139.42751718899407
136.6357489133371
136.37374364637662
136.3646068747926
126.06712515691737
133.6404277745499
139.15789446754474
130.846260867896
132.53013859331517
130.1771077366988
136.72816118536315
141.06423389851457
137.6915042016889
137.09767604389015
134.04876992109567
135.8645224741868
135.50034813856757
132.57310319238147
129.36748384777155
133.26992187837956
133.51182897753895
136.46023096987759
131.6350931903542
133.8193467328623
127.92613641164994
134.03357100404693
136.8182205053934
138.7671851052308
136.75181463348494
139.92857510244008
134.17481953985762
139.86686397623706
135.02526533684775
132.4208342897939
139.13405814399383
132.9636983912773
129.88690163898497
129.39169034497192
133.2497320118124
134.54795244371363
133.66997283911255
136.20045795295414
133.83650520544603
134.9363127514263
128.00239360884117
132.5236728491498
136.83937512279692
135.19232107964496
135.75233172534635
131.4893426769963
135.31053997526675
129.24582536942813
135.5786038131928
134.0189058759515
130.4896441310672
130.39649496441083
138.92241352801645
140.46820030243956
141.5813410043852
139.7329631802272
138.13774744045617
134.4992295796082
130.291116240862
135.32787844223205
136.9354143634183
138.54889540618308
139.15903699995425
136.03525874363422
136.37036839625262
128.1085597035277
131.76336382168168
135.85166726060913
142.86078084846125
135.08884197252874
135.05661603844047
135.8341094257704
142.00867151878666
129.94437200848472
137.46022064575456
137.9961686163377
142.38232903545486
135.94803836427684
139.76059165914702
132.31228997250648
131.4649821199693
131.12419114251455
131.1835090409711
134.54260452159306
128.5674230092828
138.25939458137546
131.01523040579607
131.33820219593457
134.30170334990314
136.45171743702628
135.41503842225123
136.32507003488652
133.5791430270665
131.22092493016956
133.17334790145404
134.0656613710662
134.7823842930621
133.75358613108497
133.96808366044965
132.36053901376968
128.0227545032358
135.26023754057212
138.4993711253831
132.358240098854
131.88142576846857
129.8036756468383
137.38219469897908
132.61556471111277
136.38347163904612
133.25687309909938
137.7024289112424
132.2085613843353
133.16757904109926
137.12647183023444
135.38166984991648
135.41555965197412
136.753397141673
127.7259374482862
131.82209079405973
135.94581734969586
139.55896725977937
131.5278321710197
137.81314643373292
129.47825996320586
137.17345963523496
133.14199375398755
134.69446534710085
133.51465930155797
134.92179129909798
143.16514862034546
131.61942955909282
132.4130591894481
136.6946945301517
138.97306276964446
135.0814948277087
137.53444622634922
129.9965083747454
135.80550375604886
127.46917252380018
135.52905024385169
131.13090024530575
132.08782776068284
131.76649325981347
137.4971110586318
132.3652252988071
130.81498632799676
133.10336343533518
131.28804857434304
125.04451815191379
135.65002437947476
133.4667158236656
134.07636836859234
130.82766788089424
137.10938441427922
126.5535665344133
135.2002000873286
132.08058230499566
145.06216239780932
131.00530668617355
138.78669230657107
137.8739274884725
142.32960654596428
129.60487640295395
137.19862116047125
130.37769252472532
134.57740086122516
131.0661030131021
133.37441461289046
142.38429342996028
133.37707164096219
143.0181526998506
131.70862911050602
133.5404781935886
132.67069960668587
131.28112959106548
133.11870564058106
134.82783793249325
138.29363084735718
136.27077055366547
137.49251505305025
135.86362910510692
133.81845672591655
130.54398084723908
143.941500688181
131.6001162664606
137.6467348469203
137.51852040324556
133.7810215169786
129.51562069626553
136.01775475814037
133.84297882461672
145.67918510926373
134.37650265836325
143.0001014348746
133.974062392587
143.15955009197359
139.58097279781302
136.83589558773286
135.70752064362406
136.5988783219818
134.7825603075662
134.20013745773056
141.9002673085577
130.20704440067104
139.13509131536085
128.52892422371684
140.39556110575253
131.99634676719134
134.94590322816936
134.35445476392837
139.7085367700168
137.04074071038258
136.01454562179248
127.24292405727523
134.13106016078578
129.1544384679442
130.98703937966917
137.8087382195252
137.07958822951383
140.52389846418836
135.21709320612598
135.13605037604077
130.71372990510307
133.64833398036757
131.29721443440735
136.14171343506635
132.54623577800584
132.11937177791563
134.32594541805815
141.88366601168414
131.95431291134412
130.6512287484078
136.94031624820468
140.61828401218645
133.27405504442726
135.56405277844544
136.09072479280437
139.37274073301074
141.45768509381475
135.94295886417706
137.32335518750003
139.4342376417056
131.88869282689924
138.01710958730507
136.46015993351094
130.21047303386274
125.97162559535448
135.61868125347337
139.16398422556816
136.3529882944456
135.66348173766985
137.52361878739586
132.5007720337043
144.12308728389397
139.03313114050223
136.79924132232222
127.01719742455832
131.80551191589996
133.35350852680432
134.5234620719903
140.19978341050344
133.00535868649516
135.65612064405943
143.03287687303026
130.43852563172263
137.6621010065402
132.1764817779196
140.75850847379476
136.46171513790514
142.0444616552669
133.94615844501558
135.20129699894736
127.08651401705399
135.9514783305663
132.24906838246952
137.36673059261022
126.89448170810324
143.57054306832373
132.50794446381482
131.41592860901085
131.6506310927195
133.21141111653245
129.1051289391028
129.07385846986926
132.4710572161724
133.33526203501188
136.19008111077994
135.07001180849784
140.91883971096047
135.67374495705513
132.57747667577937
133.16982192824642
135.22763748758146
135.96002581061015
134.8382517365565
130.92344684751848
130.24068367919412
137.8253003708197
138.56957121915437
129.414522583739
132.75806933656472
135.82195933612084
135.35659645299702
133.30950865954748
132.9703335744843
132.05132732430354
135.42270090475594
133.13296728756262
134.06836037616156
129.7939801505604
132.74829556497014
131.5979115028332
126.77101199693475
137.71787382807003
135.62127401199587
135.2760945478836
130.4816567981229
131.0816588864052
139.7554326013092
133.9912124019937
138.2766899940003
142.8661781711809
132.41770588348203
134.9182442820265
133.27120052916058
132.73155774158852
138.51400016039716
137.52299496024912
133.75456532397948
134.1997415409998
140.03395403798706
139.03777669462588
131.22922351907113
131.91815496729328
131.65104087637303
132.9345214662065
128.20879882403972
138.08989215399532
129.82557100161858
132.21705493808528
129.47161047428014
138.59672121301634
134.94723213591323
147.3446442952989
132.89763910050291
139.1215009246689
134.08630966269368
139.98959300462926
128.72650708622214
129.63065667782791
137.9047514709026
136.8066782368392
131.31309096045754
132.11089548964705
137.71862073854345
134.5079693996588
130.92097914409575
128.63229509300132
138.55451649993267
134.34757625795143
133.02897234673222
129.71179780208115
129.2264565754367
126.05224947050885
137.0286563758508
130.2765707901252
132.25668143157662
134.2100753780075
137.24913004609928
131.20870047766851
131.3010824210562
127.90350114747717
129.40563045726128
131.7748532814812
138.02464794239413
130.08730343965638
133.29270491398998
135.42955155237408
138.503514006792
131.4776605963691
132.93115009107166
134.2783199971991
134.60543006504355
134.15437061475038
134.84573467492942
133.6828038757922
132.46291149609576
141.2144418078223
138.08168740222874
140.109890672382
135.85417710345845
131.9058605784933
137.90055630282512
135.03821664827677
135.5844524061922
132.27417575115348
129.87417832183652
135.95870226481216
134.25974139953664
135.33952485926312
138.90814373341408
135.10192959094664
131.10965484243115
139.0959867674305
143.43646226359047
137.2783454579789
132.07826802688638
142.922321429468
132.6158666664561
137.42236411809938
134.9196021319574
136.1223608810725
135.16243344613517
134.72787948015068
133.52986246917382
136.3748178103414
128.80968045296484
127.92677646862592
131.60485833964907
134.8689854956805
137.62447074871795
135.35418210683062
127.60178904500212
134.93685732324164
134.91747483578078
132.51998324766814
135.37189329748693
131.06905268065248
131.8178676065246
130.38525564189902
132.8252228056815
131.6078765995847
130.55110839029183
138.12579723212872
137.22666132004804
129.194779158552
136.30867456199454
137.70838204569006
135.98144897170368
133.1664566783337
135.28670799004868
136.09275140650632
136.98459654432924
127.150155750271
136.59615080863597
137.10775217984008
144.75087154778427
135.5433399720378
135.29152906700756
136.3360271845091
139.96179800712918
130.45589199834257
140.76084130670262
133.74835763570715
139.10921915546766
129.89315682357542
138.88387195617167
139.08955463020328
137.00408688073335
131.31345538706194
137.96968002632065
127.40362365686073
138.42694162175036
130.4180556347249
133.21286881113036
133.933828867656
131.98354086330136
134.43790567487423
132.18512362168866
129.8739188674028
136.09327025114112
132.77942023142208
133.3411214669034
137.33772551137235
135.59684160024483
131.31574807405565
138.29203202275403
136.50974427240584
140.04930173687248
140.95467131159123
143.0195273116822
132.95039772069873
140.0624871631924
135.3431195925283
134.72152018346404
135.81464784442628
127.57227010448193
134.63499638628585
130.669469001149
130.86570630672327
133.01655342808056
132.81898010198702
128.53617472055424
130.5435716410909
138.22283790611436
128.956099367842
138.17338836228743
134.65043000139337
137.0218873248058
131.21806982426224
140.9840046916345
126.73914779519681
137.95858580872942
135.53870856015365
127.58815634233672
135.05656087870707
134.0866653060183
129.5999920457042
134.12558764238102
133.9693213063992
126.7395490529796
131.42864071523883
135.7605239063028
125.47324746618465
127.10920023927592
132.66062820013312
135.7694700662969
133.22980511849815
128.9761258158468
130.84211829841922
141.9143938623899
133.70392522828024
131.24442750953963
135.0674663553027
131.37638808505548
133.48422510874377
132.07429406179722
139.98540163134666
130.5504412465357
128.92849034690747
138.07879871825733
130.7310777492709
136.83976399798922
132.93216933826875
129.2820421991354
135.3746859988168
136.76563025419432
135.49281927160266
124.36635855236548
141.27825120437487
133.3812201073797
131.37624020530924
132.21685390438017
130.11080645630113
131.92494169180233
141.6722439574067
134.14191623225415
133.7504542645987
131.84767613295878
141.79161861017235
137.28554121151623
139.35317150730592
129.8739569482814
137.61945158420966
131.63735421410055
136.04006711230764
136.85173108820356
138.2075285327593
132.28402487197897
134.67402417766817
133.532033656561
135.02548083388268
121.14107701430768
122.78802206297922
129.1794756860273
129.38067345242777
120.42864051523817
130.6597201591391
126.94177625607536
134.9916270857662
128.39641598153952
129.48389774028442
130.51538887031865
133.27084579721057
131.66602847471313
136.32701361827347
130.83976376216327
137.47122000932924
133.34131672079772
138.35293506522328
133.34810629679586
131.16516058644035
133.71690616151685
136.79621819416136
127.35429402036475
130.8625153069146
129.98461728897635
134.02709173827947
137.2205183389639
132.1242928488581
140.8442873986365
136.89249879633394
140.54158970437175
138.21037007812933
132.49785453826385
135.04140605057708
135.16803447687832
136.08383853997603
133.92464623220894
135.30186935906977
139.12888372479176
140.58250487679211
132.5531352063036
138.93329698290339
129.50193307941475
132.38270378689631
127.99450047364662
134.80672423514116
131.86665411953828
129.92737809433734
140.4389313951767
132.52984337871402
129.9719951245522
130.34644273787677
135.76004730304328
134.8521430599572
129.5663023657045
132.65930972527175
135.21119668384821
131.0815776157372
132.38077727349824
128.1284532468143
129.80140898480036
126.33494713406841
129.35177103978324
127.52012820422975
132.07894100557306
127.22038141170259
131.9833352463666
134.39387915547914
139.8536943350395
129.6872484740226
137.96527771948513
135.70193777967512
140.5410843782226
132.033892700683
131.2069375899602
135.97636057130055
133.49489158233666
129.93432001311263
128.58355037829736
131.800575247305
132.5862895657932
133.39680067592627
127.91294450694306
128.53842470959003
135.51408341484654
131.66983003756377
131.58853392935154
133.34016705489896
143.31000881492557
136.2589861887096
126.34024403406721
127.32572432312925
130.00561038702182
131.81623438095482
132.26159725943737
134.72263889588535
132.2573693450284
136.81584163982865
132.92350798691302
132.91207824785857
137.5177713830525
132.89897189603596
139.79741294342972
141.21594277961168
136.5009850223953
130.95521795407578
134.77667183011656
127.41095088994712
134.2942527640465
131.10333589953336
133.66411316240726
130.08445011827942
129.64643920931448
138.4322667200394
126.41485160032741
137.59555774848582
127.81263263963329
138.55750146281522
136.2836235851184
125.90477543587795
127.77802489677117
134.47304384529087
127.22649408777849
130.13672056931136
123.78546274243145
132.37404443272922
133.4128492191921
127.79179743375008
137.48595284708153
134.66428390054222
136.28561696558464
128.50439511543203
137.58749536684718
130.68476716261256
128.6076664890898
132.42147733376177
131.01706022740933
131.87091559450425
126.57818967673859
125.3686130978177
134.71413093783417
127.14106625759347
130.6779259561692
134.9703267759922
132.26960433550187
136.07477875382094
132.58309762147542
138.83669652163127
126.8341873343323
134.25879422133275
139.18391328953547
134.6697857131794
136.86048326870238
143.84338802746558
129.4412914707222
131.2048852661233
131.23471579590353
141.76330502326917
131.23739194711646
132.12238666112736
131.9876884101709
131.88306767801794
133.7820615711442
130.2682742124216
134.08627179517012
129.79005631049003
133.16967117282385
130.43490991510478
127.66806515291553
131.32932030835352
128.73275238593172
136.63247756515855
128.39895385623063
131.95324104261294
131.9275730811877
130.82178125820118
132.47474978376204
130.20187337840485
128.14859659259992
130.59076549242698
137.60403807022055
132.8723022021759
131.3590106508193
133.08146767942108
128.34102355532136
129.42189192379172
135.25541705635268
131.77222829081592
130.05591129381682
135.3350377083637
126.6566879120449
129.43825827841445
130.00917951949737
131.91036239211456
133.2595981464127
130.17913146834047
133.53310288265115
137.96916528162112
128.45625949832032
138.1163705970721
129.53116108874042
135.1693925149578
131.62087035690885
136.86394195947915
129.52450488262983
126.36407784203101
130.45128219561033
125.01741655893485
128.9329904123385
129.91527521090902
135.4486892019223
130.75041909894992
136.63575479751182
133.91402977053173
132.22513582979784
139.71570210510566
136.8001870147542
134.03299689681495
133.1969277208884
138.33179571815933
129.48405386836868
134.23067610124593
134.50053287339927
132.78217573253312
134.00155655935137
133.6938514513838
133.25511688244526
128.62240738015262
131.5945715405401
131.05125081235977
135.30066983483962
133.14971521181107
129.31895017076286
128.26375417089864
129.61858843197885
131.06380670401694
132.6211274770126
127.3102499552688
130.6700575348668
135.00965099511384
125.72639489012383
130.08859974313467
136.107249190668
133.2587176661801
130.28725180898368
135.7494572707075
128.3525305324936
124.66613349280132
130.24221121581354
134.39638865274853
135.89172547985837
126.09435945917348
134.76984444781013
137.48074455380413
135.60776566978717
135.17105700500943
132.8191402493248
138.4592853293348
125.93266653206857
139.62651711776874
131.67463136998532
136.88415335450247
129.4553995627172
125.65591199606746
132.1801505772081
131.5092183020057
134.5101546546163
130.7789902844986
127.02637231070942
127.20872445153633
124.96043230853532
137.8046519853021
131.01846235640318
128.97055548946315
128.05129604647738
135.5300386400134
132.21909947140594
138.94583759489782
129.57051121534704
136.45195456243033
133.8496581554336
137.26173712980022
131.06548385672536
137.90088159186257
134.34799238886478
131.81409005109276
130.3236434895548
134.5878270299517
137.48097255143423
133.26632080644802
131.4159914889462
134.20958242064205
137.0238189859032
126.8184461504227
138.5647959683991
131.31214347343897
139.4794579126957
128.79053566206392
133.5752402061969
131.20222193120125
131.18506306009024
133.5206383815196
127.67504800735506
132.8449938927265
134.89713983464836
131.1032321388144
129.75719028173643
133.1031494360538
134.6346066662537
129.94468442970833
130.129167199748
131.49750716043886
131.76280044920787
134.4008532225988
137.60635422110454
133.42784592435453
135.12703915381394
131.16243263809284
134.80732917870435
132.12152953789308
133.32166993050012
128.33675257486354
129.20160975560717
129.35989955639468
133.3377189338079
131.98053503246268
139.42523274930682
138.88454145045634
133.8580316332939
131.43120707730577
131.47705697794004
133.817420503734
129.1582299136649
137.50545094097112
134.82328011388915
138.73308728427125
131.7105210336854
133.35785293910678
135.71777913733894
136.7904066206231
136.77414545395143
124.2978757138279
133.8804609159793
129.77043703642468
128.58327230352575
126.85706605471518
133.77081621575522
133.3005648170194
128.37577575741932
136.21481786817185
137.87033846257708
124.07072940121019
124.57962601910519
131.83784278605447
128.01918635932748
140.1957062835921
131.52511588881137
128.75177439935786
130.02206941165957
134.22141179856146
128.11234410256054
127.2749338689993
136.81546406375617
134.32998619418785
131.1188167106403
138.2208977755046
131.01640645740693
132.91109724989934
135.2947281525976
132.88032634671066
140.9124730929963
133.4340090446143
137.4301184807581
128.41714851630033
131.73864272733738
129.3864410754322
125.31194606569333
138.81921373130214
125.58973656991307
131.13966073411652
129.79597920737584
132.04164787992187
136.6202642260859
127.2727359771631
132.51042585848683
136.97639179936988
134.94651351283738
135.2720711395581
134.45909491582742
132.53963597844586
129.0360861505207
132.46252687855582
130.5096066499196
128.80653627037177
133.00512955883235
139.59537597045664
130.4716329105337
135.21220327028607
127.94575597313447
136.18929035829115
135.90301918657133
134.61766487822263
128.25069343198922
135.46556143326674
129.59999013970213
126.71609103399028
126.04473464700989
129.06882237812377
134.68715829253995
124.22516864877889
132.1131629908096
133.84717133786242
130.4367404471389
135.93013540290906
130.6861070699397
132.2695081782219
137.0057165438119
124.09028521465127
136.39305980019677
130.55009785726608
128.90159251003334
129.62916854426658
128.45903503538034
130.51200662403005
126.01543135236093
127.35819397037214
125.62065843276078
133.9798514570285
128.98999100553831
127.52971260204625
136.24859367052608
133.50681054199953
133.66386099999974
128.69369400437796
135.62969377375495
127.95107622002533
128.1223593094016
138.2803217620429
127.27675433691853
128.51575930622093
131.43340521845792
135.6714706862983
122.9968248648323
127.61121838282082
133.13464416522783
130.39236180605658
133.82992193108737
136.34290201762494
130.45211042243167
131.65807365298735
129.75771041428743
135.07752362287493
126.10114053445795
134.55117194858445
130.27653883959175
130.01239710840107
130.2568802098373
128.99709867970276
132.74394392608318
129.76137767421756
133.59345526649912
132.78904530072052
132.4516217935461
130.50995523503872
135.86659584604345
126.35269707163987
137.38253964861124
138.96989507238087
131.11512868939877
128.91632393375932
135.7756484561387
133.84310590909075
127.47375837805862
139.6395365048327
127.52692907305915
135.47489552850791
128.52372706644314
135.09751715357316
131.6995523273967
132.81254750861805
135.3393469357376
135.2003003625374
129.92522453977745
132.06737324530195
123.83978596826638
134.51402787568958
134.9018315831133
140.90173584195225
134.6185974839139
130.24057014771287
123.0514620921986
133.05637757026068
132.18862018606015
130.9464877279579
120.47043652858785
133.52963882514376
127.16098480079825
130.0782941190504
124.04327757996549
136.37725560785154
127.63123803638874
139.9620895911094
135.1397998031787
133.02027298631432
124.95575179536381
127.75127452500945
136.05624258830758
125.06301859104859
133.9240041434545
129.48118346567043
133.13407130359704
128.58400125778118
130.8016263030055
132.43944945514065
127.32545927067225
128.38261836767066
130.73484548904085
131.15240904217484
135.15658761383378
130.9190713870534
127.83274998391526
133.668165102408
125.24618983880579
132.36871233584915
120.96488616583197
133.2118951252485
130.96653483396867
126.70254232151149
132.88223255082747
130.21800934227198
128.22326157730825
132.74819330577353
136.23104909784306
129.0991876595095
133.7739538592042
125.26800041429968
126.45433266280929
133.44956328868187
133.69864940968543
127.94752565601576
133.90476713512487
131.29966959074247
127.74915877898704
135.54572348293735
126.45923817202022
133.13789717600181
126.84261712317495
134.39481920797226
131.83571750405815
129.08430125463593
130.96369162790563
135.0932896083098
135.05987269295727
134.64824148030678
127.94896224427845
133.24482148535014
130.44208063316174
127.85974331854335
127.09609883240017
128.5389998321735
126.34457570897662
128.77618131165664
132.29985058701146
133.78301958376142
128.37105621179052
132.6511297105779
131.09245541274908
130.0119125890685
128.06084281938342
134.68966147654405
131.0097958342489
132.16641479401207
133.55249971075565
136.72863290575094
130.76996065210702
131.63839390009568
131.68186739683156
132.42360833387954
131.99090389701394
127.38301709558885
131.94128286857406
130.68030482323644
128.44062853787938
132.01926899538748
126.38676524773994
131.40468769919005
132.5164958288002
135.39180626783775
128.3582574870025
135.0392614582208
129.25586638958944
132.06623358624168
130.13268168074742
135.48945204424794
131.33265294001916
133.25620821388543
129.32730543622935
137.50320851804383
134.88253515230653
129.22573479489617
133.65298430098514
133.00747942611903
127.0954769016068
130.81673920819796
131.81128238073842
134.02897825979963
125.17455318690696
133.14433221025627
124.84816944859539
127.3779474384526
128.45974820298707
131.26963135553896
129.272342520861
127.32548916510017
132.3533572820934
125.77723156387367
131.07526070134628
127.73086437724886
128.8234077689264
127.06714589259296
131.0346312525963
125.99411390951623
129.02098866843977
124.03770952676956
134.46537985687
126.49931218853182
131.88694865811524
130.13330526460945
129.59940578356014
124.8303270523146
120.69580522262847
123.81966371468913
130.07705054114265
135.80411416525305
126.10265976583675
131.0290300673964
129.68708651592388
122.85781653058466
127.08727475624764
122.9971583116906
127.37669491830525
123.28615835324622
131.00094158798123
128.55952506380476
131.87526565174252
131.39464960904292
125.49395984658047
132.2601965875011
130.15479189580714
126.52906591663928
128.67990149735132
128.3667094495927
126.05101081997479
128.4260050404561
132.25513444495343
133.3077890381999
132.85881694601358
128.2249034578615
130.1454247056108
127.73961492722827
124.89333328338678
133.4262311394202
122.31595691200243
132.12239731145752
131.14714138617973
132.03037695459145
131.8111961276207
142.01720333617428
128.77811886479782
137.9786568999074
130.2451209498307
126.0335417608578
141.97782331258713
131.99547657658857
128.31527802230255
123.08641116019012
135.99688682699272
134.19888007148444
131.912538825874
131.67189454707022
131.80368969327267
123.90891485359994
134.32233960052417
126.87996225900746
139.489530083228
125.01862801285043
133.4992843703089
127.58062622290315
133.81872881351384
130.8654860112795
135.45454207094397
128.00723351736113
130.45139566430916
122.87460737833806
136.33770226632421
126.1197887673728
131.59621301397684
126.69200417300593
130.3722500826335
130.12340832262433
127.62105884054768
122.19070584176681
129.0617922871828
132.41298080357757
125.02222913033752
127.41083901281316
134.5105172023827
127.55688723392417
127.74022855140744
126.87971189270655
127.83866633029285
134.1901237381627
129.33410915555245
131.94826605718578
130.35434582668702
130.0294397765179
121.80469978154004
128.22342610378203
129.5741382111247
127.58080649491866
125.0357296035074
128.25731164875242
133.0260425121502
126.04626486504665
133.08899092498197
123.56126698476868
130.76168168177608
126.30256132279446
129.3158153928509
128.43533295800006
132.19162664965566
131.9983737919334
132.3434672211997
126.44949058570127
133.54378773502654
127.40763967176662
130.85496164234635
127.2104904043232
127.29655380880952
128.01638565173639
131.75391444215086
128.25150779293358
123.99755106541217
131.2464036170323
127.44749020557165
126.62318713705909
125.22389226280174
130.2113331328617
123.98545147839283
124.70791466238504
131.73477964985736
128.44472578668027
128.65513302673077
126.92859986015804
125.94878749247398
129.12903234367644
126.1072750039109
122.15950148163168
130.45993587751417
128.85241677873952
131.77736496512716
126.74855679485339
130.77066070681403
129.24571236871807
126.55261826068843
129.8593549971804
125.96358606953278
130.30485677067315
129.46960724738906
137.11828804533545
133.98037928162867
133.02812428786285
132.41216486757958
131.35316272487577
133.58716919791365
132.85020473794785
128.77002902522887
128.65156432900233
126.41808685892747
132.2453802939618
124.67168118111516
131.02566362181025
122.62927894391619
131.46954329648466
125.51406116641498
135.64732006579084
129.06100350928136
130.70176213016998
125.70367779563253
131.68953837030625
126.04647251905166
129.2217027071859
127.61215446870852
126.768714683209
128.07692196097585
122.60414031468909
123.15387691748498
124.60768854133502
131.74991739306088
130.18655353045554
129.5481712669357
122.53075092529961
128.6867087132767
130.1361326996112
134.6299516559119
133.29183839745423
127.416256251969
136.79882266819152
134.26117587361
128.6748072469283
129.3671218730082
129.06933238120084
134.18344405320508
134.53987960439807
127.39609949673915
132.33246663893374
126.42537363746797
126.83900359538573
130.58298670806025
124.78882128234645
123.72006971955231
130.27553670867968
127.66750307643457
131.15604718707826
125.87676511033008
125.15484515706726
124.7527562565917
127.18355519981728
130.5480503064484
125.77926688516908
120.82588536762022
120.68207352219508
131.69272280411084
128.47567584275916
130.04378569508808
129.46476692241964
126.95051781039633
127.3257608770298
128.54966431031104
129.56925384853866
127.45489253280392
136.27780245082928
128.35030826587808
132.44455205681265
126.0915248843711
127.6053358965195
121.98877906201858
122.50029799080788
123.70534771545083
130.4901563284573
130.17768055022356
131.99909342659004
126.30312146941202
135.2992887551179
131.97553715386482
131.7573643890661
128.51317932701068
124.9546322517237
128.61871141374843
131.5362346261453
135.93360990051193
124.41962387808671
128.2076956926534
126.81954062116431
128.1111980232206
135.38753136120766
126.19368541839954
124.59039115075589
129.23526895799
124.87164973600171
130.68481576137702
121.77676109997566
122.14936994128826
132.2575082088265
130.15374474326475
127.09141299441409
134.64845244858
129.0012706660249
133.52626347730916
128.53160621536247
125.71086870623436
135.70196462245335
132.89812825793683
130.876192191239
130.6954136713494
130.33151900771475
129.90292783330514
127.02226676556022
129.24701422165893
127.46045827758749
132.3296227703904
125.20546012551354
129.57297375881845
135.7067704332611
128.21778880248095
122.71642376681945
123.44435402747898
129.91480578898071
127.50840094807266
125.0491527426671
130.2428951817532
127.97659786902227
123.59310398358828
127.2700032634946
131.93059216925067
122.08305675534147
127.52722891293057
123.2235807661978
129.2881958016075
121.513499800248
127.86250033899908
124.34208365465018
128.61837943550188
118.51107309535773
137.53762497206284
118.51223495997272
137.61919587906496
126.82714834518862
125.4664521712971
124.18972466631917
138.07690576791134
130.92222033345456
135.14747345515514
129.1921258998002
129.76320230986883
131.52193237640233
131.08204091191834
128.3891789736392
132.25671012470534
133.09555600708876
130.0806914798996
120.75924012711748
124.15217772299457
127.7067935713333
121.47509932370996
122.40302781987782
127.47183322777785
123.8173520261695
124.75322986474502
118.09599372609757
128.5601064736038
121.9252227854578
127.4520256511914
132.06790279059643
122.3609013745373
125.57985146989436
133.83123707264537
122.67513264098949
130.07692249063481
123.00952879483428
129.94259292075122
128.9258132880613
127.48866491086879
126.38976841469243
124.32471593734209
127.31129769289858
128.68483439308534
130.34229594435794
125.5323192497039
132.80447970477363
131.60913327201467
121.2165650278045
131.4345345551968
126.15950077027422
129.56605095767077
124.95027093097984
129.3422966833082
128.73862861895958
118.73835324615017
123.45523704298836
131.76164858408984
126.06747186223214
126.04453422795086
128.2620346321866
123.94275581062264
120.04884249533212
128.8233560983881
127.28845350351932
129.00168645250724
120.1332092133238
131.51579337128524
129.48858624529643
124.13825465083526
122.03801757013021
122.91341719348507
123.58789595230999
126.77612047481344
125.1657063202385
128.72770564374528
127.28318127790214
124.95311584362794
129.61011006327473
128.0590851818989
131.932224683598
122.34125943461035
133.74490510938884
126.21229383606254
126.3500291291684
125.14335697871267
128.13490535823766
127.74035626670285
125.59888679321196
130.31347273501558
135.17872588718743
120.67158692915771
126.91440214500362
124.66834184855814
132.93919294692697
131.05319186518557
135.74558317473614
134.09174596066296
124.3337756882609
133.74096621237337
129.76902506520952
129.30398802724045
125.31489699377434
128.89563210435304
126.32828079618555
126.6810058532895
124.97113848642243
135.19670734945575
131.09138049303544
137.21615303665268
120.80931741003208
135.284913450996
127.6013365136656
130.6736341864137
123.56909883916558
135.4181923487928
126.86513230786366
125.89438596773442
126.97558345388828
130.73292627651574
131.27694385211845
131.32461863149376
125.55985538218246
134.66201756773646
135.30404951049806
130.36785812642898
130.47089358693057
132.36491210207691
124.64492361387536
125.52857958623193
134.23145412194933
131.5061575733233
135.1712984820705
132.39395575058998
125.98054720286277
135.23683807499486
129.71636411336172
130.02025774865086
130.08342108335842
133.55905892498689
129.80075300533122
130.35224789314535
127.7791725575781
132.0608180610961
127.02191458779347
133.6694340675587
123.31384464597653
125.50535832346054
129.38204080695414
128.02105527810005
131.3900175237081
125.606140548695
130.07164083367942
127.12448757197505
134.40933864498223
127.07507992118663
132.3756039470941
127.90673084876863
128.93925829899442
131.83912795833265
130.9675085917606
125.236234975652
132.17652630430712
125.02890850682262
130.85678076889494
134.85955245355754
129.95175970915926
131.06047571054012
132.15909213310658
136.39027120445573
130.0732580282231
120.82351316541042
131.27851746768442
128.35884340361687
125.6851699659072
129.9748087992979
126.60893725882963
132.6125102165689
125.12215157724235
130.81577800567808
128.5834236384403
127.50285876540468
124.34728645866683
127.14288498138698
128.98413768769964
130.21204570290203
133.03376465363445
124.7768159431889
130.84779937128943
126.34057581388666
122.55873777169332
128.58256575481096
126.03525935998637
127.7649321536771
123.20133579932457
130.17343245073837
126.3739271336966
132.58465531296955
128.612395272133
125.0993867898275
126.78329321219142
132.62322263018706
127.32616610018593
128.8290011412797
131.58550373935262
127.69333197147395
123.93297829119655
127.7791901414884
130.09095132298398
126.72985982286846
129.30862898106622
135.83415221233315
125.0549228734114
125.65110611583351
129.3273007289449
133.84413260082744
131.95299673854134
131.3002383127595
132.58381329526273
130.27906741886193
136.31507401278816
126.22545939429013
134.2337266161372
123.74511666597863
133.02465398795275
133.63954141661483
131.68218603495689
132.8064537910195
136.4255352021666
130.07341982223613
130.8214160346026
125.6362140499504
138.7485222297466
129.9266800266566
126.69779239803171
129.44530780664007
127.30986266113986
124.19467598897572
134.19509675553766
128.16325284024333
126.25365991032176
134.3311607024728
125.84084153477474
132.0373514194682
131.00869704947556
132.39675323872783
131.08632483581016
129.246358877354
134.22224744154295
119.5021480776896
130.0821368673881
128.54772781982257
129.7710379229711
126.77527064175189
133.613480115781
129.01452448482232
126.91483858681075
128.7101440771672
126.28459139825813
124.60625583342613
124.59756880400775
127.64933114580532
128.60588778433018
127.89347099833826
127.2264014357833
128.63439593983094
130.8004119215108
129.20902453347767
131.0697979892174
126.70502795726273
137.7473959926914
128.01611929771957
128.6535772944309
129.5189066624906
132.53413256016614
125.82574651285734
132.9029755504422
126.94460897181274
131.68698420099682
129.6031593515515
136.12317074291846
130.29148876262326
125.23340670961109
122.29925101852646
129.1112075590895
134.41469323519715
134.15265758225144
129.30629388687507
132.33703861362085
132.06110303969666
131.52881994420244
127.8314705429766
127.41451436015649
124.51183346524572
130.39142087336882
128.73504209942396
128.40391707909174
130.25844847250679
122.51051348872804
129.6677966696719
128.3288093676972
128.73568539967712
119.6549752190318
118.5163946131595
130.95321626998003
125.42216028419135
130.30105320609584
130.29535353699043
128.15052765852062
125.03568559879717
125.77395254519342
122.70054567215516
135.54705312607229
132.22095277807057
124.94215740345456
125.77040008482741
130.7584292102685
124.69013846829127
128.4622555694999
132.24336260836
130.2909595853175
134.82789696307594
127.78414365261065
129.66465024692192
128.1461933795351
133.80681546646989
126.10769109718922
136.61143124853393
135.04959696362215
121.28246367189813
130.84285231488892
129.6049737158863
128.86780555702776
130.89577480471374
126.54757045696255
130.38605005896082
122.77346788398748
125.39071907759141
137.966164800861
134.9750914614066
129.4071756167149
124.2270995806
127.7283631671547
130.92762427031232
128.20565452511948
127.0681178652181
127.7950625816095
125.65922394027486
121.24499199948588
128.1765366251822
129.05452017453567
127.6124768299688
125.57275525426014
122.43200685311855
123.17686691864195
131.48196336526638
123.56595547066983
132.26357260711458
124.39135938196343
125.94721949267854
122.26903898098101
126.58684316658422
126.99707165507746
122.28892072284113
130.2488369262957
123.52150415677801
135.20381503703143
127.71271506363745
124.85342497769132
128.1895909455022
130.11509449985846
132.19105588209715
128.58925506035177
124.15826512448479
129.65576318817847
128.4715288728797
131.06833195511885
128.1672706139133
130.24851720752167
129.87571060163398
131.4775448950813
123.25760604600903
128.11239573150598
125.81457815758567
130.35202768097352
130.57941870880833
124.07588146564353
132.6043975785856
128.9672314712095
131.67671066716665
127.38334036214461
128.53703138637803
132.87206547866973
128.12554586771282
130.57226207258827
127.93991345064416
128.3426317507316
128.24936774946462
125.29548216190014
129.50618522860373
131.47536618452574
128.05801643311844
124.08256998908703
130.42373065416078
132.46471886962462
122.05249627855942
122.37074319672463
129.14211704921846
130.55714875471963
126.62393253207145
131.28567674162866
136.2806856309559
130.05626208534792
125.20121482190521
129.5467911300715
127.65071913121201
126.33276903468033
123.57345999731196
128.95250817245477
133.2854274168682
127.75493958163025
121.98536638478947
132.4504028968373
127.53441568497342
126.22149086563927
129.87097590532775
126.17071269549567
132.04310944806093
133.2117372938187
127.5972578799995
133.704351617573
132.37400436919222
125.3120360408904
131.80635479814617
134.21064672725632
129.59828299713223
133.52381603279608
133.08047149016022
131.5423561906282
127.13221165056446
134.89534218512154
131.92998248729955
128.54689723996532
123.51922672421553
133.24366951950174
135.70772154457646
131.77724425284757
127.4966233012337
129.32696868389385
130.54256780227539
124.80308799388312
127.25295981403883
122.81567578516571
129.46615450828418
121.40044991775237
126.27993196228554
122.82922903018006
123.00886719167677
122.87851728107665
132.0591087631766
128.11462433175558
129.71564769088772
130.13611990409004
122.94165298586607
128.38126482337768
127.33136547037138
125.38944965487715
129.81799472667035
124.40631297367943
126.7682233610797
123.22896988344156
124.19916805388652
126.17739687198615
123.00210958907181
128.32429397234006
126.06261873456228
123.54023257651171
127.84718518569125
127.74956262550857
124.48437241125268
127.95561568249315
126.64139475167522
125.25502394748094
125.86873858997863
134.99197056449924
126.39724837212708
124.70333737458483
128.97641842482807
131.89194330423217
129.3900399468876
131.5909031712254
134.0235359347129
124.82496084747056
125.7577333141747
131.79577221916603
122.28583966683249
127.9121427856709
123.36453158064063
133.89125480912787
122.2363662185163
122.68535949953531
121.48357170950099
129.3613661810091
125.34565636317059
121.69691423889172
128.57953098454965
129.29846423799648
126.2931416405203
126.21595383236709
131.2381281591759
128.20562276376626
130.26277698863552
128.59914059938558
126.68640796238948
127.69808596526433
126.0616422993419
128.2369326246194
125.7702393864081
130.20155878596927
129.2692374933638
130.0404260791129
127.09781227484098
132.67683586769041
122.35148362357727
128.9841689429934
125.52184991671454
126.56741398618266
129.55742406759916
125.11675311228852
130.7560014707718
124.93756889542819
125.20277537499115
125.4806355359867
126.29712002840729
128.5211140776919
132.24359812584078
137.20980265946972
125.68489820693665
122.28700402856052
131.61404265874899
128.19949460811927
131.6424062280139
129.02671886547125
130.95269350533127
130.36529533889987
124.00055056016711
129.71768104716872
125.73316716356481
130.46012444461311
128.67489914770783
132.90376128623726
127.71439459163977
131.71070203690581
127.33745483960068
129.38972337637787
126.69361676974926
127.42819699061057
130.16271025748358
127.3760487591615
127.57618054873713
126.6289215422827
131.8005041051763
131.69307981858282
121.98399813476765
128.288589430719
131.1170686300549
124.86279228825751
127.81643943199673
132.71105491874982
130.3743546701701
127.51070011933523
129.2609044437007
136.27183377569588
127.68547052448947
133.00850073545936
125.21228607745792
130.32131799860653
127.76452545336033
125.93331297553574
124.16020135479141
122.94971419600611
129.4359459420789
123.6556540557321
127.0339753536151
129.7811597145955
130.18752593555988
122.4700889912705
133.50700753355312
119.74893557955731
121.84745987669002
129.72864054830106
130.77122732339666
129.0697289124977
128.9445832257549
122.57506370091349
127.1046897121007
126.15924040277623
128.8413046700915
126.35215564859818
126.74307301692893
125.65747069676718
132.83648950590444
124.55273669873964
130.0232554826797
131.39832638917568
129.48719503227463
126.75034552537686
127.53264821301616
123.63871735642202
127.05946789678497
122.62340909388503
126.25839800388682
128.25383801095242
133.1126957198067
118.49238604096567
126.25268726463861
123.55965927815278
134.4238967340904
127.29087665385916
128.5132654458498
130.2742334596642
125.09520777190151
129.63972737829923
130.43716664281123
132.23457209526072
130.4791440887649
124.87915360565903
123.08892657373205
126.60280303129014
127.47891163084935
132.05288313906388
129.97819712315737
130.09617368871247
128.95682979901176
126.47875765853783
128.96518638751124
129.3562099723329
123.10799409140935
127.55201876625803
120.41763491740267
133.09879662236202
123.19193455566308
128.16959791005615
127.06665754443293
129.8330928458325
128.19100102429306
129.12098696061483
125.83789094664849
130.64949570142142
134.14000365710174
136.1688187309808
123.49099996789411
123.64214059249032
125.64246969855337
124.06897305587843
124.16064142994391
129.0592587882989
126.08782253105848
127.19657039029391
124.43280740532731
129.6028314986791
133.39838254626866
127.71508655543397
117.87005031131085
123.20159791303503
126.51867052648736
131.80417546953365
132.3351208721277
127.19060076856123
129.25380154252733
125.65453651161236
130.53995702352455
134.59309156632366
131.05920672754164
137.2588697595982
128.3363898070283
132.50670541553106
132.57358565185342
125.36527696481161
125.1802002743443
129.97276907412063
131.46473549160038
134.9098904533518
120.2125487734118
134.40796917660967
134.30004506455464
127.71322835494787
124.50085788958599
127.73063733771835
124.73037967869598
129.61088242607693
125.21320889445539
130.2354213566434
124.55843816087012
135.04883769902432
123.33752175577787
130.5759908851978
115.65586100064803
129.46764902086014
128.73394191715556
131.0309894001678
122.03578264923972
129.49854952917585
122.30234574227825
128.5704491619353
135.1107483927999
126.36342751294107
128.047431728919
123.76616588716954
127.63533285833218
128.44014383957872
124.50876508991472
126.49452519027173
125.07704354981522
128.9603472314629
125.29989870049864
124.37032149408574
131.22356179683842
126.00433030148463
126.07137306232683
124.26115208218434
124.23074518221476
124.6602635136189
130.8813636207868
127.09247750233193
129.8524359299469
124.3139140201963
127.83108899875809
126.69063441141691
127.62437221120122
128.1976796901647
128.90790807371727
130.55731369075576
124.91778438745591
125.39594790819504
131.4621974916236
130.60695294141095
128.94700188064033
124.99721264694321
126.0513496674228
128.32328906910845
129.54534246098964
126.37480081958552
128.48896705755178
129.5953926409314
131.70822301415953
123.22507915571389
132.45162799163205
131.12889689852486
131.0833250238276
129.2145927877878
129.31801245448477
118.32645357581626
127.51637750104368
121.87980656165116
128.56484282467227
122.57133863674606
131.09746379724788
125.74874735373707
131.7612727454231
128.4004797457251
127.11629188643052
124.8829995313911
128.08569846748387
128.2362465847163
123.55143949903375
127.55018038672506
129.41557525718372
124.89039887401444
127.11472339236109
134.86384959065495
128.6135131604175
125.2589013783292
120.77613027303181
128.6030217024668
128.7831265139173
120.11041608053324
123.1962295607627
124.41787841657808
122.67283962767381
132.2459538472212
129.99345550723518
128.4806949592278
129.46256462806338
126.24545709669152
134.57809040372965
129.18898143146964
127.61442986477172
126.31769695194838
126.42038522711994
128.76439631061908
124.64548861607214
129.90700631633308
124.68140677169785
125.48600753003728
126.8884820182381
126.67244042042202
126.81757133697002
129.00476813656005
128.86340083502648
130.79803009675095
128.02428982099661
135.2280506803025
128.07385591733282
135.0203319682305
127.74196300180353
127.1796084606452
125.86039571731713
137.23687555852638
131.11720822419502
122.07784391373912
133.59254730033297
125.80528251681989
125.03597353480414
119.72233222676083
122.7997169871555
131.65283398509038
138.1831138304817
122.11745443393076
129.02410066105523
129.9761006501011
132.22974979262662
129.2706821551263
124.10028917327762
127.84269568590835
131.99515557467743
124.61509419270725
127.53570436824656
121.2417559410315
135.2363979544435
125.03046344489161
133.05818612317654
124.07165167547002
127.97692850390736
131.24111565894884
130.5735713054244
129.85472408664546
132.25402188332765
121.31270794637246
136.49649022312056
130.07412385684512
132.93845069691375
127.36371283593601
120.52727525799644
126.45950552288996
128.36813091700617
121.77638531155739
126.40971552725698
130.37503345213318
126.31780949797091
123.98232852040789
126.98096765153792
133.77745016338793
129.13805752552813
128.7808230549379
129.93565263154687
131.86717015182
122.28777835825181
128.4663997582238
129.48685538708241
130.52207057178217
128.9523812109368
129.06286634392532
128.64747209999038
124.48488563451636
124.27283523120016
128.4095483822786
131.26876805150047
123.60370002569626
130.83501201502992
126.60912508716147
129.66536259761702
122.3232187265982
127.79021710457366
131.1692989058568
127.10726036845894
129.76058493261635
129.8874408668383
131.55519309586742
136.9119251616783
129.62425805382563
121.20614202550769
132.548642219627
126.70202500075146
129.2954433523481
124.77795962178098
129.03279689125802
124.6106154792578
124.78809315479495
125.82997241967033
131.22576394530498
127.09928531320979
126.40851839493516
124.51556371553623
130.50160778977815
128.0185441196606
126.97693411383237
125.35727584575807
123.82761778420387
127.10800325229263
129.5198865474985
127.13484562214812
124.26297126570516
127.89564738591191
122.63695736862404
127.15390895506528
132.74988092563095
123.3194373671663
129.4913915419087
122.84085956361794
132.06231781988484
122.79519438272787
130.74627234682956
122.4608966094323
128.43388977754935
129.00426397557422
129.28560219247777
121.5141567448885
128.4220578847277
131.89941245800875
123.09452243114356
122.91809421067633
124.43283002615448
127.64971422013225
128.0571033359221
129.1243152791622
122.01131646129551
126.73167998211112
124.65116263923557
124.1710100891725
127.23976188481231
128.09589015900082
131.51092435981803
122.46483762475741
128.78539568774514
125.8404292910842
126.11031824019011
129.42487222033495
125.8393007793443
127.59279861224337
124.15142119235523
124.90552906134629
118.94534220194872
127.07247706123889
124.13906132020387
125.57043022454063
126.76723694066652
131.0349913412234
126.30116261703651
128.85319517006624
129.44786780552658
125.83415397344889
125.18389798967152
122.53428331507828
122.2722410010712
121.46124247050935
122.7678739861611
122.92563015224317
126.9877249055503
123.83052603749967
125.20263236960713
128.87223090471247
123.2009808927568
133.20890478691732
129.73849220951715
130.33404566585295
125.79722117741575
131.29435040461487
124.98891387067371
126.54286789260263
128.3729601311707
128.81603957822702
125.96805331287368
128.37296126756382
129.81593495105818
131.8715585669025
125.44515013177974
125.20073123181584
128.1552277234248
132.5760936054873
126.92596729545853
122.98420206679978
128.488619270726
127.56330106367491
126.76508375533321
125.52629674538848
126.9396392405562
128.44417055113848
121.9556445641091
127.56881173717883
130.55238505904777
123.92150101303886
126.48621371632638
124.84796540317602
131.4301396347212
128.00130698231192
127.54643422426713
130.69467172390006
123.57632646756484
124.45763082496649
131.30959378972847
126.36473060377774
119.85202443083251
129.11571997583377
130.29103740148355
132.8832340704979
124.0812619414933
127.24653946275355
119.93544686941603
127.80592926731504
122.4107629982943
126.11464673632021
126.74715857045017
124.58945536761708
124.11393249280023
130.7249459505535
122.46653782806118
119.7512512526233
123.03006959663388
126.00349815472265
121.24559363675597
121.14473826307135
123.13665907550364
132.58716819717938
126.4633080346689
125.58470041013102
121.95045206858033
123.54077980296049
127.80376311942892
121.84884640542596
125.19002192303032
124.98722465476047
130.30954825196798
127.60728675145891
129.8975139221395
127.16006331990341
124.47837751033232
126.22838122574754
123.39984684278777
124.84744853518352
126.0927812140198
128.04527402271395
124.53025845725165
125.88372840435517
132.41901124685612
127.58004293751739
129.08198611235463
129.18636754574305
121.69066601001869
127.41483305295768
125.86239573058661
127.8938578474108
128.7201779752625
120.50057215714561
127.02860317966162
132.9171747229341
126.31452316475755
128.57941634951803
132.73022498662627
126.10788841382374
119.0838452543127
129.209399782259
127.44820323954309
130.68890663260706
127.18714528842199
131.25057055451722
127.8591864423767
123.39567540202094
127.40209760234055
128.55216131537034
134.2893952985038
133.63861800660985
129.04699783872624
132.5714642174984
129.9091897571332
128.5403511554259
122.38874893764972
126.98040043620118
127.92237049456762
131.6795003967732
127.8358937301604
128.68324774124235
129.93664381389053
126.91983641839116
123.29102986228544
128.1492758920221
130.69172242761533
130.31148606000883
126.80477867773553
126.33314136623217
127.70968528417472
129.41018337409764
125.1583814984713
124.85723438908333
126.96967532357888
125.77754922600901
125.9580163632469
126.64537866143172
129.06499711594395
128.60560580111823
124.86517755653902
128.77129071681526
134.8343618940782
122.72865671473197
131.6455802137786
118.07628939939426
125.82154053921498
132.95240158672266
132.91096633005267
124.26033134370722
129.89117142671597
122.7506596361731
126.48272264487066
122.1249462708718
124.57755171084646
126.5641440515297
125.40422066982774
120.4630620224593
128.25332616824977
121.34387182607215
130.63360773706313
121.59000662675999
121.53890171416522
123.31333323225296
126.68773481653551
134.06667284370448
124.61332945978818
120.53380546670638
128.51638305133656
127.59693677300254
125.04766698641421
125.68388442612184
124.73176496830413
121.3295977245515
120.65990042442532
125.7405960251141
125.98808582200901
120.89805620465772
124.27767969780507
121.62326634426076
131.6209652908309
128.13374648365354
126.06627373225412
125.51978905343583
125.54500523015713
129.0174331885974
123.67832406075104
129.99967390024494
126.15067919061482
124.27133521727572
124.50231359666185
126.316075015465
126.35578533844071
133.6310359030526
127.27696613326363
124.94359003816318
123.28498565517414
130.93448202813585
126.10507172298776
120.1064281936242
124.29806429252088
127.01372518897509
131.16285838746936
123.36343511760771
126.73604601379245
132.24329605371338
122.78393383965249
124.02925387005247
126.48150343622615
122.64083096340704
123.75757781906502
121.658533062159
123.71406737751829
125.31209664091526
127.96328048939769
125.72706530656167
129.47043869205962
131.20871098593565
131.96291452773673
122.70330728729336
125.3846336524943
123.19555922114444
132.37692642859702
123.65227038902182
135.67737768284604
127.67363636856162
129.3905861413144
127.96681788018981
128.89750784477494
125.58702190583054
130.34554762061072
127.20131413506836
130.23780799106754
129.26774591858046
129.01380509702582
125.22644450021073
127.87991976352247
118.72647582672272
127.48647760527132
127.96206913495342
120.70593511739916
123.80628706189374
126.7467743362603
128.75269901555714
126.37749023858102
131.91678872675976
123.2627587612481
131.04698910043754
130.4700648174947
126.21410084591544
121.51836868546535
124.4760684211479
124.73638841000252
125.38903759364584
126.90533368706227
127.01454102525537
125.70086502266923
132.58700894599346
128.3041053751719
126.93389970411862
124.79932269564273
129.30354370188994
125.75370429931331
125.85600222682115
123.19707051049397
130.2905359284696
123.51182268692011
128.61344098606932
132.76027507008342
121.85594659462876
129.46019505229913
125.7295055775434
127.30668205874468
127.55238025029679
124.89893640794286
127.55674832473498
132.16351562484144
125.84064392431007
126.0484115699887
125.11336485807479
123.52058243577245
126.75346131666554
124.77167290966229
128.54747648881062
127.69803776359574
127.99846213028968
123.384856125483
121.31800893188682
129.27235583164676
126.41276546115044
124.62005404692567
130.49452210874432
123.96339053940804
122.34868272809021
122.45705121958879
123.97542518682877
126.52054437421494
129.19625101565785
129.7416373917375
129.24780255803446
125.91516596674776
130.9647326118344
125.40577901269032
125.10642524505819
126.79198291871705
125.3989754792583
121.73740429297904
131.49497661779452
133.04909634777366
126.231708146984
126.94365644928368
128.04115110162178
126.08357924369281
126.55426103269691
124.89011375195226
129.80019494209728
120.11579723530254
129.5766457487761
129.36211037503853
129.93890934319373
121.22260152045965
136.79187218430093
133.22871127744335
121.65517999016804
129.62350471531224
125.16354427020353
128.8650655619982
121.93817298692882
125.67639534881124
126.81550252714186
128.39959437282081
128.1906706145347
122.6571044794467
126.62710923402038
124.91337140667866
122.78266370902492
119.5646396229678
125.29995560953928
121.57427661161255
128.49563259609045
127.32634635025587
125.23311327697529
128.49955046205454
126.69964035296981
128.53189691198918
127.5947860980151
126.19805989053263
